1726743037613 51.153084 0
1726743037718 4.114454 0
1726743037815 3.301503 0
1726743037918 45.729378 0
1726743038019 2.118355 0
1726743038118 4.355351 0
1726743038220 2.490371 0
1726743038322 0.887622 0
1726743038419 264.835571 0
1726743038514 2.506527 0
1726743038612 5.616083 1
1726743038710 2.356406 1
1726743038816 3.46926 1
1726743038924 3.199106 1
1726743039027 0.899828 1
1726743039127 3.778912 1
1726743039231 3.030037 1
1726743039340 1.320267 1
1726743039447 5.733489 1
1726743039554 0.93209 1
1726743041722 0.945346 0
1726743041835 1.646818 0
1726743041926 3.486649 0
1726743042022 1.624399 0
1726743042130 6.183164 0
1726743042241 5.074742 0
1726743042344 4.644491 0
1726743042438 0.41281 0
1726743042526 6.442857 0
1726743042617 3.089226 0
1726743042704 1.626425 2
1726743042793 1.854554 2
1726743042887 1.768927 2
1726743042984 41.975304 2
1726743043092 0.936076 2
1726743043200 11.789593 2
1726743043304 1.312338 2
1726743043401 0.949459 2
1726743043495 6.949751 2
1726743043585 0.957379 2
1726743045314 0.931189 0
1726743045410 1.446964 0
1726743045501 7.234677 0
1726743045601 7.122486 0
1726743045705 7.318099 0
1726743045805 384.309998 0
1726743045897 2.675437 0
1726743045985 0.622302 0
1726743046071 11.885571 0
1726743046159 1.296818 0
1726743046255 1.462371 3
1726743046353 2.070965 3
1726743046452 1.189571 3
1726743046549 13.341444 3
1726743046642 0.964478 3
1726743046735 85.984283 3
1726743046830 3.112476 3
1726743046922 0.895739 3
1726743047013 5.286642 3
1726743047107 0.94394 3
1726743048819 0.942443 0
1726743048916 1.394228 0
1726743049009 2.94069 0
1726743049103 2.421514 0
1726743049200 6.699254 0
1726743049298 16.927044 0
1726743049393 1.846174 0
1726743049492 0.83128 0
1726743049594 13.084456 0
1726743049702 5.56622 0
1726743049805 1.066088 4
1726743049903 78.11248 4
1726743050003 1.322908 4
1726743050103 7.368619 4
1726743050208 0.957258 4
1726743050317 2.325687 4
1726743050426 12.757326 4
1726743050530 0.980094 4
1726743050629 6.370203 4
1726743050722 0.99871 4
