1726825953695 0.0 0
1726825953814 10.0 0
1726825953934 20.0 0
1726825954051 30.0 0
1726825954170 40.0 0
1726825954287 50.0 0
1726825954406 60.0 0
1726825954528 70.0 0
1726825954653 80.0 0
1726825954773 90.0 0
1726825954896 100.0 1
1726825955017 110.0 1
1726825955139 120.0 1
1726825955258 130.0 1
1726825955379 140.0 1
1726825955498 150.0 1
1726825955618 160.0 1
1726825955737 170.0 1
1726825955857 180.0 1
1726825955977 190.0 1
1726825956097 200.0 2
1726825956214 210.0 2
1726825956333 220.0 2
1726825956455 230.0 2
1726825956579 240.0 2
1726825956709 250.0 2
1726825956829 260.0 2
1726825958405 0.0 0
1726825958524 10.0 0
1726825958641 20.0 0
1726825958760 30.0 0
1726825958881 40.0 0
1726825959006 50.0 0
1726825959134 60.0 0
1726825959253 70.0 0
1726825959372 80.0 0
1726825959493 90.0 0
1726825959615 100.0 2
1726825959735 110.0 2
1726825959855 120.0 2
1726825959978 130.0 2
1726825960097 140.0 2
1726825960215 150.0 2
1726825960335 160.0 2
1726825960453 170.0 2
1726825960572 180.0 2
1726825960692 190.0 2
1726825960811 200.0 4
1726825960929 210.0 4
1726825961047 220.0 4
1726825961170 230.0 4
1726825961292 240.0 4
1726825961411 250.0 4
1726825961532 260.0 4
1726825963116 0.0 0
1726825963240 10.0 0
1726825963361 20.0 0
1726825963481 30.0 0
1726825963599 40.0 0
1726825963716 50.0 0
1726825963837 60.0 0
1726825963955 70.0 0
1726825964073 80.0 0
1726825964191 90.0 0
1726825964312 100.0 3
1726825964435 110.0 3
1726825964558 120.0 3
1726825964679 130.0 3
1726825964799 140.0 3
1726825964920 150.0 3
1726825965039 160.0 3
1726825965157 170.0 3
1726825965282 180.0 3
1726825965403 190.0 3
1726825965523 200.0 6
1726825965643 210.0 6
1726825965762 220.0 6
1726825965877 230.0 6
1726825965994 240.0 6
1726825966111 250.0 6
1726825966229 260.0 6
1726825967821 0.0 0
1726825967941 10.0 0
1726825968065 20.0 0
1726825968192 30.0 0
1726825968311 40.0 0
1726825968433 50.0 0
1726825968551 60.0 0
1726825968669 70.0 0
1726825968788 80.0 0
1726825968909 90.0 0
1726825969029 100.0 4
1726825969147 110.0 4
1726825969262 120.0 4
1726825969380 130.0 4
1726825969498 140.0 4
1726825969615 150.0 4
1726825969732 160.0 4
1726825969847 170.0 4
1726825969968 180.0 4
1726825970088 190.0 4
1726825970206 200.0 8
1726825970328 210.0 8
1726825970447 220.0 8
1726825970566 230.0 8
1726825970684 240.0 8
1726825970804 250.0 8
1726825970923 260.0 8
1726825972532 0.0 0
1726825972652 10.0 0
1726825972772 20.0 0
1726825972890 30.0 0
1726825973007 40.0 0
1726825973126 50.0 0
1726825973247 60.0 0
1726825973369 70.0 0
1726825973496 80.0 0
1726825973615 90.0 0
1726825973738 100.0 5
1726825973855 110.0 5
1726825973975 120.0 5
1726825974092 130.0 5
1726825974211 140.0 5
1726825974328 150.0 5
1726825974450 160.0 5
1726825974572 170.0 5
1726825974692 180.0 5
1726825974812 190.0 5
1726825974934 200.0 10
1726825975053 210.0 10
1726825975171 220.0 10
1726825975290 230.0 10
1726825975412 240.0 10
1726825975536 250.0 10
1726825975655 260.0 10
1726825977237 0.0 0
1726825977360 10.0 0
1726825977478 20.0 0
1726825977602 30.0 0
1726825977720 40.0 0
1726825977838 50.0 0
1726825977955 60.0 0
1726825978075 70.0 0
1726825978197 80.0 0
1726825978321 90.0 0
1726825978450 100.0 6
1726825978570 110.0 6
1726825978689 120.0 6
1726825978807 130.0 6
1726825978925 140.0 6
1726825979042 150.0 6
1726825979160 160.0 6
1726825979277 170.0 6
1726825979395 180.0 6
1726825979519 190.0 6
1726825979651 200.0 12
1726825979773 210.0 12
1726825979898 220.0 12
1726825980023 230.0 12
1726825980142 240.0 12
1726825980262 250.0 12
1726825980380 260.0 12
1726825981948 0.0 0
1726825982068 10.0 0
1726825982187 20.0 0
1726825982306 30.0 0
1726825982425 40.0 0
1726825982545 50.0 0
1726825982663 60.0 0
1726825982782 70.0 0
1726825982901 80.0 0
1726825983020 90.0 0
1726825983141 100.0 7
1726825983264 110.0 7
1726825983392 120.0 7
1726825983515 130.0 7
1726825983633 140.0 7
1726825983754 150.0 7
1726825983874 160.0 7
1726825983995 170.0 7
1726825984114 180.0 7
1726825984234 190.0 7
1726825984352 200.0 14
1726825984473 210.0 14
1726825984594 220.0 14
1726825984714 230.0 14
1726825984833 240.0 14
1726825984956 250.0 14
1726825985075 260.0 14
1726825986671 0.0 0
1726825986790 10.0 0
1726825986908 20.0 0
1726825987024 30.0 0
1726825987145 40.0 0
1726825987263 50.0 0
1726825987384 60.0 0
1726825987506 70.0 0
1726825987627 80.0 0
1726825987748 90.0 0
1726825987871 100.0 8
1726825987996 110.0 8
1726825988126 120.0 8
1726825988249 130.0 8
1726825988369 140.0 8
1726825988487 150.0 8
1726825988604 160.0 8
1726825988723 170.0 8
1726825988842 180.0 8
1726825988964 190.0 8
1726825989084 200.0 16
1726825989204 210.0 16
1726825989323 220.0 16
1726825989441 230.0 16
1726825989560 240.0 16
1726825989682 250.0 16
1726825989801 260.0 16
1726825991383 0.0 0
1726825991502 10.0 0
1726825991622 20.0 0
1726825991746 30.0 0
1726825991880 40.0 0
1726825992002 50.0 0
1726825992122 60.0 0
1726825992243 70.0 0
1726825992363 80.0 0
1726825992482 90.0 0
1726825992601 100.0 9
1726825992720 110.0 9
1726825992838 120.0 9
1726825992957 130.0 9
1726825993078 140.0 9
1726825993201 150.0 9
1726825993327 160.0 9
1726825993453 170.0 9
1726825993576 180.0 9
1726825993694 190.0 9
1726825993814 200.0 18
1726825993936 210.0 18
1726825994056 220.0 18
1726825994176 230.0 18
1726825994294 240.0 18
1726825994415 250.0 18
1726825994535 260.0 18
1726825996154 0.0 0
1726825996272 10.0 0
1726825996392 20.0 0
1726825996512 30.0 0
1726825996635 40.0 0
1726825996756 50.0 0
1726825996878 60.0 0
1726825997000 70.0 0
1726825997122 80.0 0
1726825997242 90.0 0
1726825997360 100.0 10
1726825997478 110.0 10
1726825997596 120.0 10
1726825997713 130.0 10
1726825997833 140.0 10
1726825997952 150.0 10
1726825998073 160.0 10
1726825998193 170.0 10
1726825998313 180.0 10
1726825998434 190.0 10
1726825998556 200.0 20
1726825998684 210.0 20
1726825998806 220.0 20
1726825998926 230.0 20
1726825999046 240.0 20
1726825999165 250.0 20
1726825999283 260.0 20
