1727114341068 0.613152 0
1727114341180 0.071447 0
1727114341289 0.18853 0
1727114341401 0.615928 0
1727114341510 2.598876 0
1727114341624 0.160197 0
1727114341732 0.257547 0
1727114341844 0.250957 0
1727114341956 0.622057 0
1727114342066 0.739321 0
1727114342171 0.489804 1
1727114342769 0.197408 0
1727114342879 0.119573 0
1727114342995 0.143254 0
1727114343106 0.257996 0
1727114343215 2.134218 0
1727114343328 0.201558 0
1727114343437 0.31373 0
1727114343545 0.198504 0
1727114343653 0.523929 0
1727114343761 0.717408 0
1727114343870 0.409677 2
1727114344411 0.175118 0
1727114344524 0.074401 0
1727114344635 0.144721 0
1727114344743 0.201386 0
1727114344853 1.539027 0
1727114344965 0.271049 0
1727114345077 0.295804 0
1727114345188 0.192636 0
1727114345297 0.466511 0
1727114345407 0.626455 0
1727114345514 0.43744 3
1727114346045 0.235528 0
1727114346160 0.064573 0
1727114346270 0.173216 0
1727114346378 0.100384 0
1727114346487 1.918868 0
1727114346602 0.256381 0
1727114346713 0.293644 0
1727114346822 0.212518 0
1727114346931 0.466472 0
1727114347047 0.632802 0
1727114347162 0.482271 4
