1727092271853 0.0 0
1727092272030 10.0 0
1727092272205 20.0 0
1727092272652 0.0 0
1727092272829 10.0 0
1727092273006 20.0 0
1727092273449 0.0 0
1727092273625 10.0 0
1727092273801 20.0 0
1727092274240 0.0 0
1727092274417 10.0 0
1727092274594 20.0 0
1727092275033 0.0 0
1727092275213 10.0 0
1727092275386 20.0 0
1727092275829 0.0 0
1727092276005 10.0 0
1727092276181 20.0 0
1727092276624 0.0 0
1727092276799 10.0 0
1727092276981 20.0 0
1727092277424 0.0 0
1727092277600 10.0 0
1727092277775 20.0 0
1727092278220 0.0 0
1727092278398 10.0 0
1727092278573 20.0 0
1727092279019 0.0 0
1727092279196 10.0 0
1727092279372 20.0 0
