1726903699852 0.484235 0
1726903699994 0.430863 0
1726903700136 1.580682 0
1726903700276 1.649489 0
1726903700416 0.644723 0
1726903700563 0.471085 0
1726903700706 0.316926 0
1726903700847 0.350644 0
1726903700987 5.149427 0
1726903701128 0.244225 0
1726903702026 0.282112 0
1726903702170 0.236113 0
1726903702311 1.055292 0
1726903702457 1.024283 0
1726903702600 0.501869 0
1726903702741 0.357098 0
1726903702882 0.285348 0
1726903703021 0.406258 0
1726903703162 3.380633 0
1726903703302 0.202044 0
1726903704126 0.250589 0
1726903704268 0.173637 0
1726903704408 0.755335 0
1726903704551 0.681402 0
1726903704692 0.403278 0
1726903704834 0.31176 0
1726903704974 0.245555 0
1726903705114 0.338025 0
1726903705255 2.3438 0
1726903705396 0.207225 0
1726903706205 0.218882 0
1726903706347 0.138415 0
1726903706486 0.558898 0
1726903706629 0.53132 0
1726903706770 0.285241 0
1726903706912 0.235145 0
1726903707054 0.201826 0
1726903707194 0.236084 0
1726903707335 1.821286 0
1726903707475 0.19739 0
1726903708288 0.178415 0
1726903708430 0.119067 0
1726903708570 0.484857 0
1726903708714 0.485237 0
1726903708855 0.220814 0
1726903708995 0.194248 0
1726903709136 0.187358 0
1726903709277 0.201713 0
1726903709416 1.538283 0
1726903709556 0.193001 0
1726903710365 0.171086 0
1726903710507 0.113359 0
1726903710647 0.477461 0
1726903710792 0.458924 0
1726903710931 0.208976 0
1726903711072 0.181813 0
1726903711213 0.186771 0
1726903711353 0.181162 0
1726903711493 1.385927 0
1726903711634 0.193247 0
1726903712443 0.160885 0
1726903712585 0.110098 0
1726903712730 0.464158 0
1726903712872 0.451575 0
1726903713012 0.195 0
1726903713153 0.167901 0
1726903713294 0.182256 0
1726903713434 0.161496 0
1726903713575 1.297489 0
1726903713716 0.193049 0
1726903714543 0.159955 0
1726903714687 0.108648 0
1726903714831 0.445441 0
1726903714971 0.456694 0
1726903715112 0.193404 0
1726903715252 0.168234 0
1726903715393 0.176124 0
1726903715533 0.148088 0
1726903715673 1.205034 0
1726903715813 0.185664 0
1726903716632 0.154054 0
1726903716773 0.106013 0
1726903716916 0.447234 0
1726903717057 0.444336 0
1726903717199 0.192926 0
1726903717338 0.163407 0
1726903717478 0.170197 0
1726903717619 0.1338 0
1726903717759 1.147977 0
1726903717900 0.189109 0
1726903718712 0.152439 0
1726903718857 0.110034 0
1726903718997 0.452859 0
1726903719137 0.448901 0
1726903719279 0.188641 0
1726903719419 0.162106 0
1726903719559 0.17057 0
1726903719700 0.127819 0
1726903719840 1.089806 0
1726903719980 0.186884 0
