1726756781274 0.0 0
1726756781388 10.0 0
1726756781502 20.0 0
1726756781616 30.0 0
1726756781729 40.0 0
1726756781842 50.0 0
1726756781955 60.0 0
1726756782069 70.0 0
1726756782182 80.0 0
1726756782295 90.0 0
1726756782409 100.0 1
1726756782522 110.0 1
1726756782635 120.0 1
1726756782747 130.0 1
1726756782861 140.0 1
1726756782974 150.0 1
1726756783086 160.0 1
1726756783199 170.0 1
1726756783312 180.0 1
1726756783425 190.0 1
1726756783538 200.0 2
1726756783651 210.0 2
1726756783764 220.0 2
1726756783874 230.0 2
1726756785356 0.0 0
1726756785469 10.0 0
1726756785582 20.0 0
1726756785695 30.0 0
1726756785808 40.0 0
1726756785920 50.0 0
1726756786032 60.0 0
1726756786145 70.0 0
1726756786258 80.0 0
1726756786372 90.0 0
1726756786486 100.0 2
1726756786600 110.0 2
1726756786713 120.0 2
1726756786826 130.0 2
1726756786939 140.0 2
1726756787051 150.0 2
1726756787164 160.0 2
1726756787277 170.0 2
1726756787391 180.0 2
1726756787504 190.0 2
1726756787617 200.0 4
1726756787729 210.0 4
1726756787842 220.0 4
1726756787952 230.0 4
1726756789427 0.0 0
1726756789540 10.0 0
1726756789653 20.0 0
1726756789767 30.0 0
1726756789880 40.0 0
1726756789993 50.0 0
1726756790105 60.0 0
1726756790220 70.0 0
1726756790334 80.0 0
1726756790447 90.0 0
1726756790562 100.0 3
1726756790676 110.0 3
1726756790788 120.0 3
1726756790902 130.0 3
1726756791015 140.0 3
1726756791128 150.0 3
1726756791241 160.0 3
1726756791354 170.0 3
1726756791466 180.0 3
1726756791579 190.0 3
1726756791693 200.0 6
1726756791805 210.0 6
1726756791919 220.0 6
1726756792029 230.0 6
1726756793503 0.0 0
1726756793617 10.0 0
1726756793729 20.0 0
1726756793842 30.0 0
1726756793955 40.0 0
1726756794068 50.0 0
1726756794181 60.0 0
1726756794294 70.0 0
1726756794407 80.0 0
1726756794520 90.0 0
1726756794633 100.0 4
1726756794747 110.0 4
1726756794859 120.0 4
1726756794979 130.0 4
1726756795093 140.0 4
1726756795205 150.0 4
1726756795318 160.0 4
1726756795430 170.0 4
1726756795543 180.0 4
1726756795656 190.0 4
1726756795769 200.0 8
1726756795882 210.0 8
1726756795995 220.0 8
1726756796105 230.0 8
1726756797578 0.0 0
1726756797691 10.0 0
1726756797805 20.0 0
1726756797917 30.0 0
1726756798030 40.0 0
1726756798143 50.0 0
1726756798257 60.0 0
1726756798370 70.0 0
1726756798484 80.0 0
1726756798598 90.0 0
1726756798712 100.0 5
1726756798826 110.0 5
1726756798939 120.0 5
1726756799052 130.0 5
1726756799165 140.0 5
1726756799278 150.0 5
1726756799391 160.0 5
1726756799504 170.0 5
1726756799617 180.0 5
1726756799730 190.0 5
1726756799843 200.0 10
1726756799955 210.0 10
1726756800068 220.0 10
1726756800178 230.0 10
