1727127469330 0.0 0
1727127469452 10.0 0
1727127469582 20.0 0
1727127469713 30.0 0
1727127469845 40.0 0
1727127469976 50.0 0
1727127470106 60.0 0
1727127470238 70.0 0
1727127470369 80.0 0
1727127470502 90.0 0
1727127470633 100.0 1
1727127470765 110.0 1
1727127470895 120.0 1
1727127471003 130.0 1
1727127471114 140.0 1
1727127471242 150.0 1
1727127471374 160.0 1
1727127471505 170.0 1
1727127471636 180.0 1
1727127471766 190.0 1
1727127471898 200.0 2
1727127472029 210.0 2
1727127472161 220.0 2
1727127472294 230.0 2
1727127472427 240.0 2
1727127472557 250.0 2
1727127472689 260.0 2
1727127472820 270.0 2
1727127472951 280.0 2
1727127473082 290.0 2
1727127473214 300.0 3
1727127473345 310.0 3
1727127473479 320.0 3
1727127473611 330.0 3
1727127473742 340.0 3
1727127473873 350.0 3
1727127474008 360.0 3
1727127474140 370.0 3
1727127474271 380.0 3
1727127474402 390.0 3
1727127474536 400.0 4
1727127474669 410.0 4
1727127474802 420.0 4
1727127474933 430.0 4
1727127475065 440.0 4
1727127475195 450.0 4
1727127475327 460.0 4
1727127475458 470.0 4
1727127475590 480.0 4
1727127475720 490.0 4
1727127475851 500.0 5
1727127475983 510.0 5
1727127476115 520.0 5
1727127476248 530.0 5
1727127476379 540.0 5
1727127479022 0.0 0
1727127479147 10.0 0
1727127479278 20.0 0
1727127479410 30.0 0
1727127479541 40.0 0
1727127479673 50.0 0
1727127479804 60.0 0
1727127479937 70.0 0
1727127480071 80.0 0
1727127480202 90.0 0
1727127480332 100.0 2
1727127480463 110.0 2
1727127480594 120.0 2
1727127480725 130.0 2
1727127480857 140.0 2
1727127480988 150.0 2
1727127481120 160.0 2
1727127481251 170.0 2
1727127481382 180.0 2
1727127481513 190.0 2
1727127481647 200.0 4
1727127481779 210.0 4
1727127481911 220.0 4
1727127482041 230.0 4
1727127482174 240.0 4
1727127482305 250.0 4
1727127482437 260.0 4
1727127482569 270.0 4
1727127482703 280.0 4
1727127482835 290.0 4
1727127482966 300.0 6
1727127483098 310.0 6
1727127483230 320.0 6
1727127483362 330.0 6
1727127483494 340.0 6
1727127483626 350.0 6
1727127483757 360.0 6
1727127483889 370.0 6
1727127484020 380.0 6
1727127484151 390.0 6
1727127484283 400.0 8
1727127484415 410.0 8
1727127484547 420.0 8
1727127484678 430.0 8
1727127484809 440.0 8
1727127484940 450.0 8
1727127485073 460.0 8
1727127485204 470.0 8
1727127485335 480.0 8
1727127485466 490.0 8
1727127485597 500.0 10
1727127485731 510.0 10
1727127485863 520.0 10
1727127485994 530.0 10
1727127486127 540.0 10
1727127489492 0.0 0
1727127489617 10.0 0
1727127489747 20.0 0
1727127489880 30.0 0
1727127490012 40.0 0
1727127490143 50.0 0
1727127490273 60.0 0
1727127490405 70.0 0
1727127490535 80.0 0
1727127490666 90.0 0
1727127490797 100.0 3
1727127490928 110.0 3
1727127491061 120.0 3
1727127491194 130.0 3
1727127491329 140.0 3
1727127491461 150.0 3
1727127491593 160.0 3
1727127491723 170.0 3
1727127491856 180.0 3
1727127491987 190.0 3
1727127492118 200.0 6
1727127492249 210.0 6
1727127492384 220.0 6
1727127492515 230.0 6
1727127492647 240.0 6
1727127492779 250.0 6
1727127492910 260.0 6
1727127493041 270.0 6
1727127493173 280.0 6
1727127493305 290.0 6
1727127493435 300.0 9
1727127493567 310.0 9
1727127493699 320.0 9
1727127493829 330.0 9
1727127493961 340.0 9
1727127494094 350.0 9
1727127494225 360.0 9
1727127494356 370.0 9
1727127494488 380.0 9
1727127494620 390.0 9
1727127494770 400.0 12
1727127494902 410.0 12
1727127495035 420.0 12
1727127495166 430.0 12
1727127495297 440.0 12
1727127495427 450.0 12
1727127495558 460.0 12
1727127495690 470.0 12
1727127495819 480.0 12
1727127495954 490.0 12
1727127496086 500.0 15
1727127496219 510.0 15
1727127496349 520.0 15
1727127496482 530.0 15
1727127496614 540.0 15
1727127498941 0.0 0
1727127499068 10.0 0
1727127499196 20.0 0
1727127499330 30.0 0
1727127499463 40.0 0
1727127499594 50.0 0
1727127499727 60.0 0
1727127499858 70.0 0
1727127499990 80.0 0
1727127500127 90.0 0
1727127500258 100.0 4
1727127500390 110.0 4
1727127500523 120.0 4
1727127500655 130.0 4
1727127500786 140.0 4
1727127500919 150.0 4
1727127501050 160.0 4
1727127501181 170.0 4
1727127501313 180.0 4
1727127501451 190.0 4
1727127501582 200.0 8
1727127501713 210.0 8
1727127501845 220.0 8
1727127501975 230.0 8
1727127502108 240.0 8
1727127502239 250.0 8
1727127502370 260.0 8
1727127502502 270.0 8
1727127502634 280.0 8
1727127502765 290.0 8
1727127502898 300.0 12
1727127503029 310.0 12
1727127503160 320.0 12
1727127503292 330.0 12
1727127503423 340.0 12
1727127503554 350.0 12
1727127503685 360.0 12
1727127503818 370.0 12
1727127503949 380.0 12
1727127504083 390.0 12
1727127504214 400.0 16
1727127504345 410.0 16
1727127504477 420.0 16
1727127504610 430.0 16
1727127504741 440.0 16
1727127504874 450.0 16
1727127505005 460.0 16
1727127505139 470.0 16
1727127505270 480.0 16
1727127505402 490.0 16
1727127505533 500.0 20
1727127505665 510.0 20
1727127505796 520.0 20
1727127505927 530.0 20
1727127506058 540.0 20
