1726776541784 24.88855 0
1726776541902 9.494823 0
1726776542019 12.520109 0
1726776542136 0.934654 0
1726776542253 1.258015 0
1726776542371 9.199451 0
1726776542486 1.121099 0
1726776542602 18.348629 0
1726776542719 2.413244 0
1726776542836 1.93661 0
1726776542953 1.424909 1
1726776543781 2.196742 0
1726776543899 1.49657 0
1726776544017 7.224526 0
1726776544134 1.869058 0
1726776544251 2.78487 0
1726776544368 1.457213 0
1726776544485 5.588929 0
1726776544602 30.688393 0
1726776544718 0.914801 0
1726776544836 2.457081 0
1726776544952 1.8235 2
1726776545758 1.507195 0
1726776545875 6.961221 0
1726776545993 3.031444 0
1726776546110 1.406035 0
1726776546227 3.521685 0
1726776546343 1.927991 0
1726776546460 4.744194 0
1726776546578 0.920578 0
1726776546694 1.578255 0
1726776546812 1.348951 0
1726776546928 1.256324 3
1726776547736 3.043624 0
1726776547852 5.697721 0
1726776547970 7.45777 0
1726776548088 20.614386 0
1726776548205 3.06063 0
1726776548322 4.1842 0
1726776548438 2.091597 0
1726776548555 2.329459 0
1726776548672 2.024736 0
1726776548789 2.320578 0
1726776548906 0.749692 4
