1727089454916 21.471472 0
1727089455021 0.435801 0
1727089455116 12.243994 0
1727089455213 3.953944 0
1727089455314 19.736525 0
1727089455411 11.646063 0
1727089455508 3.943894 0
1727089455605 3.071835 0
1727089455706 6.326441 0
1727089455807 1.422588 0
1727089455903 1.518736 1
1727089455996 1.111496 1
1727089456094 0.526755 1
1727089456192 1.866997 1
1727089456294 0.308414 1
1727089456389 0.645489 1
1727089456485 4.570495 1
1727089456586 1.66134 1
1727089456683 2.490448 1
1727089456784 6.602304 1
1727089456882 5.662436 2
1727089456981 28.92264 2
1727089457079 3.576253 2
1727089457177 0.575482 2
1727089457274 1.402773 2
1727089457370 3.21292 2
1727089457469 3.828576 2
1727089457572 7.330772 2
1727089457671 128.445724 2
1727089457768 1.511419 2
1727089457868 1.766876 3
1727089457965 7.360922 3
1727089458058 2.038649 3
1727089458157 1.534076 3
1727089458251 2.117295 3
1727089458350 0.972812 3
1727089458447 1.570539 3
1727089458552 1.358807 3
1727089458652 1.485277 3
1727089458749 0.886147 3
1727089458843 2.862119 4
1727089458941 27.079723 4
1727089459039 2.151631 4
1727089459144 1.059905 4
1727089459243 1.214499 4
1727089459337 1.812265 4
1727089459435 3.354986 4
1727089459535 0.882172 4
1727089459633 7.534696 4
1727089459729 2.851147 4
1727089461357 61.495243 0
1727089461458 7.198267 0
1727089461554 3.501863 0
1727089461650 2.69653 0
1727089461743 3.186872 0
1727089461840 13.091913 0
1727089461936 3.096674 0
1727089462033 1.352297 0
1727089462134 1.413533 0
1727089462232 12.291861 0
1727089462321 1.265952 2
1727089462411 3.299289 2
1727089462506 0.538434 2
1727089462603 11.454584 2
1727089462696 0.255846 2
1727089462793 0.952989 2
1727089462898 6.884811 2
1727089463002 9.789907 2
1727089463098 3.040702 2
1727089463194 11.86351 2
1727089463289 2.652801 4
1727089463385 2.995699 4
1727089463484 51.723984 4
1727089463581 2.305225 4
1727089463677 0.747825 4
1727089463774 1.849894 4
1727089463872 5.973325 4
1727089463966 2.888436 4
1727089464060 15.035409 4
1727089464157 4.399378 4
1727089464255 4.538573 6
1727089464349 1.720829 6
1727089464440 1.259776 6
1727089464535 1.684925 6
1727089464634 9.375711 6
1727089464733 1.510807 6
1727089464827 1.990921 6
1727089464922 1.192077 6
1727089465018 1.55623 6
1727089465117 0.990746 6
1727089465214 4.443347 8
1727089465315 0.94411 8
1727089465417 20.62891 8
1727089465515 1.160311 8
1727089465614 3.252041 8
1727089465707 2.750985 8
1727089465807 3.61967 8
1727089465905 1.347216 8
1727089466004 51.155407 8
1727089466099 3.013377 8
1727089467767 3.319662 0
1727089467869 5.473283 0
1727089467968 6.540973 0
1727089468075 1.456972 0
1727089468183 3.143287 0
1727089468290 5.630172 0
1727089468453 4.446652 0
1727089468559 1.498319 0
1727089468665 1.527714 0
1727089468771 2.242264 0
1727089468868 1.749686 3
1727089468969 4.676308 3
1727089469070 0.922319 3
1727089469170 4.711222 3
1727089469273 0.212819 3
1727089469370 0.906804 3
1727089469471 5.356354 3
1727089469572 3.420064 3
1727089469671 1.549207 3
1727089469771 4.710835 3
1727089469866 2.632126 6
1727089469966 3.153089 6
1727089470065 2.409144 6
1727089470164 1.944271 6
1727089470264 0.952777 6
1727089470363 1.596846 6
1727089470460 3.683352 6
1727089470560 2.721946 6
1727089470658 11.209902 6
1727089470760 2.832118 6
1727089470859 3.091274 9
1727089470954 1.552214 9
1727089471054 0.957217 9
1727089471149 2.236778 9
1727089471243 2.678656 9
1727089471340 1.377048 9
1727089471435 2.651792 9
1727089471527 1.513203 9
1727089471626 2.377744 9
1727089471725 1.079353 9
1727089471822 1.512573 12
1727089471922 0.845951 12
1727089472024 1.84913 12
1727089472136 1.115607 12
1727089472245 2.857963 12
1727089472346 2.195901 12
1727089472440 10.739696 12
1727089472538 4.584743 12
1727089472638 5.877481 12
1727089472736 1.523981 12
1727089474370 3.695556 0
1727089474468 9.178617 0
1727089474560 3.22069 0
1727089474655 1.324965 0
1727089474749 4.99857 0
1727089474844 7.389493 0
1727089474941 9.645282 0
1727089475041 1.403824 0
1727089475138 1.399636 0
1727089475234 3.166828 0
1727089475327 2.530776 4
1727089475424 3.124027 4
1727089475521 0.780641 4
1727089475622 5.91878 4
1727089475716 0.158455 4
1727089475810 0.852338 4
1727089475906 3.98545 4
1727089476007 3.083436 4
1727089476107 1.187504 4
1727089476205 4.550919 4
1727089476295 5.679046 8
1727089476387 4.257627 8
1727089476485 3.877843 8
1727089476579 2.566757 8
1727089476677 0.875329 8
1727089476779 1.395733 8
1727089476879 1.903905 8
1727089476978 2.297722 8
1727089477075 8.92065 8
1727089477174 3.348052 8
1727089477272 3.866782 12
1727089477370 1.924788 12
1727089477466 1.012043 12
1727089477564 3.203682 12
1727089477663 2.434477 12
1727089477761 1.423632 12
1727089477853 4.471613 12
1727089477954 2.130502 12
1727089478053 6.549733 12
1727089478151 1.131458 12
1727089478253 1.059429 16
1727089478347 0.780272 16
1727089478445 1.547345 16
1727089478545 1.095264 16
1727089478634 1.610421 16
1727089478729 2.36957 16
1727089478825 2.623686 16
1727089478927 1.791533 16
1727089479025 4.59155 16
1727089479127 0.577386 16
