1726757774859 276.124542 0
1726757774979 2.516536 0
1726757775094 7.376636 0
1726757775209 14.636759 0
1726757775324 10.345197 0
1726757775439 5.890377 0
1726757775554 8.070299 0
1726757775669 5.112003 0
1726757775789 1.422394 0
1726757775906 1.445865 0
1726757776027 1.734921 1
1726757776146 0.860318 1
1726757776263 9.836247 1
1726757776378 0.926813 1
1726757776499 5.97199 1
1726757776614 1.321929 1
1726757776729 1.121217 1
1726757776846 1.03826 1
1726757776961 4.942862 1
1726757777076 0.473917 1
1726757777195 1.08844 2
1726757777316 8.230892 2
1726757777435 1.391023 2
1726757777551 2.430101 2
1726757777666 0.436251 2
1726757779435 4.362834 0
1726757779555 2.485231 0
1726757779682 0.840242 0
1726757779805 6.794105 0
1726757779919 12.633795 0
1726757780036 5.736799 0
1726757780157 2.143992 0
1726757780279 1.372743 0
1726757780396 0.728958 0
1726757780512 1.967599 0
1726757780628 5.014215 2
1726757780744 0.638449 2
1726757780858 4.041427 2
1726757780977 2.405884 2
1726757781100 2.332841 2
1726757781217 0.918933 2
1726757781340 9.375656 2
1726757781457 0.934259 2
1726757781574 4.065331 2
1726757781690 0.744465 2
1726757781815 0.600838 4
1726757781933 5.209707 4
1726757782053 11.696391 4
1726757782171 0.876231 4
1726757782291 1.318739 4
1726757784018 35.623005 0
1726757784139 23.432276 0
1726757784257 4.053226 0
1726757784375 2.472601 0
1726757784492 2.080095 0
1726757784608 3.92065 0
1726757784724 0.71239 0
1726757784839 3.452428 0
1726757784955 0.816164 0
1726757785071 6.634192 0
1726757785186 1.598281 3
1726757785301 0.976875 3
1726757785416 8.261683 3
1726757785531 0.81658 3
1726757785650 8.683894 3
1726757785767 1.082623 3
1726757785886 1.844064 3
1726757786002 13.615653 3
1726757786117 3.891125 3
1726757786234 0.824407 3
1726757786351 0.339893 6
1726757786468 1.092489 6
1726757786585 2.645723 6
1726757786700 0.793119 6
1726757786816 1.142815 6
1726757788624 2.864556 0
1726757788746 2.732042 0
1726757788861 0.737697 0
1726757788976 1.162204 0
1726757789092 1.127095 0
1726757789208 1.675334 0
1726757789323 0.745276 0
1726757789438 2.248006 0
1726757789552 0.9552 0
1726757789670 0.565521 0
1726757789787 0.549402 4
1726757789902 0.629133 4
1726757790018 5.483931 4
1726757790134 1.144169 4
1726757790249 1.662591 4
1726757790369 2.085412 4
1726757790485 1.404643 4
1726757790604 0.957743 4
1726757790731 20.482567 4
1726757790851 0.341531 4
1726757790966 0.511015 8
1726757791081 1.670865 8
1726757791203 1.232455 8
1726757791329 0.560602 8
1726757791452 5.359248 8
1726757793178 7.564572 0
1726757793294 2.750214 0
1726757793410 0.792483 0
1726757793527 1.782853 0
1726757793646 4.624592 0
1726757793763 1.952397 0
1726757793891 1.102423 0
1726757794009 1.870853 0
1726757794124 1.313473 0
1726757794251 0.847524 0
1726757794379 0.406362 5
1726757794500 1.177758 5
1726757794620 3.459373 5
1726757794735 0.681194 5
1726757794851 0.689525 5
1726757794967 16.388208 5
1726757795084 1.041187 5
1726757795200 0.867027 5
1726757795316 4.248416 5
1726757795432 0.459361 5
1726757795550 0.52923 10
1726757795667 1.135204 10
1726757795782 0.463958 10
1726757795904 1.017442 10
1726757796020 0.647074 10
1726757797729 23.590717 0
1726757797845 6.448978 0
1726757797961 1.320443 0
1726757798076 1.694983 0
1726757798191 4.259418 0
1726757798305 9.174942 0
1726757798420 1.142871 0
1726757798539 1.412248 0
1726757798653 0.961073 0
1726757798768 0.576016 0
1726757798885 0.398202 6
1726757799003 0.926116 6
1726757799122 1.107101 6
1726757799239 1.131717 6
1726757799355 1.094537 6
1726757799469 0.683372 6
1726757799584 8.28997 6
1726757799700 4.517942 6
1726757799814 2.705197 6
1726757799932 0.322884 6
1726757800049 0.401296 12
1726757800165 0.863019 12
1726757800278 0.677875 12
1726757800393 0.512847 12
1726757800514 0.597157 12
1726757802223 7.838695 0
1726757802340 0.757406 0
1726757802458 0.716314 0
1726757802573 2.159567 0
1726757802689 1.206398 0
1726757802805 0.944097 0
1726757802920 1.024814 0
1726757803043 0.864602 0
1726757803157 1.172065 0
1726757803271 0.54782 0
1726757803385 0.472968 7
1726757803504 0.352428 7
1726757803619 0.598398 7
1726757803734 0.798179 7
1726757803849 2.42894 7
1726757803964 1.485925 7
1726757804080 4.476831 7
1726757804195 1.697394 7
1726757804312 1.159692 7
1726757804429 0.935347 7
1726757804546 0.375332 14
1726757804662 1.012797 14
1726757804778 0.520717 14
1726757804894 0.499004 14
1726757805010 0.554016 14
1726757806706 4.549023 0
1726757806822 0.673806 0
1726757806939 1.202124 0
1726757807057 2.263249 0
1726757807172 1.450732 0
1726757807286 1.264941 0
1726757807402 1.215535 0
1726757807520 0.935957 0
1726757807635 0.911678 0
1726757807751 0.494171 0
1726757807868 0.838714 8
1726757807982 0.522506 8
1726757808098 0.831325 8
1726757808212 0.52388 8
1726757808326 1.099029 8
1726757808440 151.438889 8
1726757808555 2.456335 8
1726757808669 1.277321 8
1726757808786 2.290183 8
1726757808902 0.48379 8
1726757809018 0.485725 16
1726757809134 1.123952 16
1726757809249 0.471427 16
1726757809364 0.326969 16
1726757809480 1.094493 16
1726757811211 1.635634 0
1726757811331 0.527426 0
1726757811451 0.673236 0
1726757811568 1.523279 0
1726757811686 0.735675 0
1726757811802 1.056924 0
1726757811920 0.95595 0
1726757812036 1.402111 0
1726757812151 0.859247 0
1726757812266 0.447912 0
1726757812381 0.741252 9
1726757812496 0.504733 9
1726757812614 0.770996 9
1726757812730 0.577925 9
1726757812851 0.450832 9
1726757812970 1.385777 9
1726757813089 0.871433 9
1726757813207 2.526997 9
1726757813328 1.55054 9
1726757813444 0.843951 9
1726757813559 0.395093 18
1726757813676 267.664154 18
1726757813792 0.664561 18
1726757813907 0.89774 18
1726757814022 0.631779 18
1726757815709 2.112793 0
1726757815824 0.755561 0
1726757815939 1.803571 0
1726757816054 1.118453 0
1726757816169 2.933953 0
1726757816286 1.674205 0
1726757816402 1.080054 0
1726757816519 0.968592 0
1726757816635 0.924012 0
1726757816752 0.423735 0
1726757816870 0.559354 10
1726757816987 1.14238 10
1726757817102 0.633423 10
1726757817219 0.605742 10
1726757817335 0.869321 10
1726757817450 1.0044 10
1726757817565 1.67104 10
1726757817684 2.424454 10
1726757817811 1.613232 10
1726757817932 0.463126 10
1726757818049 0.873892 20
1726757818165 1.295978 20
1726757818280 1.913789 20
1726757818403 0.516095 20
1726757818523 0.887232 20
