1726820134494 36.807259 0
1726820134634 24.173485 0
1726820134759 9.144176 0
1726820134886 5.790034 0
1726820135008 1.917606 0
1726820135131 1.404569 0
1726820135249 1.968374 0
1726820135362 0.944913 0
1726820135480 6.068791 0
1726820135596 1.825781 0
1726820135723 3.763436 1
1726820135858 1.685933 1
1726820135992 1.823815 1
1726820136123 3.08789 1
1726820136249 1.962869 1
1726820136372 0.525193 1
1726820136494 23.190725 1
1726820136613 2.609324 1
1726820136730 0.459714 1
1726820136849 0.903649 1
1726820136974 1.230291 2
1726820137094 0.461828 2
1726820137211 1.725198 2
1726820137333 1.254489 2
1726820137465 1.889338 2
1726820137596 1.695215 2
1726820137731 3.416146 2
1726820137863 4.589508 2
1726820137991 1.908164 2
1726820138106 1.583165 2
1726820138223 1.34331 3
1726820138342 1.427176 3
1726820138472 0.959934 3
1726820138598 1.683938 3
1726820138723 0.962927 3
1726820138846 0.5887 3
1726820138971 3.572378 3
1726820139103 3.903644 3
1726820139235 0.453586 3
1726820139365 1.592274 3
1726820139495 0.934043 4
1726820139630 0.315845 4
1726820139762 0.452352 4
1726820139900 0.502463 4
1726820140038 0.381008 4
1726820140175 22.66161 4
1726820140308 0.712157 4
1726820140429 0.710462 4
1726820140549 0.243233 4
1726820146549 2.268036 0
1726820146684 0.590451 0
1726820146819 1.202364 0
1726820146962 0.248762 0
1726820147105 0.484125 0
1726820147243 12.331362 0
1726820147377 2.319196 0
1726820147499 0.505278 0
1726820147620 3.129272 0
1726820147735 0.779782 0
1726820147864 1.424564 2
1726820148006 6.284095 2
1726820148152 23.487673 2
1726820148291 6.191932 2
1726820148424 1.521769 2
1726820148552 0.393537 2
1726820148678 0.723292 2
1726820148801 2.51175 2
1726820148923 0.459065 2
1726820149042 0.941316 2
1726820149157 3.550264 4
1726820149335 0.454155 4
1726820149492 1.316033 4
1726820149649 1.475235 4
1726820149808 1.944522 4
1726820149948 1.189024 4
1726820150087 2.686519 4
1726820150225 1.522164 4
1726820150359 2.646558 4
1726820150492 0.992556 4
1726820150626 3.35747 6
1726820150757 1.426223 6
1726820150889 0.734941 6
1726820151021 2.11333 6
1726820151146 0.871333 6
1726820151268 1.07327 6
1726820151391 3.902795 6
1726820151508 0.373702 6
1726820151620 0.501403 6
1726820151734 0.477716 6
1726820151850 0.869877 8
1726820151979 0.247207 8
1726820152127 0.457296 8
1726820152273 0.693587 8
1726820152421 0.413638 8
1726820152583 0.634931 8
1726820152760 0.784297 8
1726820152940 0.556888 8
1726820153069 0.259834 8
1726820159151 1.19818 0
1726820159288 0.450685 0
1726820159423 0.341188 0
1726820159556 0.361245 0
1726820159682 0.439369 0
1726820159803 2.290113 0
1726820159931 1.944756 0
1726820160069 0.331568 0
1726820160211 3.699455 0
1726820160365 1.220219 0
1726820160504 1.281416 3
1726820160634 12.942325 3
1726820160757 1.002999 3
1726820160879 3.049586 3
1726820161003 0.834881 3
1726820161127 1.200388 3
1726820161256 2.898954 3
1726820161383 0.282424 3
1726820161505 0.414957 3
1726820161630 0.636692 3
1726820161756 2.996637 6
1726820161880 4.415681 6
1726820162006 3.865453 6
1726820162125 1.79444 6
1726820162241 3.28483 6
1726820162361 0.855522 6
1726820162484 6.911303 6
1726820162609 1.87368 6
1726820162733 2.290831 6
1726820162859 0.754105 6
1726820162981 0.760731 9
1726820163099 1.780662 9
1726820163215 0.506757 9
1726820163331 6.052918 9
1726820163450 1.376852 9
1726820163575 1.049897 9
1726820163698 3.810003 9
1726820163820 0.37788 9
1726820163945 0.404142 9
1726820164073 0.302982 9
1726820164204 1.816286 12
1726820164330 0.253975 12
1726820164457 0.417854 12
1726820164579 5.739274 12
1726820164700 0.495248 12
1726820164823 0.582794 12
1726820164947 3.003123 12
1726820165072 0.327861 12
1726820165201 0.255931 12
1726820171331 1.605141 0
1726820171488 0.468042 0
1726820171610 0.728583 0
1726820171734 1.28088 0
1726820171861 1.347714 0
1726820171990 2.105366 0
1726820172113 51.746719 0
1726820172233 0.319141 0
1726820172354 8.255512 0
1726820172477 1.865191 0
1726820172612 0.930675 4
1726820172748 8.194576 4
1726820172871 0.727994 4
1726820172989 1.794576 4
1726820173109 0.87149 4
1726820173230 0.489173 4
1726820173350 12.341636 4
1726820173472 0.267465 4
1726820173600 0.548711 4
1726820173731 1.896922 4
1726820173861 2.046657 8
1726820173994 0.259241 8
1726820174122 5.367578 8
1726820174251 1.120397 8
1726820174387 1.404546 8
1726820174521 1.77353 8
1726820174651 1.664025 8
1726820174777 1.134529 8
1726820174905 2.330494 8
1726820175028 0.732962 8
1726820175149 0.551147 12
1726820175267 0.887455 12
1726820175388 1.998259 12
1726820175513 4.111313 12
1726820175637 1.898558 12
1726820175761 1.123258 12
1726820175889 2.289277 12
1726820176016 0.371634 12
1726820176150 0.374919 12
1726820176279 0.369977 12
1726820176409 1.38341 16
1726820176529 0.274922 16
1726820176648 0.837351 16
1726820176763 0.358316 16
1726820176878 0.416841 16
1726820177003 0.31667 16
1726820177133 1.55504 16
1726820177263 0.284795 16
1726820177390 0.235973 16
1726820183495 2.827979 0
1726820183661 0.439871 0
1726820183801 0.384104 0
1726820183974 0.334425 0
1726820184156 0.594876 0
1726820184317 1.130576 0
1726820184475 3.628864 0
1726820184648 0.284599 0
1726820184845 11.006445 0
1726820185007 6.095462 0
1726820185160 1.173703 5
1726820185315 4.770528 5
1726820185484 0.6981 5
1726820185638 1.888865 5
1726820185768 1.017118 5
1726820185888 0.322045 5
1726820186009 0.870287 5
1726820186130 0.27632 5
1726820186249 0.356747 5
1726820186371 1.527511 5
1726820186500 1.105916 10
1726820186632 0.228621 10
1726820186756 1.703039 10
1726820186876 1.542321 10
1726820186998 1.785816 10
1726820187116 0.810936 10
1726820187246 1.836531 10
1726820187385 0.685013 10
1726820187536 1.798746 10
1726820187681 0.784935 10
1726820187825 0.716306 15
1726820187964 0.893169 15
1726820188095 0.442928 15
1726820188227 2.018971 15
1726820188360 1.323716 15
1726820188496 0.804375 15
1726820188638 4.343642 15
1726820188793 0.371359 15
1726820188938 0.453846 15
1726820189073 0.606489 15
1726820189209 1.428273 20
1726820189362 0.321104 20
1726820189522 0.492708 20
1726820189678 1.351177 20
1726820189825 0.474926 20
1726820189964 0.270359 20
1726820190088 1.408343 20
1726820190213 0.348598 20
1726820190339 3.007035 20
