1727121987890 88.970306 0
1727121987989 3.668556 0
1727121988086 6.48234 0
1727121988182 4.739473 0
1727121988280 1.880876 0
1727121988377 2.210036 0
1727121988792 1.757715 0
1727121988891 5.513169 0
1727121988988 26.156363 0
1727121989085 10.504448 0
1727121989182 2.213294 0
1727121989280 1.83775 0
1727121989653 2.252677 0
1727121989752 2.766057 0
1727121989850 2.657384 0
1727121989948 16.996773 0
1727121990045 1.797132 0
1727121990165 48.294922 0
1727121990562 2.36618 0
1727121990663 6.530138 0
1727121990763 1.87343 0
1727121990859 2.17711 0
1727121990956 1.403698 0
1727121991054 2.097254 0
1727121991443 2.468586 0
1727121991542 6.169714 0
1727121991639 3.228242 0
1727121991738 2.063511 0
1727121991832 1.676829 0
1727121991934 2.897568 0
1727121992314 9.465186 0
1727121992417 14.639133 0
1727121992513 32.203243 0
1727121992616 1.254436 0
1727121992714 3.658214 0
1727121992814 2.293334 0
1727121993190 11.950408 0
1727121993289 4.71265 0
1727121993386 1.230417 0
1727121993482 1.419637 0
1727121993580 1.756064 0
1727121993677 3.092039 0
1727121994059 6.021488 0
1727121994158 6.008832 0
1727121994256 1.389118 0
1727121994354 1.214986 0
1727121994452 1.261395 0
1727121994553 2.073765 0
1727121994940 4.202895 0
1727121995040 4.634903 0
1727121995140 1.357617 0
1727121995239 4.466468 0
1727121995336 1.241949 0
1727121995433 1.805839 0
1727121995810 4.854023 0
1727121995909 5.155645 0
1727121996009 1.205303 0
1727121996108 1.028978 0
1727121996207 2.85864 0
1727121996308 2.994681 0
