1727104367033 6.192107 0
1727104367153 53.683628 0
1727104367427 2.463563 0
1727104367552 11.639534 0
1727104367835 7.405106 0
1727104367953 10.499716 0
1727104368228 4.291601 0
1727104368349 13.474596 0
1727104368626 2.903372 0
1727104368749 7.113652 0
1727104369025 2.755881 0
1727104369145 6.326848 0
1727104369427 323.018463 0
1727104369551 10.540369 0
1727104369830 3.351463 0
1727104369957 4.667198 0
1727104370231 2.244757 0
1727104370352 3.606125 0
1727104370622 2.169961 0
1727104370746 3.302039 0
