1726770466557 0.0 0
1726770466647 10.0 0
1726770466735 20.0 0
1726770466823 30.0 0
1726770466912 40.0 0
1726770467002 50.0 0
1726770467093 60.0 0
1726770467182 70.0 0
1726770467273 80.0 0
1726770467363 90.0 0
1726770467452 100.0 1
1726770467544 110.0 1
1726770467642 120.0 1
1726770467732 130.0 1
1726770467821 140.0 1
1726770467909 150.0 1
1726770467995 160.0 1
1726770468084 170.0 1
1726770468172 180.0 1
1726770468263 190.0 1
1726770468351 200.0 2
1726770468440 210.0 2
1726770469408 0.0 0
1726770469497 10.0 0
1726770469586 20.0 0
1726770469685 30.0 0
1726770469782 40.0 0
1726770469872 50.0 0
1726770469962 60.0 0
1726770470051 70.0 0
1726770470140 80.0 0
1726770470230 90.0 0
1726770470318 100.0 2
1726770470407 110.0 2
1726770470495 120.0 2
1726770470584 130.0 2
1726770470676 140.0 2
1726770470773 150.0 2
1726770470865 160.0 2
1726770470955 170.0 2
1726770471045 180.0 2
1726770471134 190.0 2
1726770471224 200.0 4
1726770471313 210.0 4
1726770472358 0.0 0
1726770472449 10.0 0
1726770472538 20.0 0
1726770472632 30.0 0
1726770472723 40.0 0
1726770472815 50.0 0
1726770472905 60.0 0
1726770472996 70.0 0
1726770473086 80.0 0
1726770473174 90.0 0
1726770473263 100.0 3
1726770473351 110.0 3
1726770473441 120.0 3
1726770473531 130.0 3
1726770473621 140.0 3
1726770473711 150.0 3
1726770473808 160.0 3
1726770473897 170.0 3
1726770473986 180.0 3
1726770474074 190.0 3
1726770474166 200.0 6
1726770474257 210.0 6
1726770475228 0.0 0
1726770475322 10.0 0
1726770475412 20.0 0
1726770475500 30.0 0
1726770475589 40.0 0
1726770475679 50.0 0
1726770475772 60.0 0
1726770475867 70.0 0
1726770475959 80.0 0
1726770476050 90.0 0
1726770476141 100.0 4
1726770476233 110.0 4
1726770476327 120.0 4
1726770476420 130.0 4
1726770476509 140.0 4
1726770476598 150.0 4
1726770476690 160.0 4
1726770476780 170.0 4
1726770476870 180.0 4
1726770476959 190.0 4
1726770477047 200.0 8
1726770477135 210.0 8
1726770478157 0.0 0
1726770478248 10.0 0
1726770478336 20.0 0
1726770478427 30.0 0
1726770478518 40.0 0
1726770478608 50.0 0
1726770478698 60.0 0
1726770478789 70.0 0
1726770478881 80.0 0
1726770478970 90.0 0
1726770479059 100.0 5
1726770479150 110.0 5
1726770479242 120.0 5
1726770479332 130.0 5
1726770479422 140.0 5
1726770479515 150.0 5
1726770479608 160.0 5
1726770479699 170.0 5
1726770479790 180.0 5
1726770479888 190.0 5
1726770479979 200.0 10
1726770480070 210.0 10
1726770481050 0.0 0
1726770481139 10.0 0
1726770481232 20.0 0
1726770481323 30.0 0
1726770481418 40.0 0
1726770481509 50.0 0
1726770481599 60.0 0
1726770481689 70.0 0
1726770481778 80.0 0
1726770481871 90.0 0
1726770481969 100.0 6
1726770482059 110.0 6
1726770482149 120.0 6
1726770482238 130.0 6
1726770482328 140.0 6
1726770482418 150.0 6
1726770482508 160.0 6
1726770482599 170.0 6
1726770482688 180.0 6
1726770482779 190.0 6
1726770482872 200.0 12
1726770482963 210.0 12
1726770483955 0.0 0
1726770484059 10.0 0
1726770484152 20.0 0
1726770484242 30.0 0
1726770484331 40.0 0
1726770484420 50.0 0
1726770484509 60.0 0
1726770484606 70.0 0
1726770484703 80.0 0
1726770484794 90.0 0
1726770484884 100.0 7
1726770484974 110.0 7
1726770485066 120.0 7
1726770485156 130.0 7
1726770485246 140.0 7
1726770485335 150.0 7
1726770485425 160.0 7
1726770485514 170.0 7
1726770485603 180.0 7
1726770485692 190.0 7
1726770485782 200.0 14
1726770485873 210.0 14
1726770486942 0.0 0
1726770487039 10.0 0
1726770487129 20.0 0
1726770487219 30.0 0
1726770487308 40.0 0
1726770487397 50.0 0
1726770487486 60.0 0
1726770487575 70.0 0
1726770487664 80.0 0
1726770487755 90.0 0
1726770487844 100.0 8
1726770487934 110.0 8
1726770488024 120.0 8
1726770488121 130.0 8
1726770488211 140.0 8
1726770488300 150.0 8
1726770488389 160.0 8
1726770488481 170.0 8
1726770488572 180.0 8
1726770488662 190.0 8
1726770488752 200.0 16
1726770488843 210.0 16
