1726916225869 141.611343 0
1726916226014 58.960442 0
1726916226156 31.426132 0
1726916226304 17.115231 0
1726916226450 15.229621 0
1726916226593 38.644978 0
1726916227370 5.23701 0
1726916227515 8.967477 0
1726916227657 3.382087 0
1726916227800 6.755673 0
1726916227943 2.689003 0
1726916228086 3.53991 0
1726916228723 3.350677 0
1726916228869 12.850307 0
1726916229013 1.048138 0
1726916229159 2.149944 0
1726916229306 1.556346 0
1726916229448 3.039719 0
1726916230085 9.34148 0
1726916230230 5.763454 0
1726916230373 0.865006 0
1726916230520 2.176924 0
1726916230663 1.331438 0
1726916230807 1.440887 0
1726916231445 4.765841 0
1726916231589 6.459647 0
1726916231733 1.12707 0
1726916231876 3.455203 0
1726916232022 3.202659 0
1726916232165 1.453377 0
1726916232825 1.410256 0
1726916232971 4.706368 0
1726916233114 0.868686 0
1726916233257 1.728998 0
1726916233402 2.217555 0
1726916233545 1.563705 0
1726916234186 1.497543 0
1726916234330 6.60096 0
1726916234472 0.769476 0
1726916234619 1.683081 0
1726916234762 7.561981 0
1726916234904 2.380748 0
1726916235544 1.496928 0
1726916235687 5.720022 0
1726916235830 0.769464 0
1726916235975 1.775651 0
1726916236120 1.374732 0
1726916236262 1.660179 0
1726916236918 1.399704 0
1726916237064 5.492984 0
1726916237208 0.751734 0
1726916237350 5.485673 0
1726916237495 2.512961 0
1726916237638 1.953373 0
1726916238277 1.56735 0
1726916238420 5.668325 0
1726916238563 0.67432 0
1726916238708 1.883681 0
1726916238850 1.42657 0
1726916238993 1.282424 0
