1727090480184 0.0 0
1727090480291 10.0 0
1727090480403 20.0 0
1727090480592 30.0 0
1727090480723 40.0 0
1727090480833 50.0 0
1727090481327 0.0 0
1727090481422 10.0 0
1727090481523 20.0 0
1727090481623 30.0 0
1727090481725 40.0 0
1727090481818 50.0 0
1727090482217 0.0 0
1727090482312 10.0 0
1727090482404 20.0 0
1727090482498 30.0 0
1727090482597 40.0 0
1727090482690 50.0 0
1727090483081 0.0 0
1727090483174 10.0 0
1727090483263 20.0 0
1727090483353 30.0 0
1727090483450 40.0 0
1727090483542 50.0 0
1727090483939 0.0 0
1727090484034 10.0 0
1727090484129 20.0 0
1727090484221 30.0 0
1727090484311 40.0 0
1727090484404 50.0 0
1727090484795 0.0 0
1727090484889 10.0 0
1727090484980 20.0 0
1727090485076 30.0 0
1727090485176 40.0 0
1727090485266 50.0 0
1727090485659 0.0 0
1727090485754 10.0 0
1727090485843 20.0 0
1727090485934 30.0 0
1727090486023 40.0 0
1727090486114 50.0 0
1727090486512 0.0 0
1727090486606 10.0 0
1727090486698 20.0 0
1727090486790 30.0 0
1727090486880 40.0 0
1727090486972 50.0 0
1727090487368 0.0 0
1727090487463 10.0 0
1727090487553 20.0 0
1727090487648 30.0 0
1727090487741 40.0 0
1727090487830 50.0 0
1727090488217 0.0 0
1727090488312 10.0 0
1727090488402 20.0 0
1727090488494 30.0 0
1727090488586 40.0 0
1727090488676 50.0 0
