1726856618924 2.929292 0
1726856619080 0.731533 0
1726856619237 0.91815 0
1726856619386 0.163352 0
1726856619529 0.249305 0
1726856619674 0.203132 0
1726856619822 1.378515 0
1726856619972 1.090118 0
1726856620119 1.700116 0
1726856620269 0.387271 0
1726856621859 1.635003 0
1726856622027 0.401702 0
1726856622196 0.772437 0
1726856622355 0.108216 0
1726856622510 0.245822 0
1726856622659 0.193929 0
1726856622809 1.082526 0
1726856622954 1.111397 0
1726856623096 1.650199 0
1726856623239 0.284953 0
1726856624666 0.79135 0
1726856624843 0.35363 0
1726856625016 0.696669 0
1726856625175 0.086901 0
1726856625327 0.194814 0
1726856625474 0.286402 0
1726856625621 0.906872 0
1726856625770 1.352122 0
1726856625924 1.73506 0
1726856626079 0.2933 0
1726856627515 1.775495 0
1726856627702 0.367551 0
1726856627883 0.696319 0
1726856628065 0.091636 0
1726856628247 0.25247 0
1726856628433 0.304583 0
1726856628605 1.029832 0
1726856628772 1.209882 0
1726856628936 1.776933 0
1726856629101 0.294118 0
1726856630632 1.025659 0
1726856630810 0.398259 0
1726856630975 0.778929 0
1726856631129 0.125643 0
1726856631279 0.220066 0
1726856631428 0.203616 0
1726856631575 0.991654 0
1726856631723 1.160662 0
1726856631868 1.680086 0
1726856632012 0.322584 0
1726856633503 0.794501 0
1726856633682 0.362506 0
1726856633852 0.669217 0
1726856634015 0.077656 0
1726856634179 0.205726 0
1726856634345 0.197305 0
1726856634505 0.911363 0
1726856634666 1.0556 0
1726856634828 1.678527 0
1726856634990 0.290645 0
1726856636462 0.805113 0
1726856636650 0.376625 0
1726856636829 0.669006 0
1726856636996 0.082281 0
1726856637200 0.199699 0
1726856637370 0.199194 0
1726856637530 0.880523 0
1726856637684 0.953593 0
1726856637833 1.673974 0
1726856637985 0.281227 0
1726856639467 0.818502 0
1726856639655 0.369743 0
1726856639826 0.662165 0
1726856639976 0.080336 0
1726856640119 0.193689 0
1726856640261 0.200111 0
1726856640408 0.86642 0
1726856640555 0.981611 0
1726856640699 1.674009 0
1726856640848 0.280259 0
