1726754112641 0.0 0
1726754112737 10.0 0
1726754112829 20.0 0
1726754112920 30.0 0
1726754113009 40.0 0
1726754113100 50.0 0
1726754113191 60.0 0
1726754113286 70.0 0
1726754113384 80.0 0
1726754113479 90.0 0
1726754113572 100.0 1
1726754113663 110.0 1
1726754113758 120.0 1
1726754113848 130.0 1
1726754113942 140.0 1
1726754114034 150.0 1
1726754114125 160.0 1
1726754114972 0.0 0
1726754115072 10.0 0
1726754115167 20.0 0
1726754115259 30.0 0
1726754115347 40.0 0
1726754115446 50.0 0
1726754115538 60.0 0
1726754115629 70.0 0
1726754115720 80.0 0
1726754115813 90.0 0
1726754115906 100.0 2
1726754115998 110.0 2
1726754116094 120.0 2
1726754116186 130.0 2
1726754116278 140.0 2
1726754116371 150.0 2
1726754116463 160.0 2
1726754117316 0.0 0
1726754117416 10.0 0
1726754117514 20.0 0
1726754117606 30.0 0
1726754117697 40.0 0
1726754117793 50.0 0
1726754117887 60.0 0
1726754117977 70.0 0
1726754118072 80.0 0
1726754118164 90.0 0
1726754118256 100.0 3
1726754118350 110.0 3
1726754118446 120.0 3
1726754118538 130.0 3
1726754118630 140.0 3
1726754118721 150.0 3
1726754118813 160.0 3
1726754119694 0.0 0
1726754119796 10.0 0
1726754119891 20.0 0
1726754119982 30.0 0
1726754120075 40.0 0
1726754120165 50.0 0
1726754120255 60.0 0
1726754120348 70.0 0
1726754120439 80.0 0
1726754120535 90.0 0
1726754120625 100.0 4
1726754120714 110.0 4
1726754120804 120.0 4
1726754120898 130.0 4
1726754120988 140.0 4
1726754121083 150.0 4
1726754121174 160.0 4
1726754122089 0.0 0
1726754122195 10.0 0
1726754122288 20.0 0
1726754122379 30.0 0
1726754122471 40.0 0
1726754122561 50.0 0
1726754122650 60.0 0
1726754122741 70.0 0
1726754122829 80.0 0
1726754122921 90.0 0
1726754123013 100.0 5
1726754123106 110.0 5
1726754123195 120.0 5
1726754123285 130.0 5
1726754123373 140.0 5
1726754123465 150.0 5
1726754123563 160.0 5
1726754124433 0.0 0
1726754124535 10.0 0
1726754124629 20.0 0
1726754124722 30.0 0
1726754124813 40.0 0
1726754124904 50.0 0
1726754124996 60.0 0
1726754125089 70.0 0
1726754125179 80.0 0
1726754125268 90.0 0
1726754125356 100.0 6
1726754125445 110.0 6
1726754125534 120.0 6
1726754125632 130.0 6
1726754125725 140.0 6
1726754125814 150.0 6
1726754125908 160.0 6
1726754126793 0.0 0
1726754126891 10.0 0
1726754126981 20.0 0
1726754127072 30.0 0
1726754127163 40.0 0
1726754127254 50.0 0
1726754127346 60.0 0
1726754127439 70.0 0
1726754127529 80.0 0
1726754127620 90.0 0
1726754127719 100.0 7
1726754127809 110.0 7
1726754127899 120.0 7
1726754127988 130.0 7
1726754128079 140.0 7
1726754128170 150.0 7
1726754128265 160.0 7
1726754129122 0.0 0
1726754129222 10.0 0
1726754129315 20.0 0
1726754129411 30.0 0
1726754129502 40.0 0
1726754129593 50.0 0
1726754129688 60.0 0
1726754129783 70.0 0
1726754129874 80.0 0
1726754129963 90.0 0
1726754130057 100.0 8
1726754130147 110.0 8
1726754130239 120.0 8
1726754130329 130.0 8
1726754130421 140.0 8
1726754130512 150.0 8
1726754130602 160.0 8
1726754131499 0.0 0
1726754131604 10.0 0
1726754131698 20.0 0
1726754131796 30.0 0
1726754131891 40.0 0
1726754131983 50.0 0
1726754132077 60.0 0
1726754132169 70.0 0
1726754132263 80.0 0
1726754132361 90.0 0
1726754132460 100.0 9
1726754132555 110.0 9
1726754132647 120.0 9
1726754132739 130.0 9
1726754132833 140.0 9
1726754132925 150.0 9
1726754133015 160.0 9
