1726765519094 40.195927 0
1726765519209 1.533556 0
1726765519323 5.343781 0
1726765519437 0.611068 0
1726765519552 2.740287 0
1726765519666 3.67938 0
1726765519781 2.952798 0
1726765519895 4.062721 0
1726765520010 0.944381 0
1726765520125 47.416676 0
1726765520892 4.300505 0
1726765521007 4.234887 0
1726765521122 1.464849 0
1726765521237 0.623963 0
1726765521351 5.072684 0
1726765521465 3.021389 0
1726765521580 3.405739 0
1726765521695 8.647679 0
1726765521809 1.016074 0
1726765521925 3.088808 0
1726765522677 11.635714 0
1726765522792 7.227661 0
1726765522906 3.268506 0
1726765523020 1.067894 0
1726765523135 8.620974 0
1726765523252 1.152801 0
1726765523366 1.759966 0
1726765523481 62.142056 0
1726765523595 0.711349 0
1726765523710 2.684022 0
1726765524462 14.181618 0
1726765524576 3.085457 0
1726765524691 3.354309 0
1726765524805 1.010253 0
1726765524920 3.473713 0
1726765525035 1.593735 0
1726765525150 5.675716 0
1726765525266 3.878978 0
1726765525381 0.843083 0
1726765525496 1.218253 0
