1726852823625 0.482217 0
1726852823814 0.220827 0
1726852823977 1.240272 0
1726852824137 1.448409 0
1726852824286 1.022722 0
1726852824430 0.991978 0
1726852824571 0.278566 0
1726852824716 0.460504 0
1726852824855 0.304554 0
1726852824993 0.100307 0
1726852825132 0.320685 1
1726852826875 0.811772 0
1726852827063 0.161168 0
1726852827236 0.621934 0
1726852827393 1.124337 0
1726852827541 0.653514 0
1726852827683 0.757491 0
1726852827825 0.272826 0
1726852827968 0.365863 0
1726852828110 0.202386 0
1726852828252 0.200192 0
1726852828388 0.307226 2
1726852829936 0.193767 0
1726852830123 0.205168 0
1726852830292 0.643492 0
1726852830447 0.966825 0
1726852830592 0.657584 0
1726852830735 0.841956 0
1726852830872 0.313932 0
1726852831007 0.365843 0
1726852831143 0.249058 0
1726852831278 0.300347 0
1726852831413 0.302476 3
1726852833039 0.095627 0
1726852833226 0.158751 0
1726852833401 0.536868 0
1726852833557 1.097494 0
1726852833705 0.696872 0
1726852833846 1.055369 0
1726852833986 0.280807 0
1726852834130 0.358643 0
1726852834275 0.229865 0
1726852834422 0.101883 0
1726852834566 0.313233 4
1726852836071 0.101102 0
1726852836252 0.12744 0
1726852836407 0.598092 0
1726852836551 1.001158 0
1726852836692 0.608881 0
1726852836833 0.797447 0
1726852836970 0.286494 0
1726852837109 0.261836 0
1726852837246 0.184428 0
1726852837382 0.077857 0
1726852837520 0.276938 5
1726852838953 0.066226 0
1726852839143 0.122812 0
1726852839318 0.508314 0
1726852839469 0.975899 0
1726852839611 0.605066 0
1726852839749 0.752324 0
1726852839887 0.285629 0
1726852840019 0.271111 0
1726852840152 0.171051 0
1726852840284 0.077267 0
1726852840416 0.282804 6
1726852841857 0.077278 0
1726852842035 0.122077 0
1726852842196 0.522644 0
1726852842354 0.888869 0
1726852842506 0.61781 0
1726852842656 0.690186 0
1726852842802 0.304397 0
1726852842946 0.264922 0
1726852843085 0.163482 0
1726852843219 0.083821 0
1726852843350 0.280257 7
1726852844686 0.069013 0
1726852844866 0.117594 0
1726852845028 0.524862 0
1726852845176 0.925623 0
1726852845316 0.615048 0
1726852845453 0.655689 0
1726852845586 0.282281 0
1726852845717 0.251694 0
1726852845849 0.165274 0
1726852845983 0.084426 0
1726852846120 0.271199 8
