1727103811024 0.319788 0
1727103811259 0.236614 0
1727103811496 0.029273 0
1727103811732 0.044424 0
1727103811969 0.107291 0
1727103812207 0.111256 0
1727103812443 0.102988 0
1727103812681 0.169851 0
1727103812918 0.020475 0
1727103813155 0.44516 0
1727103813390 0.218214 1
1727103813625 0.37681 1
1727103813859 0.159557 1
1727103814092 0.127722 1
1727103814325 0.049918 1
1727103814558 0.032543 1
1727103814796 0.021824 1
1727103815030 0.355675 1
1727103815265 1.046681 1
1727103815500 0.046941 1
1727103815735 0.629742 2
1727103815968 0.149302 2
1727103816202 0.097737 2
1727103816438 0.336111 2
1727103816675 0.127139 2
1727103816929 2.189831 2
1727103819608 0.202414 0
1727103819844 0.349104 0
1727103820080 0.100401 0
1727103820314 0.302575 0
1727103820551 0.201475 0
1727103820789 0.27237 0
1727103821024 0.115007 0
1727103821261 0.133659 0
1727103821497 0.032981 0
1727103821733 0.239063 0
1727103821969 0.233014 2
1727103822204 0.379273 2
1727103822440 0.213481 2
1727103822673 0.104082 2
1727103822908 0.020582 2
1727103823144 0.065389 2
1727103823380 0.04316 2
1727103823614 0.376537 2
1727103823848 1.284329 2
1727103824082 0.190762 2
1727103824317 0.623769 4
1727103824551 0.104529 4
1727103824788 0.084942 4
1727103825023 0.552777 4
1727103825257 0.471767 4
1727103825490 1.728301 4
1727103828227 0.529451 0
1727103828464 0.138183 0
1727103828701 0.120029 0
1727103828936 0.021989 0
1727103829171 0.150126 0
1727103829407 0.11887 0
1727103829643 0.067513 0
1727103829879 0.202821 0
1727103830114 0.024279 0
1727103830348 0.3314 0
1727103830583 0.181208 3
1727103830817 0.361929 3
1727103831053 0.312122 3
1727103831289 0.4859 3
1727103831524 0.031823 3
1727103831757 0.082667 3
1727103831992 0.074251 3
1727103832228 0.3142 3
1727103832464 1.819194 3
1727103832700 0.131762 3
1727103832936 0.83882 6
1727103833172 0.112895 6
1727103833406 0.088254 6
1727103833643 0.204456 6
1727103833881 0.042347 6
1727103834114 2.078213 6
1727103836828 1.838691 0
1727103837065 0.224819 0
1727103837303 0.118274 0
1727103837540 0.137545 0
1727103837777 0.185473 0
1727103838012 0.16782 0
1727103838247 0.14086 0
1727103838481 0.094914 0
1727103838717 0.098536 0
1727103838952 0.845878 0
1727103839187 0.290508 4
1727103839421 0.573157 4
1727103839657 0.734617 4
1727103839893 0.357169 4
1727103840130 0.264789 4
1727103840366 0.217441 4
1727103840605 0.079065 4
1727103840840 0.324704 4
1727103841076 1.451406 4
1727103841314 0.157958 4
1727103841552 0.90917 8
1727103841787 0.206078 8
1727103842023 0.093967 8
1727103842257 0.176751 8
1727103842493 0.100925 8
1727103842726 1.951567 8
1727103845536 0.141583 0
1727103845773 0.304737 0
1727103846009 0.238393 0
1727103846246 0.153413 0
1727103846481 0.108583 0
1727103846716 0.149855 0
1727103846950 0.175027 0
1727103847189 0.187401 0
1727103847423 0.062019 0
1727103847658 0.930534 0
1727103847891 0.07848 5
1727103848125 0.644623 5
1727103848359 0.810344 5
1727103848596 0.231494 5
1727103848830 0.220893 5
1727103849065 0.122066 5
1727103849303 0.076172 5
1727103849538 0.283607 5
1727103849772 1.727506 5
1727103850007 0.113605 5
1727103850243 0.8031 10
1727103850480 0.198707 10
1727103850715 0.109472 10
1727103850949 0.051281 10
1727103851185 0.06889 10
1727103851418 1.834039 10
1727103854193 0.177103 0
1727103854430 0.227222 0
1727103854663 0.087119 0
1727103854900 0.082145 0
1727103855135 0.182817 0
1727103855370 0.185975 0
1727103855607 0.143567 0
1727103855843 0.175778 0
1727103856079 0.066671 0
1727103856316 0.752312 0
1727103856553 0.276955 6
1727103856791 0.473577 6
1727103857031 0.307249 6
1727103857267 0.396523 6
1727103857505 0.185316 6
1727103857743 0.085434 6
1727103857980 0.120489 6
1727103858217 0.321777 6
1727103858455 1.24347 6
1727103858690 0.193287 6
1727103858926 0.712988 12
1727103859163 0.17314 12
1727103859398 0.114284 12
1727103859634 0.116983 12
1727103859868 0.130111 12
1727103860102 1.922147 12
1727103862827 0.199626 0
1727103863062 0.285597 0
1727103863297 0.097052 0
1727103863530 0.034062 0
1727103863765 0.186988 0
1727103864001 0.138306 0
1727103864237 0.068011 0
1727103864473 0.18564 0
1727103864707 0.058346 0
1727103864942 0.563149 0
1727103865178 0.254027 7
1727103865413 0.34362 7
1727103865651 0.26414 7
1727103865886 0.264958 7
1727103866124 0.128597 7
1727103866360 0.059099 7
1727103866596 0.068812 7
1727103866831 0.467712 7
1727103867066 1.323538 7
1727103867301 0.359754 7
1727103867536 0.417955 14
1727103867771 0.179368 14
1727103868007 0.105464 14
1727103868243 0.473794 14
1727103868480 0.292339 14
1727103868711 1.50727 14
1727103871418 0.297735 0
1727103871656 0.137248 0
1727103871893 0.144605 0
1727103872134 0.061754 0
1727103872370 0.093595 0
1727103872606 0.126179 0
1727103872842 0.085737 0
1727103873077 0.171112 0
1727103873313 0.039682 0
1727103873550 0.788844 0
1727103873785 0.171967 8
1727103874020 0.378483 8
1727103874258 0.539303 8
1727103874492 0.315153 8
1727103874729 0.05317 8
1727103874964 0.07374 8
1727103875200 0.054461 8
1727103875436 0.388715 8
1727103875672 1.06435 8
1727103875908 0.178719 8
1727103876142 0.297217 16
1727103876376 0.167904 16
1727103876612 0.132649 16
1727103876849 0.249413 16
1727103877085 0.276103 16
1727103877317 1.189232 16
1727103880065 0.443459 0
1727103880299 0.151899 0
1727103880533 0.052069 0
1727103880769 0.074303 0
1727103881004 0.1675 0
1727103881241 0.131653 0
1727103881475 0.093404 0
1727103881710 0.180196 0
1727103881948 0.038384 0
1727103882183 0.732028 0
1727103882420 0.207007 9
1727103882655 0.310724 9
1727103882890 0.349881 9
1727103883124 0.21007 9
1727103883358 0.03518 9
1727103883592 0.074398 9
1727103883825 0.050572 9
1727103884058 0.36318 9
1727103884294 0.943233 9
1727103884529 0.199079 9
1727103884763 0.380104 18
1727103884998 0.178628 18
1727103885231 0.124246 18
1727103885467 0.288559 18
1727103885705 0.236895 18
1727103885938 1.266262 18
