1726921410303 0.436899 0
1726921410455 0.165516 0
1726921410601 0.171576 0
1726921410749 0.156249 0
1726921410896 0.135079 0
1726921411043 0.091169 0
1726921411191 0.142498 0
1726921411339 0.211885 0
1726921411486 0.940049 0
1726921411634 0.225685 0
1726921411782 0.251206 1
1726921411933 0.491021 1
1726921412084 0.852407 1
1726921412231 0.328873 1
1726921412378 1.158893 1
1726921413689 0.364052 0
1726921413842 0.181613 0
1726921413998 0.125654 0
1726921414146 0.125904 0
1726921414294 0.048224 0
1726921414442 0.09127 0
1726921414588 0.16648 0
1726921414746 0.294659 0
1726921414895 0.385682 0
1726921415042 0.256656 0
1726921415189 0.200117 2
1726921415336 0.494352 2
1726921415483 0.624396 2
1726921415630 0.328468 2
1726921415779 0.833529 2
1726921416906 0.267558 0
1726921417056 0.11951 0
1726921417204 0.119599 0
1726921417351 0.105729 0
1726921417498 0.041471 0
1726921417645 0.118174 0
1726921417792 0.177544 0
1726921417942 0.235463 0
1726921418090 0.50717 0
1726921418238 0.230633 0
1726921418385 0.218274 3
1726921418531 0.491717 3
1726921418678 0.447493 3
1726921418824 0.2834 3
1726921418973 0.656999 3
1726921420105 0.238327 0
1726921420256 0.108887 0
1726921420402 0.10647 0
1726921420549 0.095462 0
1726921420697 0.175056 0
1726921420844 0.132496 0
1726921420992 0.182478 0
1726921421139 0.322443 0
1726921421285 0.369824 0
1726921421432 0.224104 0
1726921421580 0.203514 4
1726921421725 0.424713 4
1726921421874 0.409513 4
1726921422024 0.295922 4
1726921422174 0.584058 4
1726921423294 0.253855 0
1726921423441 0.110722 0
1726921423587 0.119749 0
1726921423735 0.126543 0
1726921423881 0.076813 0
1726921424028 0.120405 0
1726921424178 0.182916 0
1726921424326 0.212909 0
1726921424473 0.363112 0
1726921424621 0.257019 0
1726921424771 0.215818 5
1726921424918 0.413048 5
1726921425066 0.398463 5
1726921425213 0.269736 5
1726921425361 0.529611 5
1726921426497 0.201592 0
1726921426650 0.126538 0
1726921426799 0.122377 0
1726921426946 0.129761 0
1726921427095 0.072202 0
1726921427242 0.07613 0
1726921427389 0.13371 0
1726921427538 0.169457 0
1726921427685 0.466535 0
1726921427831 0.208422 0
1726921427980 0.211942 6
1726921428128 0.417908 6
1726921428280 0.379569 6
1726921428426 0.27409 6
1726921428574 0.537365 6
1726921429702 0.198046 0
1726921429853 0.100329 0
1726921430001 0.104568 0
1726921430149 0.092653 0
1726921430300 0.05135 0
1726921430447 0.086248 0
1726921430593 0.157483 0
1726921430741 0.221761 0
1726921430890 0.3521 0
1726921431038 0.212448 0
1726921431186 0.214656 7
1726921431334 0.398541 7
1726921431482 0.377257 7
1726921431629 0.261549 7
1726921431776 0.476212 7
1726921432910 0.216625 0
1726921433060 0.09811 0
1726921433210 0.099717 0
1726921433361 0.098463 0
1726921433509 0.042067 0
1726921433656 0.073093 0
1726921433803 0.141858 0
1726921433951 0.173802 0
1726921434099 0.388042 0
1726921434247 0.195314 0
1726921434404 0.211235 8
1726921434558 0.395383 8
1726921434714 0.362843 8
1726921434894 0.252936 8
1726921435062 0.456579 8
1726921436208 0.201779 0
1726921436370 0.108508 0
1726921436517 0.099652 0
1726921436664 0.098824 0
1726921436812 0.060369 0
1726921436960 0.081219 0
1726921437109 0.136583 0
1726921437258 0.173742 0
1726921437406 0.368531 0
1726921437553 0.191933 0
1726921437701 0.216088 9
1726921437849 0.387825 9
1726921437997 0.365275 9
1726921438144 0.252815 9
1726921438292 0.452802 9
1726921439431 0.200822 0
1726921439590 0.100848 0
1726921439744 0.095874 0
1726921439892 0.092338 0
1726921440042 0.047492 0
1726921440195 0.071455 0
1726921440345 0.13625 0
1726921440499 0.178961 0
1726921440647 0.356137 0
1726921440798 0.194916 0
1726921440948 0.213193 10
1726921441098 0.381263 10
1726921441246 0.374556 10
1726921441396 0.241682 10
1726921441544 0.43564 10
