1726783445649 1.0 0
1726783445754 1.0 0
1726783445849 1.0 0
1726783445947 1.0 0
1726783446043 1.0 0
1726783446137 1.0 0
1726783446234 1.0 0
1726783446330 1.0 0
1726783446425 1.0 0
1726783446520 1.0 0
1726783446615 1.0 1
1726783446709 1.0 1
1726783447358 1.0 0
1726783447463 1.0 0
1726783447557 1.0 0
1726783447652 1.0 0
1726783447755 1.0 0
1726783447853 1.0 0
1726783447949 1.0 0
1726783448044 1.0 0
1726783448139 1.0 0
1726783448233 1.0 0
1726783448326 1.0 2
1726783448418 1.0 2
1726783449030 1.0 0
1726783449137 1.0 0
1726783449233 1.0 0
1726783449328 1.0 0
1726783449424 1.0 0
1726783449517 1.0 0
1726783449610 1.0 0
1726783449703 1.0 0
1726783449801 1.0 0
1726783449896 1.0 0
1726783449989 1.0 3
1726783450083 1.0 3
1726783450701 1.0 0
1726783450804 1.0 0
1726783450898 1.0 0
1726783450999 1.0 0
1726783451093 1.0 0
1726783451187 1.0 0
1726783451281 1.0 0
1726783451375 1.0 0
1726783451470 1.0 0
1726783451562 1.0 0
1726783451656 1.0 4
1726783451749 1.0 4
