1727121869296 19.608486 0
1727121869404 1.826985 0
1727121869515 2.800175 0
1727121869621 16.789545 0
1727121869732 12.278502 0
1727121869833 20.605818 0
1727121869938 3.340019 0
1727121870043 8.032634 0
1727121870152 1.817206 0
1727121870258 1.26947 0
1727121870366 3.802469 1
1727121870472 1.245889 1
1727121870580 1.478704 1
1727121870686 1.242624 1
1727121870793 1.21382 1
1727121871540 1.268631 0
1727121871651 0.757668 0
1727121871759 3.038664 0
1727121871865 4.733574 0
1727121871971 55.458569 0
1727121872078 117.371178 0
1727121872186 1617.135498 0
1727121872297 4.028603 0
1727121872406 52.384399 0
1727121872522 1.82896 0
1727121872635 3.973708 2
1727121872753 6.136874 2
1727121872873 0.739627 2
1727121872981 0.872677 2
1727121873083 2.018279 2
1727121873747 2.157152 0
1727121873850 0.951344 0
1727121873950 3.106716 0
1727121874049 4.810804 0
1727121874149 5.708911 0
1727121874258 5.046784 0
1727121874358 1.893403 0
1727121874456 2.439243 0
1727121874554 2.020192 0
1727121874651 1.950319 0
1727121874748 7.004815 3
1727121874848 0.828224 3
1727121874948 1.321028 3
1727121875047 0.665721 3
1727121875145 6.043708 3
1727121875783 1.949 0
1727121875882 0.656775 0
1727121875981 1.955704 0
1727121876084 4.881502 0
1727121876195 3.145963 0
1727121876324 156.718704 0
1727121876430 3.559454 0
1727121876529 1.818372 0
1727121876629 4.300645 0
1727121876729 2.351404 0
1727121876826 9.346836 4
1727121876928 2.326939 4
1727121877026 1.838688 4
1727121877124 0.559059 4
1727121877223 1.203458 4
1727121877864 7.035394 0
1727121877965 0.579008 0
1727121878061 1.724959 0
1727121878158 2.659949 0
1727121878255 6.46598 0
1727121878357 8.239851 0
1727121878455 5.820061 0
1727121878555 184.928589 0
1727121878654 1.048855 0
1727121878752 1.609422 0
1727121878849 2.139565 5
1727121878945 2.756943 5
1727121879042 2.333144 5
1727121879140 1.397343 5
1727121879241 1.140573 5
1727121879888 9.195171 0
1727121879988 0.854228 0
1727121880087 2.788826 0
1727121880184 2.211707 0
1727121880279 1.082234 0
1727121880384 7.882586 0
1727121880481 2.097416 0
1727121880580 2.137818 0
1727121880679 1.305188 0
1727121880776 1.17951 0
1727121880875 1.861144 6
1727121880974 3.131081 6
1727121881079 2.767221 6
1727121881178 1.884767 6
1727121881275 19.316551 6
1727121881925 1.45353 0
1727121882032 1.043447 0
1727121882130 2.600332 0
1727121882232 1.944593 0
1727121882331 0.486378 0
1727121882434 3.282059 0
1727121882533 1.54387 0
1727121882651 2.398256 0
1727121882756 10.036264 0
1727121882859 1.419541 0
1727121882959 1.616977 7
1727121883057 1.476915 7
1727121883161 0.796127 7
1727121883259 5.382007 7
1727121883354 0.749404 7
1727121883993 28.640343 0
1727121884092 0.589782 0
1727121884190 4.197886 0
1727121884289 2.126626 0
1727121884388 0.69261 0
1727121884491 3.927346 0
1727121884596 1.34667 0
1727121884697 3.699911 0
1727121884795 1.090025 0
1727121884892 1.613747 0
1727121884988 2.160808 8
1727121885086 1.13675 8
1727121885184 12.824987 8
1727121885286 4.285 8
1727121885385 1.481953 8
1727121886025 2.747755 0
1727121886127 0.523634 0
1727121886230 2.037992 0
1727121886336 11.638432 0
1727121886439 1.432037 0
1727121886547 7.770736 0
1727121886653 2.310195 0
1727121886753 6.923214 0
1727121886851 2.698023 0
1727121886950 1.472636 0
1727121887050 2.399383 9
1727121887148 1.473445 9
1727121887247 1.815506 9
1727121887348 1.422725 9
1727121887451 0.88536 9
1727121888097 2.374018 0
1727121888193 0.572461 0
1727121888291 1.616723 0
1727121888391 6.36538 0
1727121888492 0.188379 0
1727121888589 3.05486 0
1727121888689 1.138766 0
1727121888787 1.677132 0
1727121888889 3.449995 0
1727121888992 5.37611 0
1727121889093 4.238905 10
1727121889188 1.881612 10
1727121889285 0.56259 10
1727121889382 0.474482 10
1727121889479 0.765379 10
