1727127735706 0.0 0
1727127735830 10.0 0
1727127735961 20.0 0
1727127736092 30.0 0
1727127736225 40.0 0
1727127736356 50.0 0
1727127736487 60.0 0
1727127736618 70.0 0
1727127736750 80.0 0
1727127736880 90.0 0
1727127737014 100.0 1
1727127737145 110.0 1
1727127737276 120.0 1
1727127737408 130.0 1
1727127737519 140.0 1
1727127737629 150.0 1
1727127737755 160.0 1
1727127737885 170.0 1
1727127738017 180.0 1
1727127738148 190.0 1
1727127738279 200.0 2
1727127738410 210.0 2
1727127738541 220.0 2
1727127738673 230.0 2
1727127738804 240.0 2
1727127738934 250.0 2
1727127739067 260.0 2
1727127739199 270.0 2
1727127739330 280.0 2
1727127739460 290.0 2
1727127739592 300.0 3
1727127739723 310.0 3
1727127739855 320.0 3
1727127739986 330.0 3
1727127740117 340.0 3
1727127740247 350.0 3
1727127740379 360.0 3
1727127740509 370.0 3
1727127740640 380.0 3
1727127740771 390.0 3
1727127740904 400.0 4
1727127741035 410.0 4
1727127742848 0.0 0
1727127742973 10.0 0
1727127743106 20.0 0
1727127743236 30.0 0
1727127743368 40.0 0
1727127743500 50.0 0
1727127743633 60.0 0
1727127743764 70.0 0
1727127743894 80.0 0
1727127744027 90.0 0
1727127744159 100.0 2
1727127744290 110.0 2
1727127744421 120.0 2
1727127744551 130.0 2
1727127744682 140.0 2
1727127744811 150.0 2
1727127744942 160.0 2
1727127745074 170.0 2
1727127745207 180.0 2
1727127745338 190.0 2
1727127745469 200.0 4
1727127745600 210.0 4
1727127745734 220.0 4
1727127745864 230.0 4
1727127745995 240.0 4
1727127746127 250.0 4
1727127746260 260.0 4
1727127746391 270.0 4
1727127746522 280.0 4
1727127746653 290.0 4
1727127746785 300.0 6
1727127746917 310.0 6
1727127747048 320.0 6
1727127747179 330.0 6
1727127747310 340.0 6
1727127747440 350.0 6
1727127747572 360.0 6
1727127747704 370.0 6
1727127747835 380.0 6
1727127747966 390.0 6
1727127748098 400.0 8
1727127748237 410.0 8
1727127750068 0.0 0
1727127750192 10.0 0
1727127750322 20.0 0
1727127750454 30.0 0
1727127750585 40.0 0
1727127750716 50.0 0
1727127750848 60.0 0
1727127750978 70.0 0
1727127751109 80.0 0
1727127751241 90.0 0
1727127751373 100.0 3
1727127751504 110.0 3
1727127751635 120.0 3
1727127751767 130.0 3
1727127751898 140.0 3
1727127752030 150.0 3
1727127752161 160.0 3
1727127752292 170.0 3
1727127752423 180.0 3
1727127752554 190.0 3
1727127752686 200.0 6
1727127752817 210.0 6
1727127752947 220.0 6
1727127753078 230.0 6
1727127753210 240.0 6
1727127753342 250.0 6
1727127753475 260.0 6
1727127753608 270.0 6
1727127753739 280.0 6
1727127753873 290.0 6
1727127754003 300.0 9
1727127754134 310.0 9
1727127754265 320.0 9
1727127754401 330.0 9
1727127754531 340.0 9
1727127754662 350.0 9
1727127754792 360.0 9
1727127754924 370.0 9
1727127755055 380.0 9
1727127755185 390.0 9
1727127755316 400.0 12
1727127755448 410.0 12
1727127758273 0.0 0
1727127758401 10.0 0
1727127758532 20.0 0
1727127758664 30.0 0
1727127758794 40.0 0
1727127758926 50.0 0
1727127759058 60.0 0
1727127759190 70.0 0
1727127759320 80.0 0
1727127759451 90.0 0
1727127759581 100.0 4
1727127759711 110.0 4
1727127759840 120.0 4
1727127759972 130.0 4
1727127760104 140.0 4
1727127760235 150.0 4
1727127760364 160.0 4
1727127760497 170.0 4
1727127760627 180.0 4
1727127760759 190.0 4
1727127760898 200.0 8
1727127761029 210.0 8
1727127761160 220.0 8
1727127761291 230.0 8
1727127761422 240.0 8
1727127761555 250.0 8
1727127761688 260.0 8
1727127761820 270.0 8
1727127761952 280.0 8
1727127762086 290.0 8
1727127762218 300.0 12
1727127762349 310.0 12
1727127762480 320.0 12
1727127762611 330.0 12
1727127762742 340.0 12
1727127762875 350.0 12
1727127763007 360.0 12
1727127763140 370.0 12
1727127763271 380.0 12
1727127763402 390.0 12
1727127763536 400.0 16
1727127763667 410.0 16
1727127765569 0.0 0
1727127765697 10.0 0
1727127765826 20.0 0
1727127765957 30.0 0
1727127766088 40.0 0
1727127766219 50.0 0
1727127766350 60.0 0
1727127766481 70.0 0
1727127766610 80.0 0
1727127766742 90.0 0
1727127766872 100.0 5
1727127767003 110.0 5
1727127767134 120.0 5
1727127767265 130.0 5
1727127767396 140.0 5
1727127767528 150.0 5
1727127767661 160.0 5
1727127767792 170.0 5
1727127767923 180.0 5
1727127768054 190.0 5
1727127768187 200.0 10
1727127768320 210.0 10
1727127768450 220.0 10
1727127768582 230.0 10
1727127768713 240.0 10
1727127768843 250.0 10
1727127768975 260.0 10
1727127769106 270.0 10
1727127769239 280.0 10
1727127769369 290.0 10
1727127769500 300.0 15
1727127769632 310.0 15
1727127769762 320.0 15
1727127769893 330.0 15
1727127770025 340.0 15
1727127770156 350.0 15
1727127770293 360.0 15
1727127770427 370.0 15
1727127770558 380.0 15
1727127770690 390.0 15
1727127770821 400.0 20
1727127770953 410.0 20
1727127773556 0.0 0
1727127773681 10.0 0
1727127773818 20.0 0
1727127773950 30.0 0
1727127774085 40.0 0
1727127774216 50.0 0
1727127774350 60.0 0
1727127774482 70.0 0
1727127774613 80.0 0
1727127774744 90.0 0
1727127774878 100.0 6
1727127775009 110.0 6
1727127775141 120.0 6
1727127775273 130.0 6
1727127775404 140.0 6
1727127775535 150.0 6
1727127775666 160.0 6
1727127775799 170.0 6
1727127775930 180.0 6
1727127776061 190.0 6
1727127776194 200.0 12
1727127776325 210.0 12
1727127776457 220.0 12
1727127776588 230.0 12
1727127776721 240.0 12
1727127776852 250.0 12
1727127776985 260.0 12
1727127777116 270.0 12
1727127777246 280.0 12
1727127777379 290.0 12
1727127777510 300.0 18
1727127777641 310.0 18
1727127777772 320.0 18
1727127777905 330.0 18
1727127778036 340.0 18
1727127778168 350.0 18
1727127778300 360.0 18
1727127778434 370.0 18
1727127778567 380.0 18
1727127778698 390.0 18
1727127778828 400.0 24
1727127778959 410.0 24
1727127780743 0.0 0
1727127780871 10.0 0
1727127781003 20.0 0
1727127781134 30.0 0
1727127781266 40.0 0
1727127781398 50.0 0
1727127781530 60.0 0
1727127781662 70.0 0
1727127781793 80.0 0
1727127781926 90.0 0
1727127782059 100.0 7
1727127782192 110.0 7
1727127782325 120.0 7
1727127782458 130.0 7
1727127782588 140.0 7
1727127782720 150.0 7
1727127782851 160.0 7
1727127782983 170.0 7
1727127783115 180.0 7
1727127783246 190.0 7
1727127783377 200.0 14
1727127783509 210.0 14
1727127783640 220.0 14
1727127783771 230.0 14
1727127783901 240.0 14
1727127784034 250.0 14
1727127784166 260.0 14
1727127784296 270.0 14
1727127784426 280.0 14
1727127784558 290.0 14
1727127784690 300.0 21
1727127784819 310.0 21
1727127784951 320.0 21
1727127785082 330.0 21
1727127785214 340.0 21
1727127785345 350.0 21
1727127785475 360.0 21
1727127785605 370.0 21
1727127785735 380.0 21
1727127785866 390.0 21
1727127785997 400.0 28
1727127786127 410.0 28
1727127787883 0.0 0
1727127788014 10.0 0
1727127788145 20.0 0
1727127788276 30.0 0
1727127788386 40.0 0
1727127788496 50.0 0
1727127788625 60.0 0
1727127788755 70.0 0
1727127788891 80.0 0
1727127789023 90.0 0
1727127789154 100.0 8
1727127789284 110.0 8
1727127789415 120.0 8
1727127789546 130.0 8
1727127789676 140.0 8
1727127789807 150.0 8
1727127789938 160.0 8
1727127790068 170.0 8
1727127790201 180.0 8
1727127790332 190.0 8
1727127790464 200.0 16
1727127790593 210.0 16
1727127790724 220.0 16
1727127790854 230.0 16
1727127790985 240.0 16
1727127791116 250.0 16
1727127791246 260.0 16
1727127791378 270.0 16
1727127791507 280.0 16
1727127791638 290.0 16
1727127791769 300.0 24
1727127791899 310.0 24
1727127792029 320.0 24
1727127792161 330.0 24
1727127792294 340.0 24
1727127792425 350.0 24
1727127792556 360.0 24
1727127792690 370.0 24
1727127792821 380.0 24
1727127792953 390.0 24
1727127793084 400.0 32
1727127793216 410.0 32
