1727267631771 0.631977 0
1727267631947 0.201838 0
1727267632120 0.076442 0
1727267632288 0.050669 0
1727267632464 0.064912 0
1727267632638 0.079828 0
1727267632810 0.186285 0
1727267633571 0.190286 0
1727267633745 0.197974 0
1727267633925 0.129715 0
1727267634096 0.149079 0
1727267634283 0.056016 0
1727267634478 0.061525 0
1727267634668 0.167955 0
1727267635626 0.052106 0
1727267635813 0.156845 0
1727267635998 0.016353 0
1727267636166 0.117088 0
1727267636365 0.058512 0
1727267636556 0.065556 0
1727267636765 0.170608 0
1727267637538 0.04873 0
1727267637722 0.144706 0
1727267637891 0.09352 0
1727267638060 0.231961 0
1727267638232 0.15049 0
1727267638407 0.063598 0
1727267638582 0.141515 0
1727267639419 0.042042 0
1727267639599 0.159398 0
1727267639783 0.037866 0
1727267639956 0.065888 0
1727267640125 0.060887 0
1727267640296 0.062506 0
1727267640473 0.127256 0
