1727094027825 84.886681 0
1727094027920 18.884869 0
1727094028009 9.45125 0
1727094028098 6.112234 0
1727094028188 4.224246 0
1727094028277 14.937389 0
1727094028365 30.395329 0
1727094028454 6.430263 0
1727094028542 24.884228 0
1727094028630 5.802367 0
1727094028720 4.955354 1
1727094028811 6.654547 1
1727094028903 2.346354 1
1727094028995 2.74411 1
1727094029084 2.997571 1
1727094029174 2.79052 1
1727094029265 3.754348 1
1727094029354 1.919696 1
1727094030005 4.3809 0
1727094030101 2.265583 0
1727094030191 6.973968 0
1727094030280 10.811754 0
1727094030369 1.803852 0
1727094030460 2.239577 0
1727094030552 1.697399 0
1727094030641 2.154085 0
1727094030734 0.9174 0
1727094030827 1.139632 0
1727094030926 2.187133 2
1727094031021 1.67266 2
1727094031112 0.838035 2
1727094031202 1.11041 2
1727094031293 0.705952 2
1727094031385 3.191562 2
1727094031473 2.370177 2
1727094031564 0.872994 2
1727094032219 7.831783 0
1727094032311 2.238494 0
1727094032400 3.368707 0
1727094032492 1.412819 0
1727094032580 3.042107 0
1727094032670 2.361558 0
1727094032759 3.291025 0
1727094032850 7.794765 0
1727094032939 2.86046 0
1727094033034 2.201359 0
1727094033126 9.551851 3
1727094033216 1.631385 3
1727094033307 0.714909 3
1727094033396 1.41468 3
1727094033488 0.604925 3
1727094033579 1.863508 3
1727094033669 2.351764 3
1727094033764 0.701128 3
1727094034604 4.291562 0
1727094034695 7.110611 0
1727094034786 5.100615 0
1727094034877 1.550498 0
1727094034967 5.839881 0
1727094035062 1.82991 0
1727094035152 2.760434 0
1727094035242 1.894017 0
1727094035331 1.599221 0
1727094035420 4.981873 0
1727094035510 1.333469 4
1727094035599 2.122476 4
1727094035688 1.936141 4
1727094035778 0.988509 4
1727094035874 0.570083 4
1727094035964 1.812975 4
1727094036053 1.911571 4
1727094036143 0.55596 4
1727094036787 8.049196 0
1727094036885 9.611611 0
1727094036975 8.752883 0
1727094037065 2.748189 0
1727094037157 2.773499 0
1727094037247 1.99485 0
1727094037339 3.713141 0
1727094037432 1.803708 0
1727094037523 1.421333 0
1727094037612 1.447368 0
1727094037700 1.400231 5
1727094037790 1.772933 5
1727094037883 1.956831 5
1727094037973 0.850564 5
1727094038065 0.944225 5
1727094038153 2.220861 5
1727094038242 1.280727 5
1727094038331 0.456536 5
1727094038989 2.662208 0
1727094039081 3.083397 0
1727094039177 4.809824 0
1727094039267 5.349767 0
1727094039356 3.652269 0
1727094039445 4.179691 0
1727094039533 5.157623 0
1727094039622 2.066715 0
1727094039711 1.631928 0
1727094039800 1.846149 0
1727094039889 1.214753 6
1727094039981 1.634308 6
1727094040068 0.860577 6
1727094040159 0.814624 6
1727094040250 2.252326 6
1727094040340 1.359909 6
1727094040430 1.32841 6
1727094040519 0.46695 6
1727094041165 2.157047 0
1727094041258 1.846957 0
1727094041347 3.168367 0
1727094041438 2.056028 0
1727094041527 1.883399 0
1727094041617 4.742164 0
1727094041706 3.676663 0
1727094041794 2.170041 0
1727094041885 1.858095 0
1727094041979 5.589857 0
1727094042070 1.376964 7
1727094042159 2.843846 7
1727094042250 0.90684 7
1727094042340 0.933015 7
1727094042431 0.728072 7
1727094042521 1.249074 7
1727094042611 1.248468 7
1727094042698 1.471514 7
