1726758855727 0.0 0
1726758855821 10.0 0
1726758855911 20.0 0
1726758856002 30.0 0
1726758856093 40.0 0
1726758856184 50.0 0
1726758856275 60.0 0
1726758856366 70.0 0
1726758856453 80.0 0
1726758856986 0.0 0
1726758857076 10.0 0
1726758857173 20.0 0
1726758857262 30.0 0
1726758857349 40.0 0
1726758857436 50.0 0
1726758857527 60.0 0
1726758857619 70.0 0
1726758857714 80.0 0
1726758858225 0.0 0
1726758858324 10.0 0
1726758858412 20.0 0
1726758858501 30.0 0
1726758858589 40.0 0
1726758858677 50.0 0
1726758858765 60.0 0
1726758858853 70.0 0
1726758858944 80.0 0
1726758859500 0.0 0
1726758859601 10.0 0
1726758859696 20.0 0
1726758859787 30.0 0
1726758859877 40.0 0
1726758859965 50.0 0
1726758860053 60.0 0
1726758860143 70.0 0
1726758860233 80.0 0
1726758860719 0.0 0
1726758860814 10.0 0
1726758860903 20.0 0
1726758860995 30.0 0
1726758861085 40.0 0
1726758861175 50.0 0
1726758861272 60.0 0
1726758861363 70.0 0
1726758861451 80.0 0
1726758861955 0.0 0
1726758862050 10.0 0
1726758862139 20.0 0
1726758862227 30.0 0
1726758862317 40.0 0
1726758862405 50.0 0
1726758862494 60.0 0
1726758862582 70.0 0
1726758862669 80.0 0
1726758863159 0.0 0
1726758863250 10.0 0
1726758863351 20.0 0
1726758863440 30.0 0
1726758863534 40.0 0
1726758863624 50.0 0
1726758863714 60.0 0
1726758863803 70.0 0
1726758863892 80.0 0
1726758864428 0.0 0
1726758864528 10.0 0
1726758864621 20.0 0
1726758864711 30.0 0
1726758864800 40.0 0
1726758864891 50.0 0
1726758864981 60.0 0
1726758865070 70.0 0
1726758865161 80.0 0
1726758865707 0.0 0
1726758865808 10.0 0
1726758865897 20.0 0
1726758865986 30.0 0
1726758866078 40.0 0
1726758866167 50.0 0
1726758866255 60.0 0
1726758866345 70.0 0
1726758866432 80.0 0
1726758866913 0.0 0
1726758867005 10.0 0
1726758867092 20.0 0
1726758867182 30.0 0
1726758867271 40.0 0
1726758867363 50.0 0
1726758867460 60.0 0
1726758867549 70.0 0
1726758867638 80.0 0
