1726907565956 0.876616 0
1726907566112 0.602205 0
1726907566254 0.433241 0
1726907566395 0.407139 0
1726907566535 0.457312 0
1726907566677 0.507277 0
1726907566818 0.569355 0
1726907567457 0.847838 0
1726907567599 0.591005 0
1726907567740 0.346609 0
1726907567880 0.369463 0
1726907568020 0.442358 0
1726907568161 0.492451 0
1726907568301 0.597016 0
1726907568927 0.768151 0
1726907569070 0.59416 0
1726907569211 0.326226 0
1726907569352 0.354544 0
1726907569495 0.436302 0
1726907569638 0.56279 0
1726907569782 0.641031 0
1726907570400 0.665015 0
1726907570542 0.596061 0
1726907570684 0.377328 0
1726907570824 0.380666 0
1726907570964 0.485508 0
1726907571104 0.520027 0
1726907571245 0.61438 0
1726907571877 0.62718 0
1726907572020 0.617773 0
1726907572164 0.386225 0
1726907572305 0.3539 0
1726907572448 0.46209 0
1726907572591 0.535979 0
1726907572733 0.581769 0
1726907573348 0.656843 0
1726907573491 0.66444 0
1726907573636 0.372684 0
1726907573776 0.421987 0
1726907573919 0.454675 0
1726907574060 0.499692 0
1726907574202 0.573312 0
