1727087771369 0.0 0
1727087771516 10.0 0
1727087771651 20.0 0
1727087771785 30.0 0
1727087771920 40.0 0
1727087772058 50.0 0
1727087772191 60.0 0
1727087772326 70.0 0
1727087772460 80.0 0
1727087772604 90.0 0
1727087772748 100.0 1
1727087772887 110.0 1
1727087773024 120.0 1
1727087773160 130.0 1
1727087773292 140.0 1
1727087773425 150.0 1
1727087773559 160.0 1
1727087773694 170.0 1
1727087773831 180.0 1
1727087773966 190.0 1
1727087774106 200.0 2
1727087775501 0.0 0
1727087775651 10.0 0
1727087775789 20.0 0
1727087775924 30.0 0
1727087776059 40.0 0
1727087776197 50.0 0
1727087776335 60.0 0
1727087776472 70.0 0
1727087776605 80.0 0
1727087776743 90.0 0
1727087776888 100.0 2
1727087777026 110.0 2
1727087777169 120.0 2
1727087777312 130.0 2
1727087777451 140.0 2
1727087777591 150.0 2
1727087777728 160.0 2
1727087777871 170.0 2
1727087778010 180.0 2
1727087778150 190.0 2
1727087778294 200.0 4
1727087779717 0.0 0
1727087779861 10.0 0
1727087779998 20.0 0
1727087780136 30.0 0
1727087780273 40.0 0
1727087780408 50.0 0
1727087780542 60.0 0
1727087780676 70.0 0
1727087780810 80.0 0
1727087780943 90.0 0
1727087781078 100.0 3
1727087781225 110.0 3
1727087781369 120.0 3
1727087781511 130.0 3
1727087781645 140.0 3
1727087781787 150.0 3
1727087781926 160.0 3
1727087782067 170.0 3
1727087782211 180.0 3
1727087782356 190.0 3
1727087782501 200.0 6
1727087783950 0.0 0
1727087784100 10.0 0
1727087784238 20.0 0
1727087784376 30.0 0
1727087784516 40.0 0
1727087784653 50.0 0
1727087784790 60.0 0
1727087784923 70.0 0
1727087785060 80.0 0
1727087785195 90.0 0
1727087785337 100.0 4
1727087785475 110.0 4
1727087785610 120.0 4
1727087785746 130.0 4
1727087785888 140.0 4
1727087786028 150.0 4
1727087786166 160.0 4
1727087786303 170.0 4
1727087786439 180.0 4
1727087786574 190.0 4
1727087786707 200.0 8
