1726852521243 61.693893 0
1726852521397 2.005391 0
1726852521556 1.467923 0
1726852521712 1.178199 0
1726852521864 1.073679 0
1726852522011 1.055836 0
1726852522156 3.352725 0
1726852522299 1.233822 0
1726852522437 1.936184 0
1726852522572 3.26053 0
1726852522706 2.194416 1
1726852522840 0.713619 1
1726852522975 0.868078 1
1726852523108 2.859775 1
1726852523245 0.996863 1
1726852523392 2.535236 1
1726852526027 1.700385 0
1726852526189 0.854588 0
1726852526344 1.573845 0
1726852526497 1.452006 0
1726852526646 2.165979 0
1726852526791 4.214371 0
1726852526929 0.929848 0
1726852527112 1.950449 0
1726852527255 5.475046 0
1726852527397 1.381976 0
1726852527538 3.482978 2
1726852527686 0.660477 2
1726852527829 1.392271 2
1726852527975 1.510496 2
1726852528118 0.828834 2
1726852528262 0.826848 2
1726852530980 0.89651 0
1726852531171 0.637653 0
1726852531346 4.014208 0
1726852531511 0.830894 0
1726852531665 0.559435 0
1726852531810 3.077311 0
1726852531951 12.062754 0
1726852532089 1.643537 0
1726852532228 4.5679 0
1726852532369 3.058288 0
1726852532510 3.658131 3
1726852532651 1.316258 3
1726852532789 0.588462 3
1726852532923 1.039026 3
1726852533054 1.231882 3
1726852533187 1.191047 3
1726852535833 1.56987 0
1726852536020 1.214851 0
1726852536194 2.071805 0
1726852536359 0.882328 0
1726852536510 0.624076 0
1726852536656 1.363769 0
1726852536799 0.905644 0
1726852536944 3.660419 0
1726852537092 10.184985 0
1726852537240 16.057539 0
1726852537385 1.979245 4
1726852537529 0.494678 4
1726852537670 0.600978 4
1726852537807 1.181512 4
1726852537945 0.775633 4
1726852538085 1.898188 4
1726852540729 1.088613 0
1726852540915 0.968631 0
1726852541095 3.150963 0
1726852541265 0.618661 0
1726852541425 0.842161 0
1726852541574 0.922128 0
1726852541715 0.726558 0
1726852541856 1.839421 0
1726852541997 2.552215 0
1726852542137 2.880498 0
1726852542278 4.090913 5
1726852542415 0.754655 5
1726852542549 0.573586 5
1726852542683 0.838882 5
1726852542819 0.736654 5
1726852542955 1.147225 5
1726852545700 1.02375 0
1726852545889 3.644586 0
1726852546064 2.476259 0
1726852546229 0.953933 0
1726852546388 0.966596 0
1726852546540 1.131572 0
1726852546687 0.757797 0
1726852546831 0.966471 0
1726852546973 2.722863 0
1726852547114 1.391992 0
1726852547253 7.650373 6
1726852547391 1.026691 6
1726852547527 0.562474 6
1726852547660 1.510779 6
1726852547792 0.985246 6
1726852547924 1.319824 6
1726852550282 0.813234 0
1726852550463 0.803357 0
1726852550622 3.349382 0
1726852550772 0.548961 0
1726852550918 1.931588 0
1726852551063 0.744801 0
1726852551206 0.800172 0
1726852551346 1.197679 0
1726852551484 4.110768 0
1726852551623 3.716479 0
1726852551761 6.976392 7
1726852551902 0.590785 7
1726852552040 0.507671 7
1726852552179 2.30795 7
1726852552317 0.763929 7
1726852552453 0.808971 7
1726852554785 0.793895 0
1726852554970 1.488568 0
1726852555140 1.451095 0
1726852555307 1.319028 0
1726852555462 0.760731 0
1726852555608 0.645031 0
1726852555753 2.067142 0
1726852555892 1.328638 0
1726852556027 3.228499 0
1726852556158 2.912362 0
1726852556289 3.799994 8
1726852556421 0.900882 8
1726852556555 0.476378 8
1726852556692 0.847352 8
1726852556830 0.738842 8
1726852556970 1.692416 8
1726852559801 0.841872 0
1726852559991 7.941347 0
1726852560164 2.114096 0
1726852560334 1.262234 0
1726852560498 0.730374 0
1726852560654 0.909179 0
1726852560805 0.634655 0
1726852560953 0.812954 0
1726852561099 2.048599 0
1726852561248 3.664515 0
1726852561400 2.963173 9
1726852561551 0.625204 9
1726852561705 0.427079 9
1726852561857 1.465905 9
1726852561999 0.915867 9
1726852562142 1.51701 9
