1727094316952 0.0 0
1727094317074 10.0 0
1727094317187 20.0 0
1727094317299 30.0 0
1727094317416 40.0 0
1727094317533 50.0 0
1727094317654 60.0 0
1727094317769 70.0 0
1727094317886 80.0 0
1727094318000 90.0 0
1727094318114 100.0 1
1727094318229 110.0 1
1727094318344 120.0 1
1727094318459 130.0 1
1727094318574 140.0 1
1727094318690 150.0 1
1727094318811 160.0 1
1727094318931 170.0 1
1727094319049 180.0 1
1727094319164 190.0 1
1727094319279 200.0 2
1727094319393 210.0 2
1727094319512 220.0 2
1727094319632 230.0 2
1727094319746 240.0 2
1727094320800 0.0 0
1727094320918 10.0 0
1727094321030 20.0 0
1727094321144 30.0 0
1727094321265 40.0 0
1727094321381 50.0 0
1727094321496 60.0 0
1727094321610 70.0 0
1727094321728 80.0 0
1727094321841 90.0 0
1727094321960 100.0 2
1727094322077 110.0 2
1727094322190 120.0 2
1727094322306 130.0 2
1727094322419 140.0 2
1727094322543 150.0 2
1727094322658 160.0 2
1727094322773 170.0 2
1727094322902 180.0 2
1727094323018 190.0 2
1727094323133 200.0 4
1727094323249 210.0 4
1727094323363 220.0 4
1727094323479 230.0 4
1727094323591 240.0 4
1727094324607 0.0 0
1727094324723 10.0 0
1727094324838 20.0 0
1727094324957 30.0 0
1727094325074 40.0 0
1727094325193 50.0 0
1727094325308 60.0 0
1727094325423 70.0 0
1727094325536 80.0 0
1727094325655 90.0 0
1727094325775 100.0 3
1727094325889 110.0 3
1727094326004 120.0 3
1727094326122 130.0 3
1727094326238 140.0 3
1727094326351 150.0 3
1727094326466 160.0 3
1727094326579 170.0 3
1727094326694 180.0 3
1727094326809 190.0 3
1727094326930 200.0 6
1727094327047 210.0 6
1727094327163 220.0 6
1727094327281 230.0 6
1727094327396 240.0 6
1727094328426 0.0 0
1727094328542 10.0 0
1727094328658 20.0 0
1727094328775 30.0 0
1727094328891 40.0 0
1727094329011 50.0 0
1727094329126 60.0 0
1727094329243 70.0 0
1727094329358 80.0 0
1727094329475 90.0 0
1727094329590 100.0 4
1727094329704 110.0 4
1727094329820 120.0 4
1727094329938 130.0 4
1727094330054 140.0 4
1727094330168 150.0 4
1727094330284 160.0 4
1727094330400 170.0 4
1727094330513 180.0 4
1727094330629 190.0 4
1727094330744 200.0 8
1727094330857 210.0 8
1727094330975 220.0 8
1727094331121 230.0 8
1727094331241 240.0 8
1727094332265 0.0 0
1727094332379 10.0 0
1727094332493 20.0 0
1727094332607 30.0 0
1727094332725 40.0 0
1727094332845 50.0 0
1727094332959 60.0 0
1727094333080 70.0 0
1727094333201 80.0 0
1727094333315 90.0 0
1727094333436 100.0 5
1727094333550 110.0 5
1727094333666 120.0 5
1727094333780 130.0 5
1727094333894 140.0 5
1727094334009 150.0 5
1727094334129 160.0 5
1727094334246 170.0 5
1727094334363 180.0 5
1727094334477 190.0 5
1727094334590 200.0 10
1727094334703 210.0 10
1727094334817 220.0 10
1727094334932 230.0 10
1727094335047 240.0 10
1727094336067 0.0 0
1727094336183 10.0 0
1727094336300 20.0 0
1727094336416 30.0 0
1727094336534 40.0 0
1727094336651 50.0 0
1727094336766 60.0 0
1727094336879 70.0 0
1727094336994 80.0 0
1727094337109 90.0 0
1727094337228 100.0 6
1727094337342 110.0 6
1727094337458 120.0 6
1727094337571 130.0 6
1727094337687 140.0 6
1727094337803 150.0 6
1727094337920 160.0 6
1727094338040 170.0 6
1727094338158 180.0 6
1727094338274 190.0 6
1727094338390 200.0 12
1727094338505 210.0 12
1727094338620 220.0 12
1727094338736 230.0 12
1727094338850 240.0 12
1727094339884 0.0 0
1727094340005 10.0 0
1727094340127 20.0 0
1727094340243 30.0 0
1727094340358 40.0 0
1727094340473 50.0 0
1727094340593 60.0 0
1727094340708 70.0 0
1727094340824 80.0 0
1727094340939 90.0 0
1727094341055 100.0 7
1727094341174 110.0 7
1727094341291 120.0 7
1727094341406 130.0 7
1727094341523 140.0 7
1727094341639 150.0 7
1727094341751 160.0 7
1727094341868 170.0 7
1727094341984 180.0 7
1727094342104 190.0 7
1727094342220 200.0 14
1727094342334 210.0 14
1727094342448 220.0 14
1727094342565 230.0 14
1727094342678 240.0 14
1727094343709 0.0 0
1727094343823 10.0 0
1727094343935 20.0 0
1727094344047 30.0 0
1727094344164 40.0 0
1727094344277 50.0 0
1727094344389 60.0 0
1727094344501 70.0 0
1727094344617 80.0 0
1727094344730 90.0 0
1727094344843 100.0 8
1727094344956 110.0 8
1727094345072 120.0 8
1727094345185 130.0 8
1727094345297 140.0 8
1727094345413 150.0 8
1727094345527 160.0 8
1727094345642 170.0 8
1727094345759 180.0 8
1727094345879 190.0 8
1727094345991 200.0 16
1727094346105 210.0 16
1727094346222 220.0 16
1727094346337 230.0 16
1727094346452 240.0 16
1727094347465 0.0 0
1727094347581 10.0 0
1727094347696 20.0 0
1727094347810 30.0 0
1727094347925 40.0 0
1727094348038 50.0 0
1727094348155 60.0 0
1727094348273 70.0 0
1727094348392 80.0 0
1727094348506 90.0 0
1727094348622 100.0 9
1727094348735 110.0 9
1727094348848 120.0 9
1727094348963 130.0 9
1727094349084 140.0 9
1727094349200 150.0 9
1727094349314 160.0 9
1727094349435 170.0 9
1727094349550 180.0 9
1727094349669 190.0 9
1727094349784 200.0 18
1727094349901 210.0 18
1727094350018 220.0 18
1727094350139 230.0 18
1727094350259 240.0 18
1727094351262 0.0 0
1727094351384 10.0 0
1727094351502 20.0 0
1727094351618 30.0 0
1727094351733 40.0 0
1727094351847 50.0 0
1727094351967 60.0 0
1727094352086 70.0 0
1727094352200 80.0 0
1727094352320 90.0 0
1727094352433 100.0 10
1727094352553 110.0 10
1727094352666 120.0 10
1727094352784 130.0 10
1727094352906 140.0 10
1727094353020 150.0 10
1727094353137 160.0 10
1727094353254 170.0 10
1727094353369 180.0 10
1727094353489 190.0 10
1727094353605 200.0 20
1727094353724 210.0 20
1727094353840 220.0 20
1727094353955 230.0 20
1727094354073 240.0 20
