1726899254213 0.408752 0
1726899254355 0.22895 0
1726899254495 6.849534 0
1726899254635 0.386846 0
1726899255052 0.355057 0
1726899255195 0.254413 0
1726899255335 6.074421 0
1726899255476 0.412993 0
1726899255878 0.341935 0
1726899256020 0.270716 0
1726899256160 5.376082 0
1726899256298 0.434676 0
1726899256702 0.340859 0
1726899256845 0.280352 0
1726899256986 4.724051 0
1726899257125 0.449816 0
1726899257526 0.332017 0
1726899257668 0.290421 0
1726899257807 4.135778 0
1726899257946 0.448058 0
1726899258349 0.334715 0
1726899258492 0.285543 0
1726899258632 3.733066 0
1726899258773 0.44041 0
1726899259172 0.342008 0
1726899259314 0.284172 0
1726899259454 3.351157 0
1726899259594 0.426314 0
1726899259999 0.334997 0
1726899260140 0.266055 0
1726899260280 3.04978 0
1726899260421 0.400334 0
1726899260823 0.338164 0
1726899260965 0.247721 0
1726899261105 2.76682 0
1726899261244 0.37092 0
1726899261642 0.341592 0
1726899261784 0.239821 0
1726899261924 2.628418 0
1726899262064 0.344433 0
