1726763759156 0.751146 0
1726763759271 0.267333 0
1726763759386 0.257968 0
1726763759500 0.326718 0
1726763759615 0.713871 0
1726763759729 0.45781 0
1726763759843 0.392105 0
1726763759957 0.270104 0
1726763760071 0.492418 0
1726763760186 0.664165 0
1726763760300 1.729873 1
1726763760415 0.407916 1
1726763760529 0.544784 1
1726763760644 1.495582 1
1726763760758 0.376572 1
1726763760872 0.874608 1
1726763760987 0.244748 1
1726763761105 0.213041 1
1726763761221 0.250168 1
1726763761335 0.27069 1
1726763762688 0.313163 0
1726763762803 0.150725 0
1726763762918 0.174899 0
1726763763032 0.190563 0
1726763763146 0.504802 0
1726763763263 0.253762 0
1726763763377 0.338402 0
1726763763492 0.215903 0
1726763763606 0.344919 0
1726763763720 0.47031 0
1726763763833 0.774063 2
1726763763947 0.377583 2
1726763764061 0.392963 2
1726763764176 0.843604 2
1726763764290 0.27922 2
1726763764404 0.481096 2
1726763764518 0.207811 2
1726763764633 0.207636 2
1726763764747 0.19758 2
1726763764861 0.194527 2
1726763766211 0.146938 0
1726763766325 0.166415 0
1726763766439 0.148869 0
1726763766553 0.173447 0
1726763766667 0.407624 0
1726763766782 0.160884 0
1726763766902 0.25543 0
1726763767017 0.241014 0
1726763767131 0.31734 0
1726763767246 0.439564 0
1726763767362 0.599924 3
1726763767476 0.357375 3
1726763767590 0.376981 3
1726763767705 0.663372 3
1726763767819 0.248941 3
1726763767933 0.456187 3
1726763768047 0.19969 3
1726763768161 0.179576 3
1726763768276 0.156386 3
1726763768390 0.167776 3
1726763769740 0.144444 0
1726763769855 0.156237 0
1726763769969 0.137801 0
1726763770084 0.170221 0
1726763770198 0.362181 0
1726763770312 0.139831 0
1726763770426 0.201344 0
1726763770540 0.206606 0
1726763770655 0.29536 0
1726763770769 0.398931 0
1726763770883 0.550589 4
1726763770997 0.348983 4
1726763771111 0.371597 4
1726763771225 0.603347 4
1726763771340 0.245494 4
1726763771455 0.450753 4
1726763771570 0.191286 4
1726763771684 0.169982 4
1726763771798 0.137094 4
1726763771912 0.156659 4
1726763773255 0.146275 0
1726763773370 0.148677 0
1726763773486 0.132693 0
1726763773600 0.166747 0
1726763773715 0.342449 0
1726763773830 0.137354 0
1726763773945 0.183054 0
1726763774059 0.185962 0
1726763774174 0.28218 0
1726763774289 0.373797 0
1726763774403 0.531615 5
1726763774518 0.339078 5
1726763774633 0.363332 5
1726763774747 0.558858 5
1726763774863 0.234702 5
1726763774978 0.453174 5
1726763775092 0.192644 5
1726763775207 0.167069 5
1726763775321 0.127546 5
1726763775436 0.15426 5
1726763776781 0.146435 0
1726763776895 0.148692 0
1726763777009 0.130721 0
1726763777124 0.165097 0
1726763777239 0.331749 0
1726763777353 0.132149 0
1726763777468 0.171063 0
1726763777584 0.174861 0
1726763777699 0.265227 0
1726763777813 0.361827 0
1726763777927 0.527169 6
1726763778041 0.334217 6
1726763778156 0.36966 6
1726763778270 0.525668 6
1726763778384 0.228999 6
1726763778498 0.438824 6
1726763778612 0.189703 6
1726763778727 0.161934 6
1726763778841 0.123565 6
1726763778956 0.148399 6
1726763780309 0.151486 0
1726763780423 0.148153 0
1726763780537 0.128992 0
1726763780653 0.164329 0
1726763780767 0.326364 0
1726763780882 0.129257 0
1726763780996 0.163949 0
1726763781110 0.169172 0
1726763781225 0.253612 0
1726763781339 0.35412 0
1726763781454 0.523219 7
1726763781569 0.330289 7
1726763781685 0.367454 7
1726763781799 0.513101 7
1726763781913 0.224661 7
1726763782027 0.427587 7
1726763782141 0.18731 7
1726763782255 0.158344 7
1726763782370 0.12161 7
1726763782485 0.146534 7
1726763783836 0.146019 0
1726763783950 0.15041 0
1726763784064 0.129058 0
1726763784178 0.16527 0
1726763784293 0.318064 0
1726763784407 0.125648 0
1726763784522 0.155401 0
1726763784637 0.167442 0
1726763784751 0.248112 0
1726763784865 0.348 0
1726763784980 0.522387 8
1726763785094 0.320557 8
1726763785208 0.366504 8
1726763785322 0.495441 8
1726763785436 0.220709 8
1726763785550 0.420017 8
1726763785666 0.186799 8
1726763785781 0.155528 8
1726763785895 0.121353 8
1726763786010 0.14378 8
1726763787411 0.144835 0
1726763787526 0.146643 0
1726763787640 0.126825 0
1726763787756 0.163839 0
1726763787870 0.314904 0
1726763787985 0.124407 0
1726763788099 0.155169 0
1726763788214 0.164618 0
1726763788328 0.239746 0
1726763788442 0.341802 0
1726763788557 0.518928 9
1726763788672 0.315143 9
1726763788786 0.36432 9
1726763788900 0.484971 9
1726763789015 0.217376 9
1726763789130 0.416845 9
1726763789245 0.182681 9
1726763789360 0.154682 9
1726763789475 0.117641 9
1726763789589 0.138129 9
1726763790935 0.144037 0
1726763791049 0.146553 0
1726763791164 0.127171 0
1726763791278 0.16139 0
1726763791393 0.315874 0
1726763791507 0.12572 0
1726763791622 0.151879 0
1726763791736 0.157582 0
1726763791852 0.23255 0
1726763791967 0.338062 0
1726763792085 0.519704 10
1726763792202 0.308737 10
1726763792317 0.357657 10
1726763792431 0.47914 10
1726763792546 0.218859 10
1726763792661 0.408934 10
1726763792775 0.183342 10
1726763792889 0.15377 10
1726763793004 0.114954 10
1726763793118 0.134738 10
