1726751743713 0.0 0
1726751743869 10.0 0
1726751744001 20.0 0
1726751744124 30.0 0
1726751744243 40.0 0
1726751744357 50.0 0
1726751744471 60.0 0
1726751744584 70.0 0
1726751744698 80.0 0
1726751744812 90.0 0
1726751744924 100.0 1
1726751745036 110.0 1
1726751745149 120.0 1
1726751745262 130.0 1
1726751745377 140.0 1
1726751745490 150.0 1
1726751745605 160.0 1
1726751745717 170.0 1
1726751745829 180.0 1
1726751745942 190.0 1
1726751748977 0.0 0
1726751749129 10.0 0
1726751749264 20.0 0
1726751749391 30.0 0
1726751749514 40.0 0
1726751749633 50.0 0
1726751749748 60.0 0
1726751749861 70.0 0
1726751749974 80.0 0
1726751750086 90.0 0
1726751750199 100.0 2
1726751750312 110.0 2
1726751750425 120.0 2
1726751750538 130.0 2
1726751750650 140.0 2
1726751750763 150.0 2
1726751750876 160.0 2
1726751750988 170.0 2
1726751751102 180.0 2
1726751751215 190.0 2
1726751754226 0.0 0
1726751754394 10.0 0
1726751754538 20.0 0
1726751754669 30.0 0
1726751754795 40.0 0
1726751754916 50.0 0
1726751755032 60.0 0
1726751755145 70.0 0
1726751755259 80.0 0
1726751755371 90.0 0
1726751755483 100.0 3
1726751755597 110.0 3
1726751755712 120.0 3
1726751755826 130.0 3
1726751755940 140.0 3
1726751756053 150.0 3
1726751756166 160.0 3
1726751756278 170.0 3
1726751756447 180.0 3
1726751756568 190.0 3
1726751759878 0.0 0
1726751760041 10.0 0
1726751760178 20.0 0
1726751760304 30.0 0
1726751760419 40.0 0
1726751760532 50.0 0
1726751760646 60.0 0
1726751760758 70.0 0
1726751760871 80.0 0
1726751760982 90.0 0
1726751761096 100.0 4
1726751761209 110.0 4
1726751761322 120.0 4
1726751761436 130.0 4
1726751761551 140.0 4
1726751761663 150.0 4
1726751761777 160.0 4
1726751761891 170.0 4
1726751762003 180.0 4
1726751762119 190.0 4
1726751765294 0.0 0
1726751765460 10.0 0
1726751765600 20.0 0
1726751765730 30.0 0
1726751765856 40.0 0
1726751765976 50.0 0
1726751766091 60.0 0
1726751766205 70.0 0
1726751766318 80.0 0
1726751766431 90.0 0
1726751766545 100.0 5
1726751766658 110.0 5
1726751766772 120.0 5
1726751766886 130.0 5
1726751766999 140.0 5
1726751767113 150.0 5
1726751767227 160.0 5
1726751767339 170.0 5
1726751767452 180.0 5
1726751767565 190.0 5
1726751770527 0.0 0
1726751770692 10.0 0
1726751770833 20.0 0
1726751770963 30.0 0
1726751771086 40.0 0
1726751771203 50.0 0
1726751771317 60.0 0
1726751771430 70.0 0
1726751771543 80.0 0
1726751771656 90.0 0
1726751771769 100.0 6
1726751771882 110.0 6
1726751771995 120.0 6
1726751772109 130.0 6
1726751772222 140.0 6
1726751772335 150.0 6
1726751772449 160.0 6
1726751772562 170.0 6
1726751772675 180.0 6
1726751772788 190.0 6
1726751775447 0.0 0
1726751775648 10.0 0
1726751775790 20.0 0
1726751775914 30.0 0
1726751776031 40.0 0
1726751776145 50.0 0
1726751776260 60.0 0
1726751776373 70.0 0
1726751776488 80.0 0
1726751776602 90.0 0
1726751776715 100.0 7
1726751776828 110.0 7
1726751776941 120.0 7
1726751777053 130.0 7
1726751777167 140.0 7
1726751777279 150.0 7
1726751777393 160.0 7
1726751777506 170.0 7
1726751777621 180.0 7
1726751777733 190.0 7
1726751780696 0.0 0
1726751780863 10.0 0
1726751781007 20.0 0
1726751781134 30.0 0
1726751781257 40.0 0
1726751781374 50.0 0
1726751781489 60.0 0
1726751781604 70.0 0
1726751781718 80.0 0
1726751781831 90.0 0
1726751781945 100.0 8
1726751782058 110.0 8
1726751782170 120.0 8
1726751782284 130.0 8
1726751782396 140.0 8
1726751782509 150.0 8
1726751782622 160.0 8
1726751782736 170.0 8
1726751782850 180.0 8
1726751782963 190.0 8
1726751785980 0.0 0
1726751786153 10.0 0
1726751786308 20.0 0
1726751786448 30.0 0
1726751786580 40.0 0
1726751786705 50.0 0
1726751786824 60.0 0
1726751786942 70.0 0
1726751787057 80.0 0
1726751787170 90.0 0
1726751787284 100.0 9
1726751787397 110.0 9
1726751787511 120.0 9
1726751787623 130.0 9
1726751787736 140.0 9
1726751787849 150.0 9
1726751787962 160.0 9
1726751788074 170.0 9
1726751788186 180.0 9
1726751788299 190.0 9
1726751791041 0.0 0
1726751791208 10.0 0
1726751791354 20.0 0
1726751791486 30.0 0
1726751791611 40.0 0
1726751791732 50.0 0
1726751791847 60.0 0
1726751791961 70.0 0
1726751792074 80.0 0
1726751792187 90.0 0
1726751792300 100.0 10
1726751792413 110.0 10
1726751792529 120.0 10
1726751792644 130.0 10
1726751792758 140.0 10
1726751792873 150.0 10
1726751792985 160.0 10
1726751793105 170.0 10
1726751793223 180.0 10
1726751793336 190.0 10
