1726780547341 0.0 0
1726780547437 10.0 0
1726780547530 20.0 0
1726780547625 30.0 0
1726780547719 40.0 0
1726780547813 50.0 0
1726780547907 60.0 0
1726780548000 70.0 0
1726780548096 80.0 0
1726780548189 90.0 0
1726780548283 100.0 1
1726780548380 110.0 1
1726780548479 120.0 1
1726780548585 130.0 1
1726780548686 140.0 1
1726780548786 150.0 1
1726780548882 160.0 1
1726780548979 170.0 1
1726780549075 180.0 1
1726780549182 190.0 1
1726780549280 200.0 2
1726780549377 210.0 2
1726780549478 220.0 2
1726780549577 230.0 2
1726780549677 240.0 2
1726780550968 0.0 0
1726780551072 10.0 0
1726780551175 20.0 0
1726780551274 30.0 0
1726780551369 40.0 0
1726780551465 50.0 0
1726780551561 60.0 0
1726780551656 70.0 0
1726780551750 80.0 0
1726780551846 90.0 0
1726780551940 100.0 2
1726780552035 110.0 2
1726780552129 120.0 2
1726780552226 130.0 2
1726780552325 140.0 2
1726780552424 150.0 2
1726780552518 160.0 2
1726780552613 170.0 2
1726780552707 180.0 2
1726780552803 190.0 2
1726780552897 200.0 4
1726780552991 210.0 4
1726780553086 220.0 4
1726780553182 230.0 4
1726780553286 240.0 4
1726780554542 0.0 0
1726780554640 10.0 0
1726780554743 20.0 0
1726780554838 30.0 0
1726780554931 40.0 0
1726780555022 50.0 0
1726780555118 60.0 0
1726780555214 70.0 0
1726780555320 80.0 0
1726780555416 90.0 0
1726780555510 100.0 3
1726780555604 110.0 3
1726780555697 120.0 3
1726780555791 130.0 3
1726780555886 140.0 3
1726780555980 150.0 3
1726780556073 160.0 3
1726780556167 170.0 3
1726780556261 180.0 3
1726780556359 190.0 3
1726780556458 200.0 6
1726780556555 210.0 6
1726780556650 220.0 6
1726780556749 230.0 6
1726780556846 240.0 6
1726780558155 0.0 0
1726780558262 10.0 0
1726780558356 20.0 0
1726780558452 30.0 0
1726780558547 40.0 0
1726780558643 50.0 0
1726780558737 60.0 0
1726780558833 70.0 0
1726780558927 80.0 0
1726780559022 90.0 0
1726780559117 100.0 4
1726780559225 110.0 4
1726780559324 120.0 4
1726780559429 130.0 4
1726780559527 140.0 4
1726780559624 150.0 4
1726780559722 160.0 4
1726780559821 170.0 4
1726780559916 180.0 4
1726780560012 190.0 4
1726780560108 200.0 8
1726780560205 210.0 8
1726780560299 220.0 8
1726780560393 230.0 8
1726780560487 240.0 8
1726780561766 0.0 0
1726780561872 10.0 0
1726780561968 20.0 0
1726780562063 30.0 0
1726780562159 40.0 0
1726780562254 50.0 0
1726780562348 60.0 0
1726780562444 70.0 0
1726780562539 80.0 0
1726780562634 90.0 0
1726780562729 100.0 5
1726780562825 110.0 5
1726780562920 120.0 5
1726780563016 130.0 5
1726780563114 140.0 5
1726780563210 150.0 5
1726780563310 160.0 5
1726780563409 170.0 5
1726780563514 180.0 5
1726780563609 190.0 5
1726780563705 200.0 10
1726780563799 210.0 10
1726780563894 220.0 10
1726780563988 230.0 10
1726780564081 240.0 10
1726780565365 0.0 0
1726780565459 10.0 0
1726780565563 20.0 0
1726780565659 30.0 0
1726780565756 40.0 0
1726780565851 50.0 0
1726780565946 60.0 0
1726780566043 70.0 0
1726780566141 80.0 0
1726780566238 90.0 0
1726780566333 100.0 6
1726780566428 110.0 6
1726780566522 120.0 6
1726780566617 130.0 6
1726780566710 140.0 6
1726780566806 150.0 6
1726780566900 160.0 6
1726780566993 170.0 6
1726780567088 180.0 6
1726780567181 190.0 6
1726780567274 200.0 12
1726780567369 210.0 12
1726780567463 220.0 12
1726780567562 230.0 12
1726780567660 240.0 12
