1726760143846 49.396389 0
1726760143935 1.247041 0
1726760144024 2.107244 0
1726760144115 0.598876 0
1726760144202 0.70722 0
1726760144296 1.439949 0
1726760144392 1.605289 0
1726760144485 0.433658 0
1726760144574 1.583612 0
1726760144662 3.657035 0
1726760144751 0.20027 1
1726760144839 10.495721 1
1726760144929 0.469575 1
1726760145017 0.719168 1
1726760145107 0.69055 1
1726760145195 0.531785 1
1726760145286 0.30238 1
1726760145377 0.437672 1
1726760145466 2.056283 1
1726760145554 1.047645 1
1726760145644 4.029069 2
1726760145732 7.228468 2
1726760145821 1.857361 2
1726760145908 0.731014 2
1726760145998 0.577226 2
1726760146087 2.288126 2
1726760146177 2.24545 2
1726760146265 2.610714 2
1726760146361 3.966893 2
1726760146451 2.947275 2
1726760146541 3.26114 3
1726760146629 0.662951 3
1726760146717 0.829696 3
1726760146806 0.754217 3
1726760146892 2.423803 3
1726760146981 1.790281 3
1726760147068 1.044265 3
1726760147157 0.843915 3
1726760147244 6.597053 3
1726760147331 1.123922 3
1726760147418 1.939207 4
1726760147507 2.156478 4
1726760147594 1.144116 4
1726760147683 1.795643 4
1726760147770 2.731188 4
1726760147857 2.55284 4
1726760147945 1.331575 4
1726760150318 1.706262 0
1726760150420 0.765328 0
1726760150515 4.206766 0
1726760150608 0.950662 0
1726760150698 0.489697 0
1726760150786 1.458156 0
1726760150874 2.044714 0
1726760150962 0.415986 0
1726760151052 2.506032 0
1726760151139 7.136728 0
1726760151230 0.249846 2
1726760151324 1.248011 2
1726760151414 0.394547 2
1726760151502 10.619175 2
1726760151589 1.22759 2
1726760151676 0.36094 2
1726760151767 0.220958 2
1726760151856 0.378454 2
1726760151943 1.385102 2
1726760152032 1.607417 2
1726760152121 1.401189 4
1726760152211 3.069438 4
1726760152299 1.179949 4
1726760152386 0.671114 4
1726760152480 1.221608 4
1726760152570 1.727582 4
1726760152658 1.156839 4
1726760152744 0.804679 4
1726760152831 4.52626 4
1726760152916 1.060137 4
1726760153003 0.996054 6
1726760153090 1.468435 6
1726760153183 0.700942 6
1726760153271 0.457476 6
1726760153359 1.40381 6
1726760153448 0.666926 6
1726760153536 0.777688 6
1726760153623 1.057918 6
1726760153712 7.937279 6
1726760153799 3.292223 6
1726760153887 2.02922 8
1726760153974 2.436346 8
1726760154061 1.597031 8
1726760154148 1.620874 8
1726760154234 2.210626 8
1726760154321 5.73026 8
1726760154414 0.712873 8
1726760156705 7.095976 0
1726760156806 2.430376 0
1726760156894 1.652918 0
1726760156984 0.47137 0
1726760157073 0.542569 0
1726760157161 2.847111 0
1726760157249 1.447592 0
1726760157336 0.390353 0
1726760157422 3.545704 0
1726760157510 1.748452 0
1726760157598 0.227342 3
1726760157684 1.652751 3
1726760157771 0.338181 3
1726760157858 0.902142 3
1726760157945 0.894014 3
1726760158032 0.573171 3
1726760158118 0.235721 3
1726760158208 0.401856 3
1726760158295 2.05091 3
1726760158384 1.685711 3
1726760158472 0.938765 6
1726760158559 5.743497 6
1726760158659 4.063768 6
1726760158748 0.700573 6
1726760158841 0.787785 6
1726760158930 1.916411 6
1726760159018 1.420711 6
1726760159107 1.61463 6
1726760159195 2.494043 6
1726760159284 0.642184 6
1726760159371 2.325809 9
1726760159464 0.752606 9
1726760159555 0.591178 9
1726760159643 0.52814 9
1726760159732 2.392746 9
1726760159819 2.23859 9
1726760159907 0.867709 9
1726760159996 1.681991 9
1726760160086 6.560607 9
1726760160174 1.986903 9
1726760160262 3.468317 12
1726760160349 2.619761 12
1726760160439 2.730881 12
1726760160527 2.40244 12
1726760160614 2.87512 12
1726760160712 35.788738 12
1726760160802 0.50047 12
1726760163110 2.716182 0
1726760163212 2.028752 0
1726760163301 2.336994 0
1726760163390 0.657351 0
1726760163479 0.511616 0
1726760163565 1.484814 0
1726760163653 7.40188 0
1726760163741 0.36747 0
1726760163828 2.475504 0
1726760163916 2.606465 0
1726760164004 0.378775 4
1726760164092 1.439288 4
1726760164181 0.313477 4
1726760164269 0.772918 4
1726760164357 0.831986 4
1726760164451 0.488474 4
1726760164539 0.359846 4
1726760164629 0.706461 4
1726760164724 2.988553 4
1726760164817 1.480577 4
1726760164905 0.697418 8
1726760164993 0.713281 8
1726760165085 1.626872 8
1726760165177 0.928519 8
1726760165266 0.971545 8
1726760165355 4.566763 8
1726760165443 2.340482 8
1726760165532 1.106915 8
1726760165620 3.552088 8
1726760165709 1.461659 8
1726760165802 0.59694 12
1726760165892 0.802488 12
1726760165980 0.626092 12
1726760166070 0.50921 12
1726760166158 4.026107 12
1726760166247 0.770161 12
1726760166335 0.973685 12
1726760166422 12.358653 12
1726760166512 3.229283 12
1726760166601 1.229673 12
1726760166688 1.39252 16
1726760166782 2.003765 16
1726760166873 1.500422 16
1726760166960 0.968405 16
1726760167053 3.572694 16
1726760167140 2.877549 16
1726760167230 0.59568 16
1726760169504 1.770915 0
1726760169602 1.5356 0
1726760169691 5.779436 0
1726760169782 0.864568 0
1726760169870 1.733976 0
1726760169960 3.05326 0
1726760170050 2.226268 0
1726760170136 0.248742 0
1726760170224 1.601934 0
1726760170311 1.646162 0
1726760170399 0.275198 5
1726760170486 4.002749 5
1726760170581 0.394827 5
1726760170672 1.824065 5
1726760170765 0.951457 5
1726760170859 0.436887 5
1726760170950 0.311397 5
1726760171037 1.811641 5
1726760171125 5.483308 5
1726760171212 1.127905 5
1726760171298 13.760103 10
1726760171388 0.665863 10
1726760171476 1.457961 10
1726760171566 1.532143 10
1726760171656 5.369138 10
1726760171745 2.828707 10
1726760171834 1.813257 10
1726760171922 1.053152 10
1726760172011 3.382681 10
1726760172100 3.033241 10
1726760172188 0.760298 15
1726760172276 0.845437 15
1726760172364 0.682622 15
1726760172452 0.547589 15
1726760172540 2.221331 15
1726760172628 0.773965 15
1726760172716 0.833964 15
1726760172802 6.626359 15
1726760172893 2.815539 15
1726760172985 1.237691 15
1726760173075 2.000865 20
1726760173162 1.981111 20
1726760173255 1.316236 20
1726760173344 0.988589 20
1726760173436 3.365614 20
1726760173526 4.639894 20
1726760173615 0.919188 20
1726760175912 2.406598 0
1726760176017 1.49292 0
1726760176106 2.35874 0
1726760176194 0.991818 0
1726760176283 0.646983 0
1726760176371 3.351205 0
1726760176461 1.861476 0
1726760176550 0.293192 0
1726760176637 1.793868 0
1726760176724 1.390429 0
1726760176812 0.234475 6
1726760176899 1.199658 6
1726760176997 0.352904 6
1726760177089 2.133244 6
1726760177177 5.525972 6
1726760177266 0.406317 6
1726760177357 0.274231 6
1726760177447 1.572349 6
1726760177537 1.85813 6
1726760177626 1.033634 6
1726760177713 1.383498 12
1726760177801 0.690447 12
1726760177889 0.857313 12
1726760177977 1.514182 12
1726760178065 0.764286 12
1726760178152 48.573147 12
1726760178242 6.984991 12
1726760178330 1.009096 12
1726760178418 78.384048 12
1726760178507 53.561172 12
1726760178594 0.628806 18
1726760178682 0.817867 18
1726760178771 0.622321 18
1726760178858 0.5276 18
1726760178945 3.314903 18
1726760179048 0.842794 18
1726760179141 0.772214 18
1726760179231 2.196337 18
1726760179320 1.751429 18
1726760179410 2.684298 18
1726760179498 2.042243 24
1726760179585 3.432925 24
1726760179674 1.221329 24
1726760179762 1.252727 24
1726760179852 2.548439 24
1726760179944 3.176346 24
1726760180032 0.689756 24
1726760182327 2.361981 0
1726760182427 1.116267 0
1726760182517 1.982837 0
1726760182606 2.267491 0
1726760182695 0.723861 0
1726760182784 2.033286 0
1726760182872 1.427788 0
1726760182961 0.283777 0
1726760183049 1.690929 0
1726760183143 1.392314 0
1726760183234 0.232668 7
1726760183324 1.78296 7
1726760183421 0.353184 7
1726760183513 2.364691 7
1726760183602 2.980264 7
1726760183691 0.407115 7
1726760183778 0.264467 7
1726760183870 0.788497 7
1726760183961 2.02624 7
1726760184051 0.989999 7
1726760184139 1.60001 14
1726760184226 0.72609 14
1726760184314 0.947048 14
1726760184401 1.570333 14
1726760184489 0.940954 14
1726760184577 2.037212 14
1726760184668 2.60625 14
1726760184758 1.001801 14
1726760184847 3.140521 14
1726760184935 0.885813 14
1726760185025 0.624585 21
1726760185114 0.734807 21
1726760185213 0.629634 21
1726760185302 0.530366 21
1726760185391 2.122308 21
1726760185478 1.317813 21
1726760185566 0.794501 21
1726760185654 2.064663 21
1726760185743 2.942047 21
1726760185830 1.267618 21
1726760185918 1.731803 28
1726760186007 1.321307 28
1726760186095 1.172926 28
1726760186187 1.03083 28
1726760186276 3.13749 28
1726760186364 3.38626 28
1726760186456 0.697423 28
1726760188754 2.02215 0
1726760188855 1.623512 0
1726760188946 3.61314 0
1726760189038 2.292386 0
1726760189129 0.767915 0
1726760189218 1.843681 0
1726760189315 1.32505 0
1726760189405 0.271854 0
1726760189493 2.222361 0
1726760189582 1.329488 0
1726760189669 0.23007 8
1726760189760 1.337154 8
1726760189852 0.375368 8
1726760189941 1.235038 8
1726760190029 0.875693 8
1726760190117 0.420075 8
1726760190207 0.265279 8
1726760190296 7.59795 8
1726760190385 2.113757 8
1726760190476 1.01659 8
1726760190568 2.543023 16
1726760190659 0.665575 16
1726760190748 1.146331 16
1726760190836 5.436381 16
1726760190924 0.90728 16
1726760191011 10.520873 16
1726760191101 4.859161 16
1726760191192 1.036133 16
1726760191284 229.281952 16
1726760191383 1.070336 16
1726760191471 0.665874 24
1726760191560 0.839442 24
1726760191647 0.758362 24
1726760191737 0.522502 24
1726760191830 2.175032 24
1726760191918 1.342401 24
1726760192009 0.86303 24
1726760192098 644.764404 24
1726760192186 1.791204 24
1726760192283 1.470693 24
1726760192382 1.904116 32
1726760192471 8.073213 32
1726760192560 1.367523 32
1726760192649 0.993932 32
1726760192736 32.006454 32
1726760192825 15.829953 32
1726760192912 0.685548 32
1726760195201 4.668548 0
1726760195298 1.67376 0
1726760195387 2.619957 0
1726760195487 1.210103 0
1726760195577 0.57777 0
1726760195667 4.769036 0
1726760195760 1.58219 0
1726760195850 0.266682 0
1726760195939 1.624687 0
1726760196029 1.406529 0
1726760196116 0.235666 9
1726760196207 2.89585 9
1726760196302 0.350132 9
1726760196392 1.825929 9
1726760196481 0.847678 9
1726760196568 0.421305 9
1726760196657 0.259683 9
1726760196746 1.080331 9
1726760196835 2.017797 9
1726760196922 0.986305 9
1726760197016 2.306008 18
1726760197104 0.709943 18
1726760197193 1.257879 18
1726760197283 1.544363 18
1726760197370 1.430386 18
1726760197463 5.269981 18
1726760197554 5.580023 18
1726760197642 1.088455 18
1726760197730 3.270886 18
1726760197822 11.598242 18
1726760197912 0.633669 27
1726760198001 0.824791 27
1726760198091 0.62294 27
1726760198179 0.506615 27
1726760198268 1.730256 27
1726760198357 3.509551 27
1726760198444 0.691671 27
1726760198533 2.139155 27
1726760198624 1.986666 27
1726760198714 1.593686 27
1726760198803 2.638492 36
1726760198893 1.546613 36
1726760198981 4.449467 36
1726760199070 0.895488 36
1726760199159 3.863851 36
1726760199250 3.290644 36
1726760199338 0.754935 36
1726760201701 5.012866 0
1726760201801 1.791235 0
1726760201892 2.645329 0
1726760201982 1.889591 0
1726760202075 0.633679 0
1726760202168 3.608751 0
1726760202259 3.006682 0
1726760202349 0.255461 0
1726760202438 1.964068 0
1726760202529 1.255878 0
1726760202622 0.248997 10
1726760202714 2.975811 10
1726760202805 0.34722 10
1726760202894 1.298303 10
1726760202983 0.874704 10
1726760203075 0.391777 10
1726760203165 0.264981 10
1726760203253 0.869208 10
1726760203342 2.209259 10
1726760203431 1.022356 10
1726760203519 1.164115 20
1726760203613 0.742419 20
1726760203708 0.847807 20
1726760203799 1.172669 20
1726760203888 0.854206 20
1726760203977 12.507134 20
1726760204069 2.22751 20
1726760204159 1.01615 20
1726760204249 3.752566 20
1726760204337 1.51165 20
1726760204425 0.636012 30
1726760204513 0.978537 30
1726760204601 0.659186 30
1726760204691 0.552134 30
1726760204778 2.023667 30
1726760204869 11.69562 30
1726760204960 0.749912 30
1726760205052 2.988985 30
1726760205142 2.185549 30
1726760205232 1.248744 30
1726760205318 1.572886 40
1726760205409 1.664867 40
1726760205499 1.12125 40
1726760205586 56.72176 40
1726760205683 5.426122 40
1726760205773 4.90623 40
1726760205860 0.729907 40
