1726784672224 0.0 0
1726784672323 10.0 0
1726784672419 20.0 0
1726784672516 30.0 0
1726784672619 40.0 0
1726784672718 50.0 0
1726784672813 60.0 0
1726784672910 70.0 0
1726784673013 80.0 0
1726784673110 90.0 0
1726784673214 100.0 1
1726784673312 110.0 1
1726784673410 120.0 1
1726784673507 130.0 1
1726784673604 140.0 1
1726784673703 150.0 1
1726784673798 160.0 1
1726784673895 170.0 1
1726784673993 180.0 1
1726784674088 190.0 1
1726784674185 200.0 2
1726784674282 210.0 2
1726784674377 220.0 2
1726784674473 230.0 2
1726784674567 240.0 2
1726784674663 250.0 2
1726784674758 260.0 2
1726784674853 270.0 2
1726784674947 280.0 2
1726784675050 290.0 2
1726784675151 300.0 3
1726784675251 310.0 3
1726784675346 320.0 3
1726784675443 330.0 3
1726784675537 340.0 3
1726784675632 350.0 3
1726784675725 360.0 3
1726784675819 370.0 3
1726784675912 380.0 3
1726784676010 390.0 3
1726784678014 0.0 0
1726784678113 10.0 0
1726784678215 20.0 0
1726784678313 30.0 0
1726784678409 40.0 0
1726784678504 50.0 0
1726784678601 60.0 0
1726784678695 70.0 0
1726784678790 80.0 0
1726784678885 90.0 0
1726784678978 100.0 2
1726784679072 110.0 2
1726784679177 120.0 2
1726784679273 130.0 2
1726784679369 140.0 2
1726784679462 150.0 2
1726784679559 160.0 2
1726784679653 170.0 2
1726784679746 180.0 2
1726784679840 190.0 2
1726784679935 200.0 4
1726784680029 210.0 4
1726784680124 220.0 4
1726784680218 230.0 4
1726784680312 240.0 4
1726784680406 250.0 4
1726784680500 260.0 4
1726784680594 270.0 4
1726784680688 280.0 4
1726784680785 290.0 4
1726784680885 300.0 6
1726784680983 310.0 6
1726784681078 320.0 6
1726784681181 330.0 6
1726784681277 340.0 6
1726784681373 350.0 6
1726784681470 360.0 6
1726784681565 370.0 6
1726784681660 380.0 6
1726784681755 390.0 6
1726784683797 0.0 0
1726784683906 10.0 0
1726784684002 20.0 0
1726784684100 30.0 0
1726784684197 40.0 0
1726784684293 50.0 0
1726784684388 60.0 0
1726784684488 70.0 0
1726784684585 80.0 0
1726784684682 90.0 0
1726784684778 100.0 3
1726784684876 110.0 3
1726784684971 120.0 3
1726784685066 130.0 3
1726784685161 140.0 3
1726784685265 150.0 3
1726784685361 160.0 3
1726784685459 170.0 3
1726784685556 180.0 3
1726784685652 190.0 3
1726784685752 200.0 6
1726784685848 210.0 6
1726784685944 220.0 6
1726784686039 230.0 6
1726784686135 240.0 6
1726784686230 250.0 6
1726784686328 260.0 6
1726784686424 270.0 6
1726784686519 280.0 6
1726784686614 290.0 6
1726784686710 300.0 9
1726784686806 310.0 9
1726784686901 320.0 9
1726784687010 330.0 9
1726784687110 340.0 9
1726784687208 350.0 9
1726784687313 360.0 9
1726784687411 370.0 9
1726784687510 380.0 9
1726784687608 390.0 9
1726784689678 0.0 0
1726784689781 10.0 0
1726784689876 20.0 0
1726784689969 30.0 0
1726784690064 40.0 0
1726784690160 50.0 0
1726784690258 60.0 0
1726784690356 70.0 0
1726784690453 80.0 0
1726784690548 90.0 0
1726784690646 100.0 4
1726784690744 110.0 4
1726784690838 120.0 4
1726784690934 130.0 4
1726784691029 140.0 4
1726784691123 150.0 4
1726784691218 160.0 4
1726784691312 170.0 4
1726784691415 180.0 4
1726784691514 190.0 4
1726784691610 200.0 8
1726784691705 210.0 8
1726784691800 220.0 8
1726784691893 230.0 8
1726784691991 240.0 8
1726784692086 250.0 8
1726784692180 260.0 8
1726784692275 270.0 8
1726784692369 280.0 8
1726784692467 290.0 8
1726784692560 300.0 12
1726784692656 310.0 12
1726784692751 320.0 12
1726784692845 330.0 12
1726784692940 340.0 12
1726784693035 350.0 12
1726784693129 360.0 12
1726784693229 370.0 12
1726784693325 380.0 12
1726784693424 390.0 12
1726784695408 0.0 0
1726784695526 10.0 0
1726784695627 20.0 0
1726784695725 30.0 0
1726784695826 40.0 0
1726784695923 50.0 0
1726784696021 60.0 0
1726784696120 70.0 0
1726784696220 80.0 0
1726784696316 90.0 0
1726784696411 100.0 5
1726784696507 110.0 5
1726784696606 120.0 5
1726784696705 130.0 5
1726784696802 140.0 5
1726784696898 150.0 5
1726784696995 160.0 5
1726784697092 170.0 5
1726784697188 180.0 5
1726784697289 190.0 5
1726784697387 200.0 10
1726784697485 210.0 10
1726784697591 220.0 10
1726784697688 230.0 10
1726784697784 240.0 10
1726784697888 250.0 10
1726784697985 260.0 10
1726784698088 270.0 10
1726784698198 280.0 10
1726784698300 290.0 10
1726784698397 300.0 15
1726784698493 310.0 15
1726784698589 320.0 15
1726784698685 330.0 15
1726784698782 340.0 15
1726784698881 350.0 15
1726784699060 360.0 15
1726784699158 370.0 15
1726784699253 380.0 15
1726784699349 390.0 15
1726784701360 0.0 0
1726784701465 10.0 0
1726784701560 20.0 0
1726784701663 30.0 0
1726784701760 40.0 0
1726784701855 50.0 0
1726784701953 60.0 0
1726784702052 70.0 0
1726784702155 80.0 0
1726784702256 90.0 0
1726784702352 100.0 6
1726784702448 110.0 6
1726784702544 120.0 6
1726784702642 130.0 6
1726784702743 140.0 6
1726784702839 150.0 6
1726784702935 160.0 6
1726784703031 170.0 6
1726784703126 180.0 6
1726784703225 190.0 6
1726784703324 200.0 12
1726784703422 210.0 12
1726784703518 220.0 12
1726784703612 230.0 12
1726784703715 240.0 12
1726784703811 250.0 12
1726784703909 260.0 12
1726784704006 270.0 12
1726784704104 280.0 12
1726784704201 290.0 12
1726784704296 300.0 18
1726784704391 310.0 18
1726784704486 320.0 18
1726784704581 330.0 18
1726784704675 340.0 18
1726784704769 350.0 18
1726784704862 360.0 18
1726784704956 370.0 18
1726784705050 380.0 18
1726784705146 390.0 18
1726784707177 0.0 0
1726784707272 10.0 0
1726784707366 20.0 0
1726784707460 30.0 0
1726784707555 40.0 0
1726784707652 50.0 0
1726784707749 60.0 0
1726784707849 70.0 0
1726784707944 80.0 0
1726784708040 90.0 0
1726784708136 100.0 7
1726784708234 110.0 7
1726784708336 120.0 7
1726784708434 130.0 7
1726784708530 140.0 7
1726784708625 150.0 7
1726784708721 160.0 7
1726784708815 170.0 7
1726784708910 180.0 7
1726784709004 190.0 7
1726784709101 200.0 14
1726784709200 210.0 14
1726784709295 220.0 14
1726784709393 230.0 14
1726784709490 240.0 14
1726784709590 250.0 14
1726784709685 260.0 14
1726784709781 270.0 14
1726784709883 280.0 14
1726784709979 290.0 14
1726784710076 300.0 21
1726784710172 310.0 21
1726784710268 320.0 21
1726784710364 330.0 21
1726784710468 340.0 21
1726784710568 350.0 21
1726784710667 360.0 21
1726784710765 370.0 21
1726784710863 380.0 21
1726784710960 390.0 21
1726784712994 0.0 0
1726784713093 10.0 0
1726784713189 20.0 0
1726784713288 30.0 0
1726784713386 40.0 0
1726784713481 50.0 0
1726784713578 60.0 0
1726784713673 70.0 0
1726784713769 80.0 0
1726784713865 90.0 0
1726784713968 100.0 8
1726784714071 110.0 8
1726784714170 120.0 8
1726784714267 130.0 8
1726784714366 140.0 8
1726784714462 150.0 8
1726784714558 160.0 8
1726784714654 170.0 8
1726784714752 180.0 8
1726784714848 190.0 8
1726784714944 200.0 16
1726784715040 210.0 16
1726784715137 220.0 16
1726784715235 230.0 16
1726784715331 240.0 16
1726784715427 250.0 16
1726784715523 260.0 16
1726784715619 270.0 16
1726784715716 280.0 16
1726784715811 290.0 16
1726784715905 300.0 24
1726784716014 310.0 24
1726784716112 320.0 24
1726784716210 330.0 24
1726784716306 340.0 24
1726784716402 350.0 24
1726784716497 360.0 24
1726784716590 370.0 24
1726784716685 380.0 24
1726784716780 390.0 24
1726784718813 0.0 0
1726784718913 10.0 0
1726784719011 20.0 0
1726784719117 30.0 0
1726784719219 40.0 0
1726784719314 50.0 0
1726784719409 60.0 0
1726784719508 70.0 0
1726784719604 80.0 0
1726784719700 90.0 0
1726784719795 100.0 9
1726784719895 110.0 9
1726784719992 120.0 9
1726784720097 130.0 9
1726784720197 140.0 9
1726784720293 150.0 9
1726784720388 160.0 9
1726784720485 170.0 9
1726784720581 180.0 9
1726784720675 190.0 9
1726784720769 200.0 18
1726784720863 210.0 18
1726784720956 220.0 18
1726784721050 230.0 18
1726784721145 240.0 18
1726784721239 250.0 18
1726784721335 260.0 18
1726784721428 270.0 18
1726784721522 280.0 18
1726784721616 290.0 18
1726784721710 300.0 27
1726784721804 310.0 27
1726784721899 320.0 27
1726784721993 330.0 27
1726784722091 340.0 27
1726784722188 350.0 27
1726784722283 360.0 27
1726784722378 370.0 27
1726784722472 380.0 27
1726784722566 390.0 27
1726784724592 0.0 0
1726784724693 10.0 0
1726784724788 20.0 0
1726784724885 30.0 0
1726784724982 40.0 0
1726784725079 50.0 0
1726784725175 60.0 0
1726784725270 70.0 0
1726784725366 80.0 0
1726784725463 90.0 0
1726784725560 100.0 10
1726784725662 110.0 10
1726784725759 120.0 10
1726784725855 130.0 10
1726784725952 140.0 10
1726784726049 150.0 10
1726784726145 160.0 10
1726784726254 170.0 10
1726784726353 180.0 10
1726784726452 190.0 10
1726784726562 200.0 20
1726784726704 210.0 20
1726784726800 220.0 20
1726784726896 230.0 20
1726784726992 240.0 20
1726784727089 250.0 20
1726784727187 260.0 20
1726784727286 270.0 20
1726784727382 280.0 20
1726784727478 290.0 20
1726784727575 300.0 30
1726784727670 310.0 30
1726784727766 320.0 30
1726784727861 330.0 30
1726784727957 340.0 30
1726784728056 350.0 30
1726784728153 360.0 30
1726784728257 370.0 30
1726784728354 380.0 30
1726784728450 390.0 30
