1726796888782 0.0 0
1726796888877 10.0 0
1726796888972 20.0 0
1726796889067 30.0 0
1726796889162 40.0 0
1726796889468 0.0 0
1726796889568 10.0 0
1726796889663 20.0 0
1726796889759 30.0 0
1726796889854 40.0 0
1726796890141 0.0 0
1726796890242 10.0 0
1726796890335 20.0 0
1726796890428 30.0 0
1726796890522 40.0 0
1726796890842 0.0 0
1726796890947 10.0 0
1726796891042 20.0 0
1726796891137 30.0 0
1726796891235 40.0 0
1726796891548 0.0 0
1726796891650 10.0 0
1726796891746 20.0 0
1726796891842 30.0 0
1726796891936 40.0 0
