1726780420214 9.267634 0
1726780420334 4.72305 0
1726780420452 27.721807 0
1726780420570 3.090941 0
1726780420688 4.794872 0
1726780420805 3.593095 0
1726780420923 9.775045 0
1726780421040 6.347369 0
1726780421157 3.159783 0
1726780421275 3.199503 0
1726780422057 2.696041 0
1726780422174 3.273507 0
1726780422291 3.608373 0
1726780422411 1.17093 0
1726780422528 7.72531 0
1726780422646 5.913212 0
1726780422763 3.843895 0
1726780422880 4.093216 0
1726780422997 1.518595 0
1726780423114 1.346236 0
1726780423876 5.184999 0
1726780423993 2.708255 0
1726780424114 1.781493 0
1726780424234 0.740244 0
1726780424351 0.947083 0
1726780424469 6.483823 0
1726780424588 8.663095 0
1726780424706 7.565247 0
1726780424823 1.433285 0
1726780424941 3.824117 0
1726780425705 2.845037 0
1726780425822 4.914089 0
1726780425939 3.349441 0
1726780426056 0.892482 0
1726780426174 1.75737 0
1726780426292 6.661113 0
1726780426409 5.569788 0
1726780426528 16.881378 0
1726780426646 0.78706 0
1726780426763 2.513825 0
1726780427527 1.893579 0
1726780427644 6.998015 0
1726780427763 1.309632 0
1726780427881 0.675711 0
1726780427999 1.035213 0
1726780428117 3.707195 0
1726780428234 3.695515 0
1726780428352 13.599384 0
1726780428471 0.593535 0
1726780428591 1.330334 0
1726780429359 2.715248 0
1726780429476 3.793937 0
1726780429594 1.499931 0
1726780429711 0.960165 0
1726780429828 2.444729 0
1726780429946 24.816109 0
1726780430063 1.974211 0
1726780430181 1.853586 0
1726780430298 0.670097 0
1726780430416 2.135824 0
