1726752772699 1.022074 0
1726752772821 0.659721 0
1726752772925 0.65478 0
1726752773026 0.42971 0
1726752773124 0.517113 0
1726752773224 0.340747 0
1726752773324 0.357108 0
1726752773426 0.348535 0
1726752773533 0.246877 0
1726752773644 0.689696 0
1726752773752 0.271409 1
1726752773854 0.218833 1
1726752773953 0.713323 1
1726752774050 0.195473 1
1726752774146 0.176814 1
1726752774249 0.654004 1
1726752774354 0.578904 1
1726752774460 1.534145 1
1726752774570 1.238016 1
1726752774677 0.71178 1
1726752774782 0.346271 2
1726752774887 0.492339 2
1726752774994 0.534885 2
1726752775097 0.23139 2
1726752775195 0.138258 2
1726752778044 0.615679 0
1726752778188 0.402104 0
1726752778291 0.616598 0
1726752778391 0.299643 0
1726752778490 0.330764 0
1726752778592 0.188136 0
1726752778696 0.175952 0
1726752778807 0.2132 0
1726752778909 0.132492 0
1726752779009 0.789178 0
1726752779108 0.089793 2
1726752779207 0.083857 2
1726752779308 0.72245 2
1726752779409 0.138724 2
1726752779518 0.160166 2
1726752779624 0.397265 2
1726752779738 0.425196 2
1726752779850 0.632917 2
1726752779960 0.784186 2
1726752780066 0.391683 2
1726752780165 0.224093 4
1726752780260 0.519127 4
1726752780356 0.300332 4
1726752780453 0.154681 4
1726752780552 0.137179 4
1726752783444 0.537293 0
1726752783590 0.373024 0
1726752783697 0.618992 0
1726752783799 0.311857 0
1726752783900 0.332761 0
1726752784002 0.18488 0
1726752784105 0.129452 0
1726752784207 0.178421 0
1726752784309 0.120091 0
1726752784413 0.665392 0
1726752784517 0.084682 3
1726752784618 0.084961 3
1726752784722 0.728234 3
1726752784828 0.137319 3
1726752784931 0.154281 3
1726752785034 0.390553 3
1726752785134 0.433164 3
1726752785234 0.555235 3
1726752785338 0.687848 3
1726752785444 0.332581 3
1726752785556 0.212223 6
1726752785668 0.519552 6
1726752785779 0.283881 6
1726752785889 0.148937 6
1726752785993 0.13289 6
1726752788763 0.514501 0
1726752788906 0.368529 0
1726752789010 0.607193 0
1726752789112 0.292948 0
1726752789213 0.329702 0
1726752789313 0.183207 0
1726752789416 0.124578 0
1726752789520 0.181181 0
1726752789627 0.119564 0
1726752789734 0.642686 0
1726752789842 0.081994 4
1726752789954 0.08417 4
1726752790063 0.725921 4
1726752790169 0.134638 4
1726752790272 0.157748 4
1726752790376 0.37471 4
1726752790484 0.434343 4
1726752790597 0.547049 4
1726752790707 0.681705 4
1726752790813 0.319504 4
1726752790916 0.202413 8
1726752791018 0.500954 8
1726752791117 0.271831 8
1726752791218 0.147388 8
1726752791323 0.133417 8
1726752794219 0.503351 0
1726752794336 0.355914 0
1726752794444 0.595033 0
1726752794551 0.294396 0
1726752794658 0.325381 0
1726752794766 0.1854 0
1726752794874 0.124241 0
1726752794980 0.178993 0
1726752795087 0.121231 0
1726752795191 0.626687 0
1726752795294 0.087211 5
1726752795394 0.084697 5
1726752795497 0.723471 5
1726752795601 0.135804 5
1726752795705 0.154121 5
1726752795809 0.36714 5
1726752795909 0.420087 5
1726752796013 0.538031 5
1726752796121 0.676793 5
1726752796227 0.313062 5
1726752796331 0.203225 10
1726752796435 0.503328 10
1726752796541 0.275984 10
1726752796649 0.139798 10
1726752796754 0.134142 10
1726752799577 0.508042 0
1726752799725 0.35132 0
1726752799835 0.608026 0
1726752799934 0.290237 0
1726752800035 0.319808 0
1726752800143 0.186942 0
1726752800249 0.122547 0
1726752800354 0.176186 0
1726752800462 0.119766 0
1726752800566 0.629664 0
1726752800668 0.082773 6
1726752800766 0.079855 6
1726752800862 0.710815 6
1726752800959 0.133306 6
1726752801058 0.155004 6
1726752801157 0.373714 6
1726752801257 0.430604 6
1726752801356 0.531324 6
1726752801458 0.679244 6
1726752801562 0.302521 6
1726752801663 0.21162 12
1726752801762 0.50575 12
1726752801861 0.269584 12
1726752801959 0.135198 12
1726752802061 0.133479 12
1726752804984 0.510567 0
1726752805105 0.356666 0
1726752805214 0.593975 0
1726752805317 0.290342 0
1726752805416 0.327476 0
1726752805516 0.189144 0
1726752805617 0.120493 0
1726752805718 0.175173 0
1726752805824 0.118743 0
1726752805935 0.619775 0
1726752806045 0.082344 7
1726752806147 0.086077 7
1726752806259 0.715599 7
1726752806361 0.132517 7
1726752806466 0.149236 7
1726752806570 0.368584 7
1726752806678 0.430287 7
1726752806788 0.521885 7
1726752806893 0.65761 7
1726752806994 0.301237 7
1726752807092 0.213373 14
1726752807188 0.499321 14
1726752807284 0.274691 14
1726752807383 0.142189 14
1726752807484 0.13112 14
