1726892402981 20.794027 0
1726892403103 4.424371 0
1726892403223 3.46314 0
1726892403561 0.652647 0
1726892403683 2.376075 0
1726892403803 1.626913 0
1726892404127 1.570074 0
1726892404250 1.368856 0
1726892404380 3.368446 0
1726892404722 8.630756 0
1726892404845 2.260092 0
1726892404976 1.258383 0
1726892405302 0.623425 0
1726892405430 4.122135 0
1726892405549 4.240144 0
1726892405838 0.665389 0
1726892405960 3.036494 0
1726892406083 3.688101 0
1726892406397 9.72894 0
1726892406519 0.894913 0
1726892406638 18.279701 0
