1726761171759 0.643275 0
1726761171852 0.55724 0
1726761171943 0.084808 0
1726761172038 0.184851 0
1726761172127 0.300302 0
1726761172215 0.477559 0
1726761172302 0.383493 0
1726761172389 1.148672 0
1726761172485 0.138624 0
1726761172575 0.247147 0
1726761172665 0.237897 1
1726761172755 0.103025 1
1726761172850 0.158358 1
1726761172938 0.520853 1
1726761173027 0.137468 1
1726761173116 0.401633 1
1726761173204 0.846122 1
1726761173292 0.229528 1
1726761173389 0.604087 1
1726761173478 0.33183 1
1726761173566 0.546586 2
1726761173654 0.711506 2
1726761174813 0.339234 0
1726761174904 0.319363 0
1726761174992 0.07435 0
1726761175081 0.129094 0
1726761175173 0.327792 0
1726761175261 0.243085 0
1726761175352 0.337629 0
1726761175450 0.989746 0
1726761175537 0.126736 0
1726761175625 0.140334 0
1726761175711 0.23334 2
1726761175799 0.088249 2
1726761175890 0.121643 2
1726761175980 0.763271 2
1726761176077 0.299992 2
1726761176169 0.360087 2
1726761176259 0.685078 2
1726761176346 0.097697 2
1726761176474 0.689777 2
1726761176562 0.519769 2
1726761176649 0.555181 4
1726761176738 0.820555 4
1726761177921 0.297187 0
1726761178021 0.226639 0
1726761178113 0.08086 0
1726761178203 0.116804 0
1726761178293 0.375746 0
1726761178380 0.250762 0
1726761178468 0.311314 0
1726761178555 1.132141 0
1726761178642 0.104361 0
1726761178729 0.17576 0
1726761178816 0.20281 3
1726761178903 0.207095 3
1726761178997 0.13359 3
1726761179087 0.527737 3
1726761179177 0.134606 3
1726761179266 0.292914 3
1726761179354 0.608015 3
1726761179442 0.217037 3
1726761179543 0.550825 3
1726761179632 0.354046 3
1726761179720 0.443495 6
1726761179809 0.724184 6
1726761180935 0.273413 0
1726761181030 0.235704 0
1726761181121 0.078912 0
1726761181211 0.125046 0
1726761181301 0.340753 0
1726761181389 0.316157 0
1726761181477 0.34838 0
1726761181575 1.181052 0
1726761181664 0.122182 0
1726761181753 0.194104 0
1726761181841 0.1965 4
1726761181933 0.086703 4
1726761182023 0.114866 4
1726761182111 0.50807 4
1726761182201 0.137671 4
1726761182291 0.274048 4
1726761182378 0.659505 4
1726761182470 0.149228 4
1726761182559 0.410371 4
1726761182648 0.378144 4
1726761182736 0.409124 8
1726761182831 0.637847 8
1726761184039 0.266332 0
1726761184140 0.233079 0
1726761184229 0.083101 0
1726761184318 0.150661 0
1726761184407 0.298317 0
1726761184494 0.338608 0
1726761184584 0.336006 0
1726761184673 1.125544 0
1726761184764 0.110748 0
1726761184852 0.171916 0
1726761184941 0.190395 5
1726761185031 0.086855 5
1726761185118 0.118089 5
1726761185207 0.516424 5
1726761185297 0.136366 5
1726761185387 0.266349 5
1726761185475 0.657398 5
1726761185563 0.12179 5
1726761185660 0.413553 5
1726761185751 0.362516 5
1726761185840 0.403405 10
1726761185935 0.75545 10
