1727100978737 0.47858 0
1727100978865 0.259349 0
1727100978990 0.072989 0
1727100979116 0.644609 0
1727100979538 0.859343 0
1727100979674 0.184455 0
1727100979794 0.233724 0
1727100979913 0.51272 0
1727100980280 0.443888 0
1727100980411 0.19599 0
1727100980533 0.058222 0
1727100980657 0.33599 0
1727100981068 0.140903 0
1727100981202 0.176086 0
1727100981334 0.052003 0
1727100981467 0.528068 0
1727100981872 0.093126 0
1727100981995 0.165326 0
1727100982114 0.104058 0
1727100982236 0.365719 0
1727100982609 0.082389 0
1727100982745 0.166988 0
1727100982864 0.080193 0
1727100982988 0.340866 0
1727100983387 0.061091 0
1727100983511 0.192466 0
1727100983630 0.061482 0
1727100983761 0.343489 0
1727100984249 0.054358 0
1727100984379 0.189601 0
1727100984504 0.0698 0
1727100984633 0.397959 0
1727100985032 0.055726 0
1727100985164 0.174108 0
1727100985283 0.461566 0
1727100985403 0.475176 0
1727100985825 0.054238 0
1727100985957 0.209743 0
1727100986076 0.066101 0
1727100986204 0.43414 0
