1726855624488 24.396824 0
1726855624652 1.475472 0
1726855624811 1.467977 0
1726855624960 1.198138 0
1726855625107 0.649249 0
1726855625257 4.270226 0
1726855625404 0.967555 0
1726855625546 4.691292 0
1726855625684 18.456871 0
1726855625820 1.123832 0
1726855625954 1.45995 1
1726855626089 1.584368 1
1726855626227 1.606904 1
1726855626367 0.775381 1
1726855626506 1.638807 1
1726855626677 1.921404 1
1726855629144 2.155149 0
1726855629336 0.429524 0
1726855629505 2.684338 0
1726855629665 0.783601 0
1726855629813 0.563132 0
1726855629956 1.40869 0
1726855630099 1.275465 0
1726855630240 7.196688 0
1726855630380 5.740498 0
1726855630524 1.973247 0
1726855630670 3.592585 2
1726855630813 0.863898 2
1726855630954 1.265674 2
1726855631094 0.897606 2
1726855631236 0.893853 2
1726855631380 1.437412 2
1726855633991 5.001006 0
1726855634184 0.38595 0
1726855634359 36.04808 0
1726855634516 11.575405 0
1726855634661 0.567465 0
1726855634802 1.543926 0
1726855634943 143.634369 0
1726855635084 8.935119 0
1726855635221 26.033558 0
1726855635361 0.808013 0
1726855635505 1.041136 3
1726855635654 4.524728 3
1726855635806 15.184459 3
1726855635954 0.62086 3
1726855636100 0.741566 3
1726855636241 3.905375 3
1726855638690 1.721622 0
1726855638880 3.579809 0
1726855639051 4.458339 0
1726855639206 0.470179 0
1726855639351 0.687235 0
1726855639494 1.637159 0
1726855639639 0.69909 0
1726855639789 2.204521 0
1726855639945 1.138627 0
1726855640097 1.446868 0
1726855640248 3.00008 4
1726855640395 6.204072 4
1726855640539 1.119868 4
1726855640679 4.282621 4
1726855640818 1.635679 4
1726855640955 6.26305 4
1726855643223 2.317554 0
1726855643413 6.446553 0
1726855643587 0.874341 0
1726855643750 0.822628 0
1726855643905 2.088886 0
1726855644053 1.460928 0
1726855644201 1.486097 0
1726855644348 2.491664 0
1726855644491 2.979259 0
1726855644632 0.705464 0
1726855644773 1.181208 5
1726855644917 1.882246 5
1726855645060 1.478309 5
1726855645198 0.569282 5
1726855645333 1.515616 5
1726855645465 1.927867 5
1726855648073 4.957973 0
1726855648267 1.853417 0
1726855648443 1.697052 0
1726855648609 0.608598 0
1726855648767 0.845836 0
1726855648917 1.614775 0
1726855649067 1.475405 0
1726855649215 3.324944 0
1726855649365 10.522185 0
1726855649515 1.07614 0
1726855649673 1.283083 6
1726855649837 1.450545 6
1726855649996 1.351187 6
1726855650147 13.231729 6
1726855650297 1.390012 6
1726855650443 3.278953 6
1726855653090 54.391762 0
1726855653279 0.659931 0
1726855653458 1.131094 0
1726855653630 0.588017 0
1726855653791 0.633762 0
1726855653947 5.821873 0
1726855654098 1.228686 0
1726855654244 3.420307 0
1726855654386 4.730986 0
1726855654527 1.876855 0
1726855654667 32.448643 7
1726855654803 3.21478 7
1726855654940 1.053692 7
1726855655082 0.674546 7
1726855655228 1.852067 7
1726855655369 2.162767 7
1726855657891 4.771355 0
1726855658079 0.759463 0
1726855658258 2.553668 0
1726855658429 1.31948 0
1726855658590 0.711153 0
1726855658743 1.73195 0
1726855658896 1.616825 0
1726855659047 3.840686 0
1726855659198 4.032355 0
1726855659347 1.319588 0
1726855659498 3.208264 8
1726855659653 1.216105 8
1726855659805 1.051661 8
1726855659956 1.72809 8
1726855660107 0.907469 8
1726855660252 2.652778 8
1726855662724 9.633943 0
1726855662913 0.674178 0
1726855663083 1.094053 0
1726855663236 0.855498 0
1726855663379 0.886801 0
1726855663515 1.268072 0
1726855663650 7.523912 0
1726855663787 3.264588 0
1726855663927 3.505134 0
1726855664073 0.877513 0
1726855664219 1.67589 9
1726855664364 1.418494 9
1726855664507 29.207996 9
1726855664651 0.782481 9
1726855664795 2.075397 9
1726855664939 2.254636 9
