1727107004695 0.46789 0
1727107004817 0.231069 0
1727107004953 0.269781 0
1727107005082 0.152574 0
1727107005210 0.220284 0
1727107005342 0.531671 0
1727107005470 0.399572 0
1727107005600 0.327437 0
1727107006094 0.036301 0
1727107006227 0.044151 0
1727107006362 0.161039 0
1727107006496 0.09137 0
1727107006629 0.076868 0
1727107006747 0.491788 0
1727107006879 0.299478 0
1727107007011 0.118953 0
1727107007538 0.212096 0
1727107007670 0.149011 0
1727107007805 0.19263 0
1727107007937 0.092275 0
1727107008070 0.079205 0
1727107008201 0.45502 0
1727107008330 0.274661 0
1727107008462 0.093761 0
1727107008959 0.079099 0
1727107009084 0.071806 0
1727107009215 0.166267 0
1727107009343 0.078425 0
1727107009473 0.092591 0
1727107009602 0.434906 0
1727107009734 0.306808 0
1727107009865 0.065103 0
1727107010368 0.07482 0
1727107010502 0.070971 0
1727107010621 0.157056 0
1727107010754 0.084879 0
1727107010887 0.088747 0
1727107011019 0.401078 0
1727107011150 0.307549 0
1727107011277 0.054076 0
1727107011768 0.053981 0
1727107011902 0.062729 0
1727107012037 0.143581 0
1727107012150 0.083233 0
1727107012277 0.09589 0
1727107012410 0.403677 0
1727107012540 0.297249 0
1727107012670 0.050887 0
1727107013139 0.04506 0
1727107013263 0.062536 0
1727107013384 0.130416 0
1727107013511 0.08828 0
1727107013639 0.082706 0
1727107013770 0.392657 0
1727107013902 0.285246 0
1727107014037 0.049221 0
1727107014537 0.059776 0
1727107014669 0.070334 0
1727107014800 0.151158 0
1727107014929 0.081705 0
1727107015059 0.081726 0
1727107015190 0.402046 0
1727107015320 0.28843 0
1727107015449 0.043293 0
1727107015917 0.054148 0
1727107016041 0.071453 0
1727107016166 0.134869 0
1727107016277 0.079814 0
1727107016401 0.086081 0
1727107016529 0.39758 0
1727107016659 0.258774 0
1727107016776 0.040308 0
1727107017272 0.050937 0
1727107017402 0.068059 0
1727107017529 0.143447 0
1727107017652 0.076265 0
1727107017783 0.078205 0
1727107017914 0.385635 0
1727107018045 0.277887 0
1727107018177 0.047242 0
