1727114752913 0.0 0
1727114753028 10.0 0
1727114753139 20.0 0
1727114753249 30.0 0
1727114753358 40.0 0
1727114753470 50.0 0
1727114753584 60.0 0
1727114753692 70.0 0
1727114753802 80.0 0
1727114753911 90.0 0
1727114754023 100.0 1
1727114754132 110.0 1
1727114754241 120.0 1
1727114754350 130.0 1
1727114754458 140.0 1
1727114754566 150.0 1
1727114754675 160.0 1
1727114754792 170.0 1
1727114754904 180.0 1
1727114755017 190.0 1
1727114755127 200.0 2
1727114755240 210.0 2
1727114755342 220.0 2
1727114755451 230.0 2
1727114755560 240.0 2
1727114755669 250.0 2
1727114755789 260.0 2
1727114755901 270.0 2
1727114756015 280.0 2
1727114756125 290.0 2
1727114756233 300.0 3
1727114756343 310.0 3
1727114756456 320.0 3
1727114756565 330.0 3
1727114756672 340.0 3
1727114756775 350.0 3
1727114756886 360.0 3
1727114756998 370.0 3
1727114757109 380.0 3
1727114757217 390.0 3
1727114757325 400.0 4
1727114757434 410.0 4
1727114757541 420.0 4
1727114757651 430.0 4
1727114757761 440.0 4
1727114757873 450.0 4
1727114757983 460.0 4
1727114758092 470.0 4
1727114758200 480.0 4
1727114758308 490.0 4
1727114758414 500.0 5
1727114758524 510.0 5
1727114758632 520.0 5
1727114758741 530.0 5
1727114758859 540.0 5
1727114760827 0.0 0
1727114760938 10.0 0
1727114761047 20.0 0
1727114761165 30.0 0
1727114761280 40.0 0
1727114761392 50.0 0
1727114761500 60.0 0
1727114761612 70.0 0
1727114761711 80.0 0
1727114761822 90.0 0
1727114761941 100.0 2
1727114762055 110.0 2
1727114762168 120.0 2
1727114762278 130.0 2
1727114762387 140.0 2
1727114762498 150.0 2
1727114762609 160.0 2
1727114762722 170.0 2
1727114762831 180.0 2
1727114762944 190.0 2
1727114763053 200.0 4
1727114763162 210.0 4
1727114763269 220.0 4
1727114763377 230.0 4
1727114763489 240.0 4
1727114763600 250.0 4
1727114763707 260.0 4
1727114763816 270.0 4
1727114763925 280.0 4
1727114764033 290.0 4
1727114764186 300.0 6
1727114764295 310.0 6
1727114764404 320.0 6
1727114764515 330.0 6
1727114764624 340.0 6
1727114764732 350.0 6
1727114764841 360.0 6
1727114764956 370.0 6
1727114765067 380.0 6
1727114765180 390.0 6
1727114765290 400.0 8
1727114765398 410.0 8
1727114765507 420.0 8
1727114765614 430.0 8
1727114765721 440.0 8
1727114765831 450.0 8
1727114765946 460.0 8
1727114766059 470.0 8
1727114766173 480.0 8
1727114766285 490.0 8
1727114766394 500.0 10
1727114766503 510.0 10
1727114766613 520.0 10
1727114766727 530.0 10
1727114766839 540.0 10
1727114768801 0.0 0
1727114768913 10.0 0
1727114769031 20.0 0
1727114769143 30.0 0
1727114769254 40.0 0
1727114769361 50.0 0
1727114769471 60.0 0
1727114769578 70.0 0
1727114769690 80.0 0
1727114769801 90.0 0
1727114769911 100.0 3
1727114770023 110.0 3
1727114770140 120.0 3
1727114770249 130.0 3
1727114770360 140.0 3
1727114770472 150.0 3
1727114770579 160.0 3
1727114770693 170.0 3
1727114770801 180.0 3
1727114770908 190.0 3
1727114771018 200.0 6
1727114771139 210.0 6
1727114771251 220.0 6
1727114771362 230.0 6
1727114771476 240.0 6
1727114771588 250.0 6
1727114771698 260.0 6
1727114771806 270.0 6
1727114771915 280.0 6
1727114772026 290.0 6
1727114772138 300.0 9
1727114772244 310.0 9
1727114772352 320.0 9
1727114772462 330.0 9
1727114772571 340.0 9
1727114772676 350.0 9
1727114772786 360.0 9
1727114772894 370.0 9
1727114773008 380.0 9
1727114773128 390.0 9
1727114773241 400.0 12
1727114773351 410.0 12
1727114773470 420.0 12
1727114773594 430.0 12
1727114773714 440.0 12
1727114773832 450.0 12
1727114773951 460.0 12
1727114774076 470.0 12
1727114774199 480.0 12
1727114774319 490.0 12
1727114774439 500.0 15
1727114774554 510.0 15
1727114774663 520.0 15
1727114774774 530.0 15
1727114774882 540.0 15
1727114776841 0.0 0
1727114776953 10.0 0
1727114777062 20.0 0
1727114777177 30.0 0
1727114777289 40.0 0
1727114777400 50.0 0
1727114777512 60.0 0
1727114777621 70.0 0
1727114777732 80.0 0
1727114777840 90.0 0
1727114777954 100.0 4
1727114778062 110.0 4
1727114778171 120.0 4
1727114778281 130.0 4
1727114778394 140.0 4
1727114778502 150.0 4
1727114778611 160.0 4
1727114778720 170.0 4
1727114778829 180.0 4
1727114778937 190.0 4
1727114779045 200.0 8
1727114779155 210.0 8
1727114779272 220.0 8
1727114779385 230.0 8
1727114779490 240.0 8
1727114779602 250.0 8
1727114779713 260.0 8
1727114779827 270.0 8
1727114779937 280.0 8
1727114780050 290.0 8
1727114780160 300.0 12
1727114780271 310.0 12
1727114780380 320.0 12
1727114780494 330.0 12
1727114780605 340.0 12
1727114780720 350.0 12
1727114780831 360.0 12
1727114780944 370.0 12
1727114781056 380.0 12
1727114781167 390.0 12
1727114781282 400.0 16
1727114781395 410.0 16
1727114781506 420.0 16
1727114781614 430.0 16
1727114781720 440.0 16
1727114781830 450.0 16
1727114781941 460.0 16
1727114782050 470.0 16
1727114782157 480.0 16
1727114782266 490.0 16
1727114782376 500.0 20
1727114782487 510.0 20
1727114782598 520.0 20
1727114782708 530.0 20
1727114782817 540.0 20
1727114784794 0.0 0
1727114784906 10.0 0
1727114785015 20.0 0
1727114785126 30.0 0
1727114785234 40.0 0
1727114785351 50.0 0
1727114785461 60.0 0
1727114785572 70.0 0
1727114785681 80.0 0
1727114785787 90.0 0
1727114785901 100.0 5
1727114786011 110.0 5
1727114786125 120.0 5
1727114786236 130.0 5
1727114786348 140.0 5
1727114786457 150.0 5
1727114786566 160.0 5
1727114786675 170.0 5
1727114786784 180.0 5
1727114786892 190.0 5
1727114787002 200.0 10
1727114787115 210.0 10
1727114787220 220.0 10
1727114787330 230.0 10
1727114787445 240.0 10
1727114787556 250.0 10
1727114787665 260.0 10
1727114787776 270.0 10
1727114787884 280.0 10
1727114787994 290.0 10
1727114788106 300.0 15
1727114788216 310.0 15
1727114788324 320.0 15
1727114788434 330.0 15
1727114788541 340.0 15
1727114788651 350.0 15
1727114788760 360.0 15
1727114788867 370.0 15
1727114788981 380.0 15
1727114789089 390.0 15
1727114789200 400.0 20
1727114789309 410.0 20
1727114789426 420.0 20
1727114789537 430.0 20
1727114789647 440.0 20
1727114789756 450.0 20
1727114789870 460.0 20
1727114789985 470.0 20
1727114790096 480.0 20
1727114790207 490.0 20
1727114790317 500.0 25
1727114790429 510.0 25
1727114790530 520.0 25
1727114790637 530.0 25
1727114790747 540.0 25
1727114792703 0.0 0
1727114792819 10.0 0
1727114792931 20.0 0
1727114793035 30.0 0
1727114793143 40.0 0
1727114793253 50.0 0
1727114793359 60.0 0
1727114793480 70.0 0
1727114793593 80.0 0
1727114793701 90.0 0
1727114793813 100.0 6
1727114793924 110.0 6
1727114794035 120.0 6
1727114794145 130.0 6
1727114794251 140.0 6
1727114794358 150.0 6
1727114794467 160.0 6
1727114794579 170.0 6
1727114794690 180.0 6
1727114794802 190.0 6
1727114794912 200.0 12
1727114795022 210.0 12
1727114795135 220.0 12
1727114795242 230.0 12
1727114795352 240.0 12
1727114795460 250.0 12
1727114795578 260.0 12
1727114795689 270.0 12
1727114795799 280.0 12
1727114795911 290.0 12
1727114796021 300.0 18
1727114796132 310.0 18
1727114796240 320.0 18
1727114796347 330.0 18
1727114796459 340.0 18
1727114796569 350.0 18
1727114796677 360.0 18
1727114796785 370.0 18
1727114796893 380.0 18
1727114797004 390.0 18
1727114797115 400.0 24
1727114797223 410.0 24
1727114797333 420.0 24
1727114797444 430.0 24
1727114797562 440.0 24
1727114797675 450.0 24
1727114797786 460.0 24
1727114797894 470.0 24
1727114798002 480.0 24
1727114798106 490.0 24
1727114798215 500.0 30
1727114798326 510.0 30
1727114798436 520.0 30
1727114798546 530.0 30
1727114798660 540.0 30
1727114800623 0.0 0
1727114800737 10.0 0
1727114800844 20.0 0
1727114800954 30.0 0
1727114801061 40.0 0
1727114801172 50.0 0
1727114801281 60.0 0
1727114801393 70.0 0
1727114801503 80.0 0
1727114801610 90.0 0
1727114801727 100.0 7
1727114801836 110.0 7
1727114801946 120.0 7
1727114802055 130.0 7
1727114802165 140.0 7
1727114802274 150.0 7
1727114802383 160.0 7
1727114802494 170.0 7
1727114802605 180.0 7
1727114802714 190.0 7
1727114802820 200.0 14
1727114802930 210.0 14
1727114803038 220.0 14
1727114803146 230.0 14
1727114803255 240.0 14
1727114803363 250.0 14
1727114803474 260.0 14
1727114803585 270.0 14
1727114803701 280.0 14
1727114803811 290.0 14
1727114803920 300.0 21
1727114804029 310.0 21
1727114804138 320.0 21
1727114804248 330.0 21
1727114804356 340.0 21
1727114804466 350.0 21
1727114804577 360.0 21
1727114804687 370.0 21
1727114804795 380.0 21
1727114804905 390.0 21
1727114805016 400.0 28
1727114805125 410.0 28
1727114805236 420.0 28
1727114805346 430.0 28
1727114805456 440.0 28
1727114805569 450.0 28
1727114805677 460.0 28
1727114805790 470.0 28
1727114805904 480.0 28
1727114806015 490.0 28
1727114806135 500.0 35
1727114806252 510.0 35
1727114806363 520.0 35
1727114806477 530.0 35
1727114806592 540.0 35
1727114808592 0.0 0
1727114808703 10.0 0
1727114808821 20.0 0
1727114808929 30.0 0
1727114809036 40.0 0
1727114809147 50.0 0
1727114809259 60.0 0
1727114809369 70.0 0
1727114809482 80.0 0
1727114809593 90.0 0
1727114809705 100.0 8
1727114809823 110.0 8
1727114809934 120.0 8
1727114810044 130.0 8
1727114810155 140.0 8
1727114810265 150.0 8
1727114810375 160.0 8
1727114810483 170.0 8
1727114810593 180.0 8
1727114810700 190.0 8
1727114810811 200.0 16
1727114810926 210.0 16
1727114811034 220.0 16
1727114811143 230.0 16
1727114811252 240.0 16
1727114811354 250.0 16
1727114811465 260.0 16
1727114811587 270.0 16
1727114811699 280.0 16
1727114811811 290.0 16
1727114811923 300.0 24
1727114812032 310.0 24
1727114812140 320.0 24
1727114812247 330.0 24
1727114812355 340.0 24
1727114812463 350.0 24
1727114812570 360.0 24
1727114812678 370.0 24
1727114812790 380.0 24
1727114812900 390.0 24
1727114813008 400.0 32
1727114813117 410.0 32
1727114813227 420.0 32
1727114813339 430.0 32
1727114813452 440.0 32
1727114813567 450.0 32
1727114813675 460.0 32
1727114813798 470.0 32
1727114813921 480.0 32
1727114814038 490.0 32
1727114814152 500.0 40
1727114814258 510.0 40
1727114814362 520.0 40
1727114814488 530.0 40
1727114814608 540.0 40
1727114816592 0.0 0
1727114816706 10.0 0
1727114816816 20.0 0
1727114816925 30.0 0
1727114817032 40.0 0
1727114817141 50.0 0
1727114817251 60.0 0
1727114817364 70.0 0
1727114817475 80.0 0
1727114817583 90.0 0
1727114817694 100.0 9
1727114817806 110.0 9
1727114817915 120.0 9
1727114818027 130.0 9
1727114818136 140.0 9
1727114818245 150.0 9
1727114818344 160.0 9
1727114818448 170.0 9
1727114818560 180.0 9
1727114818669 190.0 9
1727114818780 200.0 18
1727114818887 210.0 18
1727114818998 220.0 18
1727114819106 230.0 18
1727114819218 240.0 18
1727114819325 250.0 18
1727114819434 260.0 18
1727114819542 270.0 18
1727114819652 280.0 18
1727114819763 290.0 18
1727114819872 300.0 27
1727114819987 310.0 27
1727114820103 320.0 27
1727114820213 330.0 27
1727114820314 340.0 27
1727114820430 350.0 27
1727114820546 360.0 27
1727114820657 370.0 27
1727114820765 380.0 27
1727114820876 390.0 27
1727114820986 400.0 36
1727114821099 410.0 36
1727114821211 420.0 36
1727114821326 430.0 36
1727114821439 440.0 36
1727114821548 450.0 36
1727114821658 460.0 36
1727114821765 470.0 36
1727114821876 480.0 36
1727114821989 490.0 36
1727114822102 500.0 45
1727114822212 510.0 45
1727114822323 520.0 45
1727114822434 530.0 45
1727114822546 540.0 45
1727114824723 0.0 0
1727114824834 10.0 0
1727114824942 20.0 0
1727114825055 30.0 0
1727114825165 40.0 0
1727114825274 50.0 0
1727114825384 60.0 0
1727114825494 70.0 0
1727114825605 80.0 0
1727114825716 90.0 0
1727114825828 100.0 10
1727114825937 110.0 10
1727114826047 120.0 10
1727114826158 130.0 10
1727114826267 140.0 10
1727114826375 150.0 10
1727114826482 160.0 10
1727114826591 170.0 10
1727114826704 180.0 10
1727114826817 190.0 10
1727114826926 200.0 20
1727114827040 210.0 20
1727114827149 220.0 20
1727114827259 230.0 20
1727114827369 240.0 20
1727114827481 250.0 20
1727114827590 260.0 20
1727114827700 270.0 20
1727114827809 280.0 20
1727114827915 290.0 20
1727114828023 300.0 30
1727114828133 310.0 30
1727114828244 320.0 30
1727114828353 330.0 30
1727114828465 340.0 30
1727114828570 350.0 30
1727114828676 360.0 30
1727114828786 370.0 30
1727114828896 380.0 30
1727114829006 390.0 30
1727114829116 400.0 40
1727114829225 410.0 40
1727114829331 420.0 40
1727114829442 430.0 40
1727114829549 440.0 40
1727114829657 450.0 40
1727114829767 460.0 40
1727114829875 470.0 40
1727114829980 480.0 40
1727114830089 490.0 40
1727114830205 500.0 50
1727114830316 510.0 50
1727114830424 520.0 50
1727114830532 530.0 50
1727114830641 540.0 50
