1726827755445 26.486002 0
1726827755560 45.387394 0
1726827755668 47.502464 0
1726827755776 14.515238 0
1726827755880 11.077108 0
1726827755986 3.145311 0
1726827756094 5.851791 0
1726827756202 33.083336 0
1726827756318 2.799622 0
1726827756430 1.796968 0
1726827756543 3.233937 1
1726827756651 3.198079 1
1726827756758 3.516955 1
1726827756866 4.206457 1
1726827756973 57.795498 1
1726827757082 10.814069 1
1726827757188 59.275368 1
1726827757296 39.798576 1
1726827757405 9.509422 1
1726827757512 10.410244 1
1726827757622 6.702612 2
1726827757728 303.879852 2
1726827757835 6.962337 2
1726827757941 5.035712 2
1726827758048 4.747561 2
1726827758154 2.271743 2
1726827758258 1.942601 2
1726827758372 3.295988 2
1726827758484 2.712307 2
1726827760156 14.750823 0
1726827760268 4.382639 0
1726827760379 14.16963 0
1726827760487 4.334838 0
1726827760601 3.040725 0
1726827760708 0.456007 0
1726827760816 0.576959 0
1726827760942 5.248845 0
1726827761053 0.462823 0
1726827761160 0.974534 0
1726827761267 1.009402 2
1726827761375 1.076719 2
1726827761480 3.161096 2
1726827761590 5.525654 2
1726827761697 4.615004 2
1726827761804 9.978851 2
1726827761910 2.235972 2
1726827762021 1.998157 2
1726827762131 2.054313 2
1726827762243 11.978161 2
1726827762350 4.863165 4
1726827762468 3.011471 4
1726827762581 3.27823 4
1726827762689 1.410435 4
1726827762796 1.090418 4
1726827762903 1.037795 4
1726827763010 0.809197 4
1726827763121 4.017259 4
1726827763228 1.066995 4
1726827764894 12.552001 0
1726827765001 5.692158 0
1726827765111 1.495452 0
1726827765217 1.664811 0
1726827765323 9.435623 0
1726827765429 0.460292 0
1726827765538 0.444099 0
1726827765645 27.754318 0
1726827765752 0.340506 0
1726827765864 0.999155 0
1726827765973 0.716739 3
1726827766085 0.623002 3
1726827766192 0.956007 3
1726827766298 13.049488 3
1726827766406 5.135804 3
1726827766517 7.815116 3
1726827766627 1.725318 3
1726827766740 1.353512 3
1726827766847 0.892206 3
1726827766955 2.675381 3
1726827767064 1.628279 6
1726827767176 26.089615 6
1726827767282 2.218613 6
1726827767390 1.429808 6
1726827767498 1.065019 6
1726827767608 1.000161 6
1726827767714 0.783824 6
1726827767820 21.970875 6
1726827767926 0.973186 6
1726827769592 6.967008 0
1726827769702 6.221709 0
1726827769807 0.881347 0
1726827769911 1.139435 0
1726827770016 2.948236 0
1726827770123 0.645402 0
1726827770230 0.523767 0
1726827770337 3.837435 0
1726827770443 0.301254 0
1726827770556 1.048068 0
1726827770672 0.591061 4
1726827770782 0.511238 4
1726827770889 0.72042 4
1726827770996 4.404575 4
1726827771105 519.859131 4
1726827771210 4.411659 4
1726827771317 1.928928 4
1726827771423 1.270842 4
1726827771530 1.008238 4
1726827771639 1.58187 4
1726827771746 1.808143 8
1726827771857 2.486025 8
1726827771963 1.969613 8
1726827772075 0.957422 8
1726827772186 0.706271 8
1726827772296 0.851666 8
1726827772403 0.87951 8
1726827772509 7.182799 8
1726827772621 1.106473 8
1726827774189 4.621078 0
1726827774298 4.865757 0
1726827774411 0.788174 0
1726827774522 1.203596 0
1726827774636 11.635931 0
1726827774752 0.497703 0
1726827774862 0.56761 0
1726827774970 5.02871 0
1726827775081 0.310425 0
1726827775188 1.228403 0
1726827775295 0.609165 5
1726827775402 0.537114 5
1726827775507 0.807888 5
1726827775616 9.221326 5
1726827775725 4.102484 5
1726827775832 11.292394 5
1726827775938 2.568373 5
1726827776046 1.072934 5
1726827776153 0.990087 5
1726827776259 2.48648 5
1726827776366 4.427092 10
1726827776472 2.978669 10
1726827776587 2.027824 10
1726827776697 1.028864 10
1726827776815 0.663782 10
1726827776923 1.840368 10
1726827777030 0.858047 10
1726827777138 17.895857 10
1726827777247 0.979967 10
1726827778875 3.711323 0
1726827778987 4.415456 0
1726827779103 0.732689 0
1726827779212 0.966496 0
1726827779321 4.096725 0
1726827779429 0.483909 0
1726827779537 0.54387 0
1726827779650 4.065288 0
1726827779756 0.321875 0
1726827779862 1.064986 0
1726827779970 0.591069 6
1726827780082 0.569685 6
1726827780190 1.12763 6
1726827780297 8.008886 6
1726827780404 2.856657 6
1726827780509 4.581847 6
1726827780617 2.011699 6
1726827780727 1.514686 6
1726827780840 1.252546 6
1726827780951 1.214476 6
1726827781063 4.232115 12
1726827781169 3.14156 12
1726827781277 1.453466 12
1726827781384 0.903063 12
1726827781489 0.725206 12
1726827781598 0.908611 12
1726827781709 0.940271 12
1726827781814 10.409359 12
1726827781920 1.382065 12
1726827783560 151.013245 0
1726827783668 2.055384 0
1726827783774 0.709356 0
1726827783880 0.900794 0
1726827783985 2.422016 0
1726827784094 0.480763 0
1726827784200 0.499436 0
1726827784304 47.378445 0
1726827784409 0.329204 0
1726827784516 1.217423 0
1726827784630 0.589312 7
1726827784737 0.539341 7
1726827784841 1.065731 7
1726827784957 24.443497 7
1726827785068 3.205287 7
1726827785174 10.838769 7
1726827785281 2.228142 7
1726827785388 1.032377 7
1726827785504 0.847221 7
1726827785615 1.469519 7
1726827785721 2.222031 14
1726827785827 11.516369 14
1726827785934 1.426493 14
1726827786044 1.449232 14
1726827786155 2.300182 14
1726827786264 1.024677 14
1726827786371 0.82169 14
1726827786478 10.744487 14
1726827786590 1.074476 14
1726827788201 4.408145 0
1726827788308 1.636254 0
1726827788414 0.69461 0
1726827788522 0.862677 0
1726827788633 2.541685 0
1726827788743 0.450998 0
1726827788852 0.480178 0
1726827788969 4.247735 0
1726827789084 0.330116 0
1726827789192 1.710684 0
1726827789299 0.566253 8
1726827789405 0.537191 8
1726827789512 1.005746 8
1726827789629 4.85156 8
1726827789737 4.207008 8
1726827789843 26.022493 8
1726827789949 3.509463 8
1726827790058 1.016511 8
1726827790168 0.815779 8
1726827790275 3.197168 8
1726827790383 1.755396 16
1726827790491 6.33042 16
1726827790600 1.499389 16
1726827790706 1.162421 16
1726827790816 2.766924 16
1726827790923 1.742836 16
1726827791038 0.875003 16
1726827791150 11.407694 16
1726827791258 5.317459 16
1726827792826 11.885444 0
1726827792934 2.152003 0
1726827793046 0.648558 0
1726827793158 0.87818 0
1726827793269 1.773437 0
1726827793379 0.489728 0
1726827793487 0.460669 0
1726827793600 2.798652 0
1726827793708 0.33646 0
1726827793814 1.643015 0
1726827793920 0.535555 9
1726827794028 0.506933 9
1726827794136 1.069778 9
1726827794241 4.375536 9
1726827794347 2.982087 9
1726827794453 3.158378 9
1726827794562 4.973169 9
1726827794675 0.902725 9
1726827794783 0.86845 9
1726827794888 1.161535 9
1726827794992 2.004073 18
1726827795110 4.756506 18
1726827795223 4.326973 18
1726827795331 1.028998 18
1726827795440 0.733717 18
1726827795549 1.054662 18
1726827795658 0.80862 18
1726827795764 8.962008 18
1726827795871 0.911289 18
1726827797445 5.153452 0
1726827797557 1.806529 0
1726827797664 0.617245 0
1726827797771 0.754925 0
1726827797876 1.643635 0
1726827797983 0.487238 0
1726827798095 0.447674 0
1726827798202 2.507816 0
1726827798308 0.326564 0
1726827798414 1.278188 0
1726827798525 0.518903 10
1726827798634 0.485451 10
1726827798749 0.883511 10
1726827798858 15.49722 10
1726827798963 3.251531 10
1726827799074 2.304356 10
1726827799189 5.027032 10
1726827799302 0.881015 10
1726827799409 0.841987 10
1726827799517 1.014797 10
1726827799633 1.483946 20
1726827799741 5.710332 20
1726827799849 3.273599 20
1726827799960 0.982799 20
1726827800071 1.1484 20
1726827800179 0.957041 20
1726827800285 0.889936 20
1726827800392 28.342958 20
1726827800513 0.927546 20
