1726792787655 0.462882 0
1726792787749 0.642961 0
1726792787845 0.539675 0
1726792787938 0.339527 0
1726792788034 0.613127 0
1726792788129 3.727275 0
1726792788227 0.714237 0
1726792788322 0.594396 0
1726792788417 4.477225 0
1726792788514 0.867892 0
1726792788611 0.425198 1
1726792788706 1.863766 1
1726792788801 0.2949 1
1726792788910 0.364483 1
1726792789006 0.216855 1
1726792789100 0.271026 1
1726792789200 1.352034 1
1726792789309 0.450715 1
1726792789414 0.455226 1
1726792789510 0.241611 1
1726792789606 0.65247 2
1726792789700 0.614236 2
1726792789799 0.13469 2
1726792789900 0.470407 2
1726792791078 0.343384 0
1726792791178 0.775184 0
1726792791273 0.528812 0
1726792791368 0.365554 0
1726792791474 0.660326 0
1726792791570 4.026096 0
1726792791666 0.547328 0
1726792791764 0.24125 0
1726792791861 2.747669 0
1726792791958 0.687823 0
1726792792054 0.345197 2
1726792792148 1.613412 2
1726792792245 0.253384 2
1726792792340 0.347137 2
1726792792437 0.22032 2
1726792792533 0.234362 2
1726792792630 1.049446 2
1726792792725 0.486874 2
1726792792821 0.469089 2
1726792792917 0.164919 2
1726792793011 0.656719 4
1726792793106 0.614799 4
1726792793200 0.259137 4
1726792793296 0.468444 4
1726792794524 0.36547 0
1726792794620 0.76716 0
1726792794714 0.571467 0
1726792794808 0.185216 0
1726792794901 0.722995 0
1726792794994 3.391156 0
1726792795089 0.620761 0
1726792795182 0.329391 0
1726792795278 2.075205 0
1726792795372 0.754357 0
1726792795466 0.173148 3
1726792795567 1.438023 3
1726792795663 0.225986 3
1726792795758 0.327404 3
1726792795853 0.213406 3
1726792795950 0.215576 3
1726792796047 1.031957 3
1726792796145 0.424489 3
1726792796243 0.575727 3
1726792796340 0.247092 3
1726792796437 0.525539 6
1726792796533 0.640748 6
1726792796681 0.161896 6
1726792796779 0.461481 6
1726792797982 0.307786 0
1726792798078 0.776064 0
1726792798172 0.552569 0
1726792798268 0.247162 0
1726792798362 0.755164 0
1726792798456 3.22587 0
1726792798552 0.599374 0
1726792798649 0.212463 0
1726792798745 1.900982 0
1726792798844 0.649579 0
1726792798943 0.295786 4
1726792799042 1.157807 4
1726792799138 0.25257 4
1726792799234 0.33008 4
1726792799330 0.209621 4
1726792799425 0.213826 4
1726792799521 0.981833 4
1726792799625 0.436722 4
1726792799721 0.425571 4
1726792799817 0.133648 4
1726792799914 0.527409 8
1726792800009 0.596657 8
1726792800104 0.145789 8
1726792800199 0.433617 8
1726792801319 0.289814 0
1726792801421 0.778244 0
1726792801517 0.640934 0
1726792801613 0.120824 0
1726792801714 0.659893 0
1726792801812 3.219627 0
1726792801912 0.681194 0
1726792802008 0.218343 0
1726792802105 1.901922 0
1726792802201 0.69047 0
1726792802297 0.206308 5
1726792802395 1.225713 5
1726792802490 0.23896 5
1726792802585 0.352556 5
1726792802680 0.226249 5
1726792802775 0.225418 5
1726792802870 0.99436 5
1726792802964 0.363252 5
1726792803059 0.420935 5
1726792803156 0.168646 5
1726792803255 0.481006 10
1726792803351 0.582034 10
1726792803446 0.145795 10
1726792803542 0.418604 10
