1726765249575 40.821037 0
1726765249689 12.94321 0
1726765249804 0.43041 0
1726765249919 13.268574 0
1726765250033 11.372959 0
1726765250148 1.674751 0
1726765250581 15.837019 0
1726765250696 5.079947 0
1726765250810 12.317784 0
1726765250926 9.073509 0
1726765251041 5.324526 0
1726765251156 1.843425 0
1726765251563 6.585346 0
1726765251678 6.633399 0
1726765251792 2.58161 0
1726765251907 8.283142 0
1726765252022 4.165776 0
1726765252138 1.742876 0
1726765252547 4.327338 0
1726765252662 6.088902 0
1726765252777 0.360962 0
1726765252891 11.70129 0
1726765253009 6.083591 0
1726765253123 1.89893 0
1726765253530 2.910676 0
1726765253644 12.138025 0
1726765253759 0.472455 0
1726765253874 4.405269 0
1726765253989 3.746641 0
1726765254104 1.69026 0
1726765254511 9.965231 0
1726765254626 6.623941 0
1726765254740 0.484242 0
1726765254855 4.998466 0
1726765254970 3.480562 0
1726765255086 1.874235 0
1726765255494 2.88864 0
1726765255609 7.204793 0
1726765255724 0.473055 0
1726765255839 4.752685 0
1726765255955 3.739419 0
1726765256071 2.111525 0
1726765256474 60.154877 0
1726765256588 3.143456 0
1726765256703 0.478227 0
1726765256817 6.052252 0
1726765256932 8.412935 0
1726765257048 2.180847 0
1726765257454 2.111514 0
1726765257569 4.324886 0
1726765257684 0.481988 0
1726765257799 3.626966 0
1726765257914 4.004043 0
1726765258029 3.171944 0
1726765258435 2.351453 0
1726765258550 3.251526 0
1726765258664 0.479262 0
1726765258779 3.367194 0
1726765258894 3.658148 0
1726765259009 1.61261 0
