1726878668546 7.343028 0
1726878668682 1.590864 0
1726878668818 1.296974 0
1726878668954 1.014268 0
1726878669089 1.068319 0
1726878669225 3.164575 0
1726878669362 1.633034 0
1726878669497 4.585495 0
1726878669632 2.717237 0
1726878669770 2.099328 0
1726878669906 1.324397 1
1726878670044 1.133814 1
1726878670179 1.810303 1
1726878670315 0.646292 1
1726878670452 7.849353 1
1726878670629 7.664795 1
1726878671735 2.806746 0
1726878671877 0.424347 0
1726878672012 0.940289 0
1726878672148 0.5141 0
1726878672283 0.466131 0
1726878672418 1.357585 0
1726878672556 2.314858 0
1726878672691 4.392148 0
1726878672826 2.805846 0
1726878672962 1.654733 0
1726878673098 2.015558 2
1726878673234 0.899042 2
1726878673369 1.18876 2
1726878673505 0.652269 2
1726878673639 1.083455 2
1726878673774 1.79154 2
1726878674853 5.189908 0
1726878674993 3.876322 0
1726878675129 0.926362 0
1726878675275 1.281652 0
1726878675412 0.568333 0
1726878675547 2.470047 0
1726878675681 0.9245 0
1726878675817 5.596427 0
1726878675953 4.648656 0
1726878676088 1.073453 0
1726878676224 1.802084 3
1726878676360 2.272108 3
1726878676495 4.10036 3
1726878676632 1.013777 3
1726878676768 0.937029 3
1726878676901 5.561617 3
1726878677965 3.503773 0
1726878678103 4.074183 0
1726878678238 6.134821 0
1726878678374 2.425619 0
1726878678509 2.73439 0
1726878678649 3.367058 0
1726878678785 2.983126 0
1726878678920 3.015531 0
1726878679056 1.805803 0
1726878679191 3.768642 0
1726878679327 0.984848 4
1726878679463 1.211276 4
1726878679599 2.43792 4
1726878679734 1.150813 4
1726878679869 1.201155 4
1726878680004 5.813291 4
1726878681077 4.059113 0
1726878681216 0.404892 0
1726878681351 1.051258 0
1726878681488 0.544466 0
1726878681623 1.242058 0
1726878681758 3.470061 0
1726878681894 5.342336 0
1726878682031 10.062707 0
1726878682166 2.939267 0
1726878682302 1.209376 0
1726878682438 1.021656 5
1726878682575 0.713468 5
1726878682713 2.1857 5
1726878682851 0.766667 5
1726878682987 1.08674 5
1726878683123 2.184633 5
1726878684189 3.989879 0
1726878684325 0.504607 0
1726878684461 11.896259 0
1726878684597 0.579563 0
1726878684733 0.564683 0
1726878684870 1.298725 0
1726878685006 1.303577 0
1726878685142 9.359244 0
1726878685277 2.139028 0
1726878685412 0.891129 0
1726878685549 1.233868 6
1726878685686 2.1851 6
1726878685821 6.552248 6
1726878685956 0.503558 6
1726878686091 2.234748 6
1726878686227 2.395754 6
1726878687307 4.87158 0
1726878687444 0.584093 0
1726878687579 7.202544 0
1726878687714 1.110591 0
1726878687850 0.55242 0
1726878687985 1.294092 0
1726878688122 1.055269 0
1726878688259 6.298153 0
1726878688397 4.191025 0
1726878688535 1.34045 0
1726878688673 1.142576 7
1726878688811 1.069731 7
1726878688952 1.298884 7
1726878689089 0.580677 7
1726878689225 1.287805 7
1726878689363 2.150302 7
1726878690441 3.91582 0
1726878690581 0.579204 0
1726878690717 2.636301 0
1726878690854 1.113691 0
1726878690994 0.593967 0
1726878691132 2.814132 0
1726878691269 1.053741 0
1726878691408 4.179296 0
1726878691545 3.341995 0
1726878691683 0.756764 0
1726878691821 3.42554 8
1726878691958 1.522916 8
1726878692094 19.61018 8
1726878692230 0.616257 8
1726878692371 0.957238 8
1726878692507 2.741215 8
