1726915925385 0.0 0
1726915925529 10.0 0
1726915925675 20.0 0
1726915925821 30.0 0
1726915925963 40.0 0
1726915926106 50.0 0
1726915926250 60.0 0
1726915926394 70.0 0
1726915926537 80.0 0
1726915926680 90.0 0
1726915927603 0.0 0
1726915927750 10.0 0
1726915927896 20.0 0
1726915928038 30.0 0
1726915928181 40.0 0
1726915928323 50.0 0
1726915928466 60.0 0
1726915928610 70.0 0
1726915928754 80.0 0
1726915928895 90.0 0
1726915929745 0.0 0
1726915929890 10.0 0
1726915930033 20.0 0
1726915930176 30.0 0
1726915930319 40.0 0
1726915930461 50.0 0
1726915930605 60.0 0
1726915930747 70.0 0
1726915930893 80.0 0
1726915931038 90.0 0
1726915931919 0.0 0
1726915932063 10.0 0
1726915932214 20.0 0
1726915932358 30.0 0
1726915932502 40.0 0
1726915932645 50.0 0
1726915932788 60.0 0
1726915932930 70.0 0
1726915933076 80.0 0
1726915933220 90.0 0
1726915934072 0.0 0
1726915934219 10.0 0
1726915934363 20.0 0
1726915934505 30.0 0
1726915934647 40.0 0
1726915934789 50.0 0
1726915934931 60.0 0
1726915935073 70.0 0
1726915935216 80.0 0
1726915935359 90.0 0
1726915936226 0.0 0
1726915936371 10.0 0
1726915936514 20.0 0
1726915936657 30.0 0
1726915936801 40.0 0
1726915936944 50.0 0
1726915937087 60.0 0
1726915937229 70.0 0
1726915937371 80.0 0
1726915937514 90.0 0
1726915938363 0.0 0
1726915938508 10.0 0
1726915938651 20.0 0
1726915938793 30.0 0
1726915938936 40.0 0
1726915939078 50.0 0
1726915939222 60.0 0
1726915939365 70.0 0
1726915939508 80.0 0
1726915939651 90.0 0
1726915940510 0.0 0
1726915940655 10.0 0
1726915940797 20.0 0
1726915940939 30.0 0
1726915941082 40.0 0
1726915941224 50.0 0
1726915941366 60.0 0
1726915941509 70.0 0
1726915941655 80.0 0
1726915941799 90.0 0
1726915942666 0.0 0
1726915942813 10.0 0
1726915942956 20.0 0
1726915943099 30.0 0
1726915943248 40.0 0
1726915943394 50.0 0
1726915943537 60.0 0
1726915943679 70.0 0
1726915943822 80.0 0
1726915943964 90.0 0
1726915944820 0.0 0
1726915944964 10.0 0
1726915945108 20.0 0
1726915945251 30.0 0
1726915945396 40.0 0
1726915945538 50.0 0
1726915945681 60.0 0
1726915945827 70.0 0
1726915945969 80.0 0
1726915946116 90.0 0
