1726868309821 0.0 0
1726868309955 10.0 0
1726868310089 20.0 0
1726868310222 30.0 0
1726868310355 40.0 0
1726868310489 50.0 0
1726868310622 60.0 0
1726868310756 70.0 0
1726868310889 80.0 0
1726868311025 90.0 0
1726868311159 100.0 1
1726868312071 0.0 0
1726868312206 10.0 0
1726868312340 20.0 0
1726868312473 30.0 0
1726868312607 40.0 0
1726868312740 50.0 0
1726868312873 60.0 0
1726868313008 70.0 0
1726868313141 80.0 0
1726868313274 90.0 0
1726868313408 100.0 2
1726868314287 0.0 0
1726868314421 10.0 0
1726868314555 20.0 0
1726868314688 30.0 0
1726868314822 40.0 0
1726868314955 50.0 0
1726868315090 60.0 0
1726868315224 70.0 0
1726868315358 80.0 0
1726868315492 90.0 0
1726868315626 100.0 3
1726868316501 0.0 0
1726868316636 10.0 0
1726868316769 20.0 0
1726868316902 30.0 0
1726868317036 40.0 0
1726868317172 50.0 0
1726868317306 60.0 0
1726868317439 70.0 0
1726868317574 80.0 0
1726868317707 90.0 0
1726868317842 100.0 4
1726868318720 0.0 0
1726868318855 10.0 0
1726868318989 20.0 0
1726868319123 30.0 0
1726868319257 40.0 0
1726868319392 50.0 0
1726868319525 60.0 0
1726868319658 70.0 0
1726868319791 80.0 0
1726868319925 90.0 0
1726868320058 100.0 5
1726868320937 0.0 0
1726868321071 10.0 0
1726868321206 20.0 0
1726868321339 30.0 0
1726868321473 40.0 0
1726868321606 50.0 0
1726868321739 60.0 0
1726868321872 70.0 0
1726868322005 80.0 0
1726868322138 90.0 0
1726868322271 100.0 6
1726868323154 0.0 0
1726868323291 10.0 0
1726868323425 20.0 0
1726868323558 30.0 0
1726868323691 40.0 0
1726868323825 50.0 0
1726868323959 60.0 0
1726868324092 70.0 0
1726868324225 80.0 0
1726868324358 90.0 0
1726868324492 100.0 7
1726868325374 0.0 0
1726868325507 10.0 0
1726868325641 20.0 0
1726868325774 30.0 0
1726868325908 40.0 0
1726868326041 50.0 0
1726868326173 60.0 0
1726868326307 70.0 0
1726868326440 80.0 0
1726868326573 90.0 0
1726868326706 100.0 8
