1726872388981 0.579957 0
1726872389116 0.240772 0
1726872389249 0.507794 0
1726872389383 0.390774 0
1726872389518 0.66706 0
1726872389653 3.247496 0
1726872389787 0.609736 0
1726872390419 0.604626 0
1726872390555 0.217282 0
1726872390690 0.196969 0
1726872390824 0.598798 0
1726872390958 0.633939 0
1726872391095 1.751609 0
1726872391229 0.649816 0
1726872391827 0.293957 0
1726872391963 0.217009 0
1726872392098 0.309563 0
1726872392233 0.419078 0
1726872392367 0.64485 0
1726872392500 2.972217 0
1726872392634 0.604803 0
1726872393237 0.50526 0
1726872393375 0.232222 0
1726872393510 1.298319 0
1726872393647 0.539278 0
1726872393782 0.627816 0
1726872393916 1.715952 0
1726872394050 0.664801 0
