1726900445001 0.26149 0
1726900445145 0.221697 0
1726900445286 0.213595 0
1726900445425 0.284842 0
1726900445565 0.662536 0
1726900445704 0.338609 0
1726900445846 1.297767 0
1726900445985 1.527643 0
1726900446126 1.671795 0
1726900446265 0.705074 0
1726900446404 0.825718 1
1726900446545 0.381894 1
1726900446685 0.087604 1
1726900447712 0.935739 0
1726900447854 0.027131 0
1726900447994 0.034751 0
1726900448134 0.184604 0
1726900448273 0.422033 0
1726900448412 0.419453 0
1726900448552 0.428499 0
1726900448691 0.651735 0
1726900448830 0.749018 0
1726900448972 0.42164 0
1726900449112 0.568839 2
1726900449255 0.26429 2
1726900449395 0.114223 2
1726900450354 0.127441 0
1726900450495 0.05985 0
1726900450635 0.023196 0
1726900450774 0.241982 0
1726900450914 0.430848 0
1726900451054 0.266233 0
1726900451195 0.459097 0
1726900451337 0.623702 0
1726900451477 0.682415 0
1726900451616 0.424797 0
1726900451760 0.596794 3
1726900451901 0.250168 3
1726900452043 0.053395 3
1726900452988 0.077389 0
1726900453131 0.017073 0
1726900453273 0.030183 0
1726900453413 0.167808 0
1726900453553 0.331905 0
1726900453695 0.3212 0
1726900453838 0.418931 0
1726900453978 0.629495 0
1726900454118 0.686576 0
1726900454259 0.443337 0
1726900454398 0.555253 4
1726900454608 0.23501 4
1726900454749 0.056212 4
1726900455703 0.067478 0
1726900455845 0.01546 0
1726900455986 0.020555 0
1726900456125 0.158459 0
1726900456264 0.352078 0
1726900456403 0.256457 0
1726900456543 0.437863 0
1726900456682 0.635458 0
1726900456823 0.696002 0
1726900456961 0.437323 0
1726900457100 0.533242 5
1726900457239 0.23207 5
1726900457380 0.027008 5
