1726905381626 112.362335 0
1726905381767 57.048378 0
1726905381908 78.006615 0
1726905382048 5.893872 0
1726905382189 13.370384 0
1726905382336 16.96369 0
1726905382552 10.339954 0
1726905383106 5.434055 0
1726905383251 6.8891 0
1726905383391 30.729506 0
1726905383531 17.126143 0
1726905383672 10.105154 0
1726905383813 6.083202 0
1726905383952 45.045837 0
1726905384502 3.890834 0
1726905384645 6.83193 0
1726905384786 10.766354 0
1726905384927 5.800222 0
1726905385069 3.626882 0
1726905385212 3.414268 0
1726905385353 21.078522 0
1726905385885 2.918414 0
1726905386027 6.148893 0
1726905386169 63.112637 0
1726905386310 4.715207 0
1726905386455 3.586959 0
1726905386595 2.894053 0
1726905386735 5.648109 0
1726905387273 2.187056 0
1726905387415 18.19582 0
1726905387558 14.088533 0
1726905387698 3.565582 0
1726905387838 2.285257 0
1726905387978 11.840626 0
1726905388118 4.067521 0
1726905388658 1.411377 0
1726905388800 7.326477 0
1726905388941 6.492109 0
1726905389082 5.711187 0
1726905389223 2.158307 0
1726905389363 1.625101 0
1726905389503 10.81362 0
1726905390047 1.054577 0
1726905390191 6.177751 0
1726905390333 8.3559 0
1726905390478 2.842818 0
1726905390619 1.461901 0
1726905390759 1.287253 0
1726905390900 4.262559 0
1726905391451 0.894447 0
1726905391596 6.552917 0
1726905391737 13.78994 0
1726905391878 10.27872 0
1726905392018 1.473884 0
1726905392160 1.101682 0
1726905392301 3.078369 0
1726905392881 0.796677 0
1726905393026 19.400507 0
1726905393169 10.070705 0
1726905393312 4.854651 0
1726905393452 1.297221 0
1726905393593 1.148235 0
1726905393733 2.796895 0
1726905394271 0.739373 0
1726905394414 5.034802 0
1726905394557 6.062103 0
1726905394703 25.518478 0
1726905394844 1.828898 0
1726905394985 2.983856 0
1726905395126 3.641625 0
