1726905381615 0.560963 0
1726905381756 0.424382 0
1726905381897 0.699984 0
1726905382037 0.220317 0
1726905382178 5.256582 0
1726905382325 3.231726 0
1726905382541 0.249186 0
1726905383095 0.37321 0
1726905383240 0.363908 0
1726905383380 0.600249 0
1726905383521 0.221396 0
1726905383661 4.518681 0
1726905383802 2.670953 0
1726905383941 0.245917 0
1726905384491 0.305753 0
1726905384635 0.334557 0
1726905384775 0.529374 0
1726905384916 0.235985 0
1726905385058 3.870345 0
1726905385201 2.21663 0
1726905385342 0.23754 0
1726905385874 0.242079 0
1726905386016 0.318587 0
1726905386158 0.470114 0
1726905386299 0.245801 0
1726905386444 3.323834 0
1726905386585 1.852531 0
1726905386725 0.228949 0
1726905387260 0.197594 0
1726905387404 0.316717 0
1726905387547 0.426542 0
1726905387687 0.256238 0
1726905387827 2.937181 0
1726905387967 1.591118 0
1726905388107 0.225726 0
1726905388647 0.164093 0
1726905388789 0.307902 0
1726905388930 0.395405 0
1726905389071 0.248576 0
1726905389212 2.624108 0
1726905389352 1.419952 0
1726905389492 0.217857 0
1726905390036 0.137839 0
1726905390180 0.3113 0
1726905390322 0.354718 0
1726905390465 0.237056 0
1726905390608 2.348389 0
1726905390749 1.306611 0
1726905390889 0.213817 0
1726905391437 0.124309 0
1726905391585 0.300912 0
1726905391726 0.336806 0
1726905391867 0.218929 0
1726905392007 2.213119 0
1726905392149 1.23463 0
1726905392290 0.208121 0
1726905392870 0.114871 0
1726905393015 0.298036 0
1726905393158 0.321444 0
1726905393301 0.205659 0
1726905393441 2.092851 0
1726905393582 1.185835 0
1726905393722 0.208207 0
1726905394260 0.111612 0
1726905394403 0.289838 0
1726905394545 0.304138 0
1726905394691 0.20201 0
1726905394833 2.000844 0
1726905394974 1.181648 0
1726905395115 0.208667 0
