1726870671210 0.632472 0
1726870671363 0.164295 0
1726870671529 0.223232 0
1726870671684 0.128557 0
1726870671838 0.464313 0
1726870671980 0.15911 0
1726870672143 0.209419 0
1726870672282 0.17582 0
1726870672424 0.549394 0
1726870672567 0.269369 0
1726870672709 0.523028 1
1726870672849 0.277108 1
1726870673027 0.372705 1
1726870673164 0.271277 1
1726870673302 0.377023 1
1726870673439 0.289297 1
1726870673579 0.505181 1
1726870673719 0.599643 1
1726870673855 0.721781 1
1726870674002 0.486683 1
1726870674195 0.627346 2
1726870676119 0.211462 0
1726870676260 0.145528 0
1726870676400 0.244294 0
1726870676540 0.123573 0
1726870676681 0.391595 0
1726870676820 0.11641 0
1726870676957 0.153081 0
1726870677104 0.104847 0
1726870677243 0.342735 0
1726870677381 0.249539 0
1726870677522 0.633446 2
1726870677659 0.268089 2
1726870677803 0.347593 2
1726870677942 0.346752 2
1726870678078 0.35268 2
1726870678221 0.325423 2
1726870678356 0.463841 2
1726870678496 0.528663 2
1726870678632 0.714464 2
1726870678768 0.391546 2
1726870678902 0.602093 4
1726870680316 0.174455 0
1726870680465 0.167509 0
1726870680600 0.197475 0
1726870680736 0.114646 0
1726870680871 0.328353 0
1726870681007 0.158589 0
1726870681146 0.238484 0
1726870681340 0.096266 0
1726870681478 0.355406 0
1726870681614 0.307056 0
1726870681752 0.642871 3
1726870681890 0.248705 3
1726870682027 0.309822 3
1726870682162 0.201245 3
1726870682316 0.328235 3
1726870682465 0.300123 3
1726870682606 0.482316 3
1726870682745 0.515443 3
1726870682883 0.739373 3
1726870683022 0.380947 3
1726870683176 0.592256 6
1726870685002 0.078529 0
1726870685148 0.114981 0
1726870685301 0.181528 0
1726870685444 0.105962 0
1726870685583 0.32396 0
1726870685719 0.11226 0
1726870685858 0.159683 0
1726870686001 0.094941 0
1726870686153 0.29754 0
1726870686298 0.254359 0
1726870686447 0.553466 4
1726870686585 0.240986 4
1726870686724 0.281249 4
1726870686871 0.179601 4
1726870687019 0.337228 4
1726870687159 0.265235 4
1726870687312 0.480313 4
1726870687479 0.510017 4
1726870687657 0.721584 4
1726870687837 0.379394 4
1726870688007 0.584037 8
1726870689627 0.082167 0
1726870689773 0.116825 0
1726870689914 0.179284 0
1726870690059 0.102608 0
1726870690200 0.329985 0
1726870690339 0.124004 0
1726870690479 0.161719 0
1726870690620 0.081933 0
1726870690760 0.297864 0
1726870690905 0.253256 0
1726870691044 0.565275 5
1726870691181 0.256132 5
1726870691321 0.297514 5
1726870691460 0.192334 5
1726870691599 0.334258 5
1726870691736 0.273756 5
1726870691873 0.480656 5
1726870692012 0.503426 5
1726870692163 0.723535 5
1726870692308 0.36684 5
1726870692447 0.579948 10
