1726783171053 0.420202 0
1726783171154 0.221528 0
1726783171248 0.097268 0
1726783171342 0.725051 0
1726783171436 0.142987 0
1726783171530 0.633862 0
1726783171631 0.083781 0
1726783171732 0.129836 0
1726783171829 0.677641 0
1726783171925 0.54943 0
1726783172024 0.083566 1
1726783172120 0.084336 1
1726783172215 0.162896 1
1726783172313 0.187886 1
1726783172407 0.099713 1
1726783172503 0.051422 1
1726783172598 0.166712 1
1726783172693 0.286023 1
1726783172786 0.235979 1
1726783172879 0.816064 1
1726783172972 0.529636 2
1726783173069 0.233617 2
1726783173164 0.203208 2
1726783173260 1.276566 2
1726783173357 0.231729 2
1726783173451 0.564629 2
1726783173546 0.265146 2
1726783173644 0.862089 2
1726783173747 0.31355 2
1726783173845 0.603124 2
1726783173941 0.445954 3
1726783174036 1.891458 3
1726783174133 0.471098 3
1726783174228 0.298608 3
1726783174322 0.364943 3
1726783174417 0.223252 3
1726783174510 0.210216 3
1726783174603 0.334113 3
1726783174698 0.694544 3
1726783174794 0.261248 3
1726783174912 0.585494 4
1726783176945 0.368699 0
1726783177046 0.084784 0
1726783177141 0.102637 0
1726783177237 0.224905 0
1726783177332 0.117285 0
1726783177427 0.324229 0
1726783177521 0.084585 0
1726783177615 0.127856 0
1726783177709 0.630291 0
1726783177813 0.574299 0
1726783177910 0.098422 2
1726783178008 0.076776 2
1726783178104 0.149545 2
1726783178201 0.121491 2
1726783178296 0.089567 2
1726783178391 0.066438 2
1726783178486 0.161746 2
1726783178581 0.135481 2
1726783178674 0.251017 2
1726783178769 1.032769 2
1726783178863 0.523758 4
1726783178959 0.208097 4
1726783179052 0.201034 4
1726783179148 1.248761 4
1726783179242 0.250079 4
1726783179335 0.518139 4
1726783179431 0.293467 4
1726783179524 0.983025 4
1726783179618 0.305419 4
1726783179711 0.477662 4
1726783179812 0.389074 6
1726783179909 1.750846 6
1726783180006 0.425704 6
1726783180103 0.282739 6
1726783180199 0.353032 6
1726783180295 0.213478 6
1726783180391 0.155858 6
1726783180484 0.364299 6
1726783180580 0.697061 6
1726783180674 0.25495 6
1726783180772 0.650233 8
1726783182830 0.087159 0
1726783182936 0.065675 0
1726783183031 0.089032 0
1726783183125 0.255818 0
1726783183223 0.117439 0
1726783183319 0.295129 0
1726783183416 0.085838 0
1726783183513 0.106 0
1726783183609 0.598638 0
1726783183704 0.494719 0
1726783183799 0.087642 3
1726783183900 0.075797 3
1726783184001 0.170315 3
1726783184099 0.110847 3
1726783184197 0.081896 3
1726783184294 0.04241 3
1726783184390 0.15558 3
1726783184491 0.114457 3
1726783184590 0.252184 3
1726783184696 1.129352 3
1726783184793 0.50449 6
1726783184889 0.243573 6
1726783184986 0.239613 6
1726783185082 1.184948 6
1726783185177 0.217621 6
1726783185273 0.484414 6
1726783185368 0.144328 6
1726783185461 0.978967 6
1726783185555 0.296081 6
1726783185649 0.316263 6
1726783185742 0.431293 9
1726783185835 1.764687 9
1726783185935 0.390469 9
1726783186047 0.245383 9
1726783186143 0.303396 9
1726783186239 0.20037 9
1726783186333 0.137303 9
1726783186427 0.30517 9
1726783186520 0.518852 9
1726783186614 0.289114 9
1726783186708 0.622403 12
1726783188755 0.094919 0
1726783188852 0.06723 0
1726783188946 0.108078 0
1726783189042 0.215179 0
1726783189137 0.107207 0
1726783189232 0.343123 0
1726783189326 0.071518 0
1726783189419 0.120548 0
1726783189514 0.680911 0
1726783189607 0.493626 0
1726783189701 0.114302 4
1726783189794 0.110768 4
1726783189891 0.15294 4
1726783189986 0.173913 4
1726783190088 0.118585 4
1726783190182 0.037565 4
1726783190276 0.150389 4
1726783190370 0.164329 4
1726783190463 0.243108 4
1726783190557 1.091473 4
1726783190653 0.454465 8
1726783190749 0.260197 8
1726783190845 0.200748 8
1726783190944 1.199489 8
1726783191042 0.191925 8
1726783191138 0.43969 8
1726783191232 0.171175 8
1726783191326 1.015391 8
1726783191420 0.270974 8
1726783191515 0.34506 8
1726783191609 0.32354 12
1726783191703 1.75257 12
1726783191798 0.352768 12
1726783191892 0.203916 12
1726783191993 0.30007 12
1726783192098 0.19027 12
1726783192194 0.149188 12
1726783192290 0.299886 12
1726783192385 0.546198 12
1726783192479 0.229167 12
1726783192573 0.627598 16
1726783194580 0.103814 0
1726783194689 0.086116 0
1726783194783 0.202251 0
1726783194879 0.213941 0
1726783194971 0.103243 0
1726783195065 0.293655 0
1726783195159 0.066987 0
1726783195253 0.099347 0
1726783195348 0.587536 0
1726783195443 0.598965 0
1726783195537 0.09985 5
1726783195631 0.071565 5
1726783195725 0.145465 5
1726783195818 0.161706 5
1726783195911 0.089677 5
1726783196007 0.039901 5
1726783196100 0.130392 5
1726783196203 0.144293 5
1726783196299 0.216158 5
1726783196394 0.987579 5
1726783196489 0.438605 10
1726783196584 0.216127 10
1726783196678 0.194707 10
1726783196773 1.288614 10
1726783196869 0.186542 10
1726783196966 0.397237 10
1726783197065 0.215457 10
1726783197160 0.923639 10
1726783197253 0.240234 10
1726783197348 0.335449 10
1726783197443 0.294962 15
1726783197537 1.722785 15
1726783197632 0.322071 15
1726783197726 0.204078 15
1726783197820 0.296342 15
1726783197919 0.205539 15
1726783198015 0.162918 15
1726783198109 0.286173 15
1726783198211 0.637059 15
1726783198308 0.21446 15
1726783198403 0.636775 20
1726783200399 0.068105 0
1726783200502 0.054626 0
1726783200597 0.093338 0
1726783200690 0.212155 0
1726783200784 0.092611 0
1726783200878 0.271258 0
1726783200973 0.068645 0
1726783201068 0.098808 0
1726783201164 0.632659 0
1726783201257 0.565004 0
1726783201350 0.093199 6
1726783201444 0.066908 6
1726783201538 0.137894 6
1726783201631 0.105515 6
1726783201727 0.076879 6
1726783201823 0.038104 6
1726783201918 0.138066 6
1726783202018 0.10524 6
1726783202112 0.238927 6
1726783202210 1.134886 6
1726783202312 0.406196 12
1726783202409 0.22499 12
1726783202503 0.208768 12
1726783202596 1.257437 12
1726783202694 0.18052 12
1726783202794 0.396045 12
1726783202890 0.180472 12
1726783202984 0.953874 12
1726783203078 0.293464 12
1726783203184 0.269592 12
1726783203279 0.282332 18
1726783203374 1.620246 18
1726783203469 0.305597 18
1726783203562 0.208637 18
1726783203657 0.28429 18
1726783203750 0.176616 18
1726783203844 0.113579 18
1726783203939 0.342607 18
1726783204032 0.601294 18
1726783204125 0.221029 18
1726783204219 0.711371 24
1726783206230 0.08237 0
1726783206336 0.049598 0
1726783206438 0.082219 0
1726783206536 0.184705 0
1726783206632 0.105111 0
1726783206727 0.258607 0
1726783206823 0.061502 0
1726783206919 0.092652 0
1726783207017 0.672532 0
1726783207112 0.545878 0
1726783207207 0.089551 7
1726783207308 0.089981 7
1726783207404 0.175591 7
1726783207500 0.098128 7
1726783207594 0.069723 7
1726783207689 0.040386 7
1726783207783 0.153699 7
1726783207878 0.103385 7
1726783207973 0.232422 7
1726783208072 1.165492 7
1726783208168 0.427071 14
1726783208265 0.232365 14
1726783208361 0.209399 14
1726783208463 1.199784 14
1726783208559 0.169283 14
1726783208657 0.418073 14
1726783208757 0.164742 14
1726783208856 0.931508 14
1726783208951 0.266445 14
1726783209047 0.282018 14
1726783209144 0.283853 21
1726783209242 1.610162 21
1726783209337 0.293809 21
1726783209434 0.200671 21
1726783209527 0.288468 21
1726783209621 0.16796 21
1726783209715 0.1254 21
1726783209810 0.307548 21
1726783209904 0.568466 21
1726783209998 0.218494 21
1726783210094 0.638771 28
1726783212124 0.069397 0
1726783212230 0.049062 0
1726783212330 0.083187 0
1726783212425 0.180937 0
1726783212523 0.090219 0
1726783212622 0.269303 0
1726783212717 0.056888 0
1726783212811 0.096604 0
1726783212905 0.59283 0
1726783213000 0.52035 0
1726783213095 0.099371 8
1726783213195 0.073763 8
1726783213290 0.140169 8
1726783213385 0.101529 8
1726783213478 0.069823 8
1726783213573 0.037251 8
1726783213666 0.124743 8
1726783213758 0.126517 8
1726783213852 0.232794 8
1726783213945 1.230297 8
1726783214038 0.426406 16
1726783214132 0.235658 16
1726783214225 0.215386 16
1726783214318 1.203199 16
1726783214414 0.166374 16
1726783214510 0.402129 16
1726783214613 0.178683 16
1726783214710 0.92459 16
1726783214806 0.25532 16
1726783214899 0.298286 16
1726783214994 0.271358 24
1726783215087 1.667331 24
1726783215181 0.296535 24
1726783215277 0.184803 24
1726783215373 0.301474 24
1726783215466 0.184926 24
1726783215560 0.125596 24
1726783215652 0.296376 24
1726783215758 0.591959 24
1726783215860 0.208821 24
1726783215955 0.633971 32
1726783217936 0.075859 0
1726783218043 0.04936 0
1726783218137 0.090658 0
1726783218231 0.183206 0
1726783218325 0.094436 0
1726783218420 0.25756 0
1726783218516 0.06178 0
1726783218610 0.090888 0
1726783218712 0.622543 0
1726783218807 0.523554 0
1726783218902 0.110548 9
1726783219003 0.070848 9
1726783219098 0.135185 9
1726783219196 0.099831 9
1726783219294 0.069936 9
1726783219390 0.037793 9
1726783219484 0.120557 9
1726783219579 0.114797 9
1726783219677 0.222635 9
1726783219773 1.202295 9
1726783219867 0.417348 18
1726783219962 0.231782 18
1726783220054 0.210517 18
1726783220148 1.165628 18
1726783220241 0.161167 18
1726783220334 0.403867 18
1726783220431 0.163995 18
1726783220525 0.892755 18
1726783220618 0.256391 18
1726783220715 0.281816 18
1726783220817 0.275451 27
1726783220912 1.657957 27
1726783221007 0.311276 27
1726783221101 0.198095 27
1726783221196 0.291216 27
1726783221290 0.19054 27
1726783221384 0.129326 27
1726783221478 0.297793 27
1726783221571 0.562083 27
1726783221669 0.203699 27
1726783221765 0.645667 36
1726783223770 0.067575 0
1726783223870 0.048885 0
1726783223965 0.083684 0
1726783224058 0.187401 0
1726783224151 0.087685 0
1726783224245 0.25397 0
1726783224340 0.05706 0
1726783224438 0.093211 0
1726783224534 0.604771 0
1726783224628 0.512771 0
1726783224724 0.103884 10
1726783224832 0.073433 10
1726783224928 0.139259 10
1726783225026 0.100148 10
1726783225120 0.06852 10
1726783225216 0.035112 10
1726783225311 0.116497 10
1726783225406 0.123949 10
1726783225501 0.222405 10
1726783225596 1.211423 10
1726783225690 0.422786 20
1726783225783 0.230491 20
1726783225880 0.21273 20
1726783225974 1.143918 20
1726783226069 0.162977 20
1726783226171 0.398559 20
1726783226267 0.158916 20
1726783226362 0.888778 20
1726783226455 0.258856 20
1726783226549 0.303962 20
1726783226642 0.271959 30
1726783226735 1.646375 30
1726783226829 0.326256 30
1726783226931 0.191227 30
1726783227025 0.277984 30
1726783227118 0.180188 30
1726783227215 0.129859 30
1726783227312 0.290173 30
1726783227406 0.56386 30
1726783227501 0.19988 30
1726783227595 0.631512 40
