1726822699848 0.312506 0
1726822699986 0.166125 0
1726822700114 0.14713 0
1726822700239 0.179543 0
1726822700366 0.042571 0
1726822700499 0.190213 0
1726822700629 0.153627 0
1726822700765 0.054729 0
1726822700895 0.248724 0
1726822701020 0.18319 0
1726822701141 0.136234 1
1726822701259 0.111295 1
1726822701382 0.15277 1
1726822701511 0.520984 1
1726822701647 0.257876 1
1726822701791 0.444978 1
1726822701928 0.241083 1
1726822702058 0.118137 1
1726822702182 0.10288 1
1726822702310 0.306455 1
1726822702441 0.269736 2
1726822702581 0.044325 2
1726822702721 0.306997 2
1726822702858 0.058918 2
1726822702992 0.063913 2
1726822703119 0.195185 2
1726822703235 0.076995 2
1726822703353 0.136746 2
1726822703473 0.209205 2
1726822703605 0.054804 2
1726822703744 0.313511 3
1726822703882 0.10476 3
1726822704016 0.194329 3
1726822704167 0.138413 3
1726822704329 0.097604 3
1726822704485 0.119551 3
1726822704635 0.178924 3
1726822704786 0.232766 3
1726822704935 0.092218 3
1726822705081 0.058549 3
1726822705236 0.382972 4
1726822705387 0.15719 4
1726822705538 0.153446 4
1726822705683 0.021927 4
1726822705816 0.174678 4
1726822705946 0.203304 4
1726822706080 0.204032 4
1726822706214 0.056563 4
1726822706345 0.063686 4
1726822712486 0.079555 0
1726822712622 0.100701 0
1726822712754 0.039452 0
1726822712892 0.055618 0
1726822713034 0.042951 0
1726822713174 0.122351 0
1726822713306 0.073138 0
1726822713444 0.039145 0
1726822713590 0.184152 0
1726822713747 0.129805 0
1726822713898 0.079508 2
1726822714041 0.070773 2
1726822714181 0.109447 2
1726822714318 0.380754 2
1726822714452 0.153113 2
1726822714587 0.191818 2
1726822714720 0.149756 2
1726822714852 0.08963 2
1726822714987 0.094381 2
1726822715136 0.206424 2
1726822715275 0.090431 4
1726822715411 0.032903 4
1726822715544 0.292913 4
1726822715673 0.054499 4
1726822715804 0.040935 4
1726822715934 0.116146 4
1726822716069 0.06687 4
1726822716199 0.121291 4
1726822716328 0.194882 4
1726822716464 0.03419 4
1726822716602 0.255611 6
1726822716743 0.084819 6
1726822716886 0.150121 6
1726822717045 0.167106 6
1726822717240 0.04844 6
1726822717412 0.118498 6
1726822717568 0.129987 6
1726822717720 0.127278 6
1726822717871 0.06868 6
1726822718023 0.043049 6
1726822718162 0.395693 8
1726822718296 0.153861 8
1726822718436 0.114069 8
1726822718576 0.020265 8
1726822718708 0.166096 8
1726822718841 0.217833 8
1726822718972 0.216099 8
1726822719117 0.048649 8
1726822719289 0.062798 8
1726822725368 0.063645 0
1726822725510 0.053873 0
1726822725634 0.040509 0
1726822725757 0.046688 0
1726822725880 0.04196 0
1726822726003 0.10411 0
1726822726124 0.089697 0
1726822726246 0.038701 0
1726822726372 0.166964 0
1726822726507 0.10348 0
1726822726645 0.078891 3
1726822726783 0.064638 3
1726822726912 0.109867 3
1726822727039 0.39898 3
1726822727171 0.157223 3
1726822727301 0.134231 3
1726822727426 0.147734 3
1726822727543 0.098876 3
1726822727660 0.084602 3
1726822727775 0.186955 3
1726822727890 0.073483 6
1726822728016 0.024666 6
1726822728155 0.2777 6
1726822728292 0.058178 6
1726822728418 0.03562 6
1726822728536 0.087291 6
1726822728655 0.057121 6
1726822728779 0.125004 6
1726822728906 0.192955 6
1726822729042 0.028426 6
1726822729181 0.249851 9
1726822729326 0.089716 9
1726822729461 0.109874 9
1726822729591 0.176106 9
1726822729716 0.041647 9
1726822729839 0.113845 9
1726822729975 0.113668 9
1726822730121 0.114317 9
1726822730260 0.073176 9
1726822730395 0.034258 9
1726822730534 0.424257 12
1726822730692 0.157468 12
1726822730869 0.097402 12
1726822731041 0.010848 12
1726822731211 0.159041 12
1726822731367 0.204636 12
1726822731511 0.225851 12
1726822731645 0.052633 12
1726822731772 0.05492 12
1726822737776 0.134966 0
1726822737908 0.053085 0
1726822738042 0.042436 0
1726822738175 0.061618 0
1726822738298 0.044566 0
1726822738421 0.092674 0
1726822738559 0.085938 0
1726822738704 0.036353 0
1726822738856 0.154194 0
1726822739013 0.089261 0
1726822739153 0.072272 4
1726822739281 0.063734 4
1726822739401 0.096768 4
1726822739519 0.375669 4
1726822739635 0.130172 4
1726822739752 0.11595 4
1726822739871 0.139246 4
1726822739993 0.097476 4
1726822740126 0.092275 4
1726822740269 0.186608 4
1726822740428 0.064697 8
1726822740588 0.022499 8
1726822740724 0.260695 8
1726822740844 0.057534 8
1726822740965 0.030866 8
1726822741084 0.075707 8
1726822741209 0.045604 8
1726822741346 0.128237 8
1726822741496 0.198883 8
1726822741644 0.025978 8
1726822741786 0.234739 12
1726822741929 0.087099 12
1726822742081 0.112852 12
1726822742256 0.162386 12
1726822742437 0.043872 12
1726822742608 0.123025 12
1726822742776 0.097323 12
1726822742936 0.12564 12
1726822743106 0.070625 12
1726822743286 0.031352 12
1726822743464 0.414171 16
1726822743624 0.137824 16
1726822743775 0.088685 16
1726822743914 0.011207 16
1726822744050 0.142628 16
1726822744189 0.211883 16
1726822744328 0.211298 16
1726822744463 0.059518 16
1726822744601 0.05635 16
1726822750613 0.137268 0
1726822750744 0.045376 0
1726822750884 0.044006 0
1726822751036 0.042826 0
1726822751184 0.046973 0
1726822751323 0.09714 0
1726822751457 0.065152 0
1726822751591 0.041685 0
1726822751721 0.16816 0
1726822751852 0.098284 0
1726822751984 0.078874 5
1726822752120 0.067826 5
1726822752255 0.087817 5
1726822752393 0.340786 5
1726822752529 0.11805 5
1726822752668 0.118281 5
1726822752812 0.138752 5
1726822752971 0.098929 5
1726822753138 0.09568 5
1726822753285 0.182119 5
1726822753425 0.049597 10
1726822753558 0.019367 10
1726822753694 0.279521 10
1726822753831 0.057441 10
1726822753971 0.028233 10
1726822754115 0.082373 10
1726822754258 0.054609 10
1726822754390 0.129036 10
1726822754523 0.202662 10
1726822754664 0.02614 10
1726822754805 0.229045 15
1726822754944 0.082499 15
1726822755085 0.134524 15
1726822755232 0.164355 15
1726822755387 0.040668 15
1726822755546 0.122449 15
1726822755705 0.119998 15
1726822755871 0.083867 15
1726822756050 0.078146 15
1726822756230 0.032196 15
1726822756412 0.397125 20
1726822756601 0.209841 20
1726822756757 0.088343 20
1726822756903 0.009181 20
1726822757043 0.150867 20
1726822757184 0.216247 20
1726822757340 0.206388 20
1726822757524 0.047936 20
1726822757722 0.063828 20
