1726747196964 0.422614 0
1726747197084 1.32991 0
1726747197200 0.638637 0
1726747197305 0.4404 0
1726747197391 0.552492 0
1726747197477 1.214373 0
1726747197570 0.294032 0
1726747197664 0.297054 0
1726747197760 0.214563 0
1726747197857 0.403773 0
1726747197968 0.556094 1
1726747198082 0.253147 1
1726747198189 0.372497 1
1726747198295 0.343638 1
1726747198403 1.392621 1
1726747198500 2.966249 1
1726747198591 0.634798 1
1726747198683 0.265883 1
1726747198774 0.661554 1
1726747198866 0.608513 1
1726747198961 0.392121 2
1726747199067 0.549916 2
1726747199168 0.320768 2
1726747199264 0.425107 2
1726747199354 0.956051 2
1726747199445 0.365653 2
1726747199536 0.228303 2
1726747202187 0.477314 0
1726747202303 1.080852 0
1726747202394 0.591417 0
1726747202494 0.383123 0
1726747202595 0.543555 0
1726747202696 1.039784 0
1726747202787 0.210061 0
1726747202876 0.292174 0
1726747202966 0.226042 0
1726747203050 0.368485 0
1726747203136 0.54591 2
1726747203220 0.259781 2
1726747203314 0.328824 2
1726747203413 0.297254 2
1726747203516 0.751073 2
1726747203613 2.31342 2
1726747203712 0.645825 2
1726747203811 0.250956 2
1726747203916 0.661386 2
1726747204017 0.602385 2
1726747204111 0.399114 4
1726747204204 0.505008 4
1726747204293 0.319624 4
1726747204379 0.409629 4
1726747204467 0.999167 4
1726747204553 0.351179 4
1726747204641 0.210944 4
1726747207143 0.373807 0
1726747207256 1.041398 0
1726747207344 0.611008 0
1726747207430 0.340756 0
1726747207524 0.556626 0
1726747207628 0.930773 0
1726747207748 0.204108 0
1726747207877 0.280981 0
1726747208007 0.227737 0
1726747208112 0.326402 0
1726747208203 0.546031 3
1726747208295 0.25922 3
1726747208391 0.314643 3
1726747208484 0.287467 3
1726747208576 0.676514 3
1726747208676 2.382884 3
1726747208779 0.653153 3
1726747208875 0.25181 3
1726747208972 0.669 3
1726747209071 0.612675 3
1726747209172 0.397775 6
1726747209281 0.510408 6
1726747209385 0.316714 6
1726747209484 0.414355 6
1726747209582 0.999421 6
1726747209682 0.361855 6
1726747209783 0.191554 6
1726747212202 0.381096 0
1726747212293 0.995989 0
1726747212388 0.624799 0
1726747212486 0.335745 0
1726747212586 0.560621 0
1726747212690 0.882502 0
1726747212793 0.210031 0
1726747212894 0.278838 0
1726747212994 0.226728 0
1726747213103 0.318131 0
1726747213214 0.539121 4
1726747213341 0.26424 4
1726747213487 0.313651 4
1726747213616 0.272266 4
1726747213738 0.657269 4
1726747213843 2.378781 4
1726747213946 0.66155 4
1726747214047 0.249015 4
1726747214149 0.664415 4
1726747214255 0.607616 4
1726747214354 0.400902 8
1726747214457 0.496882 8
1726747214562 0.306878 8
1726747214673 0.419523 8
1726747214800 1.029756 8
1726747214939 0.369928 8
1726747215125 0.183229 8
1726747217841 0.36875 0
1726747217965 1.00483 0
1726747218072 0.601873 0
1726747218178 0.335317 0
1726747218291 0.549983 0
1726747218401 0.869646 0
1726747218502 0.225988 0
1726747218599 0.274645 0
1726747218711 0.224082 0
1726747218821 0.327561 0
1726747218931 0.541593 5
1726747219036 0.27398 5
1726747219141 0.317827 5
1726747219247 0.265601 5
1726747219350 0.62244 5
1726747219447 2.310898 5
1726747219546 0.649907 5
1726747219647 0.25127 5
1726747219747 0.660175 5
1726747219850 0.590834 5
1726747219946 0.375212 10
1726747220041 0.484592 10
1726747220132 0.309447 10
1726747220234 0.410218 10
1726747220340 0.971453 10
1726747220443 0.368744 10
1726747220547 0.17472 10
1726747223179 0.392707 0
1726747223322 0.993783 0
1726747223414 0.607389 0
1726747223509 0.335859 0
1726747223603 0.541961 0
1726747223700 0.842665 0
1726747223803 0.228398 0
1726747223910 0.27555 0
1726747224009 0.219831 0
1726747224102 0.322921 0
1726747224194 0.533028 6
1726747224290 0.281288 6
1726747224388 0.310828 6
1726747224486 0.256753 6
1726747224584 0.616576 6
1726747224684 2.329445 6
1726747224777 0.652954 6
1726747224866 0.257802 6
1726747224959 0.661858 6
1726747225044 0.584229 6
1726747225133 0.381062 12
1726747225222 0.468263 12
1726747225317 0.299752 12
1726747225413 0.422914 12
1726747225514 0.985483 12
1726747225618 0.376728 12
1726747225716 0.165868 12
