1727093994577 228.001999 0
1727093994675 5.525714 0
1727093994774 4.913486 0
1727093994863 22.046196 0
1727093994951 326.319733 0
1727093995048 25.053514 0
1727093995137 42.921295 0
1727093995228 10.866571 0
1727093995317 269.672974 0
1727093995406 16.740852 0
1727093995498 11.639842 1
1727093995588 30.864561 1
1727093995679 17.321928 1
1727093996201 4.07855 0
1727093996299 5.51053 0
1727093996392 7.55109 0
1727093996479 22.403147 0
1727093996566 21.480448 0
1727093996655 29.034157 0
1727093996747 21.709736 0
1727093996835 2.761601 0
1727093996922 4.818417 0
1727093997011 2.993195 0
1727093997101 2.050136 2
1727093997192 4.239412 2
1727093997284 2.261896 2
1727093997819 2.373342 0
1727093997911 2.859473 0
1727093997999 2.626528 0
1727093998089 5.819775 0
1727093998185 6.332323 0
1727093998275 3.216709 0
1727093998367 4.907344 0
1727093998457 4.649847 0
1727093998546 2.359375 0
1727093998634 19.402023 0
1727093998729 13.505214 3
1727093998819 7.415009 3
1727093998908 1.472103 3
1727093999435 28.89296 0
1727093999522 4.027384 0
1727093999610 3.562256 0
1727093999698 460.380493 0
1727093999786 4.218229 0
1727093999875 2.931306 0
1727093999963 4.242743 0
1727094000051 1.664104 0
1727094000142 2.81707 0
1727094000234 5.929335 0
1727094000321 2.467395 4
1727094000413 2.391613 4
1727094000504 2.006771 4
1727094001021 2.366285 0
1727094001112 6.885537 0
1727094001205 6.15496 0
1727094001295 5.079919 0
1727094001382 2.76326 0
1727094001470 2.221078 0
1727094001557 2.895036 0
1727094001647 1.677573 0
1727094001736 2.923259 0
1727094001824 280.876129 0
1727094001912 1.712962 5
1727094001997 1.737973 5
1727094002084 1.508777 5
1727094002617 2.339908 0
1727094002708 3.769449 0
1727094002796 7.85727 0
1727094002884 2.747303 0
1727094002971 17.574509 0
1727094003062 2.749393 0
1727094003151 4.181006 0
1727094003242 4.271159 0
1727094003332 3.203864 0
1727094003422 3.112452 0
1727094003511 1.251411 6
1727094003599 1.54584 6
1727094003688 6.899122 6
