1726897741711 0.447493 0
1726897741852 0.347162 0
1726897741993 1.07408 0
1726897742136 2.548314 0
1726897742277 0.21972 0
1726897742417 0.334534 0
1726897742559 0.194167 0
1726897742702 0.18705 0
1726897742844 1.597299 0
1726897742986 2.039431 0
1726897743127 1.152757 1
1726897744214 0.200888 0
1726897744356 0.13923 0
1726897744497 0.666756 0
1726897744641 1.395244 0
1726897744785 0.178767 0
1726897744926 0.208678 0
1726897745067 0.198875 0
1726897745208 0.250231 0
1726897745348 0.687259 0
1726897745488 0.898517 0
1726897745629 0.651835 2
1726897746533 0.192389 0
1726897746677 0.098962 0
1726897746819 0.503422 0
1726897746959 0.863487 0
1726897747100 0.235507 0
1726897747239 0.18518 0
1726897747379 0.144715 0
1726897747520 0.176071 0
1726897747660 0.697405 0
1726897747801 0.906439 0
1726897747941 0.614074 3
1726897748866 0.198067 0
1726897749008 0.079327 0
1726897749148 0.460855 0
1726897749288 0.721168 0
1726897749442 0.163636 0
1726897749583 0.168406 0
1726897749725 0.120203 0
1726897749865 0.174593 0
1726897750006 0.65575 0
1726897750147 0.877397 0
1726897750288 0.577145 4
1726897751234 0.235724 0
1726897751382 0.070579 0
1726897751522 0.498808 0
1726897751663 0.675404 0
1726897751804 0.173383 0
1726897751945 0.163096 0
1726897752088 0.119251 0
1726897752229 0.17444 0
1726897752369 0.655539 0
1726897752510 0.840516 0
1726897752650 0.582332 5
1726897753577 0.206149 0
1726897753721 0.063904 0
1726897753862 0.479116 0
1726897754003 0.652909 0
1726897754143 0.169255 0
1726897754283 0.163892 0
1726897754423 0.117035 0
1726897754563 0.165867 0
1726897754704 0.651649 0
1726897754848 0.856528 0
1726897754989 0.562128 6
1726897755904 0.204528 0
1726897756046 0.062076 0
1726897756185 0.483762 0
1726897756326 0.613232 0
1726897756465 0.168169 0
1726897756605 0.163548 0
1726897756746 0.110255 0
1726897756888 0.163422 0
1726897757031 0.653762 0
1726897757178 0.842565 0
1726897757318 0.560862 7
1726897758239 0.202862 0
1726897758379 0.062453 0
1726897758519 0.492948 0
1726897758659 0.603598 0
1726897758798 0.17172 0
1726897758942 0.164281 0
1726897759084 0.112896 0
1726897759225 0.165433 0
1726897759365 0.64785 0
1726897759505 0.827367 0
1726897759646 0.553437 8
1726897760568 0.195004 0
1726897760710 0.063581 0
1726897760850 0.484352 0
1726897760990 0.586522 0
1726897761131 0.169591 0
1726897761271 0.16682 0
1726897761412 0.109014 0
1726897761551 0.160353 0
1726897761691 0.666953 0
1726897761831 0.834559 0
1726897761972 0.551261 9
1726897762888 0.198516 0
1726897763031 0.061749 0
1726897763173 0.487832 0
1726897763313 0.571692 0
1726897763454 0.169275 0
1726897763594 0.163148 0
1726897763733 0.11091 0
1726897763873 0.163359 0
1726897764014 0.64222 0
1726897764155 0.829013 0
1726897764296 0.557579 10
