1726897741722 5.516582 0
1726897741863 34.48856 0
1726897742003 14.994319 0
1726897742147 31.160347 0
1726897742287 4.519092 0
1726897742427 4.762105 0
1726897742570 10.74139 0
1726897742714 10.041884 0
1726897742855 7.826953 0
1726897742996 13.63553 0
1726897743138 2.076557 1
1726897744225 1.78519 0
1726897744367 5.57538 0
1726897744509 12.529673 0
1726897744652 2.377655 0
1726897744796 2.307816 0
1726897744936 6.304711 0
1726897745078 2.99668 0
1726897745218 4.888099 0
1726897745359 1.353316 0
1726897745499 1.544983 0
1726897745640 1.437486 2
1726897746544 2.081205 0
1726897746688 5.825569 0
1726897746830 3.170363 0
1726897746970 0.978887 0
1726897747110 12.544025 0
1726897747250 4.406798 0
1726897747390 1.72777 0
1726897747530 2.356426 0
1726897747671 1.468056 0
1726897747812 1.197841 0
1726897747952 0.768303 3
1726897748877 1.609681 0
1726897749018 3.072133 0
1726897749159 2.171538 0
1726897749310 0.843336 0
1726897749452 2.435864 0
1726897749595 16.98975 0
1726897749735 3.224434 0
1726897749876 5.561602 0
1726897750017 1.644145 0
1726897750158 0.788173 0
1726897750299 1.52361 4
1726897751245 2.995701 0
1726897751393 0.589332 0
1726897751533 4.848278 0
1726897751674 0.890954 0
1726897751815 2.586343 0
1726897751957 3.149057 0
1726897752099 2.761575 0
1726897752240 5.849199 0
1726897752380 2.626325 0
1726897752520 0.770874 0
1726897752661 1.317481 5
1726897753587 2.449511 0
1726897753732 1.47532 0
1726897753872 2.122315 0
1726897754013 1.080847 0
1726897754154 2.162354 0
1726897754294 2.72233 0
1726897754433 2.118139 0
1726897754575 2.71336 0
1726897754715 1.021206 0
1726897754859 0.722034 0
1726897755000 6.683575 6
1726897755914 2.930767 0
1726897756056 0.916305 0
1726897756196 6.060987 0
1726897756336 1.021906 0
1726897756475 2.462571 0
1726897756615 4.688529 0
1726897756756 2.207404 0
1726897756899 2.354743 0
1726897757043 1.171178 0
1726897757188 0.81451 0
1726897757329 0.896168 7
1726897758249 2.171711 0
1726897758389 1.293967 0
1726897758529 2.503124 0
1726897758669 0.809327 0
1726897758809 4.907862 0
1726897758953 3.474223 0
1726897759095 1.554461 0
1726897759235 9.217975 0
1726897759375 0.974966 0
1726897759516 0.749939 0
1726897759656 5.055537 8
1726897760578 1.679688 0
1726897760720 0.660899 0
1726897760860 2.686152 0
1726897761001 1.148301 0
1726897761141 2.713534 0
1726897761282 5.349408 0
1726897761422 1.638335 0
1726897761562 3.504098 0
1726897761702 1.135901 0
1726897761842 0.701206 0
1726897761982 0.787442 9
1726897762899 1.920385 0
1726897763042 0.661983 0
1726897763184 1.73558 0
1726897763324 0.678067 0
1726897763464 5.840173 0
1726897763604 3.669662 0
1726897763744 2.097785 0
1726897763883 6.251371 0
1726897764025 1.789993 0
1726897764166 0.708202 0
1726897764306 1.209431 10
