1726792672997 39.918243 0
1726792673093 1.740777 0
1726792673189 7.162353 0
1726792673285 1.451662 0
1726792673379 3.323916 0
1726792673475 8.844667 0
1726792673572 0.516085 0
1726792673672 6.134578 0
1726792673768 1.258051 0
1726792673864 0.926723 0
1726792673959 2.480515 1
1726792674055 2.402986 1
1726792674150 1.214397 1
1726792674249 3.336483 1
1726792674348 0.63928 1
1726792674447 9.20832 1
1726792674544 4.641533 1
1726792674641 11.434597 1
1726792674737 6.802697 1
1726792674838 3.953488 1
1726792674939 2.143526 2
1726792675035 7.210596 2
1726792675131 1.898284 2
1726792675228 1.511711 2
1726792675323 31.057005 2
1726792675419 8.799185 2
1726792675513 4.249021 2
1726792676822 1.166013 0
1726792676926 2.775209 0
1726792677021 1.985534 0
1726792677117 4.028774 0
1726792677214 3.565439 0
1726792677310 12.102089 0
1726792677408 0.526561 0
1726792677504 9.091804 0
1726792677598 1.409968 0
1726792677692 2.337358 0
1726792677785 2.320045 2
1726792677879 3.394756 2
1726792677973 1.287224 2
1726792678069 3.331843 2
1726792678165 1.429568 2
1726792678260 3.519716 2
1726792678355 6.544446 2
1726792678449 8.479385 2
1726792678547 4.169153 2
1726792678644 4.233026 2
1726792678743 1.883401 4
1726792678839 1.963768 4
1726792678940 2.11406 4
1726792679036 15.76614 4
1726792679133 2.136892 4
1726792679231 9.225491 4
1726792679330 8.441023 4
1726792680556 1.456975 0
1726792680653 2.785396 0
1726792680749 1.225608 0
1726792680846 3.257931 0
1726792680943 3.371182 0
1726792681045 4.006336 0
1726792681143 0.445873 0
1726792681240 1.296633 0
1726792681335 4.695181 0
1726792681433 2.663087 0
1726792681531 3.358452 3
1726792681627 2.256562 3
1726792681729 1.368368 3
1726792681826 3.094925 3
1726792681923 0.804355 3
1726792682019 3.439956 3
1726792682114 7.468977 3
1726792682211 4.011708 3
1726792682307 6.57281 3
1726792682402 12.909704 3
1726792682497 2.992827 6
1726792682593 1.37001 6
1726792682690 1.961449 6
1726792682787 6.062771 6
1726792682883 2.269835 6
1726792682978 20.263565 6
1726792683086 18.130606 6
1726792684394 5.712169 0
1726792684490 2.262422 0
1726792684584 1.389286 0
1726792684680 2.005503 0
1726792684776 2.454854 0
1726792684871 6.433089 0
1726792684967 0.443745 0
1726792685068 1.553439 0
1726792685165 1.332306 0
1726792685262 1.934803 0
1726792685357 3.321845 4
1726792685456 4.062938 4
1726792685552 1.172726 4
1726792685647 3.607162 4
1726792685741 0.594977 4
1726792685839 3.501114 4
1726792685936 50.783913 4
1726792686031 2.140823 4
1726792686127 4.56392 4
1726792686223 5.769276 4
1726792686318 43.685493 8
1726792686414 1.05291 8
1726792686510 1.745509 8
1726792686605 3.098492 8
1726792686699 2.560224 8
1726792686793 6.349008 8
1726792686888 7.892533 8
1726792688164 2.797292 0
1726792688260 3.676401 0
1726792688355 1.210468 0
1726792688450 5.747532 0
1726792688544 4.445881 0
1726792688638 2.656165 0
1726792688738 0.448449 0
1726792688834 5.018076 0
1726792688930 0.812852 0
1726792689025 1.26718 0
1726792689119 2.238804 5
1726792689223 10.388968 5
1726792689319 0.946823 5
1726792689414 1.899286 5
1726792689510 0.641242 5
1726792689603 16.630253 5
1726792689697 5.134414 5
1726792689793 2.407138 5
1726792689887 3.672756 5
1726792689982 3.960442 5
1726792690076 2.401799 10
1726792690171 1.064772 10
1726792690266 2.718219 10
1726792690361 1.662673 10
1726792690456 2.189547 10
1726792690551 9.040379 10
1726792690645 16.46133 10
