1727127691223 0.977858 0
1727127691347 0.238057 0
1727127691477 0.191599 0
1727127691609 0.173524 0
1727127691739 0.31084 0
1727127691871 0.066633 0
1727127692002 0.042838 0
1727127692650 0.104709 0
1727127692776 0.085754 0
1727127692907 0.149002 0
1727127693038 0.108087 0
1727127693168 0.056523 0
1727127693300 0.065145 0
1727127693433 0.125916 0
1727127694047 0.35132 0
1727127694176 0.090631 0
1727127694313 0.155231 0
1727127694443 0.078169 0
1727127694574 0.066418 0
1727127694705 0.052772 0
1727127694835 0.05754 0
1727127695428 0.131795 0
1727127695549 0.147479 0
1727127695680 0.168873 0
1727127695810 0.153613 0
1727127695942 0.094053 0
1727127696072 0.043156 0
1727127696205 0.039295 0
1727127696847 0.119238 0
1727127696972 0.09653 0
1727127697102 0.133552 0
1727127697233 0.067349 0
1727127697364 0.041474 0
1727127697496 0.045665 0
1727127697627 0.141221 0
1727127698312 0.03084 0
1727127698436 0.07997 0
1727127698566 0.079467 0
1727127698699 0.050277 0
1727127698830 0.048447 0
1727127698962 0.050607 0
1727127699092 0.036269 0
