1726912724367 1.841442 0
1726912724513 0.23869 0
1726912724656 4.326327 0
1726912725264 1.377311 0
1726912725415 0.23037 0
1726912725567 3.044216 0
1726912725998 1.079745 0
1726912726147 0.236869 0
1726912726293 2.168227 0
1726912726750 0.878558 0
1726912726896 0.228175 0
1726912727041 1.614083 0
1726912727465 0.742353 0
1726912727616 0.219928 0
1726912727762 1.322976 0
1726912728189 0.64509 0
1726912728337 0.21386 0
1726912728480 1.160718 0
1726912728916 0.59953 0
1726912729062 0.209231 0
1726912729205 1.061986 0
1726912729642 0.56225 0
1726912729788 0.211719 0
1726912729932 1.00991 0
1726912730357 0.544238 0
1726912730503 0.209273 0
1726912730647 0.9604 0
1726912731074 0.560413 0
1726912731223 0.209118 0
1726912731367 0.938441 0
