1726912724354 0.0 0
1726912724500 10.0 0
1726912724643 20.0 0
1726912725251 0.0 0
1726912725403 10.0 0
1726912725554 20.0 0
1726912725985 0.0 0
1726912726133 10.0 0
1726912726280 20.0 0
1726912726737 0.0 0
1726912726883 10.0 0
1726912727028 20.0 0
1726912727451 0.0 0
1726912727603 10.0 0
1726912727749 20.0 0
1726912728176 0.0 0
1726912728324 10.0 0
1726912728468 20.0 0
1726912728902 0.0 0
1726912729050 10.0 0
1726912729193 20.0 0
1726912729628 0.0 0
1726912729775 10.0 0
1726912729920 20.0 0
1726912730344 0.0 0
1726912730491 10.0 0
1726912730633 20.0 0
1726912731061 0.0 0
1726912731210 10.0 0
1726912731354 20.0 0
