1726873338574 0.0 0
1726873338711 10.0 0
1726873338849 20.0 0
1726873338984 30.0 0
1726873339120 40.0 0
1726873339255 50.0 0
1726873339389 60.0 0
1726873339524 70.0 0
1726873339659 80.0 0
1726873339794 90.0 0
1726873340600 0.0 0
1726873340737 10.0 0
1726873340874 20.0 0
1726873341009 30.0 0
1726873341144 40.0 0
1726873341280 50.0 0
1726873341414 60.0 0
1726873341550 70.0 0
1726873341685 80.0 0
1726873341819 90.0 0
1726873342598 0.0 0
1726873342735 10.0 0
1726873342871 20.0 0
1726873343008 30.0 0
1726873343145 40.0 0
1726873343281 50.0 0
1726873343416 60.0 0
1726873343551 70.0 0
1726873343686 80.0 0
1726873343822 90.0 0
1726873344595 0.0 0
1726873344731 10.0 0
1726873344865 20.0 0
1726873345003 30.0 0
1726873345139 40.0 0
1726873345275 50.0 0
1726873345409 60.0 0
1726873345544 70.0 0
1726873345680 80.0 0
1726873345815 90.0 0
1726873346590 0.0 0
1726873346729 10.0 0
1726873346864 20.0 0
1726873347002 30.0 0
1726873347137 40.0 0
1726873347272 50.0 0
1726873347408 60.0 0
1726873347544 70.0 0
1726873347678 80.0 0
1726873347813 90.0 0
1726873348587 0.0 0
1726873348722 10.0 0
1726873348857 20.0 0
1726873348993 30.0 0
1726873349129 40.0 0
1726873349265 50.0 0
1726873349400 60.0 0
1726873349536 70.0 0
1726873349671 80.0 0
1726873349809 90.0 0
1726873350582 0.0 0
1726873350718 10.0 0
1726873350856 20.0 0
1726873350991 30.0 0
1726873351128 40.0 0
1726873351264 50.0 0
1726873351399 60.0 0
1726873351535 70.0 0
1726873351671 80.0 0
1726873351806 90.0 0
1726873352578 0.0 0
1726873352715 10.0 0
1726873352850 20.0 0
1726873352984 30.0 0
1726873353124 40.0 0
1726873353259 50.0 0
1726873353393 60.0 0
1726873353527 70.0 0
1726873353662 80.0 0
1726873353798 90.0 0
