1727271124859 0.402402 0
1727271124997 0.153287 0
1727271125128 1.411394 0
1727271125263 0.254454 0
1727271125395 0.151422 0
1727271125527 0.169101 0
1727271125658 0.235265 0
1727271125796 0.199773 0
1727271125925 0.081224 0
1727271126056 0.16379 0
1727271126189 0.052135 1
1727271126332 0.138996 1
1727271126498 0.434453 1
1727271126645 0.056106 1
1727271127394 0.403701 0
1727271127529 0.08996 0
1727271127667 1.117209 0
1727271127799 0.257367 0
1727271127941 0.144865 0
1727271128068 0.191405 0
1727271128205 0.241405 0
1727271128343 0.156697 0
1727271128477 0.07495 0
1727271128609 0.171329 0
1727271128731 0.037303 2
1727271128858 0.10163 2
1727271128987 0.26341 2
1727271129105 0.040482 2
1727271129797 0.628529 0
1727271129923 0.059347 0
1727271130047 0.961983 0
1727271130172 0.229668 0
1727271130304 0.151307 0
1727271130438 0.171795 0
1727271130581 0.231382 0
1727271130712 0.115645 0
1727271130849 0.097839 0
1727271130986 0.147435 0
1727271131117 0.023445 3
1727271131252 0.08064 3
1727271131383 0.276036 3
1727271131518 0.04881 3
1727271132224 0.298824 0
1727271132340 0.066011 0
1727271132471 0.694918 0
1727271132605 0.265962 0
1727271132743 0.153763 0
1727271132880 0.16294 0
1727271133004 0.234592 0
1727271133146 0.140375 0
1727271133288 0.102231 0
1727271133425 0.151332 0
1727271133562 0.026317 4
1727271133697 0.074791 4
1727271133831 0.19663 4
1727271133966 0.031182 4
