1726908550199 13.818431 0
1726908550341 5.928314 0
1726908550483 11.095593 0
1726908550625 10.894642 0
1726908550767 3.238375 0
1726908550908 12.652162 0
1726908551049 3.605489 0
1726908551190 3.705035 0
1726908551330 4.312769 0
1726908551471 4.431843 0
1726908551612 1.112402 1
1726908552563 0.64466 0
1726908552708 1.126921 0
1726908552850 3.796843 0
1726908552991 49.822334 0
1726908553133 1.71597 0
1726908553276 2.488328 0
1726908553417 1.857445 0
1726908553559 5.728254 0
1726908553702 2.357759 0
1726908553848 1.659667 0
1726908553990 2.918544 2
1726908554842 0.865125 0
1726908554985 3.096778 0
1726908555126 7.714337 0
1726908555267 4.044632 0
1726908555407 20.574646 0
1726908555548 4.58293 0
1726908555690 4.496985 0
1726908555836 2.631391 0
1726908555977 2.975377 0
1726908556118 1.51418 0
1726908556261 3.130636 3
1726908557133 2.928403 0
1726908557274 2.091658 0
1726908557416 5.358334 0
1726908557557 4.330918 0
1726908557698 9.486097 0
1726908557843 7.792372 0
1726908557990 2.173886 0
1726908558131 1.719965 0
1726908558273 3.684128 0
1726908558415 0.690254 0
1726908558557 3.513919 4
1726908559411 9.419188 0
1726908559553 1.157661 0
1726908559700 1.406095 0
1726908559842 3.523884 0
1726908559986 6.488902 0
1726908560127 3.538386 0
1726908560269 2.703749 0
1726908560413 0.877577 0
1726908560555 0.672657 0
1726908560697 1.54635 0
1726908560840 1.520173 5
1726908561691 1.735638 0
1726908561833 1.166016 0
1726908561978 5.215396 0
1726908562119 3.318911 0
1726908562261 3.893948 0
1726908562402 6.38337 0
1726908562544 8.099985 0
1726908562685 1.501922 0
1726908562827 0.78215 0
1726908562968 0.751615 0
1726908563109 0.81971 6
1726908563963 3.479895 0
1726908564109 5.326732 0
1726908564252 11.974411 0
1726908564395 5.192663 0
1726908564537 7.248633 0
1726908564679 3.085829 0
1726908564819 91.17691 0
1726908564960 2.42942 0
1726908565103 0.636526 0
1726908565244 2.221011 0
1726908565385 1.033302 7
1726908566264 0.767559 0
1726908566408 1.126429 0
1726908566549 2.463906 0
1726908566689 6.846195 0
1726908566830 2.392589 0
1726908566971 5.652399 0
1726908567112 5.328983 0
1726908567256 3.661637 0
1726908567396 2.175624 0
1726908567537 3.97905 0
1726908567678 1.05936 8
1726908568533 1.02182 0
1726908568676 1.418921 0
1726908568817 1.875164 0
1726908568958 8.084244 0
1726908569099 1.489315 0
1726908569242 2.749698 0
1726908569384 4.345562 0
1726908569526 7.673987 0
1726908569667 2.967 0
1726908569808 0.995814 0
1726908569949 1.396128 9
1726908570815 0.957924 0
1726908570957 3.572652 0
1726908571100 1.683821 0
1726908571241 5.084893 0
1726908571382 1.891393 0
1726908571523 2.368201 0
1726908571665 1.562247 0
1726908571807 2.250853 0
1726908571948 1.60477 0
1726908572089 2.176594 0
1726908572233 2.427159 10
