1727093308615 32.485779 0
1727093308711 10.446823 0
1727093308798 97.07074 0
1727093308888 82.18586 0
1727093308979 52.81459 0
1727093309068 48.088955 0
1727093309156 30.113644 0
1727093309245 14.508161 0
1727093309333 10.286161 0
1727093309421 6.710261 0
1727093309508 7.767449 1
1727093309596 5.723692 1
1727093309686 11.413701 1
1727093309774 8.650583 1
1727093309863 12.076025 1
1727093310506 4.036702 0
1727093310597 2.176687 0
1727093310686 3.759201 0
1727093310775 6.489053 0
1727093310866 15.477015 0
1727093310954 11.68454 0
1727093311044 3.682459 0
1727093311133 7.014042 0
1727093311222 16.404854 0
1727093311309 1.930857 0
1727093311398 1.258016 2
1727093311487 1.617229 2
1727093311575 10.896177 2
1727093311666 1.522223 2
1727093311757 3.534145 2
1727093312342 1.192232 0
1727093312434 1.075472 0
1727093312524 1.785978 0
1727093312614 10.373516 0
1727093312703 21.644867 0
1727093312792 12.638775 0
1727093312881 5.807674 0
1727093312972 3.374365 0
1727093313062 1.208939 0
1727093313155 1.462865 0
1727093313245 0.830282 3
1727093313334 1.276187 3
1727093313422 1.052388 3
1727093313514 1.223039 3
1727093313603 5.251104 3
1727093314259 1.385565 0
1727093314350 1.114147 0
1727093314438 2.245593 0
1727093314530 11.457326 0
1727093314623 15.810867 0
1727093314718 6.702779 0
1727093314809 2.382706 0
1727093314898 2.935254 0
1727093314988 23.361422 0
1727093315078 1.139475 0
1727093315165 1.25789 4
1727093315255 1.398098 4
1727093315343 2.252532 4
1727093315431 1.167196 4
1727093315519 2.24615 4
1727093316098 1.743596 0
1727093316191 1.838175 0
1727093316282 2.439951 0
1727093316372 6.797927 0
1727093316461 15.146788 0
1727093316551 6.614007 0
1727093316643 3.276922 0
1727093316733 2.539741 0
1727093316821 1.220771 0
1727093316909 1.140309 0
1727093317000 0.791048 5
1727093317089 1.755707 5
1727093317178 1.081938 5
1727093317269 0.786613 5
1727093317360 2.365753 5
1727093317945 2.638889 0
1727093318041 1.570853 0
1727093318131 4.447247 0
1727093318220 32.667503 0
1727093318313 10.095939 0
1727093318402 12.330975 0
1727093318496 3.249137 0
1727093318587 3.642214 0
1727093318681 1.136611 0
1727093318768 1.182455 0
1727093318857 1.247116 6
1727093318946 1.559547 6
1727093319035 2.52989 6
1727093319124 0.744555 6
1727093319213 2.690433 6
1727093319790 3.603315 0
1727093319884 2.913311 0
1727093319975 2.436611 0
1727093320067 5.750504 0
1727093320159 25.539057 0
1727093320247 8.705816 0
1727093320342 2.874947 0
1727093320431 8.885957 0
1727093320521 1.719712 0
1727093320610 1.202584 0
1727093320703 0.733362 7
1727093320793 1.437539 7
1727093320884 2.971512 7
1727093320975 0.79814 7
1727093321068 2.547567 7
1727093321654 2.486615 0
1727093321745 7.790719 0
1727093321835 2.556129 0
1727093321926 4.93698 0
1727093322018 84.702248 0
1727093322108 6.694813 0
1727093322197 2.628752 0
1727093322284 2.437305 0
1727093322377 2.10333 0
1727093322466 1.111168 0
1727093322555 0.816003 8
1727093322646 2.97536 8
1727093322744 1.611302 8
1727093322834 0.794955 8
1727093322927 2.698205 8
1727093323524 2.494786 0
1727093323616 2.080161 0
1727093323706 2.525399 0
1727093323795 7.336204 0
1727093323885 35.27573 0
1727093323972 5.594238 0
1727093324062 2.021533 0
1727093324152 2.389713 0
1727093324242 1.94699 0
1727093324333 1.068019 0
1727093324426 0.757584 9
1727093324516 1.930113 9
1727093324603 38.286568 9
1727093324692 0.807868 9
1727093324783 3.773137 9
1727093325365 2.091846 0
1727093325456 1.492066 0
1727093325548 2.78825 0
1727093325638 7.45679 0
1727093325725 13.265862 0
1727093325813 8.302279 0
1727093325901 2.146305 0
1727093325991 1.721428 0
1727093326085 1.445399 0
1727093326176 1.08735 0
1727093326265 0.756059 10
1727093326354 1.433554 10
1727093326448 1.03846 10
1727093326537 0.827078 10
1727093326627 64.722832 10
