1726854626562 0.709809 0
1726854626723 1.204767 0
1726854626883 0.903908 0
1726854627035 0.51247 0
1726854627183 0.794695 0
1726854627328 0.850485 0
1726854628218 0.169003 0
1726854628395 0.541825 0
1726854628566 0.172043 0
1726854628727 0.232533 0
1726854628876 0.447858 0
1726854629019 0.543821 0
1726854629731 0.17229 0
1726854629910 0.476754 0
1726854630085 0.194528 0
1726854630244 0.232126 0
1726854630391 0.389371 0
1726854630536 0.427262 0
1726854631250 0.158031 0
1726854631434 0.438415 0
1726854631614 0.150197 0
1726854631775 0.217077 0
1726854631927 0.350119 0
1726854632073 0.399166 0
1726854632753 0.152429 0
1726854632939 0.431834 0
1726854633098 0.129448 0
1726854633248 0.2122 0
1726854633391 0.335503 0
1726854633531 0.381527 0
1726854634209 0.150029 0
1726854634422 0.424051 0
1726854634646 0.126515 0
1726854634822 0.210686 0
1726854634973 0.330638 0
1726854635113 0.376688 0
1726854635727 0.148258 0
1726854635913 0.419517 0
1726854636065 0.122549 0
1726854636208 0.206308 0
1726854636347 0.3294 0
1726854636483 0.370287 0
1726854637155 0.143982 0
1726854637359 0.417354 0
1726854637515 0.123849 0
1726854637655 0.210137 0
1726854637790 0.329546 0
1726854637924 0.366059 0
1726854638617 0.148019 0
1726854638801 0.412961 0
1726854638974 0.12181 0
1726854639130 0.210588 0
1726854639280 0.32842 0
1726854639430 0.366247 0
1726854640187 0.144023 0
1726854640371 0.419499 0
1726854640538 0.126999 0
1726854640691 0.208061 0
1726854640840 0.32565 0
1726854640986 0.364524 0
