1726848740175 0.017594 0
1726848740350 0.004292 0
1726848740529 0.005579 0
1726848740715 0.000668 0
1726848740893 0.000933 0
1726848741089 0.000711 0
1726848741842 0.038207 0
1726848742002 0.00995 0
1726848742158 0.001725 0
1726848742311 0.000494 0
1726848742463 0.001199 0
1726848742612 0.000358 0
1726848743298 0.336465 0
1726848743480 0.00812 0
1726848743656 0.064877 0
1726848743819 0.009453 0
1726848743969 0.01864 0
1726848744110 0.009978 0
1726848744670 0.052214 0
1726848744848 0.024786 0
1726848745008 0.05895 0
1726848745160 0.125638 0
1726848745303 0.098904 0
1726848745438 0.00543 0
