1727096534931 0.0 0
1727096535037 10.0 0
1727096535142 20.0 0
1727096535246 30.0 0
1727096535352 40.0 0
1727096535460 50.0 0
1727096535571 60.0 0
1727096535673 70.0 0
1727096535776 80.0 0
1727096535882 90.0 0
1727096535988 100.0 1
1727096536094 110.0 1
1727096536201 120.0 1
1727096536308 130.0 1
1727096536414 140.0 1
1727096536522 150.0 1
1727096536626 160.0 1
1727096536734 170.0 1
1727096536835 180.0 1
1727096536937 190.0 1
1727096537039 200.0 2
1727096537142 210.0 2
1727096537250 220.0 2
1727096537352 230.0 2
1727096537453 240.0 2
1727096537553 250.0 2
1727096537653 260.0 2
1727096537765 270.0 2
1727096538844 0.0 0
1727096538946 10.0 0
1727096539045 20.0 0
1727096539151 30.0 0
1727096539252 40.0 0
1727096539353 50.0 0
1727096539455 60.0 0
1727096539560 70.0 0
1727096539663 80.0 0
1727096539764 90.0 0
1727096539864 100.0 2
1727096539969 110.0 2
1727096540072 120.0 2
1727096540171 130.0 2
1727096540272 140.0 2
1727096540371 150.0 2
1727096540469 160.0 2
1727096540570 170.0 2
1727096540670 180.0 2
1727096540779 190.0 2
1727096540894 200.0 4
1727096541010 210.0 4
1727096541124 220.0 4
1727096541234 230.0 4
1727096541345 240.0 4
1727096541450 250.0 4
1727096541554 260.0 4
1727096541663 270.0 4
1727096542889 0.0 0
1727096542994 10.0 0
1727096543104 20.0 0
1727096543216 30.0 0
1727096543322 40.0 0
1727096543431 50.0 0
1727096543538 60.0 0
1727096543642 70.0 0
1727096543747 80.0 0
1727096543855 90.0 0
1727096543959 100.0 3
1727096544066 110.0 3
1727096544173 120.0 3
1727096544275 130.0 3
1727096544378 140.0 3
1727096544481 150.0 3
1727096544580 160.0 3
1727096544689 170.0 3
1727096544794 180.0 3
1727096544903 190.0 3
1727096545011 200.0 6
1727096545118 210.0 6
1727096545221 220.0 6
1727096545326 230.0 6
1727096545439 240.0 6
1727096545544 250.0 6
1727096545650 260.0 6
1727096545756 270.0 6
1727096546847 0.0 0
1727096546965 10.0 0
1727096547096 20.0 0
1727096547205 30.0 0
1727096547317 40.0 0
1727096547433 50.0 0
1727096547544 60.0 0
1727096547655 70.0 0
1727096547765 80.0 0
1727096547875 90.0 0
1727096547990 100.0 4
1727096548101 110.0 4
1727096548211 120.0 4
1727096548315 130.0 4
1727096548421 140.0 4
1727096548526 150.0 4
1727096548631 160.0 4
1727096548733 170.0 4
1727096548833 180.0 4
1727096548933 190.0 4
1727096549035 200.0 8
1727096549142 210.0 8
1727096549242 220.0 8
1727096549344 230.0 8
1727096549444 240.0 8
1727096549544 250.0 8
1727096549646 260.0 8
1727096549749 270.0 8
