1726812659178 1.0 0
1726812659277 1.0 0
1726812659382 1.0 0
1726812659485 1.0 0
1726812659588 1.0 0
1726812659690 1.0 0
1726812659791 1.0 0
1726812659892 1.0 0
1726812659992 1.0 0
1726812660091 1.0 0
1726812660196 1.0 1
1726812660300 1.0 1
1726812660402 1.0 1
1726812660506 1.0 1
1726812660608 1.0 1
1726812660707 1.0 1
1726812660806 1.0 1
1726812660905 1.0 1
1726812661003 1.0 1
1726812661102 1.0 1
1726812661200 1.0 2
1726812662127 1.0 0
1726812662232 1.0 0
1726812662337 1.0 0
1726812662437 1.0 0
1726812662537 1.0 0
1726812662637 1.0 0
1726812662736 1.0 0
1726812662835 1.0 0
1726812662933 1.0 0
1726812663033 1.0 0
1726812663132 1.0 2
1726812663232 1.0 2
1726812663332 1.0 2
1726812663432 1.0 2
1726812663533 1.0 2
1726812663633 1.0 2
1726812663731 1.0 2
1726812663833 1.0 2
1726812663933 1.0 2
1726812664032 1.0 2
1726812664132 1.0 4
1726812665143 1.0 0
1726812665246 1.0 0
1726812665348 1.0 0
1726812665448 1.0 0
1726812665553 1.0 0
1726812665654 1.0 0
1726812665754 1.0 0
1726812665856 1.0 0
1726812665958 1.0 0
1726812666058 1.0 0
1726812666158 1.0 3
1726812666258 1.0 3
1726812666376 1.0 3
1726812666477 1.0 3
1726812666578 1.0 3
1726812666678 1.0 3
1726812666779 1.0 3
1726812666878 1.0 3
1726812666978 1.0 3
1726812667079 1.0 3
1726812667181 1.0 6
1726812668108 1.0 0
1726812668210 1.0 0
1726812668310 1.0 0
1726812668417 1.0 0
1726812668520 1.0 0
1726812668622 1.0 0
1726812668722 1.0 0
1726812668822 1.0 0
1726812668922 1.0 0
1726812669022 1.0 0
1726812669121 1.0 4
1726812669222 1.0 4
1726812669325 1.0 4
1726812669428 1.0 4
1726812669528 1.0 4
1726812669628 1.0 4
1726812669728 1.0 4
1726812669830 1.0 4
1726812669930 1.0 4
1726812670030 1.0 4
1726812670130 1.0 8
1726812671192 1.0 0
1726812671292 1.0 0
1726812671391 1.0 0
1726812671490 1.0 0
1726812671589 1.0 0
1726812671692 1.0 0
1726812671794 1.0 0
1726812671895 1.0 0
1726812671994 1.0 0
1726812672093 1.0 0
1726812672192 1.0 5
1726812672291 1.0 5
1726812672391 1.0 5
1726812672499 1.0 5
1726812672600 1.0 5
1726812672699 1.0 5
1726812672802 1.0 5
1726812672906 1.0 5
1726812673008 1.0 5
1726812673108 1.0 5
1726812673209 1.0 10
1726812674143 1.0 0
1726812674243 1.0 0
1726812674343 1.0 0
1726812674441 1.0 0
1726812674548 1.0 0
1726812674650 1.0 0
1726812674751 1.0 0
1726812674851 1.0 0
1726812674951 1.0 0
1726812675051 1.0 0
1726812675150 1.0 6
1726812675250 1.0 6
1726812675349 1.0 6
1726812675450 1.0 6
1726812675555 1.0 6
1726812675660 1.0 6
1726812675761 1.0 6
1726812675860 1.0 6
1726812675960 1.0 6
1726812676061 1.0 6
1726812676161 1.0 12
