1727275838710 0.0 0
1727275838876 10.0 0
1727275839038 20.0 0
1727275839199 30.0 0
1727275839358 40.0 0
1727275839524 50.0 0
1727275839686 60.0 0
1727275839848 70.0 0
1727275840011 80.0 0
1727275840171 90.0 0
1727275840333 100.0 1
1727275840493 110.0 1
1727275841593 0.0 0
1727275841755 10.0 0
1727275841919 20.0 0
1727275842092 30.0 0
1727275842274 40.0 0
1727275842436 50.0 0
1727275842597 60.0 0
1727275842761 70.0 0
1727275842919 80.0 0
1727275843084 90.0 0
1727275843245 100.0 2
1727275843407 110.0 2
1727275844370 0.0 0
1727275844550 10.0 0
1727275844717 20.0 0
1727275844885 30.0 0
1727275845062 40.0 0
1727275845241 50.0 0
1727275845406 60.0 0
1727275845575 70.0 0
1727275845748 80.0 0
1727275845910 90.0 0
1727275846076 100.0 3
1727275846240 110.0 3
1727275847212 0.0 0
1727275847365 10.0 0
1727275847519 20.0 0
1727275847672 30.0 0
1727275847826 40.0 0
1727275847986 50.0 0
1727275848138 60.0 0
1727275848292 70.0 0
1727275848460 80.0 0
1727275848614 90.0 0
1727275848779 100.0 4
1727275848932 110.0 4
1727275849885 0.0 0
1727275850042 10.0 0
1727275850196 20.0 0
1727275850351 30.0 0
1727275850505 40.0 0
1727275850671 50.0 0
1727275850826 60.0 0
1727275850981 70.0 0
1727275851138 80.0 0
1727275851296 90.0 0
1727275851452 100.0 5
1727275851604 110.0 5
