1727095545985 8.961155 0
1727095546101 8.300017 0
1727095546217 0.921075 0
1727095546338 3.783855 0
1727095546454 0.339057 0
1727095546576 2.152686 0
1727095546696 0.482602 0
1727095546813 1.105005 0
1727095546930 0.099101 0
1727095547045 0.668813 0
1727095547159 2.839387 1
1727095547274 1.033409 1
1727095547389 19.617115 1
1727095547504 1.648158 1
1727095547623 0.44485 1
1727095547741 5.57637 1
1727095547859 0.286901 1
1727095547973 0.582614 1
1727095548087 0.966117 1
1727095548207 0.246887 1
1727095548322 13.335348 2
1727095548438 3.031062 2
1727095548559 0.356021 2
1727095548676 0.792367 2
1727095548791 0.565021 2
1727095548908 1.093128 2
1727095549025 0.717129 2
1727095549145 0.543061 2
1727095549262 0.227244 2
1727095549378 1.065133 2
1727095549494 0.201976 3
1727095549611 0.366314 3
1727095549729 0.524062 3
1727095549846 1.786896 3
1727095549959 1.153241 3
1727095550072 0.154261 3
1727095550190 1.300641 3
1727095550307 1.237774 3
1727095550423 2.505822 3
1727095550538 1.180633 3
1727095550656 0.377718 4
1727095550771 2.24711 4
1727095550884 0.722952 4
1727095551005 1.71672 4
1727095551125 0.566365 4
1727095551240 0.787182 4
1727095551357 0.489073 4
1727095551471 0.595271 4
1727095551589 0.237948 4
1727095551709 2.308201 4
1727095551827 0.242838 5
1727095551941 2.138938 5
1727095552057 1.332881 5
1727095552172 0.444597 5
1727095552284 1.574464 5
1727095552399 1.591327 5
1727095552517 1.190547 5
1727095552639 0.568187 5
1727095552755 1.648193 5
1727095552872 0.831178 5
1727095552987 0.386222 6
1727095553103 0.494282 6
1727095553217 2.325629 6
1727095553332 0.323406 6
1727095553448 0.331822 6
1727095553563 1.699385 6
1727095553678 0.514137 6
1727095553793 1.214039 6
1727095553905 0.667571 6
1727095554025 1.042009 6
1727095554139 0.398722 7
1727095554254 11.339057 7
1727095554369 0.418478 7
1727095554484 0.561231 7
1727095554598 0.598801 7
1727095554719 0.684279 7
1727095554835 0.332413 7
1727095554949 0.357121 7
1727095555062 0.761792 7
1727095555175 0.162857 7
1727095557976 0.975046 0
1727095558093 5.967941 0
1727095558206 0.967053 0
1727095558319 0.921567 0
1727095558432 1.027021 0
1727095558550 1.997843 0
1727095558664 0.624435 0
1727095558784 1.305806 0
1727095558900 0.298166 0
1727095559018 0.649738 0
1727095559133 0.284944 2
1727095559249 1.418946 2
1727095559365 4.156772 2
1727095559482 2.866639 2
1727095559598 0.47725 2
1727095559715 0.918572 2
1727095559832 0.134241 2
1727095559946 0.629458 2
1727095560060 1.164415 2
1727095560180 0.270661 2
1727095560295 1.303968 4
1727095560411 7.790812 4
1727095560526 0.408137 4
1727095560642 0.447593 4
1727095560757 1.566621 4
1727095560875 0.490509 4
1727095560991 0.361536 4
1727095561108 0.870329 4
1727095561228 0.214064 4
1727095561345 0.756516 4
1727095561458 0.180676 6
1727095561573 0.221259 6
1727095561688 0.228554 6
1727095561804 0.546577 6
1727095561925 0.779306 6
1727095562042 0.268276 6
1727095562170 1.044895 6
1727095562284 3.498188 6
1727095562399 1.597108 6
1727095562520 0.636128 6
1727095562637 0.37568 8
1727095562751 0.937094 8
1727095562869 0.674024 8
1727095562986 0.534399 8
1727095563100 1.707893 8
1727095563217 0.800214 8
1727095563337 0.457552 8
1727095563450 2.215882 8
1727095563564 0.214071 8
1727095563682 7.660489 8
1727095563800 0.215064 10
1727095563917 2.992085 10
1727095564035 1.144264 10
1727095564150 0.337813 10
1727095564263 2.108567 10
1727095564381 4.75141 10
1727095564496 3.105694 10
1727095564611 0.606508 10
1727095564728 0.519208 10
1727095564847 1.134723 10
1727095564972 0.452948 12
1727095565087 0.238726 12
1727095565200 4.726763 12
1727095565317 0.557765 12
1727095565432 0.299369 12
1727095565549 2.190621 12
1727095565662 0.326279 12
1727095565775 0.41386 12
1727095565890 0.62994 12
1727095566007 0.901622 12
1727095566125 0.49142 14
1727095566241 2.738205 14
1727095566354 0.529874 14
1727095566469 1.444875 14
1727095566583 0.451086 14
1727095566700 0.51859 14
1727095566815 0.329477 14
1727095566932 0.796408 14
1727095567046 0.33575 14
1727095567161 0.19719 14
1727095569963 0.707573 0
1727095570091 2.931159 0
1727095570207 1.239298 0
1727095570322 1.032982 0
1727095570435 0.317391 0
1727095570549 1.580188 0
1727095570664 1.737603 0
1727095570778 0.901009 0
1727095570891 0.342272 0
1727095571011 0.688411 0
1727095571123 0.300049 3
1727095571241 2.504736 3
1727095571355 13.095837 3
1727095571468 3.805772 3
1727095571581 0.463977 3
1727095571695 0.709554 3
1727095571811 0.158827 3
1727095571924 0.691424 3
1727095572040 1.036639 3
1727095572159 1.010244 3
1727095572279 3.749094 6
1727095572398 46.411674 6
1727095572515 0.455446 6
1727095572633 0.453149 6
1727095572751 1.589206 6
1727095572868 4.946469 6
1727095572983 0.694691 6
1727095573101 1.695562 6
1727095573222 0.601003 6
1727095573341 1.101786 6
1727095573456 0.228949 9
1727095573569 0.263632 9
1727095573683 0.211273 9
1727095573798 0.839381 9
1727095573918 1.205722 9
1727095574034 0.290504 9
1727095574157 0.428347 9
1727095574277 1.959008 9
1727095574395 1.951203 9
1727095574514 0.743994 9
1727095574632 0.36711 12
1727095574747 1.592866 12
1727095574862 4.635984 12
1727095574976 1.030808 12
1727095575095 5.191403 12
1727095575213 0.769006 12
1727095575329 0.397872 12
1727095575444 0.674171 12
1727095575558 0.291117 12
1727095575672 2.645806 12
1727095575788 0.25908 15
1727095575906 1.588986 15
1727095576023 0.965301 15
1727095576142 0.402375 15
1727095576265 3.403922 15
1727095576382 2.248233 15
1727095576496 0.727143 15
1727095576610 0.616015 15
1727095576726 0.361276 15
1727095576844 1.28426 15
1727095576961 0.403079 18
1727095577076 2.011743 18
1727095577214 1.657693 18
1727095577334 1.043756 18
1727095577452 0.318558 18
1727095577574 5.440198 18
1727095577688 1.096794 18
1727095577802 0.577786 18
1727095577917 1.181591 18
1727095578030 0.782725 18
1727095578146 0.271403 21
1727095578267 7.25331 21
1727095578383 0.559382 21
1727095578497 0.936047 21
1727095578609 1.248544 21
1727095578723 0.515345 21
1727095578835 0.30486 21
1727095578949 0.629157 21
1727095579069 0.383354 21
1727095579185 1.753342 21
1727095581995 1.533102 0
1727095582110 3.376856 0
1727095582222 1.038848 0
1727095582342 1.182571 0
1727095582460 2.351975 0
1727095582578 4.31356 0
1727095582696 0.826052 0
1727095582813 0.825801 0
1727095582934 0.757929 0
1727095583053 0.744788 0
1727095583170 0.327903 4
1727095583289 3.441586 4
1727095583404 27.008698 4
1727095583518 5.051374 4
1727095583633 0.570614 4
1727095583746 0.722109 4
1727095583862 0.188622 4
1727095583976 0.651647 4
1727095584088 0.896153 4
1727095584202 0.427911 4
1727095584317 3.970999 8
1727095584438 4.146268 8
1727095584555 0.744028 8
1727095584671 1.01873 8
1727095584786 4.74579 8
1727095584905 0.429879 8
1727095585019 0.476325 8
1727095585133 22.768101 8
1727095585252 0.739662 8
1727095585372 1.006832 8
1727095585488 0.409293 12
1727095585603 0.575945 12
1727095585717 7.072646 12
1727095585831 1.25692 12
1727095585945 2.376052 12
1727095586061 0.422763 12
1727095586175 1.702412 12
1727095586290 1.633031 12
1727095586407 2.433763 12
1727095586522 1.205589 12
1727095586636 0.428226 16
1727095586750 3.020612 16
1727095586867 1.608523 16
1727095586982 4.346062 16
1727095587095 3.594977 16
1727095587208 0.845696 16
1727095587327 0.419601 16
1727095587448 2.074605 16
1727095587563 0.382193 16
1727095587678 3.649818 16
1727095587793 0.271595 20
1727095587906 3.077301 20
1727095588022 1.107134 20
1727095588141 0.473176 20
1727095588255 4.128077 20
1727095588369 1.744833 20
1727095588488 0.721459 20
1727095588605 0.536377 20
1727095588718 0.594746 20
1727095588833 0.973899 20
1727095588951 0.421692 24
1727095589064 1.291788 24
1727095589180 0.834648 24
1727095589294 0.48264 24
1727095589412 0.280801 24
1727095589527 0.878861 24
1727095589647 0.288054 24
1727095589767 1.106346 24
1727095589888 0.803475 24
1727095590005 0.843944 24
1727095590121 0.472057 28
1727095590238 9.198868 28
1727095590353 0.372787 28
1727095590471 0.890042 28
1727095590589 1.023048 28
1727095590705 0.842482 28
1727095590823 0.353621 28
1727095590938 0.969699 28
1727095591051 2.114249 28
1727095591169 0.529679 28
1727095593965 1.774724 0
1727095594083 4.457587 0
1727095594201 1.014839 0
1727095594315 1.111889 0
1727095594428 1.782416 0
1727095594545 1.328252 0
1727095594665 4.963617 0
1727095594782 1.724033 0
1727095594900 1.397475 0
1727095595017 0.753725 0
1727095595133 0.486308 5
1727095595247 2.580257 5
1727095595363 36.297417 5
1727095595491 3.378305 5
1727095595608 0.978325 5
1727095595722 1.10058 5
1727095595835 0.161007 5
1727095595951 0.678409 5
1727095596068 2.419868 5
1727095596182 0.397668 5
1727095596311 1.158768 10
1727095596429 19.565176 10
1727095596547 0.397402 10
1727095596669 0.476365 10
1727095596782 0.638252 10
1727095596897 0.617946 10
1727095597015 0.626077 10
1727095597132 0.748412 10
1727095597250 0.302165 10
1727095597367 0.912594 10
1727095597480 0.185507 15
1727095597599 0.220261 15
1727095597715 0.157714 15
1727095597831 1.252222 15
1727095597946 4.609141 15
1727095598062 0.880809 15
1727095598176 5.33421 15
1727095598290 2.200154 15
1727095598404 1.583999 15
1727095598521 1.095683 15
1727095598640 0.359164 20
1727095598757 2.106036 20
1727095598871 1.739387 20
1727095598985 0.609982 20
1727095599098 1.189751 20
1727095599214 0.877905 20
1727095599329 0.424806 20
1727095599444 2.538281 20
1727095599561 0.412931 20
1727095599679 2.712779 20
1727095599792 0.432838 25
1727095599906 1.053127 25
1727095600020 1.023682 25
1727095600137 0.429023 25
1727095600254 2.205275 25
1727095600368 1.622103 25
1727095600487 1.00898 25
1727095600604 0.341957 25
1727095600723 0.409516 25
1727095600838 0.455849 25
1727095600953 0.390357 30
1727095601069 0.239697 30
1727095601186 4.727838 30
1727095601300 5.955952 30
1727095601417 0.375244 30
1727095601531 1.696916 30
1727095601650 0.454676 30
1727095601766 0.634733 30
1727095601880 0.661876 30
1727095601995 0.907044 30
1727095602112 0.519781 35
1727095602232 8.982533 35
1727095602347 0.918242 35
1727095602462 3.206198 35
1727095602578 0.631845 35
1727095602693 0.434379 35
1727095602808 0.559831 35
1727095602922 0.650622 35
1727095603038 0.332047 35
1727095603153 0.36102 35
1727095605954 1.99497 0
1727095606072 3.534516 0
1727095606187 1.585021 0
1727095606302 2.024898 0
1727095606416 0.650272 0
1727095606531 2.126324 0
1727095606654 2.053264 0
1727095606775 0.732473 0
1727095606894 0.217196 0
1727095607015 0.689997 0
1727095607131 0.376435 6
1727095607250 3.524024 6
1727095607368 2.550225 6
1727095607487 5.362864 6
1727095607607 0.95269 6
1727095607722 1.676009 6
1727095607843 0.128158 6
1727095607959 0.861141 6
1727095608075 3.163188 6
1727095608190 4.053656 6
1727095608304 7.222236 12
1727095608419 6.868546 12
1727095608534 0.317596 12
1727095608652 0.198762 12
1727095608771 2.477955 12
1727095608892 0.988625 12
1727095609006 0.471307 12
1727095609121 3.95199 12
1727095609237 0.237396 12
1727095609353 3.472852 12
1727095609466 0.258541 18
1727095609580 0.22312 18
1727095609697 0.303086 18
1727095609818 8.554488 18
1727095609937 0.865279 18
1727095610051 0.340694 18
1727095610166 1.370667 18
1727095610280 1.963169 18
1727095610395 5.444208 18
1727095610516 0.725904 18
1727095610637 0.464275 24
1727095610754 1.585916 24
1727095610872 1.760735 24
1727095610990 4.801117 24
1727095611108 0.914006 24
1727095611224 1.261393 24
1727095611340 0.700329 24
1727095611458 0.582639 24
1727095611575 2.048656 24
1727095611694 1.529889 24
1727095611812 0.212403 30
1727095611933 1.957028 30
1727095612050 2.233795 30
1727095612169 0.469737 30
1727095612284 2.132638 30
1727095612401 1.544978 30
1727095612515 0.524123 30
1727095612634 0.964108 30
1727095612748 0.541639 30
1727095612862 16.647627 30
1727095612983 0.708947 36
1727095613100 0.93979 36
1727095613216 1.353251 36
1727095613335 0.871799 36
1727095613450 0.373418 36
1727095613566 0.958384 36
1727095613682 0.426174 36
1727095613798 1.048899 36
1727095613918 0.728667 36
1727095614033 0.591501 36
1727095614145 0.264651 42
1727095614264 4.417032 42
1727095614381 0.668936 42
1727095614499 0.786568 42
1727095614619 0.997799 42
1727095614733 0.497378 42
1727095614847 0.330495 42
1727095614966 0.715297 42
1727095615085 0.853798 42
1727095615199 0.33192 42
