1726917383574 0.339459 0
1726917383740 0.276464 0
1726917383897 0.428763 0
1726917384059 0.322564 0
1726917384218 0.08592 0
1726917384371 0.051455 0
1726917384519 0.117477 0
1726917384665 0.57222 0
1726917384810 0.30368 0
1726917384956 0.602518 0
1726917385101 0.134304 1
1726917385248 0.160426 1
1726917385393 0.276039 1
1726917385541 0.081392 1
1726917385700 0.122413 1
1726917385854 0.098613 1
1726917386036 0.14852 1
1726917386197 0.324715 1
1726917386361 0.127738 1
1726917386514 0.185734 1
1726917386666 0.282769 2
1726917386820 0.254057 2
1726917386971 0.356138 2
1726917387120 0.014013 2
1726917389080 0.248967 0
1726917389226 0.111993 0
1726917389371 0.049183 0
1726917389517 0.26084 0
1726917389662 0.063657 0
1726917389809 0.050624 0
1726917389954 0.116764 0
1726917390099 0.467924 0
1726917390247 0.268147 0
1726917390393 0.475074 0
1726917390540 0.112804 2
1726917390685 0.10646 2
1726917390830 0.15182 2
1726917390977 0.063777 2
1726917391122 0.098957 2
1726917391266 0.081858 2
1726917391413 0.10552 2
1726917391565 0.224183 2
1726917391713 0.113731 2
1726917391860 0.188944 2
1726917392008 0.310131 4
1726917392154 0.239033 4
1726917392307 0.19694 4
1726917392453 0.015345 4
1726917394249 0.216945 0
1726917394400 0.101246 0
1726917394548 0.049425 0
1726917394694 0.235971 0
1726917394840 0.06474 0
1726917394986 0.058265 0
1726917395133 0.083868 0
1726917395283 0.326244 0
1726917395431 0.257449 0
1726917395579 0.433872 0
1726917395724 0.088278 3
1726917395872 0.066565 3
1726917396021 0.088144 3
1726917396170 0.06911 3
1726917396320 0.080607 3
1726917396472 0.072724 3
1726917396618 0.071234 3
1726917396764 0.216681 3
1726917396912 0.107988 3
1726917397060 0.197814 3
1726917397207 0.291405 6
1726917397356 0.251498 6
1726917397512 0.146328 6
1726917397665 0.008177 6
1726917399497 0.291225 0
1726917399648 0.076657 0
1726917399797 0.071298 0
1726917399946 0.235097 0
1726917400095 0.066725 0
1726917400243 0.072568 0
1726917400393 0.084627 0
1726917400548 0.277986 0
1726917400697 0.251259 0
1726917400849 0.383993 0
1726917400999 0.082848 4
1726917401147 0.058386 4
1726917401295 0.067379 4
1726917401442 0.057259 4
1726917401588 0.074083 4
1726917401737 0.073333 4
1726917401884 0.065467 4
1726917402030 0.211603 4
1726917402177 0.099181 4
1726917402325 0.168293 4
1726917402475 0.291759 8
1726917402627 0.249998 8
1726917402776 0.141586 8
1726917402922 0.004095 8
1726917404670 0.101772 0
1726917404816 0.073537 0
1726917404960 0.048157 0
1726917405108 0.221932 0
1726917405257 0.061777 0
1726917405409 0.072878 0
1726917405555 0.091887 0
1726917405702 0.232064 0
1726917405854 0.229921 0
1726917406008 0.372713 0
1726917406155 0.078253 5
1726917406301 0.044389 5
1726917406449 0.063117 5
1726917406600 0.071625 5
1726917406754 0.07219 5
1726917406902 0.068062 5
1726917407049 0.053442 5
1726917407194 0.231572 5
1726917407342 0.114835 5
1726917407503 0.159555 5
1726917407663 0.335748 10
1726917407810 0.252008 10
1726917407957 0.139236 10
1726917408114 0.003073 10
