1726770540594 0.0 0
1726770540687 10.0 0
1726770540777 20.0 0
1726770540866 30.0 0
1726770540956 40.0 0
1726770541046 50.0 0
1726770541136 60.0 0
1726770541231 70.0 0
1726770541324 80.0 0
1726770541414 90.0 0
1726770541507 100.0 1
1726770541596 110.0 1
1726770541688 120.0 1
1726770541779 130.0 1
1726770541871 140.0 1
1726770541960 150.0 1
1726770542051 160.0 1
1726770542141 170.0 1
1726770542231 180.0 1
1726770542320 190.0 1
1726770542409 200.0 2
1726770542499 210.0 2
1726770542587 220.0 2
1726770542678 230.0 2
1726770542766 240.0 2
1726770542856 250.0 2
1726770542946 260.0 2
1726770543035 270.0 2
1726770543124 280.0 2
1726770543213 290.0 2
1726770543310 300.0 3
1726770543400 310.0 3
1726770543491 320.0 3
1726770543578 330.0 3
1726770543668 340.0 3
1726770543757 350.0 3
1726770543845 360.0 3
1726770543935 370.0 3
1726770544023 380.0 3
1726770544115 390.0 3
1726770544207 400.0 4
1726770544297 410.0 4
1726770544385 420.0 4
1726770546196 0.0 0
1726770546291 10.0 0
1726770546379 20.0 0
1726770546470 30.0 0
1726770546561 40.0 0
1726770546649 50.0 0
1726770546737 60.0 0
1726770546825 70.0 0
1726770546913 80.0 0
1726770547001 90.0 0
1726770547097 100.0 2
1726770547194 110.0 2
1726770547282 120.0 2
1726770547379 130.0 2
1726770547470 140.0 2
1726770547561 150.0 2
1726770547657 160.0 2
1726770547748 170.0 2
1726770547840 180.0 2
1726770547929 190.0 2
1726770548020 200.0 4
1726770548111 210.0 4
1726770548201 220.0 4
1726770548290 230.0 4
1726770548379 240.0 4
1726770548467 250.0 4
1726770548555 260.0 4
1726770548643 270.0 4
1726770548732 280.0 4
1726770548821 290.0 4
1726770548912 300.0 6
1726770549001 310.0 6
1726770549103 320.0 6
1726770549192 330.0 6
1726770549282 340.0 6
1726770549373 350.0 6
1726770549473 360.0 6
1726770549566 370.0 6
1726770549657 380.0 6
1726770549749 390.0 6
1726770549837 400.0 8
1726770549926 410.0 8
1726770550015 420.0 8
1726770551828 0.0 0
1726770551924 10.0 0
1726770552014 20.0 0
1726770552111 30.0 0
1726770552204 40.0 0
1726770552294 50.0 0
1726770552381 60.0 0
1726770552472 70.0 0
1726770552563 80.0 0
1726770552653 90.0 0
1726770552742 100.0 3
1726770552831 110.0 3
1726770552920 120.0 3
1726770553010 130.0 3
1726770553103 140.0 3
1726770553199 150.0 3
1726770553290 160.0 3
1726770553379 170.0 3
1726770553469 180.0 3
1726770553564 190.0 3
1726770553658 200.0 6
1726770553752 210.0 6
1726770553842 220.0 6
1726770553935 230.0 6
1726770554030 240.0 6
1726770554126 250.0 6
1726770554218 260.0 6
1726770554307 270.0 6
1726770554399 280.0 6
1726770554488 290.0 6
1726770554577 300.0 9
1726770554666 310.0 9
1726770554756 320.0 9
1726770554845 330.0 9
1726770554933 340.0 9
1726770555022 350.0 9
1726770555112 360.0 9
1726770555201 370.0 9
1726770555292 380.0 9
1726770555383 390.0 9
1726770555473 400.0 12
1726770555570 410.0 12
1726770555661 420.0 12
1726770557481 0.0 0
1726770557580 10.0 0
1726770557674 20.0 0
1726770557763 30.0 0
1726770557853 40.0 0
1726770557946 50.0 0
1726770558035 60.0 0
1726770558126 70.0 0
1726770558218 80.0 0
1726770558307 90.0 0
1726770558397 100.0 4
1726770558487 110.0 4
1726770558576 120.0 4
1726770558666 130.0 4
1726770558756 140.0 4
1726770558845 150.0 4
1726770558933 160.0 4
1726770559023 170.0 4
1726770559115 180.0 4
1726770559204 190.0 4
1726770559293 200.0 8
1726770559383 210.0 8
1726770559474 220.0 8
1726770559568 230.0 8
1726770559666 240.0 8
1726770559756 250.0 8
1726770559848 260.0 8
1726770559939 270.0 8
1726770560030 280.0 8
1726770560121 290.0 8
1726770560211 300.0 12
1726770560302 310.0 12
1726770560391 320.0 12
1726770560480 330.0 12
1726770560569 340.0 12
1726770560658 350.0 12
1726770560750 360.0 12
1726770560841 370.0 12
1726770560937 380.0 12
1726770561030 390.0 12
1726770561124 400.0 16
1726770561215 410.0 16
1726770561306 420.0 16
