1726782750029 0.488012 0
1726782750129 0.300429 0
1726782750226 0.298563 0
1726782750325 0.317835 0
1726782750423 0.318357 0
1726782750520 0.276094 0
1726782750616 0.412767 0
1726782750711 0.200071 0
1726782750807 0.183329 0
1726782750902 0.430832 0
1726782750996 0.19228 1
1726782751091 0.435723 1
1726782751186 0.342643 1
1726782751282 0.157513 1
1726782751376 0.212925 1
1726782751471 0.206026 1
1726782751566 0.166393 1
1726782751660 0.172295 1
1726782751755 0.237091 1
1726782751853 0.189055 1
1726782751949 0.211881 2
1726782752045 0.532392 2
1726782752141 0.239044 2
1726782752236 0.391287 2
1726782752339 0.323514 2
1726782752433 0.256288 2
1726782752528 0.202995 2
1726782752622 0.245394 2
1726782752716 0.256577 2
1726782752808 0.236174 2
1726782752902 0.104951 3
1726782752996 0.171308 3
1726782753090 0.16288 3
1726782753183 0.301997 3
1726782753276 0.236564 3
1726782753369 0.122636 3
1726782753463 0.275935 3
1726782753557 0.449062 3
1726782753649 0.364908 3
1726782753742 0.445249 3
1726782753840 0.232833 4
1726782753934 0.386645 4
1726782754028 0.330279 4
1726782754122 2.307429 4
1726782754216 0.435391 4
1726782754312 0.285211 4
1726782754413 0.343682 4
1726782754509 0.391959 4
1726782756895 0.257331 0
1726782756993 0.173469 0
1726782757090 0.281652 0
1726782757186 0.242672 0
1726782757281 0.271892 0
1726782757374 0.219601 0
1726782757467 0.346128 0
1726782757560 0.187194 0
1726782757653 0.176463 0
1726782757746 0.380551 0
1726782757839 0.126444 2
1726782757932 0.427344 2
1726782758025 0.080027 2
1726782758117 0.135914 2
1726782758212 0.187218 2
1726782758308 0.23727 2
1726782758407 0.166251 2
1726782758503 0.165773 2
1726782758597 0.229299 2
1726782758691 0.198615 2
1726782758789 0.218891 4
1726782758895 0.499228 4
1726782758997 0.163152 4
1726782759095 0.327426 4
1726782759191 0.302941 4
1726782759286 0.261642 4
1726782759383 0.204242 4
1726782759477 0.256044 4
1726782759571 0.225169 4
1726782759666 0.229302 4
1726782759760 0.097832 6
1726782759854 0.162122 6
1726782759955 0.143246 6
1726782760049 0.294198 6
1726782760147 0.183769 6
1726782760242 0.061063 6
1726782760337 0.202953 6
1726782760432 0.459298 6
1726782760536 0.31365 6
1726782760633 0.41004 6
1726782760728 0.214414 8
1726782760824 0.373026 8
1726782760920 0.301261 8
1726782761018 2.305216 8
1726782761114 0.414549 8
1726782761209 0.294313 8
1726782761304 0.344453 8
1726782761400 0.449827 8
1726782763756 0.265218 0
1726782763855 0.148993 0
1726782763950 0.245549 0
1726782764044 0.240546 0
1726782764140 0.24248 0
1726782764234 0.239844 0
1726782764331 0.310099 0
1726782764427 0.189739 0
1726782764522 0.185353 0
1726782764625 0.369306 0
1726782764720 0.110089 3
1726782764816 0.432863 3
1726782764912 0.036517 3
1726782765011 0.158502 3
1726782765107 0.19433 3
1726782765201 0.22817 3
1726782765295 0.173985 3
1726782765389 0.15937 3
1726782765483 0.238283 3
1726782765580 0.200139 3
1726782765681 0.232116 6
1726782765779 0.484944 6
1726782765875 0.119229 6
1726782765969 0.251516 6
1726782766060 0.266955 6
1726782766154 0.224659 6
1726782766247 0.198536 6
1726782766341 0.245036 6
1726782766434 0.22935 6
1726782766528 0.203771 6
1726782766630 0.087959 9
1726782766724 0.168565 9
1726782766820 0.124157 9
1726782766915 0.289174 9
1726782767008 0.181362 9
1726782767101 0.104432 9
1726782767197 0.260871 9
1726782767289 0.342209 9
1726782767383 0.397534 9
1726782767477 0.400582 9
1726782767570 0.186337 12
1726782767664 0.381801 12
1726782767758 0.303248 12
1726782767851 2.202217 12
1726782767944 0.365087 12
1726782768039 0.27594 12
1726782768133 0.292174 12
1726782768227 0.438984 12
1726782770570 0.257463 0
1726782770670 0.155439 0
1726782770781 0.240356 0
1726782770876 0.23703 0
1726782770970 0.227389 0
1726782771065 0.218467 0
1726782771159 0.290989 0
1726782771251 0.19863 0
1726782771347 0.175599 0
1726782771442 0.390745 0
1726782771535 0.113806 4
1726782771637 0.407676 4
1726782771732 0.043596 4
1726782771826 0.130456 4
1726782771920 0.210655 4
1726782772017 0.22911 4
1726782772115 0.177426 4
1726782772213 0.150903 4
1726782772309 0.227575 4
1726782772403 0.199844 4
1726782772497 0.230442 8
1726782772595 0.476801 8
1726782772694 0.147802 8
1726782772799 0.302824 8
1726782772895 0.19735 8
1726782772991 0.242005 8
1726782773090 0.151806 8
1726782773187 0.191427 8
1726782773283 0.211751 8
1726782773380 0.160052 8
1726782773475 0.097524 12
1726782773570 0.137564 12
1726782773666 0.119099 12
1726782773760 0.270715 12
1726782773854 0.189886 12
1726782773948 0.09438 12
1726782774046 0.170116 12
1726782774144 0.290341 12
1726782774243 0.35572 12
1726782774342 0.367777 12
1726782774439 0.168019 16
1726782774533 0.398901 16
1726782774628 0.305463 16
1726782774723 2.195515 16
1726782774829 0.307143 16
1726782774927 0.182143 16
1726782775023 0.25982 16
1726782775117 0.418088 16
1726782777458 0.262041 0
1726782777561 0.177151 0
1726782777656 0.225744 0
1726782777750 0.233502 0
1726782777844 0.190931 0
1726782777938 0.190173 0
1726782778035 0.285657 0
1726782778130 0.197847 0
1726782778224 0.15623 0
1726782778318 0.370247 0
1726782778414 0.129755 5
1726782778516 0.343132 5
1726782778610 0.062996 5
1726782778706 0.133033 5
1726782778803 0.17298 5
1726782778907 0.244346 5
1726782779003 0.176005 5
1726782779101 0.148064 5
1726782779199 0.222653 5
1726782779295 0.197988 5
1726782779391 0.226727 10
1726782779488 0.326904 10
1726782779588 0.149853 10
1726782779684 0.221337 10
1726782779778 0.196713 10
1726782779874 0.284262 10
1726782779966 0.115935 10
1726782780060 0.159239 10
1726782780152 0.246123 10
1726782780247 0.144737 10
1726782780340 0.119958 15
1726782780434 0.159877 15
1726782780527 0.109446 15
1726782780620 0.276054 15
1726782780717 0.139014 15
1726782780816 0.045553 15
1726782780919 0.187349 15
1726782781021 0.382209 15
1726782781118 0.267464 15
1726782781214 0.353718 15
1726782781309 0.164102 20
1726782781403 0.401076 20
1726782781495 0.237848 20
1726782781589 2.06822 20
1726782781684 0.321877 20
1726782781778 0.175073 20
1726782781873 0.232845 20
1726782781966 0.472514 20
1726782784410 0.173274 0
1726782784507 0.154494 0
1726782784601 0.225896 0
1726782784698 0.233037 0
1726782784793 0.200352 0
1726782784889 0.199979 0
1726782784983 0.273878 0
1726782785082 0.20362 0
1726782785176 0.17768 0
1726782785268 0.346625 0
1726782785361 0.123572 6
1726782785460 0.372778 6
1726782785554 0.040802 6
1726782785648 0.151146 6
1726782785742 0.176342 6
1726782785836 0.223762 6
1726782785929 0.172474 6
1726782786024 0.1592 6
1726782786120 0.221703 6
1726782786219 0.209127 6
1726782786314 0.227572 12
1726782786408 0.305515 12
1726782786508 0.110163 12
1726782786604 0.201933 12
1726782786699 0.17007 12
1726782786793 0.290721 12
1726782786886 0.126481 12
1726782786981 0.138331 12
1726782787086 0.218491 12
1726782787186 0.173437 12
1726782787283 0.126633 18
1726782787379 0.160083 18
1726782787473 0.119813 18
1726782787567 0.274172 18
1726782787662 0.145624 18
1726782787756 0.040393 18
1726782787851 0.19563 18
1726782787944 0.26433 18
1726782788038 0.29141 18
1726782788132 0.323023 18
1726782788225 0.156042 24
1726782788319 0.403492 24
1726782788415 0.248519 24
1726782788509 1.777525 24
1726782788604 0.289699 24
1726782788698 0.205945 24
1726782788792 0.228929 24
1726782788886 0.46831 24
1726782791313 0.205437 0
1726782791419 0.1397 0
1726782791514 0.210595 0
1726782791608 0.21285 0
1726782791703 0.189644 0
1726782791798 0.199972 0
1726782791893 0.269914 0
1726782791988 0.165297 0
1726782792083 0.166062 0
1726782792179 0.346492 0
1726782792276 0.115045 7
1726782792377 0.357357 7
1726782792472 0.044192 7
1726782792566 0.133066 7
1726782792660 0.174414 7
1726782792756 0.237051 7
1726782792849 0.172348 7
1726782792944 0.148604 7
1726782793038 0.223943 7
1726782793132 0.193813 7
1726782793234 0.227094 14
1726782793329 0.286821 14
1726782793423 0.132741 14
1726782793516 0.23347 14
1726782793610 0.141891 14
1726782793704 0.291335 14
1726782793799 0.105046 14
1726782793895 0.142029 14
1726782793997 0.229465 14
1726782794092 0.144123 14
1726782794185 0.110758 21
1726782794280 0.155302 21
1726782794374 0.122677 21
1726782794468 0.275032 21
1726782794562 0.178842 21
1726782794657 0.070808 21
1726782794750 0.192003 21
1726782794843 0.243612 21
1726782794936 0.309745 21
1726782795030 0.341414 21
1726782795124 0.155841 28
1726782795218 0.391738 28
1726782795320 0.274653 28
1726782795416 1.800781 28
1726782795513 0.281737 28
1726782795608 0.175223 28
1726782795702 0.240925 28
1726782795797 0.396853 28
1726782798153 0.262143 0
1726782798258 0.143248 0
1726782798355 0.222657 0
1726782798449 0.217855 0
1726782798544 0.191716 0
1726782798637 0.188689 0
1726782798731 0.284977 0
1726782798824 0.163677 0
1726782798918 0.169536 0
1726782799009 0.343063 0
1726782799102 0.12902 8
1726782799202 0.342972 8
1726782799296 0.054573 8
1726782799403 0.128216 8
1726782799501 0.166991 8
1726782799595 0.246386 8
1726782799691 0.173936 8
1726782799784 0.149389 8
1726782799877 0.210786 8
1726782799969 0.198696 8
1726782800065 0.226958 16
1726782800159 0.269492 16
1726782800253 0.128427 16
1726782800347 0.220156 16
1726782800442 0.14597 16
1726782800535 0.305248 16
1726782800630 0.110281 16
1726782800724 0.139147 16
1726782800817 0.254622 16
1726782800912 0.139281 16
1726782801006 0.116356 24
1726782801099 0.148243 24
1726782801194 0.125094 24
1726782801286 0.270909 24
1726782801386 0.157654 24
1726782801487 0.039146 24
1726782801582 0.180046 24
1726782801677 0.279488 24
1726782801772 0.287723 24
1726782801866 0.327659 24
1726782801961 0.149108 32
1726782802053 0.410635 32
1726782802148 0.245795 32
1726782802243 1.738156 32
1726782802337 0.295144 32
1726782802430 0.176856 32
1726782802524 0.227799 32
1726782802617 0.422276 32
1726782804975 0.159159 0
1726782805081 0.141914 0
1726782805176 0.195844 0
1726782805270 0.204378 0
1726782805365 0.186093 0
1726782805461 0.194796 0
1726782805564 0.277113 0
1726782805662 0.160977 0
1726782805757 0.16532 0
1726782805854 0.345097 0
1726782805949 0.118846 9
1726782806050 0.35039 9
1726782806145 0.053996 9
1726782806242 0.126825 9
1726782806336 0.170295 9
1726782806429 0.230051 9
1726782806523 0.180034 9
1726782806617 0.141567 9
1726782806712 0.216754 9
1726782806807 0.195927 9
1726782806901 0.220085 18
1726782806998 0.268195 18
1726782807098 0.112147 18
1726782807193 0.214281 18
1726782807288 0.136354 18
1726782807386 0.265554 18
1726782807483 0.094561 18
1726782807588 0.132062 18
1726782807685 0.247552 18
1726782807779 0.127128 18
1726782807874 0.104581 27
1726782807969 0.142569 27
1726782808064 0.129621 27
1726782808160 0.25765 27
1726782808254 0.174514 27
1726782808349 0.062855 27
1726782808444 0.166096 27
1726782808540 0.228071 27
1726782808636 0.322517 27
1726782808731 0.324098 27
1726782808824 0.147773 36
1726782808919 0.412472 36
1726782809020 0.264236 36
1726782809118 1.663726 36
1726782809214 0.291923 36
1726782809308 0.18213 36
1726782809402 0.222906 36
1726782809495 0.407797 36
