1726905315359 0.0 0
1726905315507 10.0 0
1726905315647 20.0 0
1726905315788 30.0 0
1726905315928 40.0 0
1726905316071 50.0 0
1726905316214 60.0 0
1726905316355 70.0 0
1726905316496 80.0 0
1726905316637 90.0 0
1726905316778 100.0 1
1726905316922 110.0 1
1726905317898 0.0 0
1726905318042 10.0 0
1726905318182 20.0 0
1726905318324 30.0 0
1726905318464 40.0 0
1726905318605 50.0 0
1726905318744 60.0 0
1726905318888 70.0 0
1726905319029 80.0 0
1726905319172 90.0 0
1726905319314 100.0 2
1726905319455 110.0 2
1726905320342 0.0 0
1726905320486 10.0 0
1726905320628 20.0 0
1726905320769 30.0 0
1726905320909 40.0 0
1726905321053 50.0 0
1726905321194 60.0 0
1726905321334 70.0 0
1726905321475 80.0 0
1726905321616 90.0 0
1726905321756 100.0 3
1726905321897 110.0 3
1726905322788 0.0 0
1726905322930 10.0 0
1726905323076 20.0 0
1726905323217 30.0 0
1726905323358 40.0 0
1726905323501 50.0 0
1726905323641 60.0 0
1726905323784 70.0 0
1726905323924 80.0 0
1726905324065 90.0 0
1726905324206 100.0 4
1726905324346 110.0 4
1726905325225 0.0 0
1726905325367 10.0 0
1726905325508 20.0 0
1726905325648 30.0 0
1726905325788 40.0 0
1726905325930 50.0 0
1726905326071 60.0 0
1726905326211 70.0 0
1726905326352 80.0 0
1726905326493 90.0 0
1726905326634 100.0 5
1726905326776 110.0 5
1726905327675 0.0 0
1726905327819 10.0 0
1726905327959 20.0 0
1726905328099 30.0 0
1726905328240 40.0 0
1726905328380 50.0 0
1726905328521 60.0 0
1726905328663 70.0 0
1726905328805 80.0 0
1726905328946 90.0 0
1726905329091 100.0 6
1726905329238 110.0 6
1726905330121 0.0 0
1726905330268 10.0 0
1726905330409 20.0 0
1726905330550 30.0 0
1726905330692 40.0 0
1726905330834 50.0 0
1726905330975 60.0 0
1726905331116 70.0 0
1726905331262 80.0 0
1726905331403 90.0 0
1726905331544 100.0 7
1726905331683 110.0 7
1726905332589 0.0 0
1726905332732 10.0 0
1726905332873 20.0 0
1726905333013 30.0 0
1726905333154 40.0 0
1726905333300 50.0 0
1726905333440 60.0 0
1726905333579 70.0 0
1726905333721 80.0 0
1726905333862 90.0 0
1726905334002 100.0 8
1726905334142 110.0 8
1726905335022 0.0 0
1726905335165 10.0 0
1726905335309 20.0 0
1726905335453 30.0 0
1726905335596 40.0 0
1726905335737 50.0 0
1726905335878 60.0 0
1726905336019 70.0 0
1726905336160 80.0 0
1726905336300 90.0 0
1726905336441 100.0 9
1726905336580 110.0 9
1726905337512 0.0 0
1726905337653 10.0 0
1726905337794 20.0 0
1726905337935 30.0 0
1726905338076 40.0 0
1726905338217 50.0 0
1726905338358 60.0 0
1726905338498 70.0 0
1726905338639 80.0 0
1726905338779 90.0 0
1726905338928 100.0 10
1726905339070 110.0 10
