1726918389192 0.456721 0
1726918389341 0.189259 0
1726918389487 0.162661 0
1726918389633 0.152439 0
1726918389784 0.204586 0
1726918389931 0.07086 0
1726918390076 0.1245 0
1726918390225 0.327753 0
1726918390372 0.054704 0
1726918390519 0.485366 0
1726918390664 0.228145 1
1726918390809 0.225779 1
1726918390955 0.21538 1
1726918391104 0.08987 1
1726918391251 0.190004 1
1726918391402 0.308033 1
1726918391547 0.167958 1
1726918391694 0.135502 1
1726918391840 0.217918 1
1726918391986 0.203312 1
1726918392132 0.244841 2
1726918392279 0.324712 2
1726918392425 0.451316 2
1726918392572 0.590117 2
1726918394863 0.129009 0
1726918395045 0.1016 0
1726918395203 0.169801 0
1726918395351 0.225569 0
1726918395498 0.169622 0
1726918395645 0.058139 0
1726918395792 0.122892 0
1726918395946 0.279946 0
1726918396096 0.056869 0
1726918396244 0.416876 0
1726918396400 0.195041 2
1726918396549 0.256509 2
1726918396698 0.263853 2
1726918396850 0.14134 2
1726918396998 0.181244 2
1726918397148 0.396042 2
1726918397298 0.178849 2
1726918397445 0.146592 2
1726918397592 0.229012 2
1726918397740 0.219605 2
1726918397890 0.216634 4
1726918398038 0.326447 4
1726918398185 0.433995 4
1726918398331 0.464806 4
1726918400377 0.361908 0
1726918400545 0.189005 0
1726918400726 0.148084 0
1726918400901 0.311027 0
1726918401068 0.178205 0
1726918401279 0.065583 0
1726918401466 0.131042 0
1726918401801 0.300267 0
1726918401992 0.048343 0
1726918402398 0.457079 0
1726918402573 0.228407 3
1726918402750 0.226044 3
1726918402941 0.248314 3
1726918403141 0.131664 3
1726918403334 0.192105 3
1726918403548 0.308029 3
1726918403737 0.175333 3
1726918403911 0.151023 3
1726918404095 0.201881 3
1726918404266 0.244074 3
1726918404426 0.204758 6
1726918404584 0.307698 6
1726918405112 0.395669 6
1726918405293 0.316789 6
1726918407459 0.137241 0
1726918407636 0.109232 0
1726918407799 0.13869 0
1726918407959 0.155149 0
1726918408135 0.172863 0
1726918408288 0.066481 0
1726918408447 0.117449 0
1726918408612 0.311516 0
1726918408811 0.050823 0
1726918408985 0.425383 0
1726918409362 0.197792 4
1726918409545 0.201427 4
1726918409718 0.243672 4
1726918409893 0.117355 4
1726918410081 0.186219 4
1726918410247 0.353566 4
1726918410414 0.177617 4
1726918410581 0.144468 4
1726918410749 0.192552 4
1726918410912 0.211657 4
1726918411088 0.212734 8
1726918411252 0.287688 8
1726918411411 0.405849 8
1726918411592 0.370077 8
1726918413661 0.167935 0
1726918413834 0.136106 0
1726918414016 0.14311 0
1726918414198 0.18189 0
1726918414376 0.177059 0
1726918414559 0.074161 0
1726918414737 0.122597 0
1726918414912 0.283908 0
1726918415087 0.047294 0
1726918415260 0.442806 0
1726918415427 0.25938 5
1726918415601 0.164113 5
1726918415769 0.207992 5
1726918415939 0.086805 5
1726918416099 0.214827 5
1726918416259 0.339535 5
1726918416443 0.155627 5
1726918416613 0.145235 5
1726918416792 0.180178 5
1726918416949 0.265734 5
1726918417127 0.190643 10
1726918417306 0.277964 10
1726918417479 0.378801 10
1726918417655 0.482903 10
1726918419452 0.339688 0
1726918419641 0.097102 0
1726918419818 0.14777 0
1726918419996 0.188258 0
1726918420162 0.17983 0
1726918420337 0.082344 0
1726918420501 0.116169 0
1726918420671 0.2823 0
1726918420838 0.044044 0
1726918421014 0.383229 0
1726918421190 0.222268 6
1726918421362 0.156838 6
1726918421541 0.235832 6
1726918421722 0.104344 6
1726918421891 0.215669 6
1726918422066 0.402282 6
1726918422235 0.17747 6
1726918422414 0.140467 6
1726918422583 0.202948 6
1726918422744 0.230203 6
1726918422907 0.182097 12
1726918423068 0.261957 12
1726918423232 0.336586 12
1726918423384 0.281502 12
1726918425140 0.247667 0
1726918425295 0.145833 0
1726918425450 0.14183 0
1726918425603 0.161808 0
1726918425759 0.162706 0
1726918425918 0.061624 0
1726918426081 0.123254 0
1726918426236 0.307995 0
1726918426392 0.051707 0
1726918426548 0.545865 0
1726918426705 0.275898 7
1726918426858 0.186576 7
1726918427014 0.226906 7
1726918427174 0.091322 7
1726918427335 0.188522 7
1726918427485 0.417262 7
1726918427633 0.170151 7
1726918427785 0.171433 7
1726918427940 0.193759 7
1726918428097 0.21584 7
1726918428246 0.234967 14
1726918428401 0.341787 14
1726918428555 0.364253 14
1726918428709 0.812377 14
