1726820771845 2.097589 0
1726820771980 0.233063 0
1726820772108 0.207006 0
1726820772247 4.193528 0
1726820772391 2.343246 0
1726820772537 0.186591 0
1726820773320 0.80142 0
1726820773459 0.156373 0
1726820773577 0.25565 0
1726820773698 2.036565 0
1726820773815 1.142113 0
1726820773932 0.12478 0
1726820774526 0.583316 0
1726820774652 0.114414 0
1726820774778 0.200545 0
1726820774904 1.577984 0
1726820775026 0.844426 0
1726820775147 0.1229 0
1726820775786 0.502264 0
1726820775935 0.110651 0
1726820776063 0.225049 0
1726820776194 1.383145 0
1726820776318 0.687138 0
1726820776443 0.106741 0
1726820777041 0.516923 0
1726820777166 0.118771 0
1726820777286 0.2319 0
1726820777416 1.321026 0
1726820777547 0.637011 0
1726820777674 0.099229 0
1726820778237 0.487098 0
1726820778366 0.129205 0
1726820778474 0.211539 0
1726820778583 1.241256 0
1726820778700 0.599551 0
1726820778832 0.087506 0
1726820779507 0.491375 0
1726820779630 0.129767 0
1726820779755 0.205774 0
1726820779879 1.065021 0
1726820780019 0.613443 0
1726820780166 0.080386 0
1726820780886 0.506912 0
1726820781037 0.134524 0
1726820781156 0.20834 0
1726820781273 1.027269 0
1726820781389 0.609815 0
1726820781509 0.07555 0
1726820782228 0.520679 0
1726820782361 0.134231 0
1726820782489 0.21042 0
1726820782621 0.953479 0
1726820782757 0.57803 0
1726820782888 0.074018 0
1726820783465 0.483787 0
1726820783600 0.137225 0
1726820783720 0.207695 0
1726820783841 0.870383 0
1726820783964 0.576708 0
1726820784085 0.073746 0
