1726820771851 9.057898 0
1726820771986 13.960108 0
1726820772114 1.655849 0
1726820772253 5.947496 0
1726820772397 1.771948 0
1726820772543 1.319984 0
1726820773329 1.607807 0
1726820773465 1.028163 0
1726820773583 2.064848 0
1726820773703 5.762753 0
1726820773821 1.469482 0
1726820773938 2.340936 0
1726820774532 1.025633 0
1726820774657 8.090143 0
1726820774784 2.779968 0
1726820774910 1.320425 0
1726820775032 1.001074 0
1726820775152 4.250738 0
1726820775793 0.804487 0
1726820775940 12.812685 0
1726820776069 1.922846 0
1726820776200 1.778615 0
1726820776324 1.560798 0
1726820776449 3.651031 0
1726820777048 0.879496 0
1726820777171 5.359312 0
1726820777292 1.632152 0
1726820777422 11.468529 0
1726820777553 1.426082 0
1726820777679 1.218584 0
1726820778243 5.408132 0
1726820778372 3.645737 0
1726820778479 2.287734 0
1726820778588 0.978615 0
1726820778705 0.716379 0
1726820778837 1.29642 0
1726820779513 1.65363 0
1726820779636 3.681136 0
1726820779761 30.767254 0
1726820779885 0.906162 0
1726820780025 0.7551 0
1726820780172 1.77344 0
1726820780892 9.778482 0
1726820781043 2.424655 0
1726820781161 9.814809 0
1726820781278 1.247352 0
1726820781394 1.479998 0
1726820781514 1.170959 0
1726820782234 0.722812 0
1726820782367 2.061153 0
1726820782495 2.126735 0
1726820782627 0.999457 0
1726820782762 1.738564 0
1726820782893 3.338278 0
1726820783471 0.668221 0
1726820783605 3.299479 0
1726820783726 1.925284 0
1726820783847 0.612279 0
1726820783970 0.982881 0
1726820784091 1.053329 0
