1727273506222 0.0 0
1727273506413 10.0 0
1727273506602 20.0 0
1727273506790 30.0 0
1727273506996 40.0 0
1727273507189 50.0 0
1727273507384 60.0 0
1727273507588 70.0 0
1727273507777 80.0 0
1727273507971 90.0 0
1727273508157 100.0 1
1727273508347 110.0 1
1727273508526 120.0 1
1727273508730 130.0 1
1727273508990 140.0 1
1727273509169 150.0 1
1727273509358 160.0 1
1727273509561 170.0 1
1727273509756 180.0 1
1727273509937 190.0 1
1727273510122 200.0 2
1727273510304 210.0 2
1727273510483 220.0 2
1727273510660 230.0 2
1727273510851 240.0 2
1727273511048 250.0 2
1727273511228 260.0 2
1727273511418 270.0 2
1727273511623 280.0 2
1727273511888 290.0 2
1727273512098 300.0 3
1727273512287 310.0 3
1727273512487 320.0 3
1727273512697 330.0 3
1727273512901 340.0 3
1727273513105 350.0 3
1727273513312 360.0 3
1727273513504 370.0 3
1727273513709 380.0 3
1727273513907 390.0 3
1727273514103 400.0 4
1727273517932 0.0 0
1727273518157 10.0 0
1727273518354 20.0 0
1727273518551 30.0 0
1727273518748 40.0 0
1727273518941 50.0 0
1727273519133 60.0 0
1727273519329 70.0 0
1727273519518 80.0 0
1727273519708 90.0 0
1727273519919 100.0 2
1727273520135 110.0 2
1727273520332 120.0 2
1727273520526 130.0 2
1727273520730 140.0 2
1727273520917 150.0 2
1727273521115 160.0 2
1727273521304 170.0 2
1727273521487 180.0 2
1727273521664 190.0 2
1727273521856 200.0 4
1727273522036 210.0 4
1727273522219 220.0 4
1727273522403 230.0 4
1727273522595 240.0 4
1727273522790 250.0 4
1727273522977 260.0 4
1727273523172 270.0 4
1727273523369 280.0 4
1727273523568 290.0 4
1727273523771 300.0 6
1727273523962 310.0 6
1727273524173 320.0 6
1727273524355 330.0 6
1727273524529 340.0 6
1727273524701 350.0 6
1727273524879 360.0 6
1727273525060 370.0 6
1727273525242 380.0 6
1727273525414 390.0 6
1727273525585 400.0 8
1727273529257 0.0 0
1727273529442 10.0 0
1727273529615 20.0 0
1727273529794 30.0 0
1727273529972 40.0 0
1727273530163 50.0 0
1727273530359 60.0 0
1727273530533 70.0 0
1727273530710 80.0 0
1727273530889 90.0 0
1727273531065 100.0 3
1727273531245 110.0 3
1727273531423 120.0 3
1727273531600 130.0 3
1727273531781 140.0 3
1727273531966 150.0 3
1727273532145 160.0 3
1727273532335 170.0 3
1727273532511 180.0 3
1727273532694 190.0 3
1727273532883 200.0 6
1727273533071 210.0 6
1727273533246 220.0 6
1727273533443 230.0 6
1727273533659 240.0 6
1727273533854 250.0 6
1727273534045 260.0 6
1727273534226 270.0 6
1727273534424 280.0 6
1727273534609 290.0 6
1727273534794 300.0 9
1727273534977 310.0 9
1727273535177 320.0 9
1727273535374 330.0 9
1727273535582 340.0 9
1727273535781 350.0 9
1727273535982 360.0 9
1727273536174 370.0 9
1727273536358 380.0 9
1727273536544 390.0 9
1727273536739 400.0 12
1727273540689 0.0 0
1727273540870 10.0 0
1727273541059 20.0 0
1727273541263 30.0 0
1727273541439 40.0 0
1727273541624 50.0 0
1727273541811 60.0 0
1727273542008 70.0 0
1727273542180 80.0 0
1727273542376 90.0 0
1727273542565 100.0 4
1727273542764 110.0 4
1727273542952 120.0 4
1727273543137 130.0 4
1727273543321 140.0 4
1727273543504 150.0 4
1727273543690 160.0 4
1727273543871 170.0 4
1727273544070 180.0 4
1727273544265 190.0 4
1727273544457 200.0 8
1727273544652 210.0 8
1727273544829 220.0 8
1727273545003 230.0 8
1727273545183 240.0 8
1727273545355 250.0 8
1727273545536 260.0 8
1727273545716 270.0 8
1727273545892 280.0 8
1727273546069 290.0 8
1727273546252 300.0 12
1727273546431 310.0 12
1727273546606 320.0 12
1727273546791 330.0 12
1727273546965 340.0 12
1727273547143 350.0 12
1727273547326 360.0 12
1727273547507 370.0 12
1727273547694 380.0 12
1727273547875 390.0 12
1727273548060 400.0 16
1727273551618 0.0 0
1727273551825 10.0 0
1727273552015 20.0 0
1727273552199 30.0 0
1727273552381 40.0 0
1727273552597 50.0 0
1727273552776 60.0 0
1727273552959 70.0 0
1727273553169 80.0 0
1727273553370 90.0 0
1727273553581 100.0 5
1727273553798 110.0 5
1727273553986 120.0 5
1727273554180 130.0 5
1727273554363 140.0 5
1727273554573 150.0 5
1727273554774 160.0 5
1727273554979 170.0 5
1727273555176 180.0 5
1727273555368 190.0 5
1727273555555 200.0 10
1727273555742 210.0 10
1727273555929 220.0 10
1727273556119 230.0 10
1727273556313 240.0 10
1727273556512 250.0 10
1727273556710 260.0 10
1727273556904 270.0 10
1727273557109 280.0 10
1727273557290 290.0 10
1727273557479 300.0 15
1727273557664 310.0 15
1727273557864 320.0 15
1727273558039 330.0 15
1727273558216 340.0 15
1727273558389 350.0 15
1727273558574 360.0 15
1727273558751 370.0 15
1727273558924 380.0 15
1727273559097 390.0 15
1727273559267 400.0 20
1727273562915 0.0 0
1727273563092 10.0 0
1727273563264 20.0 0
1727273563444 30.0 0
1727273563616 40.0 0
1727273563795 50.0 0
1727273563978 60.0 0
1727273564159 70.0 0
1727273564334 80.0 0
1727273564507 90.0 0
1727273564691 100.0 6
1727273564870 110.0 6
1727273565045 120.0 6
1727273565220 130.0 6
1727273565393 140.0 6
1727273565570 150.0 6
1727273565762 160.0 6
1727273565954 170.0 6
1727273566161 180.0 6
1727273566345 190.0 6
1727273566541 200.0 12
1727273566731 210.0 12
1727273566931 220.0 12
1727273567126 230.0 12
1727273567320 240.0 12
1727273567506 250.0 12
1727273567698 260.0 12
1727273567894 270.0 12
1727273568079 280.0 12
1727273568255 290.0 12
1727273568435 300.0 18
1727273568620 310.0 18
1727273568815 320.0 18
1727273569009 330.0 18
1727273569213 340.0 18
1727273569423 350.0 18
1727273569626 360.0 18
1727273569828 370.0 18
1727273570028 380.0 18
1727273570220 390.0 18
1727273570406 400.0 24
1727273574238 0.0 0
1727273574414 10.0 0
1727273574592 20.0 0
1727273574790 30.0 0
1727273574978 40.0 0
1727273575156 50.0 0
1727273575359 60.0 0
1727273575552 70.0 0
1727273575753 80.0 0
1727273575945 90.0 0
1727273576138 100.0 7
1727273576325 110.0 7
1727273576501 120.0 7
1727273576681 130.0 7
1727273576863 140.0 7
1727273577048 150.0 7
1727273577227 160.0 7
1727273577405 170.0 7
1727273577581 180.0 7
1727273577764 190.0 7
1727273577945 200.0 14
1727273578128 210.0 14
1727273578318 220.0 14
1727273578504 230.0 14
1727273578697 240.0 14
1727273578896 250.0 14
1727273579078 260.0 14
1727273579260 270.0 14
1727273579446 280.0 14
1727273579631 290.0 14
1727273579826 300.0 21
1727273580020 310.0 21
1727273580199 320.0 21
1727273580394 330.0 21
1727273580572 340.0 21
1727273580782 350.0 21
1727273580962 360.0 21
1727273581139 370.0 21
1727273581324 380.0 21
1727273581502 390.0 21
1727273581676 400.0 28
1727273584808 0.0 0
1727273584981 10.0 0
1727273585153 20.0 0
1727273585326 30.0 0
1727273585500 40.0 0
1727273585676 50.0 0
1727273585851 60.0 0
1727273586030 70.0 0
1727273586215 80.0 0
1727273586398 90.0 0
1727273586593 100.0 8
1727273586779 110.0 8
1727273586955 120.0 8
1727273587141 130.0 8
1727273587322 140.0 8
1727273587502 150.0 8
1727273587685 160.0 8
1727273587864 170.0 8
1727273588037 180.0 8
1727273588218 190.0 8
1727273588397 200.0 16
1727273588574 210.0 16
1727273588789 220.0 16
1727273588971 230.0 16
1727273589153 240.0 16
1727273589336 250.0 16
1727273589514 260.0 16
1727273589696 270.0 16
1727273589875 280.0 16
1727273590065 290.0 16
1727273590243 300.0 24
1727273590428 310.0 24
1727273590624 320.0 24
1727273590811 330.0 24
1727273590999 340.0 24
1727273591178 350.0 24
1727273591379 360.0 24
1727273591562 370.0 24
1727273591743 380.0 24
1727273591920 390.0 24
1727273592093 400.0 32
1727273595040 0.0 0
1727273595218 10.0 0
1727273595390 20.0 0
1727273595563 30.0 0
1727273595735 40.0 0
1727273595908 50.0 0
1727273596089 60.0 0
1727273596261 70.0 0
1727273596432 80.0 0
1727273596614 90.0 0
1727273596785 100.0 9
1727273596960 110.0 9
1727273597135 120.0 9
1727273597305 130.0 9
1727273597475 140.0 9
1727273597645 150.0 9
1727273597820 160.0 9
1727273597992 170.0 9
1727273598175 180.0 9
1727273598358 190.0 9
1727273598543 200.0 18
1727273598731 210.0 18
1727273598909 220.0 18
1727273599084 230.0 18
1727273599261 240.0 18
1727273599436 250.0 18
1727273599632 260.0 18
1727273599807 270.0 18
1727273599987 280.0 18
1727273600160 290.0 18
1727273600338 300.0 27
1727273600518 310.0 27
1727273600708 320.0 27
1727273600890 330.0 27
1727273601077 340.0 27
1727273601274 350.0 27
1727273601460 360.0 27
1727273601652 370.0 27
1727273601836 380.0 27
1727273602015 390.0 27
1727273602195 400.0 36
1727273605386 0.0 0
1727273605579 10.0 0
1727273605768 20.0 0
1727273605961 30.0 0
1727273606151 40.0 0
1727273606335 50.0 0
1727273606544 60.0 0
1727273606712 70.0 0
1727273606895 80.0 0
1727273607074 90.0 0
1727273607254 100.0 10
1727273607426 110.0 10
1727273607599 120.0 10
1727273607800 130.0 10
1727273607984 140.0 10
1727273608177 150.0 10
1727273608371 160.0 10
1727273608572 170.0 10
1727273608976 180.0 10
1727273609166 190.0 10
1727273609349 200.0 20
1727273609531 210.0 20
1727273609769 220.0 20
1727273609940 230.0 20
1727273610126 240.0 20
1727273610318 250.0 20
1727273610513 260.0 20
1727273610716 270.0 20
1727273610909 280.0 20
1727273611091 290.0 20
1727273611282 300.0 30
1727273611464 310.0 30
1727273611650 320.0 30
1727273611845 330.0 30
1727273612043 340.0 30
1727273612282 350.0 30
1727273612467 360.0 30
1727273612652 370.0 30
1727273612836 380.0 30
1727273613035 390.0 30
1727273613216 400.0 40
