1727273128825 0.0 0
1727273129013 10.0 0
1727273129197 20.0 0
1727273129366 30.0 0
1727273129536 40.0 0
1727273129705 50.0 0
1727273129876 60.0 0
1727273130044 70.0 0
1727273130226 80.0 0
1727273130409 90.0 0
1727273130584 100.0 1
1727273130752 110.0 1
1727273131766 0.0 0
1727273131935 10.0 0
1727273132099 20.0 0
1727273132266 30.0 0
1727273132438 40.0 0
1727273132609 50.0 0
1727273132774 60.0 0
1727273132943 70.0 0
1727273133125 80.0 0
1727273133294 90.0 0
1727273133465 100.0 2
1727273133631 110.0 2
1727273134599 0.0 0
1727273134770 10.0 0
1727273134940 20.0 0
1727273135110 30.0 0
1727273135275 40.0 0
1727273135445 50.0 0
1727273135612 60.0 0
1727273135781 70.0 0
1727273135950 80.0 0
1727273136118 90.0 0
1727273136287 100.0 3
1727273136460 110.0 3
1727273137467 0.0 0
1727273137653 10.0 0
1727273137828 20.0 0
1727273138006 30.0 0
1727273138184 40.0 0
1727273138356 50.0 0
1727273138534 60.0 0
1727273138710 70.0 0
1727273138889 80.0 0
1727273139070 90.0 0
1727273139257 100.0 4
1727273139434 110.0 4
1727273140364 0.0 0
1727273140547 10.0 0
1727273140720 20.0 0
1727273140898 30.0 0
1727273141088 40.0 0
1727273141279 50.0 0
1727273141470 60.0 0
1727273141648 70.0 0
1727273141829 80.0 0
1727273142007 90.0 0
1727273142184 100.0 5
1727273142364 110.0 5
1727273143316 0.0 0
1727273143493 10.0 0
1727273143671 20.0 0
1727273143851 30.0 0
1727273144042 40.0 0
1727273144228 50.0 0
1727273144413 60.0 0
1727273144603 70.0 0
1727273144789 80.0 0
1727273144974 90.0 0
1727273145144 100.0 6
1727273145325 110.0 6
1727273146359 0.0 0
1727273146527 10.0 0
1727273146695 20.0 0
1727273146870 30.0 0
1727273147041 40.0 0
1727273147208 50.0 0
1727273147383 60.0 0
1727273147550 70.0 0
1727273147717 80.0 0
1727273147884 90.0 0
1727273148052 100.0 7
1727273148229 110.0 7
1727273149224 0.0 0
1727273149401 10.0 0
1727273149576 20.0 0
1727273149748 30.0 0
1727273149922 40.0 0
1727273150107 50.0 0
1727273150292 60.0 0
1727273150481 70.0 0
1727273150664 80.0 0
1727273150838 90.0 0
1727273151016 100.0 8
1727273151195 110.0 8
1727273152175 0.0 0
1727273152364 10.0 0
1727273152546 20.0 0
1727273152728 30.0 0
1727273152905 40.0 0
1727273153084 50.0 0
1727273153260 60.0 0
1727273153442 70.0 0
1727273153618 80.0 0
1727273153793 90.0 0
1727273153966 100.0 9
1727273154149 110.0 9
