1726806505829 74.4832 0
1726806505931 2.828307 0
1726806506032 0.477825 0
1726806506131 2.419166 0
1726806506231 7.205201 0
1726806506336 1.394093 0
1726806506440 0.997177 0
1726806506542 1.313015 0
1726806506643 0.91423 0
1726806506743 6.514605 0
1726806506843 12.168909 1
1726806506943 1.258554 1
1726806507046 0.455389 1
1726806507148 4.550871 1
1726806507252 4.546702 1
1726806507353 4.497393 1
1726806507452 1.731194 1
1726806507552 6.109953 1
1726806507665 4.014252 1
1726806507769 0.576761 1
1726806507878 1.049756 2
1726806507979 1.339414 2
1726806509199 3.978712 0
1726806509310 5.614881 0
1726806509414 0.698772 0
1726806509515 0.596895 0
1726806509617 5.613527 0
1726806509719 68.809975 0
1726806509830 0.890872 0
1726806509939 1.199838 0
1726806510040 1.11851 0
1726806510140 1.952682 0
1726806510240 2.268492 2
1726806510342 2.720765 2
1726806510443 0.501359 2
1726806510544 8.309707 2
1726806510645 5.491817 2
1726806510746 13.931479 2
1726806510847 1.12617 2
1726806510948 6.512922 2
1726806511050 1.321631 2
1726806511151 0.606842 2
1726806511256 0.80433 4
1726806511357 0.794107 4
1726806512669 1.161767 0
1726806512772 1.885505 0
1726806512874 4.561813 0
1726806512976 3.175805 0
1726806513077 4.771666 0
1726806513178 3.28506 0
1726806513282 3.449686 0
1726806513384 4.954214 0
1726806513483 2.159168 0
1726806513582 8.841415 0
1726806513682 7.737875 3
1726806513783 1.830294 3
1726806513882 1.13344 3
1726806513981 6.300754 3
1726806514084 6.207612 3
1726806514182 3.74189 3
1726806514284 1.394643 3
1726806514385 6.120206 3
1726806514483 1.253304 3
1726806514585 0.615542 3
1726806514685 0.894342 6
1726806514783 1.124929 6
1726806515975 1.409769 0
1726806516096 1.05059 0
1726806516195 1.702409 0
1726806516295 2.912115 0
1726806516393 2.332249 0
1726806516492 0.964111 0
1726806516590 0.965152 0
1726806516690 1.06661 0
1726806516790 4.577084 0
1726806516888 0.821982 0
1726806516990 1.968061 4
1726806517098 3.579095 4
1726806517198 1.22026 4
1726806517299 6.339211 4
1726806517398 1.716323 4
1726806517497 3.913017 4
1726806517596 1.011193 4
1726806517693 19.214535 4
1726806517792 0.984426 4
1726806517890 0.682233 4
1726806517990 1.105928 8
1726806518095 1.061495 8
1726806519288 2.696295 0
1726806519397 0.968847 0
1726806519499 1.13325 0
1726806519600 1.889886 0
1726806519700 14.98873 0
1726806519798 0.904815 0
1726806519896 1.132396 0
1726806519996 1.168467 0
1726806520096 4.276458 0
1726806520207 1.037192 0
1726806520314 2.665833 5
1726806520415 2.411025 5
1726806520515 2.593451 5
1726806520615 2.421895 5
1726806520715 2.60985 5
1726806520815 13.116634 5
1726806520915 3.516361 5
1726806521015 1.948466 5
1726806521115 0.927693 5
1726806521215 0.622804 5
1726806521319 0.975047 10
1726806521421 1.403469 10
1726806522738 9.957318 0
1726806522841 1.266488 0
1726806522943 2.496593 0
1726806523042 1.173666 0
1726806523142 70.262779 0
1726806523241 1.147676 0
1726806523347 0.926048 0
1726806523448 1.090404 0
1726806523548 67.437759 0
1726806523648 1.075668 0
1726806523748 14.89345 6
1726806523852 1.124581 6
1726806523956 5.909039 6
1726806524057 1.871343 6
1726806524157 1.8434 6
1726806524266 2.653096 6
1726806524366 10.374179 6
1726806524465 18.818844 6
1726806524566 0.850626 6
1726806524665 0.705712 6
1726806524767 0.93502 12
1726806524869 1.201103 12
1726806526066 1.829553 0
1726806526178 1.218161 0
1726806526283 2.134838 0
1726806526384 1.537078 0
1726806526487 49.521736 0
1726806526588 0.795651 0
1726806526688 1.82403 0
1726806526787 1.220785 0
1726806526887 1.676402 0
1726806526987 1.208351 0
1726806527090 28.723213 7
1726806527191 0.922272 7
1726806527295 1.136968 7
1726806527397 2.099366 7
1726806527497 2.832689 7
1726806527596 1.902725 7
1726806527700 0.988192 7
1726806527801 1.285842 7
1726806527903 0.885041 7
1726806528002 0.689192 7
1726806528101 0.950372 14
1726806528199 0.84998 14
1726806529420 1.774911 0
1726806529528 1.408612 0
1726806529627 2.026403 0
1726806529729 1.516881 0
1726806529831 5.125037 0
1726806529931 1.176105 0
1726806530034 5.724129 0
1726806530133 1.015864 0
1726806530232 1.397973 0
1726806530332 1.161349 0
1726806530439 4.857851 8
1726806530540 1.339813 8
1726806530640 0.804616 8
1726806530740 3.163047 8
1726806530840 1.875615 8
1726806530941 2.300748 8
1726806531040 0.974994 8
1726806531140 1.368541 8
1726806531240 0.993998 8
1726806531339 0.66404 8
1726806531438 2.097481 16
1726806531540 1.0675 16
