1727094487439 0.0 0
1727094487556 10.0 0
1727094487670 20.0 0
1727094487783 30.0 0
1727094487894 40.0 0
1727094488006 50.0 0
1727094488120 60.0 0
1727094488238 70.0 0
1727094488352 80.0 0
1727094488467 90.0 0
1727094489047 0.0 0
1727094489166 10.0 0
1727094489282 20.0 0
1727094489393 30.0 0
1727094489504 40.0 0
1727094489630 50.0 0
1727094489756 60.0 0
1727094489877 70.0 0
1727094489992 80.0 0
1727094490106 90.0 0
1727094490678 0.0 0
1727094490790 10.0 0
1727094490908 20.0 0
1727094491021 30.0 0
1727094491141 40.0 0
1727094491258 50.0 0
1727094491373 60.0 0
1727094491491 70.0 0
1727094491605 80.0 0
1727094491718 90.0 0
1727094492283 0.0 0
1727094492401 10.0 0
1727094492511 20.0 0
1727094492626 30.0 0
1727094492739 40.0 0
1727094492853 50.0 0
1727094492969 60.0 0
1727094493087 70.0 0
1727094493204 80.0 0
1727094493316 90.0 0
1727094493878 0.0 0
1727094493991 10.0 0
1727094494103 20.0 0
1727094494216 30.0 0
1727094494331 40.0 0
1727094494445 50.0 0
1727094494559 60.0 0
1727094494673 70.0 0
1727094494787 80.0 0
1727094494903 90.0 0
1727094495484 0.0 0
1727094495597 10.0 0
1727094495715 20.0 0
1727094495831 30.0 0
1727094495946 40.0 0
1727094496059 50.0 0
1727094496171 60.0 0
1727094496285 70.0 0
1727094496406 80.0 0
1727094496521 90.0 0
1727094497087 0.0 0
1727094497205 10.0 0
1727094497325 20.0 0
1727094497441 30.0 0
1727094497561 40.0 0
1727094497686 50.0 0
1727094497799 60.0 0
1727094497916 70.0 0
1727094498032 80.0 0
1727094498151 90.0 0
1727094498726 0.0 0
1727094498841 10.0 0
1727094498955 20.0 0
1727094499073 30.0 0
1727094499186 40.0 0
1727094499306 50.0 0
1727094499420 60.0 0
1727094499533 70.0 0
1727094499644 80.0 0
1727094499754 90.0 0
1727094500313 0.0 0
1727094500433 10.0 0
1727094500565 20.0 0
1727094500687 30.0 0
1727094500801 40.0 0
1727094500913 50.0 0
1727094501025 60.0 0
1727094501136 70.0 0
1727094501248 80.0 0
1727094501363 90.0 0
1727094501924 0.0 0
1727094502037 10.0 0
1727094502148 20.0 0
1727094502262 30.0 0
1727094502376 40.0 0
1727094502495 50.0 0
1727094502612 60.0 0
1727094502723 70.0 0
1727094502835 80.0 0
1727094502948 90.0 0
