1726838450642 0.0 0
1726838450805 10.0 0
1726838450974 20.0 0
1726838451140 30.0 0
1726838451305 40.0 0
1726838451470 50.0 0
1726838451620 60.0 0
1726838451786 70.0 0
1726838451953 80.0 0
1726838452116 90.0 0
1726838453102 0.0 0
1726838453273 10.0 0
1726838453440 20.0 0
1726838453607 30.0 0
1726838453770 40.0 0
1726838453930 50.0 0
1726838454094 60.0 0
1726838454258 70.0 0
1726838454422 80.0 0
1726838454575 90.0 0
1726838455540 0.0 0
1726838455711 10.0 0
1726838455879 20.0 0
1726838456051 30.0 0
1726838456220 40.0 0
1726838456386 50.0 0
1726838456555 60.0 0
1726838456722 70.0 0
1726838456887 80.0 0
1726838457060 90.0 0
1726838458027 0.0 0
1726838458191 10.0 0
1726838458355 20.0 0
1726838458518 30.0 0
1726838458675 40.0 0
1726838458835 50.0 0
1726838458993 60.0 0
1726838459154 70.0 0
1726838459309 80.0 0
1726838459458 90.0 0
1726838460457 0.0 0
1726838460625 10.0 0
1726838460793 20.0 0
1726838460959 30.0 0
1726838461129 40.0 0
1726838461306 50.0 0
1726838461473 60.0 0
1726838461626 70.0 0
1726838461780 80.0 0
1726838461960 90.0 0
1726838462942 0.0 0
1726838463110 10.0 0
1726838463277 20.0 0
1726838463450 30.0 0
1726838463620 40.0 0
1726838463787 50.0 0
1726838463942 60.0 0
1726838464109 70.0 0
1726838464283 80.0 0
1726838464450 90.0 0
1726838465423 0.0 0
1726838465591 10.0 0
1726838465751 20.0 0
1726838465919 30.0 0
1726838466086 40.0 0
1726838466257 50.0 0
1726838466422 60.0 0
1726838466584 70.0 0
1726838466751 80.0 0
1726838466917 90.0 0
1726838467894 0.0 0
1726838468054 10.0 0
1726838468223 20.0 0
1726838468388 30.0 0
1726838468555 40.0 0
1726838468711 50.0 0
1726838468858 60.0 0
1726838469022 70.0 0
1726838469184 80.0 0
1726838469347 90.0 0
1726838470336 0.0 0
1726838470503 10.0 0
1726838470668 20.0 0
1726838470830 30.0 0
1726838470982 40.0 0
1726838471136 50.0 0
1726838471312 60.0 0
1726838471490 70.0 0
1726838471670 80.0 0
1726838471848 90.0 0
1726838472821 0.0 0
1726838472988 10.0 0
1726838473156 20.0 0
1726838473313 30.0 0
1726838473475 40.0 0
1726838473606 50.0 0
1726838473786 60.0 0
1726838473968 70.0 0
1726838474145 80.0 0
1726838474320 90.0 0
