1726776425122 0.554703 0
1726776425240 0.15521 0
1726776425357 1.141888 0
1726776425475 0.66756 0
1726776425592 0.66098 0
1726776425709 0.165772 0
1726776425825 0.253521 0
1726776425942 0.767238 0
1726776426059 2.03605 0
1726776426177 0.269014 0
1726776426909 0.501453 0
1726776427025 0.107943 0
1726776427142 0.492152 0
1726776427259 0.479444 0
1726776427377 0.248936 0
1726776427494 0.189531 0
1726776427611 0.159173 0
1726776427728 0.11122 0
1726776427845 0.974321 0
1726776427962 0.24472 0
1726776428675 0.204098 0
1726776428791 0.15314 0
1726776428907 0.494844 0
1726776429024 0.499737 0
1726776429140 0.276843 0
1726776429257 0.165674 0
1726776429376 0.176315 0
1726776429492 0.106096 0
1726776429610 0.988812 0
1726776429727 0.220416 0
1726776430440 0.199694 0
1726776430557 0.150012 0
1726776430673 0.467861 0
1726776430790 0.439536 0
1726776430907 0.26844 0
1726776431024 0.181077 0
1726776431141 0.149948 0
1726776431258 0.128752 0
1726776431376 1.030873 0
1726776431493 0.229906 0
1726776432196 0.218548 0
1726776432313 0.104398 0
1726776432429 0.501767 0
1726776432546 0.500593 0
1726776432662 0.146257 0
1726776432779 0.170249 0
1726776432896 0.215617 0
1726776433012 0.11219 0
1726776433129 1.080092 0
1726776433246 0.257293 0
