1727093283886 1.906816 0
1727093283978 0.659122 0
1727093284070 0.610278 0
1727093284157 1.060552 0
1727093284250 0.262059 0
1727093284339 0.174705 0
1727093284427 0.13322 0
1727093284517 0.355151 0
1727093284606 0.299073 0
1727093284696 8.010317 0
1727093284786 2.150481 1
1727093284874 2.117496 1
1727093284963 1.088557 1
1727093285051 1.02511 1
1727093285140 0.527617 1
1727093285230 0.259339 1
1727093286007 1.092737 0
1727093286101 0.995297 0
1727093286190 0.507596 0
1727093286281 0.843884 0
1727093286374 0.102689 0
1727093286465 0.1048 0
1727093286554 0.174941 0
1727093286648 0.11344 0
1727093286740 0.134024 0
1727093286829 4.606925 0
1727093286917 0.677688 2
1727093287005 1.926249 2
1727093287094 1.054319 2
1727093287185 0.749221 2
1727093287274 0.552872 2
1727093287363 0.289476 2
1727093288032 0.825336 0
1727093288126 0.918805 0
1727093288215 0.529429 0
1727093288304 0.80771 0
1727093288393 0.099011 0
1727093288482 0.102562 0
1727093288573 0.154039 0
1727093288661 0.137273 0
1727093288750 0.132003 0
1727093288838 3.044449 0
1727093288926 0.594236 3
1727093289015 1.793018 3
1727093289105 0.889449 3
1727093289193 0.766481 3
1727093289284 0.478171 3
1727093289374 0.26625 3
1727093290071 0.771596 0
1727093290165 0.94828 0
1727093290254 0.535012 0
1727093290340 0.845696 0
1727093290432 0.084592 0
1727093290520 0.082322 0
1727093290608 0.134692 0
1727093290697 0.129694 0
1727093290786 0.118508 0
1727093290875 2.377303 0
1727093290963 0.614375 4
1727093291053 1.683039 4
1727093291145 0.826974 4
1727093291234 0.7784 4
1727093291322 0.422567 4
1727093291412 0.252321 4
1727093292077 0.738718 0
1727093292178 0.943414 0
1727093292266 0.520993 0
1727093292354 0.872696 0
1727093292442 0.077644 0
1727093292531 0.068911 0
1727093292620 0.124097 0
1727093292711 0.117007 0
1727093292799 0.108155 0
1727093292887 2.035836 0
1727093292984 0.624696 5
1727093293074 1.675283 5
1727093293162 0.820694 5
1727093293251 0.788505 5
1727093293340 0.380776 5
1727093293429 0.2479 5
1727093294096 0.733194 0
1727093294191 0.951113 0
1727093294278 0.52607 0
1727093294367 0.874413 0
1727093294455 0.07248 0
1727093294545 0.062564 0
1727093294634 0.123009 0
1727093294722 0.094231 0
1727093294810 0.097499 0
1727093294900 1.875143 0
1727093294986 0.623642 6
1727093295073 1.706447 6
1727093295161 0.797619 6
1727093295249 0.816238 6
1727093295339 0.33511 6
1727093295428 0.240635 6
1727093296093 0.708355 0
1727093296181 0.930012 0
1727093296272 0.514796 0
1727093296364 0.876581 0
1727093296454 0.069578 0
1727093296542 0.057345 0
1727093296630 0.112858 0
1727093296721 0.091948 0
1727093296830 0.09394 0
1727093296920 1.748176 0
1727093297008 0.616475 7
1727093297096 1.667644 7
1727093297184 0.798794 7
1727093297272 0.818233 7
1727093297360 0.329544 7
1727093297450 0.234786 7
1727093298124 0.711935 0
1727093298216 0.913355 0
1727093298308 0.517752 0
1727093298396 0.881059 0
1727093298484 0.06866 0
1727093298575 0.055346 0
1727093298665 0.108095 0
1727093298753 0.089424 0
1727093298842 0.091246 0
1727093298931 1.691437 0
1727093299020 0.616239 8
1727093299109 1.67299 8
1727093299197 0.796955 8
1727093299288 0.81405 8
1727093299378 0.321069 8
1727093299466 0.232548 8
1727093300127 0.711411 0
1727093300224 0.89337 0
1727093300316 0.510025 0
1727093300409 0.884741 0
1727093300499 0.06769 0
1727093300586 0.052627 0
1727093300680 0.105159 0
1727093300775 0.085234 0
1727093300870 0.088455 0
1727093300960 1.675574 0
1727093301050 0.597199 9
1727093301138 1.703688 9
1727093301233 0.794003 9
1727093301325 0.816898 9
1727093301417 0.312774 9
1727093301508 0.23103 9
1727093302177 0.701722 0
1727093302269 0.876082 0
1727093302361 0.510483 0
1727093302451 0.893726 0
1727093302541 0.067523 0
1727093302631 0.052653 0
1727093302722 0.100306 0
1727093302811 0.080835 0
1727093302902 0.086927 0
1727093302994 1.627523 0
1727093303084 0.597846 10
1727093303173 1.639056 10
1727093303262 0.78796 10
1727093303352 0.814659 10
1727093303441 0.303517 10
1727093303533 0.229328 10
