1727096165299 0.0 0
1727096165424 10.0 0
1727096165543 20.0 0
1727096165657 30.0 0
1727096165773 40.0 0
1727096165887 50.0 0
1727096166007 60.0 0
1727096166126 70.0 0
1727096166244 80.0 0
1727096166360 90.0 0
1727096166474 100.0 1
1727096166592 110.0 1
1727096166707 120.0 1
1727096166822 130.0 1
1727096166943 140.0 1
1727096167058 150.0 1
1727096167174 160.0 1
1727096167289 170.0 1
1727096167403 180.0 1
1727096167519 190.0 1
1727096167636 200.0 2
1727096167754 210.0 2
1727096167875 220.0 2
1727096167995 230.0 2
1727096168110 240.0 2
1727096168223 250.0 2
1727096168342 260.0 2
1727096168456 270.0 2
1727096169547 0.0 0
1727096169663 10.0 0
1727096169778 20.0 0
1727096169891 30.0 0
1727096170007 40.0 0
1727096170124 50.0 0
1727096170241 60.0 0
1727096170358 70.0 0
1727096170472 80.0 0
1727096170589 90.0 0
1727096170703 100.0 2
1727096170818 110.0 2
1727096170939 120.0 2
1727096171055 130.0 2
1727096171170 140.0 2
1727096171289 150.0 2
1727096171403 160.0 2
1727096171517 170.0 2
1727096171634 180.0 2
1727096171749 190.0 2
1727096171865 200.0 4
1727096171986 210.0 4
1727096172103 220.0 4
1727096172216 230.0 4
1727096172330 240.0 4
1727096172444 250.0 4
1727096172557 260.0 4
1727096172670 270.0 4
1727096173788 0.0 0
1727096173908 10.0 0
1727096174026 20.0 0
1727096174149 30.0 0
1727096174266 40.0 0
1727096174380 50.0 0
1727096174497 60.0 0
1727096174612 70.0 0
1727096174728 80.0 0
1727096174843 90.0 0
1727096174958 100.0 3
1727096175076 110.0 3
1727096175192 120.0 3
1727096175308 130.0 3
1727096175430 140.0 3
1727096175547 150.0 3
1727096175661 160.0 3
1727096175776 170.0 3
1727096175893 180.0 3
1727096176009 190.0 3
1727096176127 200.0 6
1727096176248 210.0 6
1727096176367 220.0 6
1727096176483 230.0 6
1727096176598 240.0 6
1727096176714 250.0 6
1727096176829 260.0 6
1727096176947 270.0 6
1727096178052 0.0 0
1727096178171 10.0 0
1727096178290 20.0 0
1727096178405 30.0 0
1727096178518 40.0 0
1727096178636 50.0 0
1727096178759 60.0 0
1727096178873 70.0 0
1727096178989 80.0 0
1727096179108 90.0 0
1727096179224 100.0 4
1727096179338 110.0 4
1727096179456 120.0 4
1727096179573 130.0 4
1727096179692 140.0 4
1727096179809 150.0 4
1727096179924 160.0 4
1727096180043 170.0 4
1727096180161 180.0 4
1727096180280 190.0 4
1727096180394 200.0 8
1727096180510 210.0 8
1727096180624 220.0 8
1727096180754 230.0 8
1727096180872 240.0 8
1727096180989 250.0 8
1727096181105 260.0 8
1727096181223 270.0 8
