1726825498804 280.435303 0
1726825498946 4.683814 0
1726825499107 9.280487 0
1726825499294 8.160013 0
1726825499476 17.572521 0
1726825499645 15.064811 0
1726825499792 10.128134 0
1726825499944 13.079616 0
1726825500105 40.744019 0
1726825500280 17.156725 0
1726825500447 55.571766 1
1726825500613 5.281645 1
1726825502020 5.098528 0
1726825502168 3.643095 0
1726825502305 18.135777 0
1726825502450 8.746005 0
1726825502605 3.33327 0
1726825502767 4.571939 0
1726825502922 9.907845 0
1726825503077 6.18504 0
1726825503232 8.824291 0
1726825503385 8.195768 0
1726825503532 6.802389 2
1726825503668 2.296275 2
1726825504747 1.770617 0
1726825504891 0.979327 0
1726825505048 4.338419 0
1726825505208 11.349331 0
1726825505372 4.161996 0
1726825505536 6.252831 0
1726825505702 3.902282 0
1726825505865 44.734524 0
1726825506022 7.476986 0
1726825506199 7.447258 0
1726825506362 4.535294 3
1726825506519 2.1241 3
1726825507560 2.062143 0
1726825507706 2.20518 0
1726825507854 6.817023 0
1726825508005 20.678322 0
1726825508174 1.54396 0
1726825508361 3.634076 0
1726825508521 1.738004 0
1726825508678 4.228585 0
1726825508840 6.815159 0
1726825508998 119.300148 0
1726825509144 15.464761 4
1726825509303 5.827566 4
1726825510364 1.525735 0
1726825510514 1.216077 0
1726825510668 4.703276 0
1726825510828 74.930954 0
1726825510985 2.01743 0
1726825511142 7.029372 0
1726825511302 0.920366 0
1726825511453 9.271276 0
1726825511602 4.425058 0
1726825511752 5.006794 0
1726825511904 3.740527 5
1726825512056 1.805748 5
1726825513086 1.528025 0
1726825513225 2.703794 0
1726825513371 9.433977 0
1726825513521 4.073837 0
1726825513675 1.45954 0
1726825513827 6.657717 0
1726825513976 0.730396 0
1726825514121 8.538555 0
1726825514261 6.350404 0
1726825514409 4.840841 0
1726825514558 4.777269 6
1726825514705 2.454453 6
1726825515704 1.990943 0
1726825515848 4.730545 0
1726825515984 6.673894 0
1726825516109 4.26817 0
1726825516257 1.300417 0
1726825516423 27.081415 0
1726825516603 0.651748 0
1726825516765 3.445131 0
1726825516922 17.325054 0
1726825517076 4.998217 0
1726825517222 2.878938 7
1726825517372 2.525154 7
1726825518438 4.106843 0
1726825518599 2.691973 0
1726825518768 6.225368 0
1726825518950 3.284243 0
1726825519105 1.234953 0
1726825519272 10.030684 0
1726825519446 0.614858 0
1726825519606 2.974992 0
1726825519767 6.04899 0
1726825519923 4.014855 0
1726825520082 3.734404 8
1726825520239 3.532976 8
1726825521369 3.509666 0
1726825521511 2.447654 0
1726825521650 5.589122 0
1726825521799 2.898252 0
1726825521957 1.413005 0
1726825522117 7.734109 0
1726825522280 0.590745 0
1726825522443 3.514744 0
1726825522604 10.18445 0
1726825522779 5.681768 0
1726825522942 3.056453 9
1726825523108 2.224299 9
1726825524146 3.516003 0
1726825524298 3.001122 0
1726825524456 2.732893 0
1726825524612 3.004367 0
1726825524796 1.246164 0
1726825524963 44.308514 0
1726825525120 0.613698 0
1726825525287 3.872391 0
1726825525454 12.455852 0
1726825525619 3.003092 0
1726825525760 4.352708 10
1726825525898 5.238071 10
