1726888558078 0.0 0
1726888558216 10.0 0
1726888558352 20.0 0
1726888558490 30.0 0
1726888558626 40.0 0
1726888558763 50.0 0
1726888558902 60.0 0
1726888559043 70.0 0
1726888559181 80.0 0
1726888559835 0.0 0
1726888559974 10.0 0
1726888560111 20.0 0
1726888560247 30.0 0
1726888560384 40.0 0
1726888560521 50.0 0
1726888560659 60.0 0
1726888560795 70.0 0
1726888560934 80.0 0
1726888561599 0.0 0
1726888561739 10.0 0
1726888561877 20.0 0
1726888562014 30.0 0
1726888562151 40.0 0
1726888562288 50.0 0
1726888562427 60.0 0
1726888562564 70.0 0
1726888562701 80.0 0
1726888563365 0.0 0
1726888563503 10.0 0
1726888563640 20.0 0
1726888563777 30.0 0
1726888563920 40.0 0
1726888564058 50.0 0
1726888564195 60.0 0
1726888564333 70.0 0
1726888564471 80.0 0
1726888565131 0.0 0
1726888565270 10.0 0
1726888565412 20.0 0
1726888565549 30.0 0
1726888565686 40.0 0
1726888565823 50.0 0
1726888565961 60.0 0
1726888566098 70.0 0
1726888566236 80.0 0
1726888566888 0.0 0
1726888567033 10.0 0
1726888567241 20.0 0
1726888567384 30.0 0
1726888567521 40.0 0
1726888567658 50.0 0
1726888567797 60.0 0
1726888567934 70.0 0
1726888568072 80.0 0
1726888568728 0.0 0
1726888568867 10.0 0
1726888569003 20.0 0
1726888569143 30.0 0
1726888569281 40.0 0
1726888569418 50.0 0
1726888569554 60.0 0
1726888569691 70.0 0
1726888569829 80.0 0
1726888570479 0.0 0
1726888570617 10.0 0
1726888570754 20.0 0
1726888570893 30.0 0
1726888571030 40.0 0
1726888571170 50.0 0
1726888571308 60.0 0
1726888571445 70.0 0
1726888571584 80.0 0
