1726756049328 70.932648 0
1726756049419 0.964108 0
1726756049508 1.575224 0
1726756049595 0.777048 0
1726756049682 1.334598 0
1726756049769 75.900475 0
1726756049865 12.684922 0
1726756049951 1.241608 0
1726756050037 1.890202 0
1726756050126 3.96596 0
1726756050213 0.631749 1
1726756050300 2.22681 1
1726756050386 0.586845 1
1726756050477 14.8969 1
1726756050564 4.021626 1
1726756050651 0.416839 1
1726756050739 0.356834 1
1726756050825 0.818985 1
1726756050913 4.261325 1
1726756051002 2.83999 1
1726756051091 1.8346 2
1726756051178 2.371443 2
1726756051274 19.252104 2
1726756051368 4.916354 2
1726756051455 1.073433 2
1726756051542 1.610043 2
1726756051629 1.124399 2
1726756051715 0.605658 2
1726756051801 0.946006 2
1726756051899 1.306107 2
1726756051987 1.106015 3
1726756052075 4.710323 3
1726756052162 1.032968 3
1726756052248 1.91086 3
1726756052335 50.019142 3
1726756052422 5.758687 3
1726756052508 2.008521 3
1726756052598 1.650778 3
1726756052686 3.683694 3
1726756052773 1.732843 3
1726756052861 10.330461 4
1726756054994 3.44318 0
1726756055095 0.904282 0
1726756055185 4.307054 0
1726756055274 0.6899 0
1726756055363 0.522746 0
1726756055450 5.521011 0
1726756055536 67.446899 0
1726756055621 1.236052 0
1726756055707 14.218081 0
1726756055794 4.90716 0
1726756055880 1.15855 2
1726756055975 2.385678 2
1726756056065 0.397768 2
1726756056153 18.299801 2
1726756056239 2.134315 2
1726756056326 0.507415 2
1726756056411 0.341292 2
1726756056497 1.473159 2
1726756056586 8.064545 2
1726756056672 5.226582 2
1726756056759 1.284453 4
1726756056848 2.634182 4
1726756056935 4.13833 4
1726756057024 1.491386 4
1726756057111 0.85586 4
1726756057198 1.632022 4
1726756057283 1.125864 4
1726756057377 0.642569 4
1726756057464 0.927566 4
1726756057551 2.111727 4
1726756057638 1.143958 6
1726756057723 4.03568 6
1726756057809 1.084798 6
1726756057894 1.593386 6
1726756057983 8.484282 6
1726756058075 2.604634 6
1726756058164 4.916895 6
1726756058252 1.358066 6
1726756058338 2.908356 6
1726756058424 1.726745 6
1726756058510 15.289634 8
1726756060542 1.87 0
1726756060642 1.994557 0
1726756060729 4.087374 0
1726756060814 0.470331 0
1726756060900 0.548206 0
1726756060988 6.183014 0
1726756061074 2.952926 0
1726756061159 0.762647 0
1726756061249 21.244869 0
1726756061339 35.519253 0
1726756061425 0.442799 3
1726756061513 1.183289 3
1726756061599 0.412429 3
1726756061685 2.710074 3
1726756061772 2.079846 3
1726756061857 0.594237 3
1726756061943 0.372716 3
1726756062029 1.483205 3
1726756062126 5.57128 3
1726756062214 4.580745 3
1726756062303 0.831486 6
1726756062391 1.243345 6
1726756062477 1.402386 6
1726756062564 2.009142 6
1726756062650 0.861843 6
1726756062734 1.5296 6
1726756062825 0.817762 6
1726756062916 0.481421 6
1726756063004 1.075952 6
1726756063091 1.152709 6
1726756063176 1.201175 9
1726756063261 4.242595 9
1726756063349 1.64913 9
1726756063439 1.505763 9
1726756063527 4.408374 9
1726756063613 3.674228 9
1726756063699 0.969949 9
1726756063790 1.792094 9
1726756063876 1.625327 9
1726756063962 6.887231 9
1726756064048 3.0312 12
1726756066044 9.825224 0
1726756066140 0.939544 0
1726756066238 14.032149 0
1726756066327 0.703905 0
1726756066414 0.919544 0
1726756066500 2.358674 0
1726756066586 2.566196 0
1726756066672 0.555365 0
1726756066759 7.223315 0
1726756066844 4.575454 0
1726756066931 0.344209 4
1726756067018 0.780719 4
1726756067104 0.565115 4
1726756067191 9.134316 4
1726756067278 2.500115 4
1726756067367 0.552079 4
1726756067455 0.388327 4
1726756067543 1.758777 4
1726756067630 5.724859 4
1726756067717 2.651745 4
1726756067809 0.816883 8
1726756067903 1.252312 8
1726756067996 2.43786 8
1726756068085 7.117772 8
1726756068172 2.462585 8
1726756068271 1.70752 8
1726756068358 3.019532 8
1726756068447 0.487504 8
1726756068533 1.242279 8
1726756068618 1.786129 8
1726756068705 1.010754 12
1726756068795 2.349559 12
1726756068883 2.399866 12
1726756068971 2.859681 12
1726756069060 2.315042 12
1726756069146 3.364607 12
1726756069233 1.045211 12
1726756069322 2.382449 12
1726756069410 3.752955 12
1726756069498 2.516003 12
1726756069585 1.450783 16
1726756071609 4.000449 0
1726756071707 3.494755 0
1726756071799 24.88451 0
1726756071888 1.437014 0
1726756071975 1.866415 0
1726756072064 1.927531 0
1726756072151 2.422288 0
1726756072238 0.447038 0
1726756072330 1.381832 0
1726756072419 4.189524 0
1726756072507 0.426018 5
1726756072598 1.243384 5
1726756072686 1.210912 5
1726756072773 3.434049 5
1726756072861 3.130333 5
1726756072947 0.62806 5
1726756073034 0.289363 5
1726756073121 0.797327 5
1726756073206 4.313646 5
1726756073293 2.436207 5
1726756073379 3.176865 10
1726756073466 3.428394 10
1726756073552 2.06788 10
1726756073641 5.50598 10
1726756073728 1.996641 10
1726756073820 39.902966 10
1726756073907 0.978472 10
1726756073993 0.462491 10
1726756074080 0.955354 10
1726756074167 1.765902 10
1726756074252 1.107045 15
1726756074338 1.755478 15
1726756074436 1.197562 15
1726756074523 3.495111 15
1726756074609 2.799361 15
1726756074695 2.568656 15
1726756074781 0.952457 15
1726756074869 1.439906 15
1726756074957 1.476112 15
1726756075046 1.642756 15
1726756075131 2.720078 20
1726756077310 7.150407 0
1726756077405 1.652596 0
1726756077492 2.219511 0
1726756077583 1.816581 0
1726756077672 0.98311 0
1726756077760 2.324502 0
1726756077848 3.519521 0
1726756077933 0.451993 0
1726756078020 1.493225 0
1726756078108 2.832359 0
1726756078194 0.485589 6
1726756078282 1.731353 6
1726756078367 0.630788 6
1726756078458 6.901916 6
1726756078553 2.898991 6
1726756078638 0.604248 6
1726756078726 0.320909 6
1726756078818 1.310886 6
1726756078906 15.472283 6
1726756078997 4.963596 6
1726756079088 1.505214 12
1726756079175 1.352193 12
1726756079267 1.707914 12
1726756079358 7.706726 12
1726756079446 1.260701 12
1726756079534 20.679581 12
1726756079622 0.811827 12
1726756079710 0.450833 12
1726756079797 1.138671 12
1726756079884 2.432664 12
1726756079971 0.931486 18
1726756080061 2.588887 18
1726756080150 1.320956 18
1726756080238 3.641177 18
1726756080327 3.307328 18
1726756080414 3.801721 18
1726756080507 1.151728 18
1726756080596 1.726451 18
1726756080683 11.827547 18
1726756080772 3.542924 18
1726756080861 9.341389 24
1726756082870 6.972285 0
1726756082970 4.765121 0
1726756083057 18.572012 0
1726756083144 0.709223 0
1726756083232 0.532158 0
1726756083317 3.117294 0
1726756083405 4.6752 0
1726756083492 0.514193 0
1726756083579 18.644882 0
1726756083666 3.965928 0
1726756083753 0.518884 7
1726756083839 1.641887 7
1726756083931 0.496089 7
1726756084019 6.529892 7
1726756084107 6.730536 7
1726756084193 0.511965 7
1726756084280 0.313472 7
1726756084366 1.443228 7
1726756084452 12.287241 7
1726756084539 3.893274 7
1726756084636 1.23854 14
1726756084725 4.090933 14
1726756084812 7.634084 14
1726756084900 2.06717 14
1726756085000 6.362816 14
1726756085090 1614.712769 14
1726756085177 1.238397 14
1726756085265 0.433202 14
1726756085353 3.232418 14
1726756085440 1.573832 14
1726756085527 3.654892 21
1726756085613 4.407835 21
1726756085699 1.695895 21
1726756085785 13.076784 21
1726756085871 5.019232 21
1726756085960 3.940249 21
1726756086047 3.976963 21
1726756086133 2.258465 21
1726756086225 4.724207 21
1726756086313 1.589841 21
1726756086404 5.03142 28
1726756088429 6.092149 0
1726756088522 2.008174 0
1726756088608 2.261187 0
1726756088700 0.499134 0
1726756088789 0.470089 0
1726756088875 36.843761 0
1726756088964 13.762565 0
1726756089054 1.042619 0
1726756089142 16.441269 0
1726756089228 10.545977 0
1726756089315 0.50752 8
1726756089401 1.890499 8
1726756089493 0.440695 8
1726756089580 3.452123 8
1726756089669 3.669158 8
1726756089756 0.472631 8
1726756089842 0.28554 8
1726756089929 43.869232 8
1726756090015 2.638055 8
1726756090101 3.817917 8
1726756090188 2.155758 16
1726756090274 1.232614 16
1726756090360 6.014409 16
1726756090449 1.50509 16
1726756090537 0.803858 16
1726756090624 1.781139 16
1726756090712 2.062937 16
1726756090810 0.428129 16
1726756090898 2.179005 16
1726756090983 2.378639 16
1726756091070 11.306782 24
1726756091156 5.950356 24
1726756091242 2.369926 24
1726756091329 3.317295 24
1726756091415 46.913876 24
1726756091501 2.611935 24
1726756091586 0.996737 24
1726756091675 4.575322 24
1726756091763 2.975769 24
1726756091849 1.966354 24
1726756091935 4.503773 32
1726756093934 4.953313 0
1726756094032 1.900237 0
1726756094120 3.347647 0
1726756094207 0.713116 0
1726756094295 0.493868 0
1726756094388 5.12166 0
1726756094476 8.915447 0
1726756094564 0.779064 0
1726756094651 2.29529 0
1726756094738 4.977283 0
1726756094829 0.50204 9
1726756094920 1.256889 9
1726756095014 0.460419 9
1726756095101 2.54294 9
1726756095187 2.075553 9
1726756095277 0.519851 9
1726756095367 0.277651 9
1726756095453 1.269086 9
1726756095541 5.394917 9
1726756095627 2.67798 9
1726756095714 1.511377 18
1726756095801 1.006573 18
1726756095888 5.728985 18
1726756095975 2.51776 18
1726756096063 0.698706 18
1726756096152 7.349061 18
1726756096240 0.902888 18
1726756096328 0.414253 18
1726756096417 1.015047 18
1726756096506 1.479862 18
1726756096594 0.938497 27
1726756096681 3.791753 27
1726756096767 8.361592 27
1726756096855 5.498419 27
1726756096956 21.009216 27
1726756097045 29.557102 27
1726756097133 1.157611 27
1726756097220 2.800323 27
1726756097307 2.961997 27
1726756097394 1.685696 27
1726756097482 3.561844 36
