1726908698805 1061.624023 0
1726908698947 1.566452 0
1726908699091 14.989117 0
1726908699232 4.230952 0
1726908699373 5.768349 0
1726908699514 1.240582 0
1726908699654 3.073117 0
1726908699795 5.184855 0
1726908699936 3.861216 0
1726908700077 1.72841 0
1726908700218 2.28578 1
1726908700359 2.085998 1
1726908701395 3.483841 0
1726908701540 1.19371 0
1726908701681 2.676277 0
1726908701822 1.580822 0
1726908701963 1.410464 0
1726908702105 0.724572 0
1726908702246 2.991404 0
1726908702387 6.007708 0
1726908702529 6.934994 0
1726908702672 2.184313 0
1726908702813 1.074524 2
1726908702955 0.759276 2
1726908703845 10.210736 0
1726908703989 3.256838 0
1726908704130 3.757025 0
1726908704270 0.991484 0
1726908704411 2.705869 0
1726908704553 5.275597 0
1726908704694 7.259331 0
1726908704835 0.994147 0
1726908704976 1.975839 0
1726908705117 2.980972 0
1726908705261 0.719184 3
1726908705402 0.810668 3
1726908706278 8.029858 0
1726908706423 4.281625 0
1726908706564 1.047951 0
1726908706704 0.896327 0
1726908706845 2.288001 0
1726908706986 0.854179 0
1726908707126 8.52438 0
1726908707270 0.716006 0
1726908707411 1.431766 0
1726908707551 5.660989 0
1726908707692 1.440794 4
1726908707832 0.681602 4
1726908708715 6.232395 0
1726908708855 4.754073 0
1726908708997 2.14248 0
1726908709138 3.092113 0
1726908709281 2.682611 0
1726908709422 0.918935 0
1726908709563 4.8947 0
1726908709703 1.072533 0
1726908709846 3.692962 0
1726908709987 3.356396 0
1726908710135 1.224858 5
1726908710277 0.696198 5
