1727264930789 34.906857 0
1727264930964 2.811268 0
1727264931131 164.301895 0
1727264931297 2.845742 0
1727264931457 0.975254 0
1727264931619 1.099955 0
1727264931803 0.893468 0
1727264931966 15.136419 0
1727264932128 1.038 0
1727264932313 6.985242 0
1727264932475 3.280777 1
1727264932638 0.736817 1
1727264932807 0.797165 1
1727264932964 1.199346 1
1727264933146 0.827176 1
1727264933312 0.84742 1
1727264933476 7.357743 1
1727264933660 0.420648 1
1727264934785 1.337474 0
1727264934950 3.649892 0
1727264935113 1.554555 0
1727264935280 2.437326 0
1727264935446 2.188063 0
1727264935614 0.559734 0
1727264935776 1.888326 0
1727264935936 4.672079 0
1727264936100 0.864029 0
1727264936262 2.020444 0
1727264936425 4.103843 2
1727264936593 0.850685 2
1727264936765 1.601389 2
1727264936935 0.401307 2
1727264937114 1.584533 2
1727264937298 0.89368 2
1727264937466 3.838209 2
1727264937633 0.413672 2
1727264938679 2.10279 0
1727264938841 1.574478 0
1727264938999 13.709448 0
1727264939153 6.711743 0
1727264939312 0.779324 0
1727264939465 0.704762 0
1727264939618 84.800262 0
1727264939778 11.212734 0
1727264939932 0.8286 0
1727264940085 2.157219 0
1727264940250 4.703945 3
1727264940405 1.046111 3
1727264940563 14.639833 3
1727264940726 0.458555 3
1727264940892 0.919162 3
1727264941068 13.179337 3
1727264941244 2.174571 3
1727264941424 0.54747 3
1727264942523 4.180131 0
1727264942691 15.11595 0
1727264942872 16.322678 0
1727264943047 4.168592 0
1727264943233 2.894439 0
1727264943407 0.189975 0
1727264943571 4.845288 0
1727264943733 7.445999 0
1727264943892 1.072828 0
1727264944063 1.648425 0
1727264944229 7.341127 4
1727264944393 1.891649 4
1727264944554 0.721865 4
1727264944720 0.456173 4
1727264944879 0.943652 4
1727264945051 1.263762 4
1727264945214 1.459244 4
1727264945382 0.515884 4
