1726774553192 0.0 0
1726774553291 10.0 0
1726774553385 20.0 0
1726774553480 30.0 0
1726774553575 40.0 0
1726774553668 50.0 0
1726774553761 60.0 0
1726774553854 70.0 0
1726774553945 80.0 0
1726774554037 90.0 0
1726774554130 100.0 1
1726774554227 110.0 1
1726774554321 120.0 1
1726774554414 130.0 1
1726774554538 140.0 1
1726774554630 150.0 1
1726774554721 160.0 1
1726774554812 170.0 1
1726774554904 180.0 1
1726774554994 190.0 1
1726774555102 200.0 2
1726774555199 210.0 2
1726774555301 220.0 2
1726774555394 230.0 2
1726774555489 240.0 2
1726774555582 250.0 2
1726774555675 260.0 2
1726774555766 270.0 2
1726774555860 280.0 2
1726774555953 290.0 2
1726774556045 300.0 3
1726774556136 310.0 3
1726774556228 320.0 3
1726774556320 330.0 3
1726774556412 340.0 3
1726774556504 350.0 3
1726774556595 360.0 3
1726774556687 370.0 3
1726774556779 380.0 3
1726774556870 390.0 3
1726774556964 400.0 4
1726774557059 410.0 4
1726774557150 420.0 4
1726774557248 430.0 4
1726774557350 440.0 4
1726774557444 450.0 4
1726774557537 460.0 4
1726774557629 470.0 4
1726774557721 480.0 4
1726774557813 490.0 4
1726774557905 500.0 5
1726774560474 0.0 0
1726774560570 10.0 0
1726774560662 20.0 0
1726774560753 30.0 0
1726774560845 40.0 0
1726774560937 50.0 0
1726774561028 60.0 0
1726774561120 70.0 0
1726774561212 80.0 0
1726774561306 90.0 0
1726774561408 100.0 2
1726774561500 110.0 2
1726774561593 120.0 2
1726774561685 130.0 2
1726774561777 140.0 2
1726774561869 150.0 2
1726774561961 160.0 2
1726774562053 170.0 2
1726774562145 180.0 2
1726774562240 190.0 2
1726774562330 200.0 4
1726774562423 210.0 4
1726774562514 220.0 4
1726774562607 230.0 4
1726774562699 240.0 4
1726774562790 250.0 4
1726774562882 260.0 4
1726774562974 270.0 4
1726774563066 280.0 4
1726774563158 290.0 4
1726774563250 300.0 6
1726774563341 310.0 6
1726774563440 320.0 6
1726774563536 330.0 6
1726774563629 340.0 6
1726774563724 350.0 6
1726774563817 360.0 6
1726774563912 370.0 6
1726774564004 380.0 6
1726774564098 390.0 6
1726774564195 400.0 8
1726774564287 410.0 8
1726774564379 420.0 8
1726774564474 430.0 8
1726774564570 440.0 8
1726774564666 450.0 8
1726774564759 460.0 8
1726774564854 470.0 8
1726774564947 480.0 8
1726774565043 490.0 8
1726774565136 500.0 10
1726774567701 0.0 0
1726774567806 10.0 0
1726774567900 20.0 0
1726774567991 30.0 0
1726774568086 40.0 0
1726774568180 50.0 0
1726774568273 60.0 0
1726774568365 70.0 0
1726774568457 80.0 0
1726774568548 90.0 0
1726774568639 100.0 3
1726774568731 110.0 3
1726774568826 120.0 3
1726774568920 130.0 3
1726774569013 140.0 3
1726774569106 150.0 3
1726774569201 160.0 3
1726774569296 170.0 3
1726774569387 180.0 3
1726774569477 190.0 3
1726774569572 200.0 6
1726774569670 210.0 6
1726774569765 220.0 6
1726774569858 230.0 6
1726774569951 240.0 6
1726774570048 250.0 6
1726774570143 260.0 6
1726774570237 270.0 6
1726774570329 280.0 6
1726774570424 290.0 6
1726774570517 300.0 9
1726774570611 310.0 9
1726774570704 320.0 9
1726774570796 330.0 9
1726774570891 340.0 9
1726774570983 350.0 9
1726774571079 360.0 9
1726774571173 370.0 9
1726774571265 380.0 9
1726774571360 390.0 9
1726774571453 400.0 12
1726774571545 410.0 12
1726774571646 420.0 12
1726774571740 430.0 12
1726774571835 440.0 12
1726774571929 450.0 12
1726774572025 460.0 12
1726774572118 470.0 12
1726774572212 480.0 12
1726774572304 490.0 12
1726774572398 500.0 15
1726774574895 0.0 0
1726774575000 10.0 0
1726774575093 20.0 0
1726774575185 30.0 0
1726774575277 40.0 0
1726774575371 50.0 0
1726774575463 60.0 0
1726774575555 70.0 0
1726774575647 80.0 0
1726774575748 90.0 0
1726774575841 100.0 4
1726774575937 110.0 4
1726774576032 120.0 4
1726774576126 130.0 4
1726774576219 140.0 4
1726774576315 150.0 4
1726774576409 160.0 4
1726774576502 170.0 4
1726774576597 180.0 4
1726774576689 190.0 4
1726774576781 200.0 8
1726774576873 210.0 8
1726774576964 220.0 8
1726774577056 230.0 8
1726774577147 240.0 8
1726774577240 250.0 8
1726774577331 260.0 8
1726774577422 270.0 8
1726774577514 280.0 8
1726774577605 290.0 8
1726774577698 300.0 12
1726774577799 310.0 12
1726774577893 320.0 12
1726774577986 330.0 12
1726774578089 340.0 12
1726774578183 350.0 12
1726774578279 360.0 12
1726774578372 370.0 12
1726774578466 380.0 12
1726774578561 390.0 12
1726774578656 400.0 16
1726774578749 410.0 16
1726774578842 420.0 16
1726774578937 430.0 16
1726774579029 440.0 16
1726774579122 450.0 16
1726774579213 460.0 16
1726774579304 470.0 16
1726774579395 480.0 16
1726774579487 490.0 16
1726774579578 500.0 20
1726774582156 0.0 0
1726774582257 10.0 0
1726774582350 20.0 0
1726774582446 30.0 0
1726774582538 40.0 0
1726774582634 50.0 0
1726774582728 60.0 0
1726774582824 70.0 0
1726774582918 80.0 0
1726774583011 90.0 0
1726774583104 100.0 5
1726774583205 110.0 5
1726774583298 120.0 5
1726774583389 130.0 5
1726774583480 140.0 5
1726774583571 150.0 5
1726774583663 160.0 5
1726774583755 170.0 5
1726774583847 180.0 5
1726774583947 190.0 5
1726774584045 200.0 10
1726774584141 210.0 10
1726774584234 220.0 10
1726774584328 230.0 10
1726774584420 240.0 10
1726774584512 250.0 10
1726774584604 260.0 10
1726774584698 270.0 10
1726774584791 280.0 10
1726774584884 290.0 10
1726774584977 300.0 15
1726774585073 310.0 15
1726774585167 320.0 15
1726774585261 330.0 15
1726774585354 340.0 15
1726774585445 350.0 15
1726774585537 360.0 15
1726774585629 370.0 15
1726774585722 380.0 15
1726774585814 390.0 15
1726774585905 400.0 20
1726774586007 410.0 20
1726774586116 420.0 20
1726774586209 430.0 20
1726774586302 440.0 20
1726774586398 450.0 20
1726774586491 460.0 20
1726774586584 470.0 20
1726774586677 480.0 20
1726774586770 490.0 20
1726774586862 500.0 25
1726774589364 0.0 0
1726774589466 10.0 0
1726774589559 20.0 0
1726774589653 30.0 0
1726774589747 40.0 0
1726774589841 50.0 0
1726774589934 60.0 0
1726774590027 70.0 0
1726774590124 80.0 0
1726774590217 90.0 0
1726774590313 100.0 6
1726774590413 110.0 6
1726774590507 120.0 6
1726774590600 130.0 6
1726774590695 140.0 6
1726774590787 150.0 6
1726774590881 160.0 6
1726774590974 170.0 6
1726774591066 180.0 6
1726774591158 190.0 6
1726774591253 200.0 12
1726774591347 210.0 12
1726774591441 220.0 12
1726774591536 230.0 12
1726774591630 240.0 12
1726774591723 250.0 12
1726774591815 260.0 12
1726774591908 270.0 12
1726774592000 280.0 12
1726774592099 290.0 12
1726774592194 300.0 18
1726774592289 310.0 18
1726774592381 320.0 18
1726774592473 330.0 18
1726774592568 340.0 18
1726774592661 350.0 18
1726774592757 360.0 18
1726774592852 370.0 18
1726774592945 380.0 18
1726774593038 390.0 18
1726774593131 400.0 24
1726774593227 410.0 24
1726774593322 420.0 24
1726774593414 430.0 24
1726774593506 440.0 24
1726774593597 450.0 24
1726774593689 460.0 24
1726774593782 470.0 24
1726774593874 480.0 24
1726774593966 490.0 24
1726774594061 500.0 30
