1726794022230 4.283291 0
1726794022326 0.931563 0
1726794022422 0.618909 0
1726794022517 0.115208 0
1726794022612 0.583729 0
1726794022718 0.377 0
1726794022815 0.635945 0
1726794022910 0.340494 0
1726794023009 0.805242 0
1726794023109 0.408017 0
1726794023210 0.623246 1
1726794023308 0.091757 1
1726794023408 0.953786 1
1726794023505 0.538538 1
1726794023603 1.639871 1
1726794023703 1.553074 1
1726794023801 0.756309 1
1726794023897 0.432996 1
1726794023992 0.068733 1
1726794024088 0.778139 1
1726794024185 0.159559 2
1726794024283 0.204065 2
1726794024380 0.263349 2
1726794024476 0.205804 2
1726794024572 0.492056 2
1726794024668 0.833597 2
1726794024772 0.527481 2
1726794024870 0.254989 2
1726794024967 0.066754 2
1726794025066 0.329422 2
1726794025162 0.216059 3
1726794025260 0.084242 3
1726794025356 1.243092 3
1726794026883 0.95601 0
1726794026982 0.868521 0
1726794027078 0.623326 0
1726794027184 0.13356 0
1726794027281 0.248585 0
1726794027378 0.192032 0
1726794027476 0.492138 0
1726794027572 0.41266 0
1726794027667 0.643459 0
1726794027765 0.480747 0
1726794027862 0.630079 2
1726794027959 0.137759 2
1726794028055 0.984072 2
1726794028155 0.535368 2
1726794028258 1.500113 2
1726794028359 1.468374 2
1726794028457 0.597144 2
1726794028555 0.418762 2
1726794028651 0.105728 2
1726794028748 0.738116 2
1726794028852 0.176139 4
1726794028955 0.223701 4
1726794029055 0.238825 4
1726794029153 0.275378 4
1726794029255 0.301187 4
1726794029354 0.86376 4
1726794029451 0.527989 4
1726794029550 0.112407 4
1726794029648 0.022753 4
1726794029744 0.404871 4
1726794029842 0.256604 6
1726794029937 0.071628 6
1726794030034 0.864898 6
1726794031579 0.750841 0
1726794031678 0.837239 0
1726794031773 0.52245 0
1726794031870 0.115258 0
1726794031967 0.234635 0
1726794032063 0.18107 0
1726794032159 0.587619 0
1726794032257 0.379146 0
1726794032352 0.49592 0
1726794032449 0.470316 0
1726794032543 0.744586 3
1726794032639 0.084425 3
1726794032733 1.039112 3
1726794032828 0.503477 3
1726794032934 1.218638 3
1726794033031 1.430761 3
1726794033126 0.561145 3
1726794033227 0.474799 3
1726794033325 0.066124 3
1726794033421 0.708635 3
1726794033516 0.119494 6
1726794033612 0.220656 6
1726794033709 0.207018 6
1726794033804 0.206147 6
1726794033901 0.239463 6
1726794034001 0.782816 6
1726794034100 0.493169 6
1726794034198 0.041631 6
1726794034299 0.024005 6
1726794034397 0.310367 6
1726794034495 0.274057 9
1726794034592 0.0324 9
1726794034688 0.880863 9
1726794036259 0.832116 0
1726794036356 0.808675 0
1726794036452 0.569744 0
1726794036552 0.110969 0
1726794036651 0.242104 0
1726794036747 0.201516 0
1726794036846 0.674519 0
1726794036943 0.414747 0
1726794037051 0.39935 0
1726794037149 0.37426 0
1726794037247 0.765973 4
1726794037347 0.099839 4
1726794037444 0.879202 4
1726794037542 0.57357 4
1726794037639 1.089307 4
1726794037735 1.488631 4
1726794037833 0.475551 4
1726794037931 0.46762 4
1726794038031 0.048116 4
1726794038131 0.666991 4
1726794038233 0.187839 8
1726794038332 0.220691 8
1726794038429 0.225638 8
1726794038526 0.247371 8
1726794038627 0.244523 8
1726794038726 0.740665 8
1726794038823 0.477566 8
1726794038920 0.110379 8
1726794039019 0.083443 8
1726794039125 0.312469 8
1726794039226 0.268427 12
1726794039324 0.032356 12
1726794039422 0.8604 12
