1726762937780 0.929617 0
1726762937881 0.64929 0
1726762937971 1.133872 0
1726762938061 0.32086 0
1726762938149 0.104419 0
1726762938240 0.462775 0
1726762938326 0.275755 0
1726762938416 0.123915 0
1726762938504 0.420064 0
1726762938594 0.388845 0
1726762938688 0.220491 1
1726762938780 0.217548 1
1726762938869 0.228912 1
1726762938958 0.197463 1
1726762939053 0.308258 1
1726762939142 0.167846 1
1726762939231 0.122477 1
1726762939320 0.188482 1
1726762939409 0.252762 1
1726762939498 0.285206 1
1726762939588 0.641222 2
1726762939677 1.447941 2
1726762940703 0.368279 0
1726762940805 0.314106 0
1726762940895 0.807024 0
1726762940984 0.220528 0
1726762941073 0.10281 0
1726762941162 0.529919 0
1726762941250 0.282687 0
1726762941339 0.143083 0
1726762941428 0.336554 0
1726762941516 0.321785 0
1726762941604 0.217938 2
1726762941696 0.21366 2
1726762941787 0.234574 2
1726762941880 0.184906 2
1726762941970 0.35184 2
1726762942060 0.173046 2
1726762942151 0.13113 2
1726762942239 0.196854 2
1726762942331 0.296147 2
1726762942422 0.283179 2
1726762942512 0.554961 4
1726762942603 1.453302 4
1726762943764 0.597259 0
1726762943863 0.313407 0
1726762943955 0.838369 0
1726762944045 0.198018 0
1726762944134 0.085232 0
1726762944226 0.400639 0
1726762944317 0.197928 0
1726762944406 0.094465 0
1726762944494 0.335635 0
1726762944583 0.236923 0
1726762944673 0.191753 3
1726762944761 0.205484 3
1726762944858 0.213754 3
1726762944948 0.16645 3
1726762945040 0.325243 3
1726762945132 0.146324 3
1726762945223 0.116361 3
1726762945312 0.193836 3
1726762945401 0.244176 3
1726762945491 0.30662 3
1726762945578 0.555519 6
1726762945667 1.305402 6
1726762946701 0.203543 0
1726762946791 0.278119 0
1726762946889 0.589664 0
1726762946978 0.766331 0
1726762947069 0.183375 0
1726762947160 0.437945 0
1726762947250 0.253914 0
1726762947342 0.084959 0
1726762947432 0.351195 0
1726762947523 0.509012 0
1726762947612 0.20376 4
1726762947701 0.257372 4
1726762947794 0.220726 4
1726762947890 0.203095 4
1726762947981 0.372506 4
1726762948070 0.187115 4
1726762948160 0.088002 4
1726762948249 0.165899 4
1726762948337 0.314989 4
1726762948427 0.352422 4
1726762948514 0.533151 8
1726762948603 1.259364 8
