1726800206694 55.056801 0
1726800206796 1.007739 0
1726800206897 0.793381 0
1726800206996 0.108948 0
1726800207098 0.359143 0
1726800207207 3.042867 0
1726800207307 1.359944 0
1726800207405 18.156305 0
1726800207503 2.020723 0
1726800207600 9.623031 0
1726800207699 1.038219 1
1726800207800 0.852685 1
1726800207899 2.743456 1
1726800207996 1.392073 1
1726800208094 2.080117 1
1726800208199 1.075986 1
1726800208298 1.595192 1
1726800208400 0.649592 1
1726800208498 0.924644 1
1726800208594 1.072534 1
1726800208692 0.377302 2
1726800208791 2.076296 2
1726800208889 1.252827 2
1726800208992 0.717547 2
1726800209098 0.39179 2
1726800210468 2.088304 0
1726800210568 0.477102 0
1726800210665 0.350598 0
1726800210763 0.203982 0
1726800210863 0.136179 0
1726800210963 0.708535 0
1726800211061 8.185368 0
1726800211161 2.081898 0
1726800211260 0.830446 0
1726800211357 1.419988 0
1726800211454 10.343335 2
1726800211555 0.901629 2
1726800211654 1.095693 2
1726800211752 1.048326 2
1726800211851 1.050988 2
1726800211949 1.720137 2
1726800212049 0.712188 2
1726800212145 1.033495 2
1726800212256 1.121232 2
1726800212355 1.312875 2
1726800212456 0.565383 4
1726800212556 1.719313 4
1726800212653 1.002559 4
1726800212754 1.423362 4
1726800212852 4.732989 4
1726800214127 0.571688 0
1726800214229 0.458207 0
1726800214336 0.192398 0
1726800214433 0.333808 0
1726800214530 0.289341 0
1726800214633 5.963442 0
1726800214731 2.333762 0
1726800214831 189.522949 0
1726800214931 0.830942 0
1726800215029 4.370666 0
1726800215127 1.309542 3
1726800215227 0.849126 3
1726800215325 1.520061 3
1726800215422 1.081456 3
1726800215522 7.699685 3
1726800215621 1.558777 3
1726800215719 2.188813 3
1726800215816 0.522924 3
1726800215918 2.909485 3
1726800216016 1.157317 3
1726800216113 0.747704 6
1726800216212 1.410992 6
1726800216314 0.702117 6
1726800216413 1.588421 6
1726800216514 3.581894 6
1726800217863 0.607853 0
1726800217965 1.749631 0
1726800218063 0.305558 0
1726800218160 0.090387 0
1726800218258 0.243637 0
1726800218360 0.790464 0
1726800218463 2.647596 0
1726800218563 10.377132 0
1726800218662 1.046619 0
1726800218763 4.819991 0
1726800218864 4.02116 4
1726800218964 0.811417 4
1726800219063 1.632889 4
1726800219162 4.248652 4
1726800219260 1.118156 4
1726800219356 1.738043 4
1726800219457 2.126551 4
1726800219555 0.58507 4
1726800219653 0.791262 4
1726800219751 0.974436 4
1726800219848 0.454373 8
1726800219946 0.704319 8
1726800220043 0.866314 8
1726800220140 1.15058 8
1726800220239 0.120171 8
1726800221585 0.712637 0
1726800221687 0.473544 0
1726800221785 0.193226 0
1726800221882 0.099842 0
1726800221979 0.127113 0
1726800222077 1.301512 0
1726800222181 7.213897 0
1726800222289 3.390052 0
1726800222389 3.355667 0
1726800222497 1.578872 0
1726800222596 2.656887 5
1726800222694 0.692859 5
1726800222794 1.749581 5
1726800222894 0.871136 5
1726800222991 1.492664 5
1726800223089 2.965576 5
1726800223188 1.299697 5
1726800223301 198.00473 5
1726800223403 4.291122 5
1726800223501 1.215578 5
1726800223600 0.461283 10
1726800223699 0.758436 10
1726800223799 1.419272 10
1726800223902 1.792062 10
1726800224000 0.199092 10
