1726832675270 0.0 0
1726832675398 10.0 0
1726832675525 20.0 0
1726832675654 30.0 0
1726832675783 40.0 0
1726832675910 50.0 0
1726832676037 60.0 0
1726832676166 70.0 0
1726832676294 80.0 0
1726832676423 90.0 0
1726832676552 100.0 1
1726832676683 110.0 1
1726832676811 120.0 1
1726832676939 130.0 1
1726832677066 140.0 1
1726832677195 150.0 1
1726832677323 160.0 1
1726832677451 170.0 1
1726832677579 180.0 1
1726832677711 190.0 1
1726832677840 200.0 2
1726832677968 210.0 2
1726832678096 220.0 2
1726832678228 230.0 2
1726832678360 240.0 2
1726832678495 250.0 2
1726832680579 0.0 0
1726832680714 10.0 0
1726832680848 20.0 0
1726832680982 30.0 0
1726832681113 40.0 0
1726832681246 50.0 0
1726832681377 60.0 0
1726832681509 70.0 0
1726832681638 80.0 0
1726832681769 90.0 0
1726832681900 100.0 2
1726832682028 110.0 2
1726832682156 120.0 2
1726832682284 130.0 2
1726832682413 140.0 2
1726832682541 150.0 2
1726832682670 160.0 2
1726832682797 170.0 2
1726832682927 180.0 2
1726832683056 190.0 2
1726832683184 200.0 4
1726832683319 210.0 4
1726832683456 220.0 4
1726832683589 230.0 4
1726832683723 240.0 4
1726832683859 250.0 4
1726832685862 0.0 0
1726832685998 10.0 0
1726832686129 20.0 0
1726832686262 30.0 0
1726832686397 40.0 0
1726832686532 50.0 0
1726832686669 60.0 0
1726832686802 70.0 0
1726832686935 80.0 0
1726832687073 90.0 0
1726832687206 100.0 3
1726832687342 110.0 3
1726832687474 120.0 3
1726832687608 130.0 3
1726832687738 140.0 3
1726832687883 150.0 3
1726832688018 160.0 3
1726832688154 170.0 3
1726832688289 180.0 3
1726832688424 190.0 3
1726832688560 200.0 6
1726832688690 210.0 6
1726832688823 220.0 6
1726832688959 230.0 6
1726832689093 240.0 6
1726832689228 250.0 6
1726832691278 0.0 0
1726832691413 10.0 0
1726832691545 20.0 0
1726832691676 30.0 0
1726832691818 40.0 0
1726832691952 50.0 0
1726832692084 60.0 0
1726832692213 70.0 0
1726832692345 80.0 0
1726832692477 90.0 0
1726832692607 100.0 4
1726832692736 110.0 4
1726832692868 120.0 4
1726832692998 130.0 4
1726832693126 140.0 4
1726832693256 150.0 4
1726832693389 160.0 4
1726832693517 170.0 4
1726832693650 180.0 4
1726832693780 190.0 4
1726832693910 200.0 8
1726832694044 210.0 8
1726832694177 220.0 8
1726832694311 230.0 8
1726832694442 240.0 8
1726832694574 250.0 8
