1726906705959 2.40506 0
1726906706106 0.855003 0
1726906706247 0.753014 0
1726906706387 3.366931 0
1726906706528 1.897226 0
1726906706669 0.422815 0
1726906706811 0.942057 0
1726906706953 0.195314 0
1726906707094 0.139714 0
1726906707234 0.614928 0
1726906708143 0.640535 0
1726906708286 0.876659 0
1726906708427 0.689087 0
1726906708567 2.18785 0
1726906708708 1.243347 0
1726906708849 0.309579 0
1726906708992 0.635554 0
1726906709132 0.062397 0
1726906709274 0.135313 0
1726906709416 0.489507 0
1726906710269 0.510116 0
1726906710411 0.686256 0
1726906710551 0.661996 0
1726906710692 1.913895 0
1726906710833 1.020164 0
1726906710975 0.317365 0
1726906711118 0.584188 0
1726906711258 0.07829 0
1726906711400 0.120619 0
1726906711541 0.438521 0
1726906712393 0.544603 0
1726906712535 0.644084 0
1726906712676 0.635736 0
1726906712816 1.901495 0
1726906712956 1.012616 0
1726906713096 0.315199 0
1726906713237 0.63331 0
1726906713378 0.056806 0
1726906713519 0.124662 0
1726906713660 0.442351 0
1726906714523 0.523088 0
1726906714667 0.615566 0
1726906714808 0.625685 0
1726906714950 1.886891 0
1726906715109 0.976044 0
1726906715278 0.357383 0
1726906715456 0.598694 0
1726906715618 0.041039 0
1726906715759 0.126294 0
1726906715901 0.435819 0
1726906716742 0.609729 0
1726906716884 0.621092 0
1726906717025 0.607333 0
1726906717167 1.853659 0
1726906717308 0.971244 0
1726906717449 0.336627 0
1726906717590 0.624236 0
1726906717730 0.033777 0
1726906717871 0.131199 0
1726906718012 0.464811 0
1726906718865 0.502704 0
1726906719008 0.584808 0
1726906719150 0.571088 0
1726906719290 1.827939 0
1726906719433 0.949698 0
1726906719575 0.389301 0
1726906719716 0.570427 0
1726906719856 0.028303 0
1726906719996 0.126502 0
1726906720137 0.464392 0
1726906720990 0.502991 0
1726906721133 0.577881 0
1726906721275 0.561993 0
1726906721415 1.812955 0
1726906721556 0.941214 0
1726906721696 0.35644 0
1726906721837 0.543923 0
1726906721978 0.023434 0
1726906722118 0.136655 0
1726906722258 0.463458 0
