1726762649492 1.0 0
1726762649585 1.0 0
1726762649674 1.0 0
1726762649762 1.0 0
1726762649852 1.0 0
1726762649942 1.0 0
1726762650032 1.0 0
1726762650121 1.0 0
1726762650642 1.0 0
1726762650742 1.0 0
1726762650830 1.0 0
1726762650927 1.0 0
1726762651018 1.0 0
1726762651111 1.0 0
1726762651201 1.0 0
1726762651291 1.0 0
1726762651790 1.0 0
1726762651893 1.0 0
1726762651983 1.0 0
1726762652074 1.0 0
1726762652164 1.0 0
1726762652259 1.0 0
1726762652353 1.0 0
1726762652443 1.0 0
1726762652934 1.0 0
1726762653032 1.0 0
1726762653123 1.0 0
1726762653212 1.0 0
1726762653302 1.0 0
1726762653390 1.0 0
1726762653479 1.0 0
1726762653569 1.0 0
