1726837790177 21.975893 0
1726837790345 54.526443 0
1726837790509 21.03405 0
1726837790674 24.230564 0
1726837790850 17.013397 0
1726837791023 17.820183 0
1726837791188 23.698709 0
1726837791357 5.983185 0
1726837791522 6.965243 0
1726837791686 8.134312 0
1726837791854 2.873284 1
1726837792018 1.264038 1
1726837792183 2.033419 1
1726837793300 1.813667 0
1726837793469 3.895233 0
1726837793634 3.063695 0
1726837793797 8.005423 0
1726837793962 4.765712 0
1726837794125 1.148911 0
1726837794289 22.653345 0
1726837794453 14.31151 0
1726837794631 1.981443 0
1726837794802 1.908205 0
1726837794967 0.427303 2
1726837795130 1.199839 2
1726837795291 3.046167 2
1726837796393 1.710939 0
1726837796564 3.338789 0
1726837796736 4.42375 0
1726837796908 46.217384 0
1726837797077 14.238214 0
1726837797244 1.123474 0
1726837797411 73.080154 0
1726837797577 2.800897 0
1726837797742 1.596152 0
1726837797908 1.093179 0
1726837798073 0.433973 3
1726837798222 1.435268 3
1726837798392 1.717118 3
1726837799452 3.342448 0
1726837799614 2.81751 0
1726837799778 8.909074 0
1726837799941 4.430058 0
1726837800106 8.60603 0
1726837800269 0.885121 0
1726837800434 5.808949 0
1726837800598 1.296981 0
1726837800763 2.348656 0
1726837800934 0.959188 0
1726837801100 0.459994 4
1726837801267 3.998938 4
1726837801434 1.013051 4
1726837802551 1.408819 0
1726837802718 1.702576 0
1726837802886 2.988046 0
1726837803053 6.362672 0
1726837803223 3.754805 0
1726837803390 0.578309 0
1726837803560 20.89201 0
1726837803727 1.083154 0
1726837803895 1.331312 0
1726837804064 0.91244 0
1726837804229 0.567983 5
1726837804397 1.407637 5
1726837804546 1.048135 5
1726837805651 3.215841 0
1726837805835 2.322252 0
1726837806021 8.226984 0
1726837806211 1.488941 0
1726837806403 7.829412 0
1726837806592 0.625762 0
1726837806782 7.020582 0
1726837806975 0.974649 0
1726837807162 1.072486 0
1726837807351 0.768725 0
1726837807542 0.537295 6
1726837807737 212.570526 6
1726837807925 1.304641 6
1726837809059 1.850756 0
1726837809225 1.89079 0
1726837809391 4.957346 0
1726837809559 1.294354 0
1726837809729 14.4066 0
1726837809896 0.672941 0
1726837810062 9.323599 0
1726837810225 0.890614 0
1726837810376 1.289137 0
1726837810542 0.91785 0
1726837810698 0.452848 7
1726837810835 1.950331 7
1726837811022 7.295888 7
1726837812136 2.258341 0
1726837812300 1.768569 0
1726837812466 14.086009 0
1726837812637 1.835026 0
1726837812808 4.783812 0
1726837812978 0.740479 0
1726837813144 4.862026 0
1726837813309 0.808642 0
1726837813479 30.2181 0
1726837813649 0.955208 0
1726837813826 0.444605 8
1726837814005 1.405648 8
1726837814182 10.650604 8
1726837815266 2.962056 0
1726837815431 1.885376 0
1726837815599 5.901032 0
1726837815767 1.472005 0
1726837815935 11.990052 0
1726837816104 1.00918 0
1726837816268 6.153296 0
1726837816421 0.785408 0
1726837816592 2.074638 0
1726837816761 0.805804 0
1726837816911 0.444006 9
1726837817077 1.558287 9
1726837817244 1.357557 9
1726837818350 14.276535 0
1726837818523 2.263824 0
1726837818696 3.905885 0
1726837818870 1.443176 0
1726837819049 5.163506 0
1726837819221 1.628675 0
1726837819397 3.889459 0
1726837819569 0.753492 0
1726837819743 1.290178 0
1726837819918 0.902914 0
1726837820095 0.433714 10
1726837820279 39.689941 10
1726837820458 1.820828 10
