1726822188443 0.35489 0
1726822188569 0.094117 0
1726822188701 0.186635 0
1726822188836 0.631383 0
1726822188975 0.146249 0
1726822189108 0.105784 0
1726822189235 0.105214 0
1726822189364 0.332631 0
1726822189505 0.422371 0
1726822189637 0.084062 0
1726822189768 0.092201 1
1726822189903 0.125884 1
1726822190040 0.136355 1
1726822190182 0.291943 1
1726822190336 0.11511 1
1726822190499 0.066783 1
1726822190661 0.41949 1
1726822190815 0.249647 1
1726822190970 0.289323 1
1726822191120 0.16287 1
1726822191253 0.366939 2
1726822191389 0.169876 2
1726822191529 0.27708 2
1726822191668 0.156895 2
1726822191808 0.140132 2
1726822191950 0.232846 2
1726822192103 0.141199 2
1726822192270 0.470884 2
1726822192442 0.479511 2
1726822192625 0.236398 2
1726822192798 0.241541 3
1726822192960 0.191329 3
1726822193104 0.418462 3
1726822193244 0.810616 3
1726822193380 0.729323 3
1726822193524 0.753406 3
1726822193677 0.240483 3
1726822193851 0.362891 3
1726822194036 0.217167 3
1726822194211 0.33243 3
1726822194372 0.217251 4
1726822194524 0.168653 4
1726822194660 0.650345 4
1726822194794 0.271278 4
1726822200166 0.308288 0
1726822200297 0.106298 0
1726822200416 0.082201 0
1726822200539 0.370014 0
1726822200657 0.099605 0
1726822200773 0.107996 0
1726822200890 0.07525 0
1726822201012 0.255731 0
1726822201146 0.265841 0
1726822201285 0.034629 0
1726822201425 0.097859 2
1726822201577 0.109304 2
1726822201719 0.138361 2
1726822201850 0.305573 2
1726822201975 0.11652 2
1726822202098 0.07584 2
1726822202229 0.252918 2
1726822202358 0.190015 2
1726822202493 0.14269 2
1726822202626 0.255868 2
1726822202755 0.322363 4
1726822202878 0.160234 4
1726822203000 0.262443 4
1726822203129 0.150225 4
1726822203260 0.223674 4
1726822203396 0.211678 4
1726822203527 0.125024 4
1726822203647 0.413358 4
1726822203764 0.540907 4
1726822203879 0.242996 4
1726822204000 0.234481 6
1726822204135 0.194053 6
1726822204289 0.43161 6
1726822204431 0.756151 6
1726822204566 0.68977 6
1726822204696 0.730986 6
1726822204826 0.228623 6
1726822204962 0.383669 6
1726822205093 0.193156 6
1726822205221 0.302714 6
1726822205345 0.209049 8
1726822205473 0.185955 8
1726822205600 0.570688 8
1726822205723 0.374223 8
1726822211254 0.210873 0
1726822211389 0.111215 0
1726822211511 0.077229 0
1726822211637 0.432526 0
1726822211762 0.142037 0
1726822211887 0.125355 0
1726822212014 0.077362 0
1726822212142 0.26312 0
1726822212274 0.275579 0
1726822212416 0.04044 0
1726822212561 0.143664 3
1726822212698 0.117448 3
1726822212823 0.105187 3
1726822212946 0.364337 3
1726822213070 0.132614 3
1726822213191 0.063587 3
1726822213310 0.322981 3
1726822213435 0.215379 3
1726822213570 0.153119 3
1726822213704 0.1941 3
1726822213831 0.371236 6
1726822213955 0.158256 6
1726822214079 0.244741 6
1726822214210 0.180425 6
1726822214355 0.192356 6
1726822214503 0.253458 6
1726822214648 0.134008 6
1726822214783 0.406891 6
1726822214908 0.523195 6
1726822215030 0.243778 6
1726822215154 0.226715 9
1726822215278 0.294907 9
1726822215399 0.440175 9
1726822215522 0.743295 9
1726822215644 0.70068 9
1726822215770 0.809185 9
1726822215906 0.252693 9
1726822216036 0.386098 9
1726822216163 0.184156 9
1726822216290 0.354059 9
1726822216416 0.167412 12
1726822216547 0.258559 12
1726822216673 0.530795 12
1726822216796 0.268077 12
1726822222378 0.214654 0
1726822222521 0.046159 0
1726822222671 0.147196 0
1726822222837 0.335941 0
1726822223010 0.146784 0
1726822223174 0.102648 0
1726822223348 0.061414 0
1726822223532 0.256647 0
1726822223704 0.424191 0
1726822223865 0.043014 0
1726822224011 0.081356 4
1726822224149 0.180658 4
1726822224291 0.132002 4
1726822224428 0.341412 4
1726822224563 0.116488 4
1726822224709 0.072705 4
1726822224878 0.502538 4
1726822225070 0.2061 4
1726822225256 0.207014 4
1726822225446 0.103796 4
1726822225613 0.299406 8
1726822225774 0.165614 8
1726822225933 0.229518 8
1726822226076 0.156097 8
1726822226206 0.130468 8
1726822226329 0.247597 8
1726822226454 0.13825 8
1726822226582 0.424218 8
1726822226711 0.461046 8
1726822226842 0.250437 8
1726822226969 0.228378 12
1726822227102 0.308243 12
1726822227232 0.425246 12
1726822227361 0.777136 12
1726822227485 0.751744 12
1726822227617 0.826061 12
1726822227755 0.228262 12
1726822227886 0.349606 12
1726822228017 0.215512 12
1726822228146 0.369637 12
1726822228279 0.192972 16
1726822228410 0.194048 16
1726822228539 0.548784 16
1726822228669 0.309914 16
