1727268898843 12.580158 0
1727268898968 8.852475 0
1727268899101 235.520157 0
1727268899227 10.077795 0
1727268899351 19.496233 0
1727268899488 18.190044 0
1727268899968 6.541493 0
1727268900106 5.039244 0
1727268900239 9.230587 0
1727268900383 6.663614 0
1727268900527 10.050895 0
1727268900655 122.400406 0
1727268901138 5.249221 0
1727268901276 3.515474 0
1727268901407 4.921927 0
1727268901531 5.135806 0
1727268901684 7.122427 0
1727268901818 76.156357 0
1727268902383 4.305738 0
1727268902517 2.603841 0
1727268902665 3.109327 0
1727268902806 4.26557 0
1727268902941 5.432999 0
1727268903068 55.821064 0
1727268903523 3.641184 0
1727268903649 2.073776 0
1727268903781 2.289721 0
1727268903924 3.83337 0
1727268904051 4.777259 0
1727268904183 53.786362 0
1727268904658 3.464652 0
1727268904785 1.922266 0
1727268904918 2.008385 0
1727268905043 3.647349 0
1727268905169 4.532991 0
1727268905305 20.37204 0
