1726825606114 0.0 0
1726825606230 10.0 0
1726825606347 20.0 0
1726825606465 30.0 0
1726825606588 40.0 0
1726825606711 50.0 0
1726825606846 60.0 0
1726825606972 70.0 0
1726825607098 80.0 0
1726825607228 90.0 0
1726825609189 0.0 0
1726825609330 10.0 0
1726825609440 20.0 0
1726825609550 30.0 0
1726825609654 40.0 0
1726825609767 50.0 0
1726825609880 60.0 0
1726825609991 70.0 0
1726825610105 80.0 0
1726825610214 90.0 0
1726825610916 0.0 0
1726825611033 10.0 0
1726825611149 20.0 0
1726825611271 30.0 0
1726825611393 40.0 0
1726825611513 50.0 0
1726825611635 60.0 0
1726825611758 70.0 0
1726825611880 80.0 0
1726825612007 90.0 0
1726825612705 0.0 0
1726825612822 10.0 0
1726825612937 20.0 0
1726825613057 30.0 0
1726825613178 40.0 0
1726825613302 50.0 0
1726825613427 60.0 0
1726825613555 70.0 0
1726825613682 80.0 0
1726825613803 90.0 0
1726825614504 0.0 0
1726825614618 10.0 0
1726825614734 20.0 0
1726825614851 30.0 0
1726825614973 40.0 0
1726825615100 50.0 0
1726825615226 60.0 0
1726825615353 70.0 0
1726825615475 80.0 0
1726825615595 90.0 0
1726825616294 0.0 0
1726825616409 10.0 0
1726825616529 20.0 0
1726825616643 30.0 0
1726825616761 40.0 0
1726825616878 50.0 0
1726825616995 60.0 0
1726825617114 70.0 0
1726825617233 80.0 0
1726825617351 90.0 0
1726825618024 0.0 0
1726825618138 10.0 0
1726825618252 20.0 0
1726825618364 30.0 0
1726825618478 40.0 0
1726825618592 50.0 0
1726825618707 60.0 0
1726825618824 70.0 0
1726825618940 80.0 0
1726825619055 90.0 0
1726825619745 0.0 0
1726825619859 10.0 0
1726825619974 20.0 0
1726825620093 30.0 0
1726825620212 40.0 0
1726825620350 50.0 0
1726825620483 60.0 0
1726825620610 70.0 0
1726825620736 80.0 0
1726825620857 90.0 0
1726825621564 0.0 0
1726825621679 10.0 0
1726825621796 20.0 0
1726825621931 30.0 0
1726825622061 40.0 0
1726825622188 50.0 0
1726825622311 60.0 0
1726825622431 70.0 0
1726825622552 80.0 0
1726825622674 90.0 0
1726825623374 0.0 0
1726825623494 10.0 0
1726825623616 20.0 0
1726825623737 30.0 0
1726825623859 40.0 0
1726825623991 50.0 0
1726825624123 60.0 0
1726825624254 70.0 0
1726825624379 80.0 0
1726825624500 90.0 0
