1727103472339 4.346036 0
1727103472461 5.35044 0
1727103472585 29.595097 0
1727103472868 4.951345 0
1727103472994 5.791083 0
1727103473119 17.800964 0
1727103473400 4.852586 0
1727103473512 5.837842 0
1727103473640 21.319057 0
1727103473924 5.051508 0
1727103474052 6.406274 0
1727103474180 28.335449 0
1727103474465 5.522501 0
1727103474594 7.466655 0
1727103474722 41.027939 0
1727103475010 6.312254 0
1727103475120 7.307937 0
1727103475250 26.241058 0
1727103475529 8.650264 0
1727103475659 22.241585 0
1727103475784 40.917488 0
1727103476064 14.432666 0
1727103476174 11.325964 0
1727103476300 22.988483 0
1727103476584 7.572626 0
1727103476716 10.430695 0
1727103476841 41.551849 0
1727103477120 7.544681 0
1727103477248 99.429581 0
1727103477375 51.63538 0
