1726764384352 0.0 0
1726764384467 10.0 0
1726764384581 20.0 0
1726764384696 30.0 0
1726764384809 40.0 0
1726764384922 50.0 0
1726764385036 60.0 0
1726764385150 70.0 0
1726764385265 80.0 0
1726764385843 0.0 0
1726764385957 10.0 0
1726764386071 20.0 0
1726764386186 30.0 0
1726764386300 40.0 0
1726764386414 50.0 0
1726764386529 60.0 0
1726764386643 70.0 0
1726764386758 80.0 0
1726764387331 0.0 0
1726764387446 10.0 0
1726764387560 20.0 0
1726764387675 30.0 0
1726764387790 40.0 0
1726764387904 50.0 0
1726764388019 60.0 0
1726764388133 70.0 0
1726764388248 80.0 0
1726764388822 0.0 0
1726764388935 10.0 0
1726764389049 20.0 0
1726764389164 30.0 0
1726764389279 40.0 0
1726764389394 50.0 0
1726764389511 60.0 0
1726764389625 70.0 0
1726764389740 80.0 0
1726764390313 0.0 0
1726764390427 10.0 0
1726764390542 20.0 0
1726764390658 30.0 0
1726764390772 40.0 0
1726764390886 50.0 0
1726764391001 60.0 0
1726764391116 70.0 0
1726764391231 80.0 0
1726764391809 0.0 0
1726764391923 10.0 0
1726764392037 20.0 0
1726764392152 30.0 0
1726764392267 40.0 0
1726764392381 50.0 0
1726764392496 60.0 0
1726764392611 70.0 0
1726764392725 80.0 0
1726764393298 0.0 0
1726764393412 10.0 0
1726764393527 20.0 0
1726764393643 30.0 0
1726764393758 40.0 0
1726764393872 50.0 0
1726764393987 60.0 0
1726764394101 70.0 0
1726764394216 80.0 0
1726764394788 0.0 0
1726764394902 10.0 0
1726764395017 20.0 0
1726764395131 30.0 0
1726764395245 40.0 0
1726764395365 50.0 0
1726764395480 60.0 0
1726764395597 70.0 0
1726764395712 80.0 0
1726764396284 0.0 0
1726764396399 10.0 0
1726764396514 20.0 0
1726764396629 30.0 0
1726764396743 40.0 0
1726764396858 50.0 0
1726764396972 60.0 0
1726764397087 70.0 0
1726764397202 80.0 0
1726764397783 0.0 0
1726764397897 10.0 0
1726764398012 20.0 0
1726764398126 30.0 0
1726764398241 40.0 0
1726764398356 50.0 0
1726764398470 60.0 0
1726764398585 70.0 0
1726764398701 80.0 0
