1727272180793 48.695129 0
1727272180933 1.067392 0
1727272181070 3.146724 0
1727272181206 1.112397 0
1727272181339 2.499001 0
1727272181480 2.158773 0
1727272181620 3.580811 0
1727272181755 1.047666 0
1727272181894 3.378011 0
1727272182031 1.440151 0
1727272182171 0.734161 1
1727272182308 2.935432 1
1727272182440 3.649702 1
1727272182571 3.159692 1
1727272182705 2.009739 1
1727272183498 1.215958 0
1727272183633 6.863917 0
1727272183775 2.247034 0
1727272183919 2.365555 0
1727272184070 2.56891 0
1727272184211 2.885408 0
1727272184352 3.613702 0
1727272184492 2.511708 0
1727272184635 5.895679 0
1727272184776 0.811684 0
1727272184924 0.278847 2
1727272185066 0.956813 2
1727272185208 1.035099 2
1727272185342 2.643816 2
1727272185481 0.840348 2
1727272186201 3.513337 0
1727272186349 0.599736 0
1727272186488 2.237079 0
1727272186626 0.556989 0
1727272186758 1.338108 0
1727272186899 3.051605 0
1727272187046 3.703952 0
1727272187179 1.576141 0
1727272187314 2.855983 0
1727272187450 1.198959 0
1727272187585 0.547492 3
1727272187716 1.723397 3
1727272187854 1.658622 3
1727272187986 7.041681 3
1727272188120 4.475674 3
1727272188863 1.886675 0
1727272188994 0.915195 0
1727272189133 1.020622 0
1727272189275 0.356246 0
1727272189406 1.823911 0
1727272189544 7.012762 0
1727272189679 3.583432 0
1727272189814 2.456205 0
1727272189940 2.984786 0
1727272190073 2.162461 0
1727272190207 1.008254 4
1727272190346 2.398297 4
1727272190484 0.975048 4
1727272190621 2.736571 4
1727272190749 1.219521 4
1727272191514 0.299563 0
1727272191649 2.189687 0
1727272191788 1.459459 0
1727272191921 0.927071 0
1727272192052 1.276332 0
1727272192184 8.466773 0
1727272192315 3.087243 0
1727272192448 1.499534 0
1727272192595 2.740062 0
1727272192727 1.270694 0
1727272192856 0.891578 5
1727272192997 3.083011 5
1727272193140 1.140644 5
1727272193282 7.39635 5
1727272193422 1.146552 5
1727272194164 1.191518 0
1727272194308 5.535869 0
1727272194444 1.289193 0
1727272194574 0.471756 0
1727272194698 1.242811 0
1727272194824 2.052287 0
1727272194951 5.360994 0
1727272195073 1.75341 0
1727272195213 2.903295 0
1727272195339 1.841305 0
1727272195466 0.627742 6
1727272195589 3.779642 6
1727272195716 1.998539 6
1727272195842 45.417614 6
1727272195975 0.875291 6
1727272196693 22.333855 0
1727272196819 1.47617 0
1727272196939 0.926618 0
1727272197071 1.185022 0
1727272197203 2.062081 0
1727272197331 6.313112 0
1727272197468 4.331523 0
1727272197606 1.790073 0
1727272197734 110.618073 0
1727272197868 1.611898 0
1727272197999 1.086872 7
1727272198131 2.059041 7
1727272198258 0.676161 7
1727272198394 4.488632 7
1727272198541 1.501265 7
