1727128392878 44.485035 0
1727128393021 3.702912 0
1727128393180 1.66706 0
1727128393719 1.270041 0
1727128393872 0.096298 0
1727128394031 0.112766 0
1727128394528 0.247008 0
1727128394670 0.132548 0
1727128394830 0.145008 0
1727128395345 0.091346 0
1727128395488 0.107399 0
1727128395647 0.105164 0
1727128396167 0.075981 0
1727128396309 0.112859 0
1727128396469 0.099543 0
1727128397009 0.063707 0
1727128397145 0.068318 0
1727128397305 0.087547 0
1727128397828 0.053206 0
1727128397968 0.069187 0
1727128398129 0.073986 0
1727128398666 0.057256 0
1727128398811 0.075452 0
1727128398975 0.073394 0
1727128399471 0.059179 0
1727128399614 0.083177 0
1727128399773 0.086427 0
1727128400294 0.073766 0
1727128400435 0.079073 0
1727128400594 0.092591 0
