1726802768648 0.0 0
1726802768760 10.0 0
1726802768860 20.0 0
1726802768959 30.0 0
1726802769057 40.0 0
1726802769157 50.0 0
1726802769258 60.0 0
1726802769355 70.0 0
1726802769455 80.0 0
1726802769555 90.0 0
1726802769657 100.0 1
1726802769756 110.0 1
1726802769855 120.0 1
1726802769955 130.0 1
1726802770054 140.0 1
1726802770156 150.0 1
1726802770260 160.0 1
1726802770361 170.0 1
1726802770461 180.0 1
1726802770560 190.0 1
1726802770661 200.0 2
1726802770767 210.0 2
1726802772056 0.0 0
1726802772158 10.0 0
1726802772256 20.0 0
1726802772354 30.0 0
1726802772453 40.0 0
1726802772552 50.0 0
1726802772651 60.0 0
1726802772749 70.0 0
1726802772858 80.0 0
1726802772957 90.0 0
1726802773068 100.0 2
1726802773169 110.0 2
1726802773269 120.0 2
1726802773367 130.0 2
1726802773469 140.0 2
1726802773568 150.0 2
1726802773668 160.0 2
1726802773769 170.0 2
1726802773869 180.0 2
1726802773968 190.0 2
1726802774068 200.0 4
1726802774169 210.0 4
1726802775415 0.0 0
1726802775518 10.0 0
1726802775618 20.0 0
1726802775715 30.0 0
1726802775812 40.0 0
1726802775911 50.0 0
1726802776009 60.0 0
1726802776110 70.0 0
1726802776210 80.0 0
1726802776312 90.0 0
1726802776413 100.0 3
1726802776514 110.0 3
1726802776613 120.0 3
1726802776716 130.0 3
1726802776816 140.0 3
1726802776923 150.0 3
1726802777024 160.0 3
1726802777131 170.0 3
1726802777233 180.0 3
1726802777332 190.0 3
1726802777433 200.0 6
1726802777533 210.0 6
1726802778732 0.0 0
1726802778839 10.0 0
1726802778947 20.0 0
1726802779048 30.0 0
1726802779146 40.0 0
1726802779245 50.0 0
1726802779343 60.0 0
1726802779443 70.0 0
1726802779544 80.0 0
1726802779645 90.0 0
1726802779746 100.0 4
1726802779847 110.0 4
1726802779946 120.0 4
1726802780045 130.0 4
1726802780144 140.0 4
1726802780243 150.0 4
1726802780342 160.0 4
1726802780441 170.0 4
1726802780539 180.0 4
1726802780641 190.0 4
1726802780741 200.0 8
1726802780841 210.0 8
1726802782122 0.0 0
1726802782226 10.0 0
1726802782324 20.0 0
1726802782423 30.0 0
1726802782520 40.0 0
1726802782621 50.0 0
1726802782719 60.0 0
1726802782822 70.0 0
1726802782924 80.0 0
1726802783031 90.0 0
1726802783132 100.0 5
1726802783232 110.0 5
1726802783331 120.0 5
1726802783430 130.0 5
1726802783530 140.0 5
1726802783631 150.0 5
1726802783730 160.0 5
1726802783828 170.0 5
1726802783927 180.0 5
1726802784026 190.0 5
1726802784126 200.0 10
1726802784223 210.0 10
1726802785480 0.0 0
1726802785584 10.0 0
1726802785684 20.0 0
1726802785783 30.0 0
1726802785884 40.0 0
1726802785985 50.0 0
1726802786087 60.0 0
1726802786186 70.0 0
1726802786285 80.0 0
1726802786385 90.0 0
1726802786490 100.0 6
1726802786588 110.0 6
1726802786689 120.0 6
1726802786792 130.0 6
1726802786894 140.0 6
1726802786994 150.0 6
1726802787093 160.0 6
1726802787202 170.0 6
1726802787311 180.0 6
1726802787412 190.0 6
1726802787510 200.0 12
1726802787610 210.0 12
1726802788811 0.0 0
1726802788919 10.0 0
1726802789019 20.0 0
1726802789119 30.0 0
1726802789227 40.0 0
1726802789327 50.0 0
1726802789427 60.0 0
1726802789527 70.0 0
1726802789629 80.0 0
1726802789732 90.0 0
1726802789831 100.0 7
1726802789932 110.0 7
1726802790031 120.0 7
1726802790134 130.0 7
1726802790237 140.0 7
1726802790337 150.0 7
1726802790437 160.0 7
1726802790535 170.0 7
1726802790634 180.0 7
1726802790732 190.0 7
1726802790833 200.0 14
1726802790933 210.0 14
1726802792218 0.0 0
1726802792326 10.0 0
1726802792426 20.0 0
1726802792524 30.0 0
1726802792621 40.0 0
1726802792719 50.0 0
1726802792830 60.0 0
1726802792933 70.0 0
1726802793033 80.0 0
1726802793132 90.0 0
1726802793230 100.0 8
1726802793337 110.0 8
1726802793436 120.0 8
1726802793536 130.0 8
1726802793635 140.0 8
1726802793733 150.0 8
1726802793831 160.0 8
1726802793934 170.0 8
1726802794046 180.0 8
1726802794150 190.0 8
1726802794253 200.0 16
1726802794355 210.0 16
1726802795557 0.0 0
1726802795668 10.0 0
1726802795765 20.0 0
1726802795865 30.0 0
1726802795965 40.0 0
1726802796064 50.0 0
1726802796165 60.0 0
1726802796264 70.0 0
1726802796362 80.0 0
1726802796466 90.0 0
1726802796564 100.0 9
1726802796663 110.0 9
1726802796761 120.0 9
1726802796860 130.0 9
1726802796960 140.0 9
1726802797059 150.0 9
1726802797159 160.0 9
1726802797260 170.0 9
1726802797370 180.0 9
1726802797471 190.0 9
1726802797570 200.0 18
1726802797671 210.0 18
1726802798864 0.0 0
1726802798972 10.0 0
1726802799070 20.0 0
1726802799169 30.0 0
1726802799270 40.0 0
1726802799370 50.0 0
1726802799481 60.0 0
1726802799582 70.0 0
1726802799681 80.0 0
1726802799780 90.0 0
1726802799879 100.0 10
1726802799981 110.0 10
1726802800082 120.0 10
1726802800181 130.0 10
1726802800281 140.0 10
1726802800380 150.0 10
1726802800479 160.0 10
1726802800579 170.0 10
1726802800681 180.0 10
1726802800785 190.0 10
1726802800885 200.0 20
1726802800986 210.0 20
