1726835919339 25.853382 0
1726835919469 5.972607 0
1726835919599 44.227062 0
1726835919727 20.615562 0
1726835919854 13.528545 0
1726835919982 15.34108 0
1726835920111 43.621906 0
1726835920238 17.719685 0
1726835920367 6.825599 0
1726835920496 26.079231 0
1726835920623 458.772675 1
1726835920751 0.995254 1
1726835920880 2.847473 1
1726835921805 1.702533 0
1726835921933 2.453781 0
1726835922062 4.666473 0
1726835922190 8.891388 0
1726835922317 5.203732 0
1726835922444 2.197669 0
1726835922573 43.105667 0
1726835922700 28.707153 0
1726835922828 1.813017 0
1726835922955 1.741391 0
1726835923083 0.484235 2
1726835923215 1.042635 2
1726835923344 2.343105 2
1726835924207 1.440246 0
1726835924334 2.081116 0
1726835924463 3.164454 0
1726835924595 3.559536 0
1726835924723 4.087646 0
1726835924850 2.031191 0
1726835924978 12.743817 0
1726835925106 3.224082 0
1726835925232 1.624137 0
1726835925360 0.914453 0
1726835925487 0.459104 3
1726835925615 1.162676 3
1726835925743 1.873994 3
1726835926615 1.856749 0
1726835926742 2.164337 0
1726835926870 3.805552 0
1726835926997 4.669806 0
1726835927125 4.730679 0
1726835927252 1.161317 0
1726835927380 6.170274 0
1726835927508 1.002283 0
1726835927635 1.400682 0
1726835927762 1.124327 0
1726835927890 0.480262 4
1726835928018 1.422368 4
1726835928146 1.181713 4
1726835929018 3.427279 0
1726835929145 3.611295 0
1726835929273 3.379076 0
1726835929400 6.414479 0
1726835929530 4.443963 0
1726835929658 0.68066 0
1726835929786 13.243728 0
1726835929915 0.905975 0
1726835930042 1.740028 0
1726835930170 3.768099 0
1726835930300 0.46517 5
1726835930428 1.338848 5
1726835930556 1.487128 5
1726835931425 3.266487 0
1726835931552 5.159999 0
1726835931681 3.183452 0
1726835931809 1.139282 0
1726835931936 3.922785 0
1726835932064 0.738457 0
1726835932191 12.408084 0
1726835932320 0.792226 0
1726835932447 1.530937 0
1726835932576 0.895789 0
1726835932706 0.448054 6
1726835932834 92.281807 6
1726835932962 1.713445 6
1726835933821 2.587205 0
1726835933949 14.697021 0
1726835934077 4.161037 0
1726835934206 1.003542 0
1726835934334 7.549108 0
1726835934463 0.687676 0
1726835934591 15.43937 0
1726835934719 0.768623 0
1726835934846 1.522811 0
1726835934974 8.253475 0
1726835935102 0.439664 7
1726835935231 2.079848 7
1726835935359 1.810337 7
1726835936220 1.864069 0
1726835936348 2.143532 0
1726835936478 5.114585 0
1726835936607 1.017042 0
1726835936736 59.351204 0
1726835936864 0.756779 0
1726835936992 6.257841 0
1726835937119 0.73565 0
1726835937247 1.478683 0
1726835937375 0.858333 0
1726835937502 0.444867 8
1726835937631 1.376499 8
1726835937759 1.528881 8
