1726774038240 39.832855 0
1726774038349 90.000153 0
1726774038447 58.331776 0
1726774038539 10.487274 0
1726774038637 34.282177 0
1726774038731 9.881156 0
1726774038831 50.640823 0
1726774038928 12.779751 0
1726774039026 22.534494 0
1726774039122 12.155211 0
1726774039221 77.726624 0
1726774039314 29.154074 0
1726774039413 61.21096 0
1726774039505 49.503044 0
1726774039613 728.619263 0
1726774039718 19.175285 0
1726774039818 55.229374 0
1726774039911 12.698274 0
1726774040009 25.451942 0
1726774040104 16.870613 0
