1726776387911 0.0 0
1726776388027 10.0 0
1726776388144 20.0 0
1726776388260 30.0 0
1726776388377 40.0 0
1726776388514 50.0 0
1726776388880 0.0 0
1726776388997 10.0 0
1726776389115 20.0 0
1726776389232 30.0 0
1726776389349 40.0 0
1726776389464 50.0 0
1726776389830 0.0 0
1726776389946 10.0 0
1726776390062 20.0 0
1726776390180 30.0 0
1726776390297 40.0 0
1726776390411 50.0 0
1726776390781 0.0 0
1726776390899 10.0 0
1726776391016 20.0 0
1726776391138 30.0 0
1726776391255 40.0 0
1726776391369 50.0 0
