1726675078840 24.867043 0
1726675078983 7.365755 0
1726675079107 17.401377 0
1726675079218 58.074062 0
1726675079328 1.988584 0
1726675079439 1.982014 0
1726675079550 7.166056 0
1726675079661 0.756513 0
1726675081474 1.009128 0
1726675081635 3.142328 0
1726675081759 6.649946 0
1726675081871 1.766439 0
1726675081982 0.936978 0
1726675082093 0.921423 0
1726675082203 1.352088 0
1726675082312 0.807129 0
1726675082870 1.784651 0
1726675083002 3.291076 0
1726675083128 18.9555 0
1726675083245 3.281151 0
1726675083357 0.946304 0
1726675083467 0.679599 0
1726675083576 1.228411 0
1726675083686 1.68872 0
1726675084256 4.46359 0
1726675084409 7.419706 0
1726675084534 2.754996 0
1726675084646 7.706254 0
1726675084757 2.025563 0
1726675084867 0.792395 0
1726675084976 1.347085 0
1726675085087 0.82388 0
1726675085663 1.528095 0
1726675085811 12.975902 0
1726675085932 23.436466 0
1726675086043 2.951313 0
1726675086155 6.538386 0
1726675086265 5.992914 0
1726675086375 0.912393 0
1726675086486 1.084291 0
1726675087049 2.430435 0
1726675087197 3.680548 0
1726675087328 3.130098 0
1726675087442 4.266527 0
1726675087554 1.112089 0
1726675087664 1.453004 0
1726675087774 7.194263 0
1726675087891 1.080534 0
