1726909938752 0.0 0
1726909938895 10.0 0
1726909939036 20.0 0
1726909939180 30.0 0
1726909939325 40.0 0
1726909939466 50.0 0
1726909939609 60.0 0
1726909939751 70.0 0
1726909939892 80.0 0
1726909940033 90.0 0
1726909940176 100.0 1
1726909940318 110.0 1
1726909940460 120.0 1
1726909940601 130.0 1
1726909940742 140.0 1
1726909940886 150.0 1
1726909941028 160.0 1
1726909941172 170.0 1
1726909941318 180.0 1
1726909941460 190.0 1
1726909941602 200.0 2
1726909943068 0.0 0
1726909943212 10.0 0
1726909943358 20.0 0
1726909943499 30.0 0
1726909943641 40.0 0
1726909943782 50.0 0
1726909943925 60.0 0
1726909944068 70.0 0
1726909944209 80.0 0
1726909944352 90.0 0
1726909944494 100.0 2
1726909944636 110.0 2
1726909944777 120.0 2
1726909944920 130.0 2
1726909945061 140.0 2
1726909945203 150.0 2
1726909945347 160.0 2
1726909945489 170.0 2
1726909945633 180.0 2
1726909945774 190.0 2
1726909945917 200.0 4
1726909947367 0.0 0
1726909947512 10.0 0
1726909947654 20.0 0
1726909947795 30.0 0
1726909947937 40.0 0
1726909948080 50.0 0
1726909948222 60.0 0
1726909948365 70.0 0
1726909948508 80.0 0
1726909948650 90.0 0
1726909948791 100.0 3
1726909948933 110.0 3
1726909949074 120.0 3
1726909949217 130.0 3
1726909949363 140.0 3
1726909949508 150.0 3
1726909949652 160.0 3
1726909949794 170.0 3
1726909949936 180.0 3
1726909950078 190.0 3
1726909950221 200.0 6
1726909951771 0.0 0
1726909951918 10.0 0
1726909952062 20.0 0
1726909952205 30.0 0
1726909952346 40.0 0
1726909952487 50.0 0
1726909952629 60.0 0
1726909952770 70.0 0
1726909952911 80.0 0
1726909953053 90.0 0
1726909953194 100.0 4
1726909953335 110.0 4
1726909953478 120.0 4
1726909953624 130.0 4
1726909953766 140.0 4
1726909953908 150.0 4
1726909954049 160.0 4
1726909954190 170.0 4
1726909954333 180.0 4
1726909954474 190.0 4
1726909954615 200.0 8
1726909956088 0.0 0
1726909956234 10.0 0
1726909956377 20.0 0
1726909956518 30.0 0
1726909956659 40.0 0
1726909956803 50.0 0
1726909956945 60.0 0
1726909957086 70.0 0
1726909957229 80.0 0
1726909957370 90.0 0
1726909957511 100.0 5
1726909957657 110.0 5
1726909957801 120.0 5
1726909957942 130.0 5
1726909958082 140.0 5
1726909958224 150.0 5
1726909958367 160.0 5
1726909958509 170.0 5
1726909958651 180.0 5
1726909958793 190.0 5
1726909958935 200.0 10
1726909960399 0.0 0
1726909960545 10.0 0
1726909960687 20.0 0
1726909960829 30.0 0
1726909960970 40.0 0
1726909961112 50.0 0
1726909961254 60.0 0
1726909961395 70.0 0
1726909961540 80.0 0
1726909961685 90.0 0
1726909961830 100.0 6
1726909961972 110.0 6
1726909962113 120.0 6
1726909962254 130.0 6
1726909962395 140.0 6
1726909962537 150.0 6
1726909962679 160.0 6
1726909962820 170.0 6
1726909962963 180.0 6
1726909963104 190.0 6
1726909963254 200.0 12
1726909964716 0.0 0
1726909964865 10.0 0
1726909965008 20.0 0
1726909965151 30.0 0
1726909965293 40.0 0
1726909965435 50.0 0
1726909965579 60.0 0
1726909965720 70.0 0
1726909965867 80.0 0
1726909966010 90.0 0
1726909966153 100.0 7
1726909966296 110.0 7
1726909966437 120.0 7
1726909966580 130.0 7
1726909966724 140.0 7
1726909966867 150.0 7
1726909967010 160.0 7
1726909967154 170.0 7
1726909967296 180.0 7
1726909967438 190.0 7
1726909967580 200.0 14
1726909969039 0.0 0
1726909969187 10.0 0
1726909969328 20.0 0
1726909969470 30.0 0
1726909969612 40.0 0
1726909969755 50.0 0
1726909969901 60.0 0
1726909970044 70.0 0
1726909970186 80.0 0
1726909970328 90.0 0
1726909970470 100.0 8
1726909970613 110.0 8
1726909970754 120.0 8
1726909970896 130.0 8
1726909971038 140.0 8
1726909971181 150.0 8
1726909971326 160.0 8
1726909971469 170.0 8
1726909971612 180.0 8
1726909971753 190.0 8
1726909971900 200.0 16
1726909973360 0.0 0
1726909973502 10.0 0
1726909973644 20.0 0
1726909973787 30.0 0
1726909973940 40.0 0
1726909974084 50.0 0
1726909974226 60.0 0
1726909974368 70.0 0
1726909974511 80.0 0
1726909974653 90.0 0
1726909974795 100.0 9
1726909974937 110.0 9
1726909975080 120.0 9
1726909975221 130.0 9
1726909975363 140.0 9
1726909975507 150.0 9
1726909975650 160.0 9
1726909975792 170.0 9
1726909975934 180.0 9
1726909976081 190.0 9
1726909976224 200.0 18
1726909977682 0.0 0
1726909977828 10.0 0
1726909977970 20.0 0
1726909978117 30.0 0
1726909978261 40.0 0
1726909978404 50.0 0
1726909978551 60.0 0
1726909978695 70.0 0
1726909978837 80.0 0
1726909978978 90.0 0
1726909979121 100.0 10
1726909979263 110.0 10
1726909979406 120.0 10
1726909979548 130.0 10
1726909979692 140.0 10
1726909979836 150.0 10
1726909979978 160.0 10
1726909980125 170.0 10
1726909980269 180.0 10
1726909980410 190.0 10
1726909980552 200.0 20
