1726764696472 0.0 0
1726764696586 10.0 0
1726764696701 20.0 0
1726764696814 30.0 0
1726764696931 40.0 0
1726764697049 50.0 0
1726764697164 60.0 0
1726764697278 70.0 0
1726764697393 80.0 0
1726764697509 90.0 0
1726764697624 100.0 1
1726764697739 110.0 1
1726764697854 120.0 1
1726764697969 130.0 1
1726764698084 140.0 1
1726764698199 150.0 1
1726764698314 160.0 1
1726764698430 170.0 1
1726764698545 180.0 1
1726764698661 190.0 1
1726764698774 200.0 2
1726764698889 210.0 2
1726764700264 0.0 0
1726764700379 10.0 0
1726764700495 20.0 0
1726764700610 30.0 0
1726764700725 40.0 0
1726764700840 50.0 0
1726764700954 60.0 0
1726764701069 70.0 0
1726764701184 80.0 0
1726764701299 90.0 0
1726764701413 100.0 2
1726764701528 110.0 2
1726764701643 120.0 2
1726764701758 130.0 2
1726764701873 140.0 2
1726764701988 150.0 2
1726764702104 160.0 2
1726764702219 170.0 2
1726764702333 180.0 2
1726764702448 190.0 2
1726764702564 200.0 4
1726764702679 210.0 4
1726764704042 0.0 0
1726764704157 10.0 0
1726764704272 20.0 0
1726764704388 30.0 0
1726764704502 40.0 0
1726764704619 50.0 0
1726764704734 60.0 0
1726764704849 70.0 0
1726764704964 80.0 0
1726764705079 90.0 0
1726764705194 100.0 3
1726764705309 110.0 3
1726764705424 120.0 3
1726764705539 130.0 3
1726764705654 140.0 3
1726764705770 150.0 3
1726764705885 160.0 3
1726764706000 170.0 3
1726764706115 180.0 3
1726764706230 190.0 3
1726764706345 200.0 6
1726764706459 210.0 6
1726764707824 0.0 0
1726764707939 10.0 0
1726764708054 20.0 0
1726764708170 30.0 0
1726764708284 40.0 0
1726764708400 50.0 0
1726764708514 60.0 0
1726764708630 70.0 0
1726764708745 80.0 0
1726764708860 90.0 0
1726764708976 100.0 4
1726764709092 110.0 4
1726764709207 120.0 4
1726764709322 130.0 4
1726764709437 140.0 4
1726764709552 150.0 4
1726764709667 160.0 4
1726764709782 170.0 4
1726764709898 180.0 4
1726764710013 190.0 4
1726764710128 200.0 8
1726764710243 210.0 8
1726764711614 0.0 0
1726764711729 10.0 0
1726764711845 20.0 0
1726764711960 30.0 0
1726764712075 40.0 0
1726764712191 50.0 0
1726764712306 60.0 0
1726764712420 70.0 0
1726764712534 80.0 0
1726764712649 90.0 0
1726764712765 100.0 5
1726764712880 110.0 5
1726764712996 120.0 5
1726764713111 130.0 5
1726764713227 140.0 5
1726764713342 150.0 5
1726764713458 160.0 5
1726764713573 170.0 5
1726764713689 180.0 5
1726764713804 190.0 5
1726764713919 200.0 10
1726764714035 210.0 10
1726764715410 0.0 0
1726764715525 10.0 0
1726764715640 20.0 0
1726764715755 30.0 0
1726764715870 40.0 0
1726764715986 50.0 0
1726764716101 60.0 0
1726764716216 70.0 0
1726764716331 80.0 0
1726764716446 90.0 0
1726764716560 100.0 6
1726764716675 110.0 6
1726764716790 120.0 6
1726764716907 130.0 6
1726764717027 140.0 6
1726764717142 150.0 6
1726764717257 160.0 6
1726764717372 170.0 6
1726764717487 180.0 6
1726764717602 190.0 6
1726764717716 200.0 12
1726764717831 210.0 12
1726764719199 0.0 0
1726764719315 10.0 0
1726764719431 20.0 0
1726764719546 30.0 0
1726764719661 40.0 0
1726764719776 50.0 0
1726764719892 60.0 0
1726764720007 70.0 0
1726764720122 80.0 0
1726764720237 90.0 0
1726764720352 100.0 7
1726764720467 110.0 7
1726764720582 120.0 7
1726764720698 130.0 7
1726764720814 140.0 7
1726764720930 150.0 7
1726764721046 160.0 7
1726764721161 170.0 7
1726764721276 180.0 7
1726764721392 190.0 7
1726764721507 200.0 14
1726764721623 210.0 14
1726764722994 0.0 0
1726764723110 10.0 0
1726764723226 20.0 0
1726764723341 30.0 0
1726764723456 40.0 0
1726764723571 50.0 0
1726764723687 60.0 0
1726764723803 70.0 0
1726764723918 80.0 0
1726764724033 90.0 0
1726764724148 100.0 8
1726764724264 110.0 8
1726764724379 120.0 8
1726764724494 130.0 8
1726764724609 140.0 8
1726764724724 150.0 8
1726764724839 160.0 8
1726764724955 170.0 8
1726764725071 180.0 8
1726764725186 190.0 8
1726764725301 200.0 16
1726764725417 210.0 16
1726764726785 0.0 0
1726764726900 10.0 0
1726764727015 20.0 0
1726764727135 30.0 0
1726764727250 40.0 0
1726764727365 50.0 0
1726764727481 60.0 0
1726764727596 70.0 0
1726764727711 80.0 0
1726764727827 90.0 0
1726764727942 100.0 9
1726764728057 110.0 9
1726764728173 120.0 9
1726764728288 130.0 9
1726764728403 140.0 9
1726764728518 150.0 9
1726764728633 160.0 9
1726764728749 170.0 9
1726764728864 180.0 9
1726764728979 190.0 9
1726764729095 200.0 18
1726764729212 210.0 18
