1726799595819 55.97303 0
1726799595920 1.516266 0
1726799596018 0.930195 0
1726799596116 1.365124 0
1726799596214 0.869964 0
1726799596313 0.718149 0
1726799596410 0.73008 0
1726799596515 1.69357 0
1726799596616 5.244833 0
1726799596714 0.770705 0
1726799596816 0.431941 1
1726799596915 0.701868 1
1726799597017 0.756144 1
1726799597120 1.115455 1
1726799597219 0.398131 1
1726799597319 0.213922 1
1726799597416 3.501536 1
1726799597514 15.483126 1
1726799597616 3.496731 1
1726799597714 8.155078 1
1726799597812 2.145295 2
1726799597910 7.788248 2
1726799598006 0.604522 2
1726799598105 1.891304 2
1726799598202 3.636852 2
1726799598302 0.76956 2
1726799598403 3.468359 2
1726799598502 1.417372 2
1726799598609 1.19896 2
1726799598707 0.669746 2
1726799598804 1.252105 3
1726799598905 5.019347 3
1726799599005 0.496606 3
1726799599103 2.585407 3
1726799599200 3.744052 3
1726799599302 0.824749 3
1726799599402 2.05373 3
1726799599502 0.557524 3
1726799599600 9.101936 3
1726799599697 0.624997 3
1726799599797 1.477864 4
1726799599894 3.213315 4
1726799599993 1.190399 4
1726799600091 1.457441 4
1726799602336 7.988571 0
1726799602437 0.324253 0
1726799602535 0.376225 0
1726799602636 6.518641 0
1726799602737 5.54783 0
1726799602837 0.46197 0
1726799602936 0.427723 0
1726799603035 3.810346 0
1726799603132 2.703663 0
1726799603237 0.235257 0
1726799603339 0.423675 2
1726799603436 0.710603 2
1726799603533 1.742601 2
1726799603634 1.208898 2
1726799603732 0.415439 2
1726799603831 0.257947 2
1726799603930 2.176637 2
1726799604028 1.619788 2
1726799604125 4.190731 2
1726799604226 1.22279 2
1726799604324 4.044497 4
1726799604423 3.019657 4
1726799604522 0.453271 4
1726799604622 3.170774 4
1726799604733 8.017501 4
1726799604834 0.779554 4
1726799604932 4.05066 4
1726799605030 0.686442 4
1726799605131 1.231121 4
1726799605234 0.720659 4
1726799605334 55.468243 6
1726799605431 1.465217 6
1726799605530 0.582099 6
1726799605627 221.317001 6
1726799605725 4.927066 6
1726799605822 0.801193 6
1726799605919 1.667927 6
1726799606017 0.699654 6
1726799606114 19.694366 6
1726799606211 0.480646 6
1726799606309 1.965678 8
1726799606406 2.714749 8
1726799606503 3.582329 8
1726799606602 1.075901 8
1726799608904 0.879944 0
1726799609012 0.328048 0
1726799609110 0.615365 0
1726799609209 3.187514 0
1726799609307 3.25107 0
1726799609405 0.774828 0
1726799609503 0.70168 0
1726799609600 4.561478 0
1726799609697 3.657241 0
1726799609794 0.202846 0
1726799609894 0.401744 3
1726799609993 0.596327 3
1726799610091 1.596683 3
1726799610188 3.095756 3
1726799610291 0.501512 3
1726799610390 0.257998 3
1726799610489 3.206819 3
1726799610587 8.084826 3
1726799610684 1.558215 3
1726799610782 0.867658 3
1726799610888 1.473191 6
1726799610987 1.249996 6
1726799611086 0.398469 6
1726799611184 25.523933 6
1726799611282 6.038003 6
1726799611380 1.111786 6
1726799611478 7.560432 6
1726799611575 0.862322 6
1726799611675 1.022124 6
1726799611773 0.672327 6
1726799611879 0.974939 9
1726799611977 1.079907 9
1726799612075 0.622894 9
1726799612173 1.894796 9
1726799612275 19.292124 9
1726799612376 1.081073 9
1726799612474 1.871797 9
1726799612573 0.531607 9
1726799612671 3.149168 9
1726799612768 0.576551 9
1726799612868 0.925614 12
1726799612971 2.093159 12
1726799613069 1.183005 12
1726799613167 1.173226 12
1726799615340 1.738575 0
1726799615440 0.330669 0
1726799615539 0.581891 0
1726799615636 3.628412 0
1726799615735 1.307084 0
1726799615833 0.434754 0
1726799615931 0.356775 0
1726799616031 5.984748 0
1726799616130 2.796818 0
1726799616230 0.291689 0
1726799616328 0.577035 4
1726799616426 0.526039 4
1726799616523 2.925682 4
1726799616622 2.475547 4
1726799616724 0.396325 4
1726799616828 0.216628 4
1726799616931 3.312018 4
1726799617039 1.682717 4
1726799617139 3.534383 4
1726799617239 3.10646 4
1726799617337 8.162863 8
1726799617435 1.144425 8
1726799617537 0.393933 8
1726799617636 2.144531 8
1726799617737 4.425359 8
1726799617836 0.755802 8
1726799617936 32.000538 8
1726799618038 0.601197 8
1726799618136 1.37307 8
1726799618234 1.86475 8
1726799618333 0.897464 12
1726799618432 2.327141 12
1726799618531 0.545545 12
1726799618630 1.950234 12
1726799618731 1.03693 12
1726799618830 2.398888 12
1726799618931 7.670459 12
1726799619038 0.480195 12
1726799619138 4.021726 12
1726799619237 0.550032 12
1726799619334 1.053445 16
1726799619434 2.674685 16
1726799619530 1.284455 16
1726799619627 2.321175 16
1726799621786 9.298644 0
1726799621888 0.670218 0
1726799621986 0.369256 0
1726799622091 9.578602 0
1726799622191 2.465984 0
1726799622303 0.396739 0
1726799622408 0.367561 0
1726799622507 8.232862 0
1726799622608 2.824021 0
1726799622707 0.740505 0
1726799622809 0.896352 5
1726799622908 0.518782 5
1726799623009 4.1588 5
1726799623120 0.957994 5
1726799623222 0.350576 5
1726799623325 0.206379 5
1726799623424 1.062271 5
1726799623526 1.707067 5
1726799623628 3.800838 5
1726799623725 2.669759 5
1726799623823 1.974247 10
1726799623925 1.974066 10
1726799624023 1.538887 10
1726799624119 2.095719 10
1726799624220 1.524009 10
1726799624321 0.585582 10
1726799624419 7.370517 10
1726799624516 0.682296 10
1726799624614 1.8476 10
1726799624714 0.850216 10
1726799624812 1.031606 15
1726799624913 3.815506 15
1726799625013 0.472704 15
1726799625112 1.200534 15
1726799625220 1.114436 15
1726799625317 0.694219 15
1726799625415 2.277365 15
1726799625514 0.504749 15
1726799625612 3.251024 15
1726799625714 0.494416 15
1726799625814 1.86183 20
1726799625913 3.489325 20
1726799626013 3.652451 20
1726799626114 2.004302 20
1726799628591 21.38406 0
1726799628704 0.326838 0
1726799628802 0.262586 0
1726799628898 4.985616 0
1726799629002 0.892572 0
1726799629103 0.516997 0
1726799629202 0.550813 0
1726799629389 6.415016 0
1726799629706 2.851878 0
1726799629805 0.282522 0
1726799629906 0.432627 6
1726799630006 0.71035 6
1726799630105 1.514857 6
1726799630203 2.24494 6
1726799630370 0.516979 6
1726799630479 0.270365 6
1726799630577 1.898204 6
1726799630675 13.288739 6
1726799630773 2.15935 6
1726799630872 3.424778 6
1726799630970 1.097852 12
1726799631068 2.105027 12
1726799631166 0.377692 12
1726799631264 2.552297 12
1726799631370 11.55775 12
1726799631465 1.764512 12
1726799631561 3.034642 12
1726799631658 1.296235 12
1726799631756 1.061721 12
1726799631858 0.71787 12
1726799631958 1.054223 18
1726799632056 1.266802 18
1726799632156 0.607946 18
1726799632254 3.144504 18
1726799632352 1.493796 18
1726799632451 0.928171 18
1726799632549 2.094281 18
1726799632648 0.644263 18
1726799632746 1.806161 18
1726799632844 0.465785 18
1726799632941 0.7497 24
1726799633042 1.251022 24
1726799633141 1.06093 24
1726799633238 1.166548 24
