1726902467157 42.52388 0
1726902467298 55.230003 0
1726902467439 5.412607 0
1726902467578 5.937624 0
1726902467718 5.817396 0
1726902467858 5.825295 0
1726902467999 27.868202 0
1726902468140 1.880572 0
1726902468279 2.814429 0
1726902468419 2.083489 0
1726902468558 2.969426 1
1726902469440 6.093352 0
1726902469582 1.985844 0
1726902469723 2.006237 0
1726902469863 4.359534 0
1726902470003 1.399673 0
1726902470142 1.216433 0
1726902470285 1.380641 0
1726902470426 1.136436 0
1726902470566 1.064985 0
1726902470709 0.974399 0
1726902470849 1.099548 2
1726902471705 7.263954 0
1726902471845 1.989485 0
1726902471984 4.748273 0
1726902472123 2.957152 0
1726902472262 5.095407 0
1726902472401 14.29701 0
1726902472541 1.631055 0
1726902472682 0.962334 0
1726902472823 2.357824 0
1726902472964 0.743102 0
1726902473105 2.998616 3
1726902473979 3.753041 0
1726902474126 4.360573 0
1726902474265 3.411299 0
1726902474405 2.445709 0
1726902474546 3.163574 0
1726902474686 1.556784 0
1726902474839 3.599316 0
1726902474981 1.7023 0
1726902475122 11.433816 0
1726902475264 0.686129 0
1726902475405 1.134793 4
1726902476269 0.505835 0
1726902476410 1.610568 0
1726902476549 1.677442 0
1726902476689 2.041411 0
1726902476832 2.81213 0
1726902476971 2.616806 0
1726902477114 6.248507 0
1726902477258 1.133704 0
1726902477398 0.839972 0
1726902477539 1.324333 0
1726902477679 1.266901 5
1726902478557 65.038582 0
1726902478698 1.203631 0
1726902478840 2.257673 0
1726902478980 1.949914 0
1726902479121 3.783573 0
1726902479261 1.917701 0
1726902479401 2.774652 0
1726902479541 1.389107 0
1726902479680 5.289061 0
1726902479822 0.751763 0
1726902479962 0.807291 6
1726902480837 2.114711 0
1726902480983 1.647546 0
1726902481127 3.95268 0
1726902481268 5.081393 0
1726902481408 1.282035 0
1726902481547 2.100857 0
1726902481687 2.761953 0
1726902481827 1.302749 0
1726902481966 1.367484 0
1726902482106 0.641551 0
1726902482247 0.750067 7
1726902483127 1.933388 0
1726902483274 1.669342 0
1726902483414 11.147852 0
1726902483553 1.896126 0
1726902483693 2.655011 0
1726902483832 1.777086 0
1726902483972 4.061552 0
1726902484111 1.159907 0
1726902484251 2.314984 0
1726902484399 0.628536 0
1726902484540 0.727764 8
1726902485430 2.901062 0
1726902485571 1.401961 0
1726902485712 2.2769 0
1726902485853 5.465238 0
1726902485993 2.807211 0
1726902486132 1.362396 0
1726902486273 4.254492 0
1726902486413 1.500129 0
1726902486552 1.411325 0
1726902486692 0.859701 0
1726902486833 0.793618 9
1726902487707 2.560667 0
1726902487848 2.681952 0
1726902487987 2.380258 0
1726902488127 2.397419 0
1726902488267 1.825469 0
1726902488407 5.171184 0
1726902488548 1.215419 0
1726902488688 1.667425 0
1726902488829 0.928147 0
1726902488970 0.797472 0
1726902489111 0.601615 10
