1727127137397 13.690193 0
1727127137526 0.334176 0
1727127137658 0.434043 0
1727127137790 1.054582 0
1727127137921 0.145025 0
1727127138052 0.107622 0
1727127138184 0.306 0
1727127138315 4.663794 0
1727127138445 3.827252 0
1727127138574 2.240253 0
1727127138706 2.779742 1
1727127138839 7.746221 1
1727127138970 2.565217 1
1727127139102 0.771936 1
1727127139912 1.776167 0
1727127140039 0.590204 0
1727127140168 0.276266 0
1727127140300 0.183103 0
1727127140432 0.541821 0
1727127140563 0.143609 0
1727127140694 26.801041 0
1727127140827 1.621622 0
1727127140959 2.21586 0
1727127141090 28.54784 0
1727127141221 1.30455 2
1727127141353 1.818748 2
1727127141484 8.706694 2
1727127141614 0.504924 2
1727127142438 0.59959 0
1727127142564 0.487534 0
1727127142695 0.191339 0
1727127142829 0.298921 0
1727127142962 0.262523 0
1727127143093 0.255641 0
1727127143224 3.871734 0
1727127143354 0.966745 0
1727127143484 1.318725 0
1727127143616 5.618846 0
1727127143747 7.847693 3
1727127143877 7.783142 3
1727127144008 16.863003 3
1727127144139 0.876576 3
1727127145087 1.055944 0
1727127145213 0.320513 0
1727127145342 0.191458 0
1727127145473 0.241231 0
1727127145603 0.133445 0
1727127145733 0.18717 0
1727127145864 0.457323 0
1727127145994 3.387605 0
1727127146124 6.675689 0
1727127146255 4.704243 0
1727127146387 4.749103 4
1727127146523 5.400984 4
1727127146654 10.494197 4
1727127146784 1.08557 4
1727127147582 1.536342 0
1727127147706 0.275938 0
1727127147837 0.249996 0
1727127147968 0.181607 0
1727127148100 0.166589 0
1727127148230 0.098981 0
1727127148337 0.583977 0
1727127148450 1.789984 0
1727127148578 1.159791 0
1727127148708 2.30383 0
1727127148839 2.703315 5
1727127148971 3.308707 5
1727127149104 27.340828 5
1727127149236 0.608137 5
1727127150010 1.040494 0
1727127150133 0.311341 0
1727127150268 0.235804 0
1727127150399 0.2265 0
1727127150531 0.160948 0
1727127150662 0.127796 0
1727127150792 0.504974 0
1727127150924 5.470144 0
1727127151056 1.124619 0
1727127151186 3.188712 0
1727127151317 5.100623 6
1727127151448 1.929725 6
1727127151579 9.742949 6
1727127151708 0.805741 6
1727127152722 0.546606 0
1727127152852 0.371069 0
1727127152982 0.218856 0
1727127153113 0.19457 0
1727127153245 0.143393 0
1727127153376 0.172058 0
1727127153505 0.607378 0
1727127153635 2.542596 0
1727127153766 1.153401 0
1727127153897 1.365854 0
1727127154029 1.427869 7
1727127154162 3.832793 7
1727127154392 2.083024 7
1727127154527 1.666106 7
1727127155512 3.947252 0
1727127155635 0.375792 0
1727127155766 0.261538 0
1727127155897 0.253822 0
1727127156028 0.165309 0
1727127156158 0.182423 0
1727127156289 1.4325 0
1727127156420 1.293741 0
1727127156554 1.219357 0
1727127156687 3.215363 0
1727127156818 3.750145 8
1727127156950 5.675616 8
1727127157082 0.730616 8
1727127157214 0.368591 8
1727127157984 3.432602 0
1727127158109 0.32766 0
1727127158238 0.210229 0
1727127158370 0.21434 0
1727127158501 0.119219 0
1727127158632 0.104227 0
1727127158765 0.304339 0
1727127158896 1.667927 0
1727127159027 1.069197 0
1727127159158 3.758389 0
1727127159290 2.047596 9
1727127159422 2.310027 9
1727127159553 2.730828 9
1727127159686 0.526831 9
