1726821755735 22.188778 0
1726821755866 2.61626 0
1726821755994 2.304173 0
1726821756125 8.836158 0
1726821756277 14.81736 0
1726821756434 3.254041 0
1726821756588 2.444838 0
1726821756727 2.933978 0
1726821756865 3.699554 0
1726821757005 30.144033 0
1726821757140 17.270727 1
1726821757275 4.247681 1
1726821757419 1.451426 1
1726821757585 11.800891 1
1726821757769 9.772326 1
1726821757898 1.31048 1
1726821758038 1.111212 1
1726821758197 0.725068 1
1726821758363 1.88791 1
1726821758517 3.139118 1
1726821760958 15.759764 0
1726821761086 3.317483 0
1726821761202 57.35714 0
1726821761323 7.327273 0
1726821761446 2.379543 0
1726821761570 0.963888 0
1726821761695 0.796593 0
1726821761835 5.238542 0
1726821761978 13.582643 0
1726821762114 2.885511 0
1726821762259 6.699194 2
1726821762403 6.824552 2
1726821762539 6.320997 2
1726821762671 3.476126 2
1726821762798 4.624314 2
1726821762915 1.075592 2
1726821763032 0.584118 2
1726821763152 4.809174 2
1726821763280 2.489858 2
1726821763414 3.997221 2
1726821765929 4.439943 0
1726821766055 6.322131 0
1726821766185 4.876827 0
1726821766320 4.347872 0
1726821766443 2.859077 0
1726821766557 1.597476 0
1726821766674 0.699271 0
1726821766797 7.624831 0
1726821766927 6.414214 0
1726821767059 8.667778 0
1726821767192 4.712424 3
1726821767322 10.311579 3
1726821767446 4.237351 3
1726821767594 2.045304 3
1726821767729 3.555533 3
1726821767861 1.288924 3
1726821767991 0.5338 3
1726821768116 0.851253 3
1726821768239 3.808749 3
1726821768363 1.660658 3
1726821770781 7.926858 0
1726821770934 4.966454 0
1726821771054 4.94623 0
1726821771168 5.939712 0
1726821771282 1.526837 0
1726821771403 1.252745 0
1726821771528 0.674572 0
1726821771653 9.196268 0
1726821771783 2.374171 0
1726821771920 1.90205 0
1726821772055 8.86753 4
1726821772192 5.333003 4
1726821772322 2.910957 4
1726821772451 14.99099 4
1726821772588 3.612678 4
1726821772723 0.915895 4
1726821772858 0.567768 4
1726821772992 1.096323 4
1726821773117 26.962502 4
1726821773236 1.78299 4
1726821775642 1.999195 0
1726821775777 3.068689 0
1726821775901 2.955072 0
1726821776018 5.028445 0
1726821776137 1.94491 0
1726821776262 1.357085 0
1726821776393 0.860148 0
1726821776524 3.206781 0
1726821776650 1.089057 0
1726821776779 2.833191 0
1726821776911 5.87025 5
1726821777041 4.543434 5
1726821777166 5.277061 5
1726821777289 0.9967 5
1726821777411 2.613987 5
1726821777533 0.805414 5
1726821777661 0.566556 5
1726821777787 0.834943 5
1726821777910 2.853082 5
1726821778029 4.933371 5
