1727128191710 2.692811 0
1727128191850 21.848207 0
1727128191990 21.286493 0
1727128192112 3.586595 0
1727128192261 0.867072 0
1727128192422 20.431534 0
1727128192580 0.374069 0
1727128192741 1.052864 0
1727128192904 0.154368 0
1727128193065 0.667805 0
1727128193228 2.023451 1
1727128193389 2.357882 1
1727128193551 1.367723 1
1727128193677 83.407585 1
1727128193799 2.865432 1
1727128193954 1.816962 1
1727128194115 1.578473 1
1727128194276 142.137573 1
1727128194438 2.810896 1
1727128194600 1.263099 1
1727128194763 0.47369 2
1727128194926 0.341201 2
1727128195069 3.004339 2
1727128195200 1.083047 2
1727128195385 1.368103 2
1727128195580 2.183469 2
1727128195767 1.375012 2
1727128195955 2.361077 2
1727128196140 0.986231 2
1727128196304 0.175696 2
1727128196428 0.174352 3
1727128196582 0.14659 3
1727128196742 2.971112 3
1727128196913 0.794909 3
1727128197104 1.742365 3
1727128197290 1.288278 3
1727128197480 1.916344 3
1727128197647 0.134832 3
1727128197807 7.539393 3
1727128197966 0.153971 3
1727128198127 0.135956 4
1727128198286 48.031845 4
1727128198444 0.20371 4
1727128198607 0.125671 4
1727128198785 3.154006 4
1727128198975 0.148074 4
1727128199148 6.119088 4
1727128199307 4.64079 4
1727128199490 0.795054 4
1727128199677 0.479352 4
1727128199836 0.190749 5
1727128199960 1.766935 5
1727128200127 1.004683 5
1727128200285 0.247654 5
1727128200449 0.264224 5
1727128203164 0.90536 0
1727128203305 3.156072 0
1727128203464 0.930274 0
1727128203623 10.801778 0
1727128203782 0.125862 0
1727128203942 4.087623 0
1727128204102 0.174538 0
1727128204258 0.854899 0
1727128204399 0.143167 0
1727128204525 0.305533 0
1727128204674 1.984381 2
1727128204833 1.544853 2
1727128204995 1.231804 2
1727128205155 1.454136 2
1727128205317 2.422666 2
1727128205476 5.328024 2
1727128205636 7.025298 2
1727128205795 1.543858 2
1727128205954 1.232686 2
1727128206114 2.897426 2
1727128206273 0.499104 4
1727128206433 0.300621 4
1727128206590 0.814936 4
1727128206749 2.757259 4
1727128206909 2.373048 4
1727128207066 1.70108 4
1727128207226 2.375735 4
1727128207386 1.103858 4
1727128207546 1.504199 4
1727128207706 0.212895 4
1727128207866 0.236953 6
1727128208026 0.207406 6
1727128208185 1.297056 6
1727128208344 1.11063 6
1727128208505 1.521629 6
1727128208665 2.242754 6
1727128208825 1.244405 6
1727128208985 0.134193 6
1727128209142 1.978456 6
1727128209301 0.10625 6
1727128209460 0.116318 8
1727128209621 1.571372 8
1727128209757 0.344531 8
1727128209882 0.317631 8
1727128210037 1.689102 8
1727128210189 0.134859 8
1727128210312 0.956869 8
1727128210465 0.911963 8
1727128210623 0.60469 8
1727128210784 0.486028 8
1727128210944 0.189968 10
1727128211105 1.568785 10
1727128211266 1.477775 10
1727128211427 0.317329 10
1727128211588 0.32725 10
1727128214246 1.161378 0
1727128214380 0.799755 0
1727128214501 0.989287 0
1727128214649 0.427025 0
1727128214809 0.182036 0
1727128214930 7.411017 0
1727128215083 0.108732 0
1727128215240 0.603038 0
1727128215394 0.105043 0
1727128215546 0.315222 0
1727128215697 2.626647 3
1727128215854 3.020096 3
1727128216014 2.303868 3
1727128216177 3.922487 3
1727128216337 3.317843 3
1727128216497 1.074265 3
1727128216657 1.254505 3
1727128216814 1.887356 3
1727128216973 1.227025 3
1727128217135 1.262209 3
1727128217269 0.52396 6
1727128217398 0.398168 6
1727128217556 0.877836 6
1727128217717 1.964641 6
1727128217878 5.265607 6
1727128218038 0.809332 6
1727128218197 1.258559 6
1727128218357 1.079741 6
1727128218516 2.322135 6
1727128218675 0.272374 6
1727128218807 0.191859 9
1727128218933 0.229117 9
1727128219090 0.843717 9
1727128219219 0.686293 9
1727128219345 1.404885 9
1727128219502 1.558367 9
1727128219627 1.141728 9
1727128219749 0.124483 9
1727128219901 1.844923 9
1727128220060 0.131845 9
1727128220220 0.14173 12
1727128220381 177.194092 12
1727128220540 0.205787 12
1727128220699 0.184281 12
1727128220844 5.980508 12
1727128220968 0.263486 12
1727128221118 2.502224 12
1727128221277 0.865027 12
1727128221437 14.160159 12
1727128221597 0.430582 12
1727128221757 0.181028 15
1727128221915 1.346666 15
1727128222073 0.846352 15
1727128222193 0.27311 15
1727128222326 0.372915 15
1727128225046 0.919757 0
1727128225186 2.638292 0
1727128225345 1.664859 0
1727128225501 0.453189 0
1727128225660 0.163227 0
1727128225821 2.349076 0
1727128225983 0.143164 0
1727128226141 1.680315 0
1727128226299 0.116897 0
1727128226459 0.305493 0
1727128226619 1.456311 4
1727128226779 0.972482 4
1727128226939 1.382825 4
1727128227100 1.319256 4
1727128227259 2.984064 4
1727128227419 3.978926 4
1727128227582 1.019447 4
1727128227742 2.141817 4
1727128227902 3.009422 4
1727128228062 0.987352 4
1727128228221 1.27309 8
1727128228381 0.710171 8
1727128228541 0.60055 8
1727128228701 1.709912 8
1727128228860 7.337756 8
1727128229018 1.134572 8
1727128229177 1.487224 8
1727128229337 0.989962 8
1727128229495 2.078216 8
1727128229655 0.191472 8
1727128229816 0.137 12
1727128229975 0.169813 12
1727128230135 17.690334 12
1727128230297 2.315903 12
1727128230462 1.706974 12
1727128230622 1.899883 12
1727128230784 1.068694 12
1727128230949 0.166613 12
1727128231106 1.151923 12
1727128231268 0.161283 12
1727128231429 0.128954 16
1727128231586 1.351988 16
1727128231744 0.135548 16
1727128231905 0.111846 16
1727128232062 5.385913 16
1727128232182 0.18993 16
1727128232319 2.302631 16
1727128232479 0.965102 16
1727128232640 1.340959 16
1727128232801 0.463588 16
1727128232961 0.210899 20
1727128233101 1.483108 20
1727128233223 2.250727 20
1727128233380 0.237951 20
1727128233541 0.31893 20
1727128236433 0.726404 0
1727128236579 7.795447 0
1727128236739 1.004182 0
1727128236900 0.544631 0
1727128237061 0.133106 0
1727128237222 2.28121 0
1727128237383 0.141639 0
1727128237542 0.867419 0
1727128237700 0.13179 0
1727128237861 0.328794 0
1727128238022 1.513605 5
1727128238183 1.153334 5
1727128238347 0.982761 5
1727128238507 0.947246 5
1727128238669 2.651994 5
1727128238830 2.939029 5
1727128238991 1.066856 5
1727128239152 2.140316 5
1727128239312 2.697351 5
1727128239473 1.812575 5
1727128239633 4.85734 10
1727128239792 0.62449 10
1727128239952 1.007776 10
1727128240103 3.07697 10
1727128240225 4.394813 10
1727128240385 1.31686 10
1727128240545 1.631505 10
1727128240706 1.883385 10
1727128240868 2.416155 10
1727128241028 0.164099 10
1727128241189 0.170897 15
1727128241350 0.183442 15
1727128241511 8.221544 15
1727128241672 1.919005 15
1727128241831 1.421653 15
1727128241991 2.829231 15
1727128242152 4.907506 15
1727128242312 0.124264 15
1727128242472 1.088186 15
1727128242634 0.121899 15
1727128242795 0.098975 20
1727128242956 0.953884 20
1727128243117 0.262479 20
1727128243278 0.100482 20
1727128243439 1.09726 20
1727128243600 0.120216 20
1727128243761 1.456238 20
1727128243923 0.721689 20
1727128244083 1.5888 20
1727128244244 0.581256 20
1727128244405 0.199314 25
1727128244566 1.518949 25
1727128244728 1.450744 25
1727128244889 0.474551 25
1727128245052 0.264349 25
1727128248011 0.576324 0
1727128248153 4.255102 0
1727128248313 0.925966 0
1727128248475 0.526026 0
1727128248637 0.139055 0
1727128248816 2.88758 0
1727128248981 0.142907 0
1727128249143 1.117464 0
1727128249306 0.11939 0
1727128249463 0.330047 0
1727128249624 1.755818 6
1727128249784 1.007973 6
1727128249943 1.496302 6
1727128250105 0.866783 6
1727128250267 1.639949 6
1727128250430 4.292351 6
1727128250591 1.10115 6
1727128250752 1.49557 6
1727128250914 1.079944 6
1727128251077 1.228228 6
1727128251239 0.981754 12
1727128251402 1.686041 12
1727128251562 1.31364 12
1727128251723 0.777932 12
1727128251885 1.935 12
1727128252044 65.347038 12
1727128252206 1.26854 12
1727128252367 1.347931 12
1727128252529 1.66701 12
1727128252690 0.157327 12
1727128252843 0.181253 18
1727128252999 0.213607 18
1727128253152 0.544282 18
1727128253315 0.824021 18
1727128253478 1.965942 18
1727128253640 1.693811 18
1727128253801 1.865725 18
1727128253927 0.132605 18
1727128254054 0.88706 18
1727128254215 0.114688 18
1727128254377 0.135576 24
1727128254537 4.292339 24
1727128254697 0.216522 24
1727128254858 0.174727 24
1727128255018 1.158735 24
1727128255180 0.12353 24
1727128255341 0.828586 24
1727128255506 0.903467 24
1727128255668 0.885543 24
1727128255828 0.743955 24
1727128255963 0.158678 30
1727128256092 1.609355 30
1727128256245 0.554914 30
1727128256407 0.295382 30
1727128256568 0.273599 30
1727128259319 1.084276 0
1727128259461 4.878834 0
1727128259619 2.716097 0
1727128259778 0.57004 0
1727128259939 0.145048 0
1727128260102 4.500413 0
1727128260264 0.149578 0
1727128260424 0.684684 0
1727128260585 0.135726 0
1727128260746 0.285989 0
1727128260907 1.930614 7
1727128261067 0.994448 7
1727128261229 1.362925 7
1727128261390 1.152066 7
1727128261550 1.788099 7
1727128261708 1.534927 7
1727128261868 2.807346 7
1727128262007 2.445585 7
1727128262133 2.112759 7
1727128262286 1.262249 7
1727128262448 1.908018 14
1727128262609 16.99338 14
1727128262772 0.657084 14
1727128262935 0.796044 14
1727128263095 2.362533 14
1727128263257 1.216437 14
1727128263418 1.553794 14
1727128263579 1.127477 14
1727128263738 1.863832 14
1727128263900 0.180444 14
1727128264062 0.148301 21
1727128264221 0.182188 21
1727128264383 0.542171 21
1727128264544 0.540008 21
1727128264708 1.836081 21
1727128264869 2.159927 21
1727128265033 5.003509 21
1727128265194 0.107929 21
1727128265355 1.024711 21
1727128265516 0.110036 21
1727128265677 0.120221 28
1727128265836 2.25475 28
1727128265997 0.141718 28
1727128266158 0.130665 28
1727128266317 0.839413 28
1727128266478 0.170691 28
1727128266639 0.596537 28
1727128266801 0.651785 28
1727128266965 0.86028 28
1727128267127 0.712845 28
1727128267289 0.178106 35
1727128267450 1.5201 35
1727128267602 1.792404 35
1727128267727 0.328088 35
1727128267888 0.28427 35
