1726923905294 55.965858 0
1726923905439 12.657635 0
1726923905584 14.566623 0
1726923905726 5.909083 0
1726923905869 23.769854 0
1726923906012 6.178976 0
1726923906156 2.778428 0
1726923906300 8.719019 0
1726923906443 11.12007 0
1726923906587 5.923311 0
1726924680629 4.365203 0
1726924680797 2.538129 0
1726924681077 2.104728 0
1726924681228 1.932127 0
1726924681379 1.999445 0
1726924681528 2.192555 0
1726924681672 1.387429 0
1726924681814 13.473834 0
1726924681960 9.749734 0
1726924682104 2.485832 0
1726924682857 5.583722 0
1726924683003 2.877225 0
1726924683144 10.470949 0
1726924683287 8.987569 0
1726924683430 0.689879 0
1726924683572 1.497038 0
1726924683714 2.377963 0
1726924683856 7.548084 0
1726924683999 0.50358 0
1726924684141 1.598157 0
1726924684900 2.478808 0
1726924685043 1.977726 0
1726924685185 4.459017 0
1726924685326 6.631089 0
1726924685469 4.136022 0
1726924685613 1.353232 0
1726924685755 2.23262 0
1726924685898 1.050435 0
1726924686039 3.782313 0
1726924686181 0.847661 0
1726924686929 3.780998 0
1726924687076 3.943936 0
1726924687217 9.97581 0
1726924687359 5.306013 0
1726924687500 34.842308 0
1726924687643 1.222046 0
1726924687785 6.262913 0
1726924687927 1.092257 0
1726924688070 0.468804 0
1726924688212 0.717658 0
1726924688976 4.176184 0
1726924689118 8.013441 0
1726924689264 15.766897 0
1726924689407 9.025742 0
1726924689551 10.342099 0
1726924689693 8.808456 0
1726924689837 1.334945 0
1726924689981 1.024389 0
1726924690124 1.421336 0
1726924690265 1.193527 0
1726924691019 5.287754 0
1726924691167 1.499179 0
1726924691311 3.10406 0
1726924691455 3.51142 0
1726924691599 1.338115 0
1726924691741 2.260468 0
1726924691884 1.829188 0
1726924692028 0.835148 0
1726924692171 0.981781 0
1726924692315 1.540666 0
1726924693080 1.915938 0
1726924693226 3.180862 0
1726924693368 6.787723 0
1726924693512 74.951019 0
1726924693655 2.485531 0
1726924693800 2.486314 0
1726924693943 1.464069 0
1726924694087 1.18924 0
1726924694230 0.464771 0
1726924694373 0.781406 0
1726924695141 2.900701 0
1726924695284 24.121469 0
1726924695427 4.1601 0
1726924695572 5.380973 0
1726924695715 1.532139 0
1726924695859 2.434964 0
1726924696004 2.015406 0
1726924696150 1.037328 0
1726924696295 1.769844 0
1726924696440 0.688014 0
1726924697213 4.03175 0
1726924697360 3.278888 0
1726924697505 4.598398 0
1726924697651 3.115321 0
1726924697794 1.609327 0
1726924697941 1.63523 0
1726924698084 1.602847 0
1726924698229 1.422189 0
1726924698533 0.523805 0
1726924698685 0.913567 0
