1726816332443 41.987999 0
1726816332551 0.627549 0
1726816332655 22.85533 0
1726816332756 2.2215 0
1726816332856 3.309503 0
1726816332958 7.027249 0
1726816333058 8.418658 0
1726816333158 1.421306 0
1726816333258 1.839003 0
1726816333364 1.019945 0
1726816334016 6.374177 0
1726816334126 1.888242 0
1726816334227 74.911118 0
1726816334328 18.399176 0
1726816334430 7.882224 0
1726816334531 3.916364 0
1726816334633 4.520458 0
1726816334734 12.783466 0
1726816334837 1.307494 0
1726816334938 0.711734 0
1726816335625 0.539351 0
1726816335736 4.150751 0
1726816335837 6.821994 0
1726816335938 4.060111 0
1726816336038 2.623922 0
1726816336148 5.635895 0
1726816336251 1.640865 0
1726816336363 1.586803 0
1726816336465 2.307962 0
1726816336568 1.238713 0
1726816337199 0.442926 0
1726816337305 1.143598 0
1726816337407 2.155934 0
1726816337510 1.365529 0
1726816337612 2.253875 0
1726816337718 2.689786 0
1726816337823 1.367003 0
1726816337924 1.00316 0
1726816338023 2.09876 0
1726816338125 1.610723 0
