1727115675285 0.0 0
1727115675400 10.0 0
1727115675512 20.0 0
1727115675623 30.0 0
1727115675733 40.0 0
1727115675840 50.0 0
1727115675948 60.0 0
1727115676058 70.0 0
1727115676168 80.0 0
1727115676276 90.0 0
1727115676388 100.0 1
1727115676507 110.0 1
1727115676617 120.0 1
1727115676724 130.0 1
1727115676836 140.0 1
1727115676948 150.0 1
1727115677060 160.0 1
1727115677173 170.0 1
1727115677283 180.0 1
1727115677394 190.0 1
1727115677504 200.0 2
1727115677620 210.0 2
1727115677736 220.0 2
1727115677847 230.0 2
1727115677958 240.0 2
1727115678069 250.0 2
1727115678180 260.0 2
1727115678290 270.0 2
1727115678399 280.0 2
1727115678510 290.0 2
1727115678623 300.0 3
1727115678739 310.0 3
1727115678850 320.0 3
1727115678958 330.0 3
1727115679067 340.0 3
1727115680400 0.0 0
1727115680520 10.0 0
1727115680631 20.0 0
1727115680742 30.0 0
1727115680852 40.0 0
1727115680959 50.0 0
1727115681067 60.0 0
1727115681174 70.0 0
1727115681286 80.0 0
1727115681395 90.0 0
1727115681508 100.0 2
1727115681618 110.0 2
1727115681726 120.0 2
1727115681833 130.0 2
1727115681943 140.0 2
1727115682056 150.0 2
1727115682165 160.0 2
1727115682277 170.0 2
1727115682390 180.0 2
1727115682504 190.0 2
1727115682619 200.0 4
1727115682728 210.0 4
1727115682835 220.0 4
1727115682943 230.0 4
1727115683058 240.0 4
1727115683168 250.0 4
1727115683281 260.0 4
1727115683382 270.0 4
1727115683485 280.0 4
1727115683594 290.0 4
1727115683703 300.0 6
1727115683813 310.0 6
1727115683925 320.0 6
1727115684038 330.0 6
1727115684146 340.0 6
1727115685497 0.0 0
1727115685609 10.0 0
1727115685718 20.0 0
1727115685828 30.0 0
1727115685939 40.0 0
1727115686051 50.0 0
1727115686159 60.0 0
1727115686269 70.0 0
1727115686379 80.0 0
1727115686488 90.0 0
1727115686598 100.0 3
1727115686710 110.0 3
1727115686822 120.0 3
1727115686932 130.0 3
1727115687046 140.0 3
1727115687153 150.0 3
1727115687263 160.0 3
1727115687372 170.0 3
1727115687481 180.0 3
1727115687590 190.0 3
1727115687700 200.0 6
1727115687812 210.0 6
1727115687925 220.0 6
1727115688035 230.0 6
1727115688146 240.0 6
1727115688255 250.0 6
1727115688363 260.0 6
1727115688472 270.0 6
1727115688582 280.0 6
1727115688698 290.0 6
1727115688810 300.0 9
1727115688920 310.0 9
1727115689036 320.0 9
1727115689145 330.0 9
1727115689256 340.0 9
1727115690703 0.0 0
1727115690818 10.0 0
1727115690927 20.0 0
1727115691034 30.0 0
1727115691144 40.0 0
1727115691253 50.0 0
1727115691365 60.0 0
1727115691465 70.0 0
1727115691576 80.0 0
1727115691692 90.0 0
1727115691803 100.0 4
1727115691916 110.0 4
1727115692025 120.0 4
1727115692127 130.0 4
1727115692238 140.0 4
1727115692349 150.0 4
1727115692452 160.0 4
1727115692564 170.0 4
1727115692675 180.0 4
1727115692787 190.0 4
1727115692896 200.0 8
1727115693006 210.0 8
1727115693120 220.0 8
1727115693231 230.0 8
1727115693340 240.0 8
1727115693452 250.0 8
1727115693564 260.0 8
1727115693675 270.0 8
1727115693786 280.0 8
1727115693896 290.0 8
1727115694009 300.0 12
1727115694119 310.0 12
1727115694243 320.0 12
1727115694351 330.0 12
1727115694455 340.0 12
1727115695792 0.0 0
1727115695903 10.0 0
1727115696010 20.0 0
1727115696121 30.0 0
1727115696232 40.0 0
1727115696343 50.0 0
1727115696454 60.0 0
1727115696561 70.0 0
1727115696669 80.0 0
1727115696778 90.0 0
1727115696892 100.0 5
1727115697004 110.0 5
1727115697112 120.0 5
1727115697218 130.0 5
1727115697327 140.0 5
1727115697436 150.0 5
1727115697547 160.0 5
1727115697654 170.0 5
1727115697769 180.0 5
1727115697884 190.0 5
1727115697994 200.0 10
1727115698106 210.0 10
1727115698217 220.0 10
1727115698325 230.0 10
1727115698434 240.0 10
1727115698560 250.0 10
1727115698669 260.0 10
1727115698780 270.0 10
1727115698898 280.0 10
1727115699006 290.0 10
1727115699114 300.0 15
1727115699224 310.0 15
1727115699331 320.0 15
1727115699443 330.0 15
1727115699551 340.0 15
1727115700895 0.0 0
1727115701005 10.0 0
1727115701121 20.0 0
1727115701233 30.0 0
1727115701343 40.0 0
1727115701455 50.0 0
1727115701566 60.0 0
1727115701675 70.0 0
1727115701785 80.0 0
1727115701898 90.0 0
1727115702013 100.0 6
1727115702125 110.0 6
1727115702239 120.0 6
1727115702349 130.0 6
1727115702459 140.0 6
1727115702567 150.0 6
1727115702677 160.0 6
1727115702788 170.0 6
1727115702899 180.0 6
1727115703013 190.0 6
1727115703124 200.0 12
1727115703237 210.0 12
1727115703349 220.0 12
1727115703455 230.0 12
1727115703561 240.0 12
1727115703669 250.0 12
1727115703783 260.0 12
1727115703893 270.0 12
1727115704006 280.0 12
1727115704115 290.0 12
1727115704227 300.0 18
1727115704336 310.0 18
1727115704447 320.0 18
1727115704558 330.0 18
1727115704672 340.0 18
1727115706034 0.0 0
1727115706145 10.0 0
1727115706257 20.0 0
1727115706367 30.0 0
1727115706477 40.0 0
1727115706585 50.0 0
1727115706694 60.0 0
1727115706806 70.0 0
1727115706916 80.0 0
1727115707036 90.0 0
1727115707150 100.0 7
1727115707263 110.0 7
1727115707372 120.0 7
1727115707483 130.0 7
1727115707598 140.0 7
1727115707722 150.0 7
1727115707844 160.0 7
1727115707965 170.0 7
1727115708091 180.0 7
1727115708205 190.0 7
1727115708340 200.0 14
1727115708462 210.0 14
1727115708582 220.0 14
1727115708693 230.0 14
1727115708804 240.0 14
1727115708915 250.0 14
1727115709025 260.0 14
1727115709139 270.0 14
1727115709249 280.0 14
1727115709360 290.0 14
1727115709472 300.0 21
1727115709581 310.0 21
1727115709687 320.0 21
1727115709797 330.0 21
1727115709904 340.0 21
1727115711259 0.0 0
1727115711372 10.0 0
1727115711480 20.0 0
1727115711591 30.0 0
1727115711701 40.0 0
1727115711812 50.0 0
1727115711921 60.0 0
1727115712033 70.0 0
1727115712142 80.0 0
1727115712252 90.0 0
1727115712363 100.0 8
1727115712472 110.0 8
1727115712580 120.0 8
1727115712694 130.0 8
1727115712804 140.0 8
1727115712912 150.0 8
1727115713023 160.0 8
1727115713135 170.0 8
1727115713245 180.0 8
1727115713356 190.0 8
1727115713464 200.0 16
1727115713570 210.0 16
1727115713680 220.0 16
1727115713789 230.0 16
1727115713895 240.0 16
1727115714004 250.0 16
1727115714113 260.0 16
1727115714224 270.0 16
1727115714333 280.0 16
1727115714448 290.0 16
1727115714556 300.0 24
1727115714664 310.0 24
1727115714781 320.0 24
1727115714896 330.0 24
1727115715008 340.0 24
