1727088392664 0.341903 0
1727088392767 0.21574 0
1727088392863 0.097103 0
1727088392954 0.084436 0
1727088393049 0.110456 0
1727088393147 0.17758 0
1727088393239 1.978854 0
1727088393340 0.737297 0
1727088393437 0.391186 0
1727088393534 0.269919 0
1727088393628 3.965643 1
1727088393725 0.357567 1
1727088393823 0.216968 1
1727088393935 0.106512 1
1727088394038 0.096007 1
1727088394135 0.205778 1
1727088394235 0.235439 1
1727088394330 0.786131 1
1727088394422 0.061301 1
1727088394527 0.859523 1
1727088394622 0.372309 2
1727088394725 0.349237 2
1727088394821 0.190418 2
1727088394918 0.195354 2
1727088395943 0.147928 0
1727088396049 0.109295 0
1727088396142 0.089095 0
1727088396238 0.101376 0
1727088396335 0.146346 0
1727088396432 0.30732 0
1727088396535 2.550289 0
1727088396635 0.279743 0
1727088396739 0.686958 0
1727088396841 0.190619 0
1727088396937 2.976931 2
1727088397032 0.651175 2
1727088397130 0.157771 2
1727088397226 0.101471 2
1727088397328 0.1297 2
1727088397428 0.267749 2
1727088397525 0.245092 2
1727088397623 0.398234 2
1727088397722 0.081889 2
1727088397818 0.753027 2
1727088397917 0.691359 4
1727088398013 0.270922 4
1727088398104 0.269208 4
1727088398204 0.177102 4
1727088399145 0.224225 0
1727088399244 0.070054 0
1727088399337 0.108941 0
1727088399442 0.061492 0
1727088399552 0.140085 0
1727088399652 0.261119 0
1727088399753 2.543438 0
1727088399850 0.26463 0
1727088399947 0.551852 0
1727088400047 0.197317 0
1727088400145 2.810401 3
1727088400237 0.674664 3
1727088400328 0.129473 3
1727088400429 0.096049 3
1727088400529 0.135905 3
1727088400626 0.307774 3
1727088400722 0.21702 3
1727088400816 0.423466 3
1727088400909 0.087783 3
1727088401009 0.804059 3
1727088401104 0.580843 6
1727088401200 0.302887 6
1727088401296 0.229115 6
1727088401394 0.177733 6
1727088402336 0.213599 0
1727088402438 0.072187 0
1727088402543 0.105151 0
1727088402644 0.073831 0
1727088402745 0.146597 0
1727088402846 0.309895 0
1727088402948 2.521802 0
1727088403047 0.214933 0
1727088403137 0.52285 0
1727088403240 0.208979 0
1727088403340 2.865952 4
1727088403443 0.595927 4
1727088403540 0.109508 4
1727088403641 0.09837 4
1727088403760 0.150035 4
1727088403863 0.36459 4
1727088403967 0.189496 4
1727088404067 0.365493 4
1727088404170 0.109424 4
1727088404270 0.810417 4
1727088404362 0.549818 8
1727088404461 0.236889 8
1727088404555 0.214022 8
1727088404650 0.176936 8
