1727088392650 0.0 0
1727088392753 10.0 0
1727088392848 20.0 0
1727088392940 30.0 0
1727088393035 40.0 0
1727088393131 50.0 0
1727088393224 60.0 0
1727088393326 70.0 0
1727088393422 80.0 0
1727088393520 90.0 0
1727088393614 100.0 1
1727088393710 110.0 1
1727088393808 120.0 1
1727088393921 130.0 1
1727088394023 140.0 1
1727088394120 150.0 1
1727088394221 160.0 1
1727088394317 170.0 1
1727088394407 180.0 1
1727088394511 190.0 1
1727088394608 200.0 2
1727088394711 210.0 2
1727088394807 220.0 2
1727088394904 230.0 2
1727088395929 0.0 0
1727088396034 10.0 0
1727088396128 20.0 0
1727088396223 30.0 0
1727088396322 40.0 0
1727088396418 50.0 0
1727088396519 60.0 0
1727088396621 70.0 0
1727088396725 80.0 0
1727088396826 90.0 0
1727088396923 100.0 2
1727088397017 110.0 2
1727088397115 120.0 2
1727088397212 130.0 2
1727088397313 140.0 2
1727088397414 150.0 2
1727088397510 160.0 2
1727088397607 170.0 2
1727088397708 180.0 2
1727088397804 190.0 2
1727088397902 200.0 4
1727088397999 210.0 4
1727088398090 220.0 4
1727088398189 230.0 4
1727088399130 0.0 0
1727088399228 10.0 0
1727088399323 20.0 0
1727088399426 30.0 0
1727088399536 40.0 0
1727088399638 50.0 0
1727088399737 60.0 0
1727088399836 70.0 0
1727088399931 80.0 0
1727088400030 90.0 0
1727088400131 100.0 3
1727088400223 110.0 3
1727088400314 120.0 3
1727088400415 130.0 3
1727088400514 140.0 3
1727088400612 150.0 3
1727088400707 160.0 3
1727088400802 170.0 3
1727088400895 180.0 3
1727088400994 190.0 3
1727088401090 200.0 6
1727088401186 210.0 6
1727088401283 220.0 6
1727088401380 230.0 6
1727088402322 0.0 0
1727088402423 10.0 0
1727088402527 20.0 0
1727088402628 30.0 0
1727088402730 40.0 0
1727088402831 50.0 0
1727088402931 60.0 0
1727088403033 70.0 0
1727088403123 80.0 0
1727088403226 90.0 0
1727088403326 100.0 4
1727088403427 110.0 4
1727088403525 120.0 4
1727088403627 130.0 4
1727088403744 140.0 4
1727088403848 150.0 4
1727088403953 160.0 4
1727088404053 170.0 4
1727088404156 180.0 4
1727088404255 190.0 4
1727088404347 200.0 8
1727088404447 210.0 8
1727088404541 220.0 8
1727088404634 230.0 8
