1726744327797 0.336099 0
1726744327948 36.142826 0
1726744328043 7.172933 0
1726744328138 0.65906 0
1726744328237 0.341548 0
1726744328332 0.270268 0
1726744328425 0.340066 0
1726744328519 0.155458 0
1726744328614 0.539273 0
1726744328711 0.980034 0
1726744328808 0.328748 1
1726744328906 0.212472 1
1726744329003 0.147588 1
1726744329095 1.201232 1
1726744329187 0.54812 1
1726744329278 1.403758 1
1726744329370 1.316597 1
1726744329468 0.562913 1
1726744329565 0.786042 1
1726744329656 0.853223 1
1726744329748 0.475136 2
1726744329844 0.151841 2
1726744329938 1.075304 2
1726744330028 1.122001 2
1726744330119 0.681279 2
1726744330213 0.694471 2
1726744330311 3.081339 2
1726744330410 1.015158 2
1726744330503 0.544192 2
1726744330595 0.936141 2
1726744330683 1.236113 3
1726744330771 0.648511 3
1726744330861 0.235255 3
1726744330954 0.715459 3
1726744331044 0.170134 3
1726744331137 1.436499 3
1726744331228 1.17452 3
1726744331321 2.465344 3
1726744331419 3.882 3
1726744331520 0.833729 3
1726744331615 0.422398 4
1726744331709 0.156678 4
1726744331804 1.98781 4
1726744331897 0.245679 4
1726744331992 0.82816 4
1726744332087 0.559404 4
1726744332178 0.218481 4
1726744332269 0.164729 4
1726744332361 0.632789 4
1726744332450 1.139298 4
1726744332537 0.641217 5
1726744332630 0.160033 5
1726744332726 0.392465 5
1726744332824 0.125237 5
1726744332921 0.31285 5
1726744333015 0.232891 5
1726744333107 0.600043 5
1726744333202 0.175488 5
1726744333297 4.06236 5
1726744333389 1.474277 5
1726744333483 0.812294 6
1726744333580 0.296718 6
1726744333676 1.258238 6
1726744333774 0.447117 6
1726744333870 0.250402 6
1726744333964 0.345511 6
1726744334060 1.75083 6
1726744334154 1.546852 6
1726744334244 1.023261 6
1726744334336 1.315385 6
1726744334428 0.324458 7
1726744334521 0.488173 7
1726744334619 0.433518 7
1726744334720 0.083671 7
1726744334814 0.293148 7
1726744334908 0.493851 7
1726744335004 0.168578 7
1726744335099 0.344522 7
1726744335193 0.754319 7
1726744335294 0.885174 7
1726744335387 1.22033 8
1726744335477 0.676354 8
1726744335570 1.628971 8
1726744335664 1.056239 8
1726744335762 0.623402 8
1726744335856 1.099033 8
1726744335947 0.455511 8
1726744336039 1.044871 8
1726744336136 1.337908 8
1726744336233 0.240902 8
1726744336327 0.864343 9
1726744336422 0.718248 9
1726744336520 0.82708 9
1726744336618 17.408075 9
1726744336718 0.827726 9
1726744336815 0.967165 9
1726744336911 0.362253 9
1726744337006 0.515958 9
1726744337097 1.063732 9
1726744337189 0.740151 9
1726744346830 1.162006 0
1726744346930 0.082447 0
1726744347023 0.246618 0
1726744347118 0.295884 0
1726744347218 0.325999 0
1726744347311 0.226357 0
1726744347399 0.204533 0
1726744347485 0.133193 0
1726744347573 0.582644 0
1726744347663 0.179934 0
1726744347755 0.187259 2
1726744347850 0.288622 2
1726744347953 0.050987 2
1726744348053 0.402506 2
1726744348144 0.447558 2
1726744348227 0.286913 2
1726744348311 0.093967 2
1726744348393 0.098844 2
1726744348478 0.260506 2
1726744348566 0.398917 2
1726744348661 0.374766 4
1726744348757 0.113941 4
1726744348857 0.29042 4
1726744348958 0.576051 4
1726744349057 4.119286 4
1726744349152 0.98645 4
1726744349251 1.768262 4
1726744349345 1.229975 4
1726744349435 1.147729 4
1726744349524 1.154034 4
1726744349614 0.250815 6
1726744349705 1.58897 6
1726744349804 0.884152 6
1726744349900 0.604202 6
1726744350001 0.359793 6
1726744350101 0.813248 6
1726744350200 0.912623 6
1726744350300 0.271077 6
1726744350401 0.779692 6
1726744350505 0.456141 6
1726744350601 0.415371 8
1726744350694 1.191801 8
1726744350785 2.317204 8
1726744350875 0.217854 8
1726744350964 0.414977 8
1726744351057 0.483411 8
1726744351159 0.118882 8
1726744351261 0.188606 8
1726744351354 0.181198 8
1726744351443 1.22973 8
1726744351532 0.574338 10
1726744351621 0.176779 10
1726744351714 0.0945 10
1726744351811 0.078207 10
1726744351903 0.288562 10
1726744351996 0.155921 10
1726744352086 0.237223 10
1726744352177 0.255247 10
1726744352269 0.246971 10
1726744352360 0.270512 10
1726744352453 0.180134 12
1726744352547 0.111308 12
1726744352642 1.241006 12
1726744352738 0.719926 12
1726744352834 0.304809 12
1726744352933 0.768028 12
1726744353034 1.41763 12
1726744353134 1.104393 12
1726744353236 0.361181 12
1726744353332 0.59445 12
1726744353424 0.393276 14
1726744353516 0.80571 14
1726744353609 2.062731 14
1726744353706 0.577106 14
1726744353804 0.374929 14
1726744353893 0.313754 14
1726744353977 0.081985 14
1726744354064 0.217177 14
1726744354151 0.40904 14
1726744354238 0.63084 14
1726744354330 0.425141 16
1726744354430 0.595089 16
1726744354535 0.36566 16
1726744354635 0.260252 16
1726744354727 0.755956 16
1726744354811 0.882481 16
1726744354893 0.408162 16
1726744354976 0.381258 16
1726744355058 0.208358 16
1726744355146 1.463982 16
1726744355238 0.380035 18
1726744355337 0.457267 18
1726744355428 0.271798 18
1726744355518 0.619609 18
1726744355607 0.501025 18
1726744355696 0.267317 18
1726744355789 0.800023 18
1726744355887 0.236378 18
1726744355980 1.71785 18
1726744356070 0.719988 18
1726744365422 4.28318 0
1726744365558 0.51164 0
1726744365640 1.231876 0
1726744365721 0.154116 0
1726744365802 1.582716 0
1726744365885 0.169725 0
1726744365981 0.144099 0
1726744366086 0.247016 0
1726744366190 0.494341 0
1726744366287 0.213369 0
1726744366378 0.383267 3
1726744366469 0.124101 3
1726744366555 0.131619 3
1726744366643 0.23469 3
1726744366735 0.209256 3
1726744366830 0.209238 3
1726744366926 0.071887 3
1726744367022 0.157059 3
1726744367121 0.311493 3
1726744367211 0.181167 3
1726744367298 0.207591 6
1726744367386 0.077237 6
1726744367476 0.325555 6
1726744367570 0.701923 6
1726744367668 0.69181 6
1726744367768 0.451711 6
1726744367863 0.346249 6
1726744367953 0.611871 6
1726744368041 1.217633 6
1726744368131 0.546154 6
1726744368221 0.210424 9
1726744368310 1.238894 9
1726744368402 0.942313 9
1726744368496 0.433175 9
1726744368593 0.083509 9
1726744368694 0.44101 9
1726744368789 0.422749 9
1726744368879 0.500223 9
1726744368970 0.827737 9
1726744369061 0.328747 9
1726744369153 0.50228 12
1726744369246 1.223962 12
1726744369336 2.036452 12
1726744369425 0.56052 12
1726744369513 0.353615 12
1726744369607 0.323777 12
1726744369705 0.308242 12
1726744369806 0.072092 12
1726744369904 0.119072 12
1726744369998 0.330231 12
1726744370094 0.68739 15
1726744370190 0.134536 15
1726744370287 0.218376 15
1726744370382 0.526997 15
1726744370479 0.286788 15
1726744370574 0.037272 15
1726744370674 0.14255 15
1726744370777 0.103506 15
1726744370879 0.290104 15
1726744370980 0.34021 15
1726744371082 0.384705 18
1726744371182 0.04983 18
1726744371288 0.788145 18
1726744371392 0.181419 18
1726744371497 0.293938 18
1726744371603 0.993553 18
1726744371701 2.259505 18
1726744371796 0.227303 18
1726744371891 0.420196 18
1726744371987 0.536212 18
1726744372077 0.928262 21
1726744372161 0.70997 21
1726744372243 1.229567 21
1726744372326 0.49159 21
1726744372411 0.353734 21
1726744372502 0.518387 21
1726744372595 0.074514 21
1726744372687 0.553152 21
1726744372778 0.44848 21
1726744372869 0.90098 21
1726744372964 0.200308 24
1726744373063 0.230051 24
1726744373169 0.482061 24
1726744373272 0.150742 24
1726744373369 0.958705 24
1726744373460 0.3321 24
1726744373549 0.432702 24
1726744373644 0.231083 24
1726744373737 0.195648 24
1726744373833 0.168463 24
1726744373932 1.283153 27
1726744374028 0.320995 27
1726744374125 0.357333 27
1726744374223 1.15897 27
1726744374319 0.221759 27
1726744374413 0.230115 27
1726744374504 0.404465 27
1726744374599 0.266947 27
1726744374694 0.47705 27
1726744374788 0.402144 27
1726744384143 2.001006 0
1726744384279 1.873379 0
1726744384370 0.162031 0
1726744384463 0.251288 0
1726744384560 0.198752 0
1726744384655 0.266609 0
1726744384750 0.256608 0
1726744384849 0.417127 0
1726744384947 0.18227 0
1726744385044 0.299228 0
1726744385135 0.454124 4
1726744385227 0.08942 4
1726744385321 0.173644 4
1726744385413 0.101217 4
1726744385509 0.155143 4
1726744385606 0.060303 4
1726744385702 0.103705 4
1726744385798 0.190772 4
1726744385892 0.492707 4
1726744385988 0.530368 4
1726744386089 0.168256 8
1726744386191 0.191246 8
1726744386290 0.483508 8
1726744386388 0.392312 8
1726744386477 0.329761 8
1726744386568 0.399501 8
1726744386658 0.851497 8
1726744386751 0.580595 8
1726744386869 2.663539 8
1726744386988 0.871605 8
1726744387088 0.215571 12
1726744387183 1.1435 12
1726744387286 0.262381 12
1726744387387 0.621231 12
1726744387490 0.228415 12
1726744387595 0.635327 12
1726744387700 0.543936 12
1726744387796 0.330185 12
1726744387888 0.833772 12
1726744387985 1.499709 12
1726744388090 0.152555 16
1726744388196 0.689164 16
1726744388296 0.291504 16
1726744388393 1.023272 16
1726744388493 0.187987 16
1726744388596 0.193711 16
1726744388694 0.066178 16
1726744388785 0.091029 16
1726744388872 0.150225 16
1726744388961 0.389446 16
1726744389048 0.436619 20
1726744389136 0.132435 20
1726744389232 0.125428 20
1726744389337 0.110922 20
1726744389449 0.428842 20
1726744389553 0.062402 20
1726744389650 0.130292 20
1726744389742 0.092346 20
1726744389831 0.151825 20
1726744389928 0.287344 20
1726744390025 0.465619 24
1726744390131 0.069596 24
1726744390244 0.146827 24
1726744390359 0.313903 24
1726744390466 0.251166 24
1726744390572 0.524104 24
1726744390672 1.224901 24
1726744390770 0.166164 24
1726744390864 0.338726 24
1726744390956 0.55127 24
1726744391056 0.334829 28
1726744391158 0.544058 28
1726744391268 1.465602 28
1726744391392 0.424848 28
1726744391504 0.353187 28
1726744391610 0.601567 28
1726744391718 0.105601 28
1726744391824 0.458951 28
1726744391927 0.341156 28
1726744392018 0.734987 28
1726744392111 0.20339 32
1726744392204 0.096525 32
1726744392296 1.265414 32
1726744392404 0.149455 32
1726744392505 1.488052 32
1726744392605 0.533054 32
1726744392699 0.32175 32
1726744392798 0.241302 32
1726744392899 0.122448 32
1726744393005 0.068518 32
1726744393100 0.541047 36
1726744393200 0.420476 36
1726744393301 0.435943 36
1726744393399 0.521305 36
1726744393493 0.191093 36
1726744393586 0.283006 36
1726744393680 0.310312 36
1726744393775 0.396127 36
1726744393872 0.676755 36
1726744393970 0.443929 36
