1727261609095 19.290897 0
1727261609253 38.009827 0
1727261609439 87.528664 0
1727261609611 13.905088 0
1727261609800 14.676124 0
1727261609967 42.189003 0
1727261610689 39.765221 0
1727261610844 147.673004 0
1727261611008 118.402954 0
1727261611153 19.114883 0
1727261611324 29.506493 0
1727261611488 103.81012 0
1727261612091 266.29248 0
1727261612243 107.019272 0
1727261612401 123.444641 0
1727261612561 66.120483 0
1727261612714 168.505005 0
1727261612869 180.808456 0
1727261613418 224.265274 0
1727261613574 48.950184 0
1727261613719 232.305634 0
1727261613878 101.234329 0
1727261614029 98.198883 0
1727261614176 52.609268 0
1727261614708 134.988663 0
1727261614859 17.67107 0
1727261615003 243.8284 0
1727261615158 56.332893 0
1727261615319 106.506363 0
1727261615464 30.896955 0
1727261615995 524.6521 0
1727261616157 11.510847 0
1727261616300 43.382122 0
1727261616459 95.956139 0
1727261616612 165.64856 0
1727261616774 23.138447 0
1727261617484 40.188595 0
1727261617648 9.609581 0
1727261617802 37.594635 0
1727261617966 67.604256 0
1727261618122 77.511917 0
1727261618290 16.246107 0
1727261619039 21.300728 0
1727261619214 8.208479 0
1727261619378 35.565102 0
1727261619557 90.565498 0
1727261619724 49.900597 0
1727261619895 11.92181 0
1727261620563 16.722576 0
1727261620707 7.032744 0
1727261620862 20.160866 0
1727261621025 54.923542 0
1727261621175 91.252235 0
1727261621342 12.084881 0
1727261621962 13.500467 0
1727261622123 6.242492 0
1727261622279 15.311953 0
1727261622437 44.155594 0
1727261622601 20.356094 0
1727261622768 8.780981 0
