1726832902636 27.304432 0
1726832902801 3.523851 0
1726832902965 59.157593 0
1726832903134 0.563193 0
1726832903306 6.002806 0
1726832903477 3.99722 0
1726832903649 9.755145 0
1726832903814 1.49783 0
1726832903985 1.110554 0
1726832904153 0.979234 0
1726832904321 3.006149 1
1726832905471 21.17033 0
1726832905623 1.949936 0
1726832905786 6.303169 0
1726832905950 0.102164 0
1726832906118 1.741142 0
1726832906284 10.199545 0
1726832906450 2.550337 0
1726832906628 1.984594 0
1726832906794 2.93851 0
1726832906960 1.377463 0
1726832907126 5.325721 2
1726832908247 0.92602 0
1726832908409 4.164959 0
1726832908572 3.324987 0
1726832908733 0.203771 0
1726832908895 4.28957 0
1726832909058 1.177841 0
1726832909220 2.737996 0
1726832909379 1.061089 0
1726832909532 3.004985 0
1726832909713 0.788928 0
1726832909899 0.741301 3
1726832911011 9.326908 0
1726832911180 0.9313 0
1726832911343 13.463201 0
1726832911502 2.199624 0
1726832911662 7.535085 0
1726832911823 1.665058 0
1726832911985 6.888832 0
1726832912146 5.471147 0
1726832912311 1.053724 0
1726832912474 0.556685 0
1726832912633 2.326658 4
1726832913676 5.209565 0
1726832913840 3.86644 0
1726832914006 1.169038 0
1726832914176 0.090538 0
1726832914346 2.50775 0
1726832914510 3.318033 0
1726832914676 1.632148 0
1726832914842 2.021635 0
1726832915009 1.699531 0
1726832915173 0.557261 0
1726832915342 0.848764 5
1726832916450 10.111317 0
1726832916615 7.976454 0
1726832916780 3.168327 0
1726832916944 0.116031 0
1726832917104 2.49215 0
1726832917251 1.740345 0
1726832917414 3.300104 0
1726832917569 1.386952 0
1726832917734 0.567666 0
1726832917899 0.40617 0
1726832918062 0.904964 6
1726832919202 2.853458 0
1726832919364 4.972699 0
1726832919526 2.604687 0
1726832919693 0.225186 0
1726832919854 4.515831 0
1726832920023 5.357681 0
1726832920190 8.658894 0
1726832920354 2.754605 0
1726832920522 0.724502 0
1726832920688 0.409709 0
1726832920853 1.54729 7
1726832921909 3.078448 0
1726832922078 3.156376 0
1726832922247 3.165734 0
1726832922412 0.142901 0
1726832922577 53.515324 0
1726832922740 2.454921 0
1726832922903 2.510532 0
1726832923067 0.892621 0
1726832923228 0.798221 0
1726832923399 0.41816 0
1726832923567 3.243747 8
1726832924616 3.846179 0
1726832924779 79.911896 0
1726832924929 3.625641 0
1726832925094 0.09671 0
1726832925248 5.913296 0
1726832925411 36.117004 0
1726832925572 2.816715 0
1726832925733 1.161139 0
1726832925894 0.906692 0
1726832926060 0.401538 0
1726832926222 4.657535 9
1726832927349 8.945844 0
1726832927516 4.178543 0
1726832927676 4.692944 0
1726832927839 0.117999 0
1726832928002 4.228074 0
1726832928164 8.962535 0
1726832928324 4.25675 0
1726832928488 0.802147 0
1726832928654 0.779631 0
1726832928803 0.418937 0
1726832928970 0.894921 10
