1727271758767 0.152186 0
1727271758901 0.599635 0
1727271759037 0.039771 0
1727271759177 0.017112 0
1727271759322 0.021886 0
1727271759441 0.176082 0
1727271759575 0.028315 0
1727271759707 0.110814 0
1727271759835 0.028416 0
1727271759974 0.01561 0
1727271760121 0.041727 1
1727271760258 0.030797 1
1727271760390 0.037883 1
1727271760532 0.084201 1
1727271760657 0.094038 1
1727271760782 0.06965 1
1727271760919 0.17601 1
1727271761047 0.199422 1
1727271761176 0.045182 1
1727271761307 0.012241 1
1727271761436 0.170986 2
1727271761564 0.266733 2
1727271761698 0.747155 2
1727271761838 0.058532 2
1727271761978 0.102126 2
1727271762123 2.843801 2
1727271762270 0.116238 2
1727271762412 0.084026 2
1727271762558 2.098046 2
1727271762698 0.367664 2
1727271762828 0.349854 3
1727271762966 0.032323 3
1727271763101 0.268862 3
1727271763231 0.054938 3
1727271763359 0.0293 3
1727271763486 0.026853 3
1727271763611 0.181999 3
1727271763735 0.171987 3
1727271763862 0.03463 3
1727271763990 0.142524 3
1727271764127 0.02196 4
1727271764273 0.100145 4
1727271764414 2.298434 4
1727271764558 0.350445 4
1727271764696 0.05187 4
1727271764823 0.108692 4
1727271764954 0.050294 4
1727271765090 0.02348 4
1727271765219 0.256155 4
1727271765350 0.020844 4
1727271765479 0.010144 5
1727271765609 0.070914 5
1727271765735 0.022429 5
1727271765864 0.210018 5
1727271765997 0.243174 5
1727271766134 0.031886 5
1727271766272 0.136635 5
1727271766404 0.105168 5
1727271766538 0.00453 5
1727271766667 0.049429 5
1727271766798 0.202747 6
1727271766931 0.027874 6
1727271767060 0.033542 6
1727271767188 0.010171 6
1727271767320 0.235219 6
1727271767452 0.17043 6
1727271767587 0.050947 6
1727271767717 0.443126 6
1727271767845 0.025821 6
1727271767977 0.178594 6
1727271768117 0.170585 7
1727271770687 1.282258 0
1727271770825 0.1368 0
1727271770965 0.097603 0
1727271771101 0.014206 0
1727271771239 0.005624 0
1727271771369 0.056518 0
1727271771503 0.021549 0
1727271771623 0.106678 0
1727271771748 0.03491 0
1727271771875 0.0162 0
1727271771998 0.020938 2
1727271772122 0.023774 2
1727271772251 0.045271 2
1727271772384 0.099542 2
1727271772503 0.05058 2
1727271772620 0.045892 2
1727271772745 0.154891 2
1727271772870 0.207746 2
1727271772990 0.043591 2
1727271773115 0.00882 2
1727271773246 0.15723 4
1727271773371 0.345697 4
1727271773493 0.556933 4
1727271773625 0.020258 4
1727271773756 0.067406 4
1727271773884 3.444743 4
1727271774010 0.036401 4
1727271774133 0.06628 4
1727271774262 1.602273 4
1727271774400 0.477643 4
1727271774549 0.344256 6
1727271774675 0.027007 6
1727271774811 0.183387 6
1727271774938 0.049354 6
1727271775065 0.025755 6
1727271775193 0.015767 6
1727271775323 0.195248 6
1727271775448 0.168442 6
1727271775568 0.030009 6
1727271775691 0.16854 6
1727271775813 0.027228 8
1727271775941 0.088932 8
1727271776076 2.184276 8
1727271776203 0.422918 8
1727271776325 0.126019 8
1727271776463 0.110372 8
1727271776589 0.041138 8
1727271776713 0.018545 8
1727271776839 0.222599 8
1727271776961 0.019263 8
1727271777085 0.005742 10
1727271777211 0.079741 10
1727271777346 0.021941 10
1727271777480 0.220953 10
1727271777636 0.265196 10
1727271777765 0.016978 10
1727271777894 0.280565 10
1727271778016 0.101811 10
1727271778142 0.014599 10
1727271778266 0.040696 10
1727271778391 0.226116 12
1727271778514 0.017638 12
1727271778640 0.029267 12
1727271778766 0.014392 12
1727271778887 0.251281 12
1727271779017 0.182864 12
1727271779140 0.064707 12
1727271779262 0.392116 12
1727271779381 0.029497 12
1727271779505 0.11374 12
1727271779629 0.111931 14
1727271782087 0.869985 0
1727271782213 0.15844 0
1727271782333 0.071413 0
1727271782457 0.009227 0
1727271782593 0.005679 0
1727271782719 0.044539 0
1727271782841 0.02286 0
1727271782964 0.100652 0
1727271783089 0.027835 0
1727271783240 0.019402 0
1727271783368 0.020114 3
1727271783494 0.026415 3
1727271783621 0.043801 3
1727271783741 0.09704 3
1727271783866 0.049707 3
1727271783994 0.046165 3
1727271784116 0.160969 3
1727271784240 0.187266 3
1727271784356 0.043786 3
1727271784475 0.011267 3
1727271784617 0.173599 6
1727271784746 0.410338 6
1727271784891 0.593436 6
1727271785023 0.015095 6
1727271785156 0.082562 6
1727271785281 3.266129 6
1727271785413 0.027393 6
1727271785545 0.07533 6
1727271785679 1.452 6
1727271785819 0.487768 6
1727271785959 0.333487 9
1727271786098 0.026505 9
1727271786233 0.181739 9
1727271786363 0.053195 9
1727271786498 0.022804 9
1727271786629 0.017933 9
1727271786757 0.177771 9
1727271786893 0.166197 9
1727271787025 0.029293 9
1727271787157 0.148622 9
1727271787284 0.029974 12
1727271787413 0.099197 12
1727271787542 2.413858 12
1727271787680 0.364793 12
1727271787816 0.165046 12
1727271787952 0.106158 12
1727271788082 0.036847 12
1727271788214 0.021837 12
1727271788348 0.193934 12
1727271788472 0.020547 12
1727271788602 0.004194 15
1727271788743 0.082157 15
1727271788885 0.02533 15
1727271789016 0.202359 15
1727271789147 0.252028 15
1727271789279 0.006197 15
1727271789412 0.262565 15
1727271789547 0.115213 15
1727271789688 0.034541 15
1727271789837 0.041618 15
1727271789970 0.219631 18
1727271790095 0.008578 18
1727271790228 0.030246 18
1727271790379 0.013161 18
1727271790516 0.283557 18
1727271790649 0.223153 18
1727271790783 0.076432 18
1727271790922 0.342109 18
1727271791050 0.024344 18
1727271791180 0.085382 18
1727271791312 0.088955 21
1727271793802 0.638077 0
1727271793927 0.170695 0
1727271794045 0.069846 0
1727271794168 0.012371 0
1727271794296 0.009503 0
1727271794416 0.039445 0
1727271794532 0.020718 0
1727271794654 0.10054 0
1727271794779 0.028517 0
1727271794898 0.020294 0
1727271795021 0.020456 4
1727271795143 0.023299 4
1727271795260 0.040882 4
1727271795381 0.088715 4
1727271795510 0.044001 4
1727271795632 0.049524 4
1727271795754 0.159953 4
1727271795876 0.202887 4
1727271795998 0.048627 4
1727271796130 0.012161 4
1727271796255 0.170734 8
1727271796376 0.417279 8
1727271796501 0.633059 8
1727271796631 0.014174 8
1727271796755 0.103851 8
1727271796890 2.937398 8
1727271797009 0.032347 8
1727271797132 0.065171 8
1727271797260 1.590366 8
1727271797380 0.467569 8
1727271797503 0.317702 12
1727271797627 0.031877 12
1727271797753 0.181325 12
1727271797879 0.034675 12
1727271798001 0.028074 12
1727271798126 0.023118 12
1727271798248 0.179617 12
1727271798378 0.186882 12
1727271798503 0.026752 12
1727271798628 0.14524 12
1727271798753 0.023984 16
1727271798878 0.096711 16
1727271799010 2.462843 16
1727271799149 0.350269 16
1727271799274 0.181338 16
1727271799403 0.111863 16
1727271799526 0.035661 16
1727271799650 0.023706 16
1727271799776 0.169838 16
1727271799898 0.020326 16
1727271800023 0.005183 20
1727271800147 0.071283 20
1727271800278 0.02845 20
1727271800405 0.185353 20
1727271800525 0.269036 20
1727271800649 0.007253 20
1727271800772 0.202681 20
1727271800897 0.09558 20
1727271801024 0.023491 20
1727271801153 0.041851 20
1727271801280 0.223425 24
1727271801406 0.008441 24
1727271801533 0.047478 24
1727271801655 0.014424 24
1727271801777 0.258242 24
1727271801902 0.204814 24
1727271802025 0.071515 24
1727271802147 0.371236 24
1727271802270 0.041424 24
1727271802388 0.068433 24
1727271802506 0.057076 28
