1727262384983 0.516626 0
1727262385136 0.257699 0
1727262385279 1.198519 0
1727262385415 0.089704 0
1727262385561 1.318997 0
1727262385696 0.066055 0
1727262385835 0.309359 0
1727262385977 0.094043 0
1727262386124 0.109319 0
1727262386279 0.274057 0
1727262386431 0.099957 1
1727262386579 0.054403 1
1727262386734 0.598729 1
1727262386880 0.145911 1
1727262387035 0.364643 1
1727262387182 0.26488 1
1727262387336 0.316214 1
1727262387497 0.566689 1
1727262387640 1.486594 1
1727262387798 0.223153 1
1727262387943 1.333387 2
1727262388092 0.483052 2
1727262388229 0.189457 2
1727262388363 1.638724 2
1727262388504 1.655089 2
1727262388640 0.205443 2
1727262389911 0.320629 0
1727262390048 0.087844 0
1727262390186 0.937565 0
1727262390325 0.085076 0
1727262390467 0.996196 0
1727262390600 0.108148 0
1727262390740 0.251531 0
1727262390876 0.088959 0
1727262391010 0.098172 0
1727262391147 0.266784 0
1727262391287 0.121015 2
1727262391422 0.056954 2
1727262391556 0.468542 2
1727262391695 0.09728 2
1727262391837 0.311646 2
1727262391997 0.171011 2
1727262392145 0.340739 2
1727262392293 0.534291 2
1727262392437 1.217755 2
1727262392580 0.259087 2
1727262392720 1.332241 4
1727262392861 0.408818 4
1727262392999 0.12139 4
1727262393138 1.630344 4
1727262393276 1.48099 4
1727262393415 0.350115 4
1727262394811 0.153505 0
1727262394963 0.082072 0
1727262395108 0.913835 0
1727262395245 0.070404 0
1727262395384 1.165946 0
1727262395526 0.085867 0
1727262395666 0.261017 0
1727262395809 0.09444 0
1727262395970 0.122241 0
1727262396128 0.252877 0
1727262396278 0.109697 3
1727262396440 0.054997 3
1727262396597 0.530571 3
1727262396750 0.131669 3
1727262396895 0.31051 3
1727262397060 0.171131 3
1727262397222 0.347174 3
1727262397374 0.551058 3
1727262397534 1.112484 3
1727262397692 0.214074 3
1727262397836 1.285233 6
1727262397990 0.411639 6
1727262398143 0.126907 6
1727262398305 1.537709 6
1727262398462 1.400211 6
1727262398617 0.264875 6
1727262400011 0.170374 0
1727262400171 0.124281 0
1727262400340 0.865538 0
1727262400495 0.069531 0
1727262400657 1.063043 0
1727262400798 0.06365 0
1727262400941 0.257515 0
1727262401078 0.091125 0
1727262401233 0.11302 0
1727262401369 0.255261 0
1727262401511 0.119384 4
1727262401651 0.048086 4
1727262401795 0.458499 4
1727262401948 0.109733 4
1727262402115 0.323075 4
1727262402260 0.198758 4
1727262402402 0.387167 4
1727262402545 0.461469 4
1727262402692 0.962834 4
1727262402842 0.215016 4
1727262402980 1.169639 8
1727262403126 0.427475 8
1727262403270 0.128437 8
1727262403413 1.45734 8
1727262403574 1.484899 8
1727262403741 0.215968 8
1727262405346 0.130951 0
1727262405496 0.100823 0
1727262405660 0.83357 0
1727262405810 0.080524 0
1727262405970 0.713554 0
1727262406126 0.066716 0
1727262406271 0.241855 0
1727262406428 0.084171 0
1727262406588 0.107167 0
1727262406736 0.27009 0
1727262406884 0.11513 5
1727262407027 0.058279 5
1727262407175 0.372659 5
1727262407337 0.125347 5
1727262407480 0.311536 5
1727262407628 0.204879 5
1727262407765 0.375401 5
1727262407914 0.433516 5
1727262408058 1.016258 5
1727262408208 0.208828 5
1727262408352 1.155779 10
1727262408506 0.407482 10
1727262408658 0.134266 10
1727262408820 1.443903 10
1727262408974 1.484938 10
1727262409133 0.198376 10
1727262410467 0.145029 0
1727262410610 0.094232 0
1727262410753 0.835325 0
1727262410902 0.070926 0
1727262411041 0.69576 0
1727262411186 0.069219 0
1727262411326 0.246951 0
1727262411471 0.07986 0
1727262411619 0.096549 0
1727262411763 0.243945 0
1727262411896 0.115773 6
1727262412037 0.068242 6
1727262412171 0.366639 6
1727262412314 0.119987 6
1727262412463 0.385745 6
1727262412599 0.219444 6
1727262412736 0.33655 6
1727262412875 0.462122 6
1727262413011 0.985251 6
1727262413144 0.206452 6
1727262413279 1.120194 12
1727262413414 0.408824 12
1727262413552 0.150162 12
1727262413692 1.324167 12
1727262413836 1.176727 12
1727262413983 0.16967 12
