1726675740635 0.0 0
1726675740796 10.0 0
1726675740928 20.0 0
1726675741046 30.0 0
1726675741157 40.0 0
1726675741268 50.0 0
1726675741378 60.0 0
1726675741489 70.0 0
1726675741599 80.0 0
1726675741709 90.0 0
1726675741820 100.0 1
1726675741930 110.0 1
1726675742040 120.0 1
1726675742151 130.0 1
1726675742261 140.0 1
1726675744386 0.0 0
1726675744548 10.0 0
1726675744678 20.0 0
1726675744794 30.0 0
1726675744907 40.0 0
1726675745017 50.0 0
1726675745127 60.0 0
1726675745239 70.0 0
1726675745350 80.0 0
1726675745459 90.0 0
1726675745569 100.0 2
1726675745682 110.0 2
1726675745794 120.0 2
1726675745905 130.0 2
1726675746018 140.0 2
1726675747864 0.0 0
1726675748024 10.0 0
1726675748156 20.0 0
1726675748275 30.0 0
1726675748387 40.0 0
1726675748499 50.0 0
1726675748610 60.0 0
1726675748723 70.0 0
1726675748834 80.0 0
1726675748944 90.0 0
1726675749054 100.0 3
1726675749166 110.0 3
1726675749278 120.0 3
1726675749388 130.0 3
1726675749500 140.0 3
1726675751195 0.0 0
1726675751332 10.0 0
1726675751444 20.0 0
1726675751555 30.0 0
1726675751666 40.0 0
1726675751780 50.0 0
1726675751891 60.0 0
1726675752001 70.0 0
1726675752114 80.0 0
1726675752224 90.0 0
1726675752336 100.0 4
1726675752446 110.0 4
1726675752556 120.0 4
1726675752667 130.0 4
1726675752777 140.0 4
1726675754455 0.0 0
1726675754660 10.0 0
1726675754784 20.0 0
1726675754895 30.0 0
1726675755006 40.0 0
1726675755118 50.0 0
1726675755228 60.0 0
1726675755339 70.0 0
1726675755449 80.0 0
1726675755560 90.0 0
1726675755671 100.0 5
1726675755781 110.0 5
1726675755891 120.0 5
1726675756002 130.0 5
1726675756114 140.0 5
1726675757835 0.0 0
1726675757994 10.0 0
1726675758122 20.0 0
1726675758238 30.0 0
1726675758350 40.0 0
1726675758462 50.0 0
1726675758573 60.0 0
1726675758685 70.0 0
1726675758796 80.0 0
1726675758906 90.0 0
1726675759017 100.0 6
1726675759127 110.0 6
1726675759237 120.0 6
1726675759347 130.0 6
1726675759459 140.0 6
1726675761086 0.0 0
1726675761252 10.0 0
1726675761381 20.0 0
1726675761495 30.0 0
1726675761605 40.0 0
1726675761716 50.0 0
1726675761826 60.0 0
1726675761937 70.0 0
1726675762048 80.0 0
1726675762158 90.0 0
1726675762268 100.0 7
1726675762379 110.0 7
1726675762490 120.0 7
1726675762603 130.0 7
1726675762718 140.0 7
