1727266785874 16.137295 0
1727266786093 5.466538 0
1727266786303 0.963959 0
1727266786513 0.136307 0
1727266786733 0.192254 0
1727266786949 1.588881 0
1727266787159 0.104761 0
1727266787372 0.184839 0
1727266787594 0.139879 0
1727266787818 7.231224 0
1727266788033 1.221811 1
1727266788264 0.12077 1
1727266788493 1.314187 1
1727266788720 3.993978 1
1727266788939 0.281604 1
1727266789157 5.782928 1
1727266789374 4.026876 1
1727266789587 1.020011 1
1727266789807 0.325832 1
1727266790036 305.06601 1
1727266790262 0.812729 2
1727266790480 0.516535 2
1727266790704 0.244465 2
1727266790921 2.261825 2
1727266791146 1.133271 2
1727266791368 0.540346 2
1727266791594 1.002272 2
1727266791818 0.19939 2
1727266792036 0.589528 2
1727266792256 1.422146 2
1727266792484 0.376396 3
1727266792713 1.904796 3
1727266792931 0.187442 3
1727266793169 0.142505 3
1727266793386 3.9709 3
1727266793605 2.787051 3
1727266793832 1.076262 3
1727266794052 4.941916 3
1727266794271 0.364084 3
1727266794498 2.790364 3
1727266794720 2.493582 4
1727266794944 1.784634 4
1727266795169 0.914643 4
1727266795396 4.761252 4
1727266795626 1.244838 4
1727266795858 1.854957 4
1727266796090 0.917756 4
1727266796316 0.115256 4
1727266796540 0.41375 4
1727266796754 0.179747 4
1727266796973 5.412202 5
1727266797185 1.80993 5
1727266797411 0.666311 5
1727266797637 0.128231 5
1727266797859 0.219837 5
1727266798082 48.458405 5
1727266798303 0.167057 5
1727266798518 0.189771 5
1727266798734 0.330567 5
1727266798957 0.110574 5
1727266804636 0.603227 0
1727266804878 0.550094 0
1727266805096 1.178726 0
1727266805325 0.148651 0
1727266805555 0.137446 0
1727266805781 0.781074 0
1727266806002 0.119591 0
1727266806228 0.146082 0
1727266806452 0.157049 0
1727266806676 9.468177 0
1727266806895 9.181691 2
1727266807118 0.185016 2
1727266807359 1.15355 2
1727266807587 2.811396 2
1727266807811 0.305148 2
1727266808033 2.779266 2
1727266808259 2.071282 2
1727266808484 3.061012 2
1727266808706 2.823774 2
1727266808933 0.640133 2
1727266809152 0.331171 4
1727266809370 0.552607 4
1727266809588 0.840228 4
1727266809824 3.730136 4
1727266810066 0.9904 4
1727266810295 1.148581 4
1727266810522 0.596429 4
1727266810743 0.146234 4
1727266810960 0.803017 4
1727266811186 1.663971 4
1727266811405 0.324952 6
1727266811626 5.492807 6
1727266811842 0.230502 6
1727266812060 0.167017 6
1727266812281 3.055626 6
1727266812500 2.184317 6
1727266812719 1.7378 6
1727266812943 58.71162 6
1727266813168 1.367176 6
1727266813396 19.884052 6
1727266813620 9.04938 8
1727266813848 1.973237 8
1727266814076 1.810767 8
1727266814310 3.614405 8
1727266814528 0.586608 8
1727266814741 1.409455 8
1727266814953 5.512938 8
1727266815167 0.121758 8
1727266815379 0.288749 8
1727266815591 0.178377 8
1727266815805 2.803374 10
1727266816019 2.159849 10
1727266816240 1.54325 10
1727266816454 0.120955 10
1727266816680 0.147382 10
1727266816893 3.685712 10
1727266817105 0.144714 10
1727266817334 0.122076 10
1727266817574 0.211116 10
1727266817797 0.102375 10
1727266823318 0.605251 0
1727266823554 0.554043 0
1727266823772 0.724603 0
1727266823996 0.157476 0
1727266824229 0.139409 0
1727266824461 3.202264 0
1727266824687 0.112495 0
1727266824913 0.165149 0
1727266825133 0.121958 0
1727266825355 8.285284 0
1727266825578 1.711775 3
1727266825795 0.197042 3
1727266826007 2.424154 3
1727266826217 4.625522 3
1727266826436 0.230632 3
1727266826654 1.703912 3
1727266826866 0.798761 3
1727266827079 5.39648 3
1727266827290 7.301774 3
1727266827501 0.650595 3
1727266827712 0.442485 6
1727266827925 0.905281 6
1727266828133 0.152131 6
1727266828345 2.606591 6
1727266828568 1.580275 6
1727266828800 0.56989 6
1727266829022 0.492189 6
1727266829238 0.115398 6
1727266829453 0.286735 6
1727266829670 1.391158 6
1727266829885 0.46816 9
1727266830125 1.155889 9
1727266830340 0.198485 9
1727266830564 0.157994 9
1727266830787 6.156981 9
1727266831021 1.741838 9
1727266831248 1.423064 9
1727266831486 7.621821 9
1727266831713 0.487924 9
1727266831934 1.642319 9
1727266832152 6.32283 12
1727266832375 9.636579 12
1727266832605 1.204221 12
1727266832843 1.814687 12
1727266833066 0.571787 12
1727266833288 1.821169 12
1727266833516 2.240624 12
1727266833762 0.183959 12
1727266833984 0.261011 12
1727266834210 0.169241 12
1727266834447 2.983167 15
1727266834675 3.288496 15
1727266834894 0.663076 15
1727266835123 0.142403 15
1727266835350 0.2254 15
1727266835591 2.937515 15
1727266835819 0.377924 15
1727266836044 0.151507 15
1727266836272 0.265414 15
1727266836496 0.125491 15
1727266842462 4.846332 0
1727266842688 0.934619 0
1727266842913 0.970196 0
1727266843133 0.160747 0
1727266843371 0.110144 0
1727266843595 5.692227 0
1727266843813 0.19118 0
1727266844035 0.186747 0
1727266844262 0.224933 0
1727266844484 4.285511 0
1727266844710 1.118762 4
1727266844941 0.159266 4
1727266845167 1.037188 4
1727266845394 2.503492 4
1727266845622 0.223064 4
1727266845840 5.742105 4
1727266846058 1.081126 4
1727266846275 2.792588 4
1727266846487 1.571454 4
1727266846706 1.088089 4
1727266846931 0.505615 8
1727266847158 0.803277 8
1727266847403 0.173516 8
1727266847623 1.340757 8
1727266847849 2.17672 8
1727266848075 0.600278 8
1727266848295 0.946764 8
1727266848516 0.145471 8
1727266848738 0.262049 8
1727266848965 1.954616 8
1727266849204 0.52496 12
1727266849477 2.722577 12
1727266849706 0.193225 12
1727266849938 0.121284 12
1727266850162 3.793931 12
1727266850386 1.546235 12
1727266850609 1.883544 12
1727266850830 0.959238 12
1727266851053 0.916824 12
1727266851291 1.302499 12
1727266851515 0.91494 16
1727266851745 0.913577 16
1727266851978 2.176887 16
1727266852205 3.131958 16
1727266852428 0.607965 16
1727266852651 2.519893 16
1727266852880 1.241719 16
1727266853107 0.242108 16
1727266853331 0.258829 16
1727266853558 0.175283 16
1727266853779 2.126885 20
1727266854002 2.081162 20
1727266854228 0.614258 20
1727266854476 0.171567 20
1727266854712 0.135324 20
1727266854953 30.740599 20
1727266855212 0.215968 20
1727266855457 0.29445 20
1727266855743 0.18176 20
1727266855970 0.146773 20
1727266861755 0.557123 0
1727266861977 0.754398 0
1727266862201 1.016801 0
1727266862420 0.162936 0
1727266862640 0.17279 0
1727266862892 0.905321 0
1727266863124 0.16419 0
1727266863345 0.218348 0
1727266863566 0.137084 0
1727266863787 6.972168 0
1727266864009 1.351803 5
1727266864243 0.299025 5
1727266864472 0.780992 5
1727266864700 1.985956 5
1727266864929 0.234481 5
1727266865164 2.794252 5
1727266865393 2.940494 5
1727266865612 2.283418 5
1727266865824 1.387814 5
1727266866040 0.485829 5
1727266866252 8.945941 10
1727266866462 1.904641 10
1727266866669 0.159606 10
1727266866882 2.357622 10
1727266867095 1.700513 10
1727266867311 0.597441 10
1727266867523 1.117444 10
1727266867735 0.150555 10
1727266867951 0.327737 10
1727266868176 121.066154 10
1727266868398 1.373554 15
1727266868613 3.767307 15
1727266868829 0.240221 15
1727266869043 0.283606 15
1727266869296 12.770859 15
1727266869519 6.436522 15
1727266869744 1.127064 15
1727266869963 0.650366 15
1727266870182 5.53964 15
1727266870404 5.777534 15
1727266870623 1.58453 20
1727266870847 0.750612 20
1727266871064 4.773798 20
1727266871293 1.761272 20
1727266871541 1.303456 20
1727266871756 1.297351 20
1727266871978 2.559921 20
1727266872199 0.195855 20
1727266872425 0.287347 20
1727266872643 0.172397 20
1727266872856 2.451027 25
1727266873075 3.63536 25
1727266873301 0.506107 25
1727266873525 0.253025 25
1727266873740 0.1633 25
1727266873958 0.961665 25
1727266874186 0.203656 25
1727266874404 0.205529 25
1727266874623 0.239202 25
1727266874847 0.134275 25
1727266880446 1.35971 0
1727266880668 0.580328 0
1727266880899 2.40453 0
1727266881119 0.168472 0
1727266881342 0.220286 0
1727266881567 1.442096 0
1727266881789 0.234321 0
1727266882023 0.231622 0
1727266882243 0.150943 0
1727266882471 4.314114 0
1727266882691 2.091774 6
1727266882917 0.346076 6
1727266883154 1.04982 6
1727266883382 4.551697 6
1727266883607 0.20868 6
1727266883826 1.053196 6
1727266884045 2.487159 6
1727266884271 1.650562 6
1727266884492 1.446684 6
1727266884717 0.487926 6
1727266884975 0.694242 12
1727266885203 5.812818 12
1727266885432 0.164612 12
1727266885666 1.433679 12
1727266885901 2.076393 12
1727266886125 3.881707 12
1727266886365 1.102645 12
1727266886584 0.148467 12
1727266886814 0.21113 12
1727266887046 4.323163 12
1727266887261 0.467377 18
1727266887499 3.238361 18
1727266887742 0.221867 18
1727266887962 0.13001 18
1727266888179 2.850771 18
1727266888399 3.420787 18
1727266888619 1.116988 18
1727266888845 0.763775 18
1727266889070 0.928349 18
1727266889294 8.565779 18
1727266889518 2.619908 24
1727266889742 1.765444 24
1727266889980 2.14771 24
1727266890207 3.615294 24
1727266890430 1.398419 24
1727266890658 1.300519 24
1727266890888 1.207792 24
1727266891106 0.156038 24
1727266891329 0.280611 24
1727266891558 0.155129 24
1727266891795 1.244246 30
1727266892047 2.295343 30
1727266892268 0.738615 30
1727266892488 0.171819 30
1727266892704 0.141846 30
1727266892929 1.605036 30
1727266893160 0.331229 30
1727266893391 0.135936 30
1727266893630 0.225534 30
1727266893856 0.133665 30
1727266899438 0.992003 0
1727266899686 0.399797 0
1727266899930 0.970495 0
1727266900173 0.19246 0
1727266900418 0.156834 0
1727266900665 1.632021 0
1727266900910 0.1523 0
1727266901155 0.174304 0
1727266901405 0.178562 0
1727266901651 1.631726 0
1727266901895 10.696617 7
1727266902138 0.170381 7
1727266902383 0.885658 7
1727266902629 6.343978 7
1727266902872 0.359055 7
1727266903110 0.875166 7
1727266903355 0.790506 7
1727266903604 2.161849 7
1727266903852 1.215229 7
1727266904093 0.465212 7
1727266904346 0.522391 14
1727266904594 2.408888 14
1727266904835 0.219926 14
1727266905076 1.435339 14
1727266905313 2.381536 14
1727266905589 0.437493 14
1727266905828 1.8735 14
1727266906062 0.131965 14
1727266906292 0.153691 14
1727266906527 2.705331 14
1727266906750 0.599675 21
1727266906973 39.206486 21
1727266907199 0.248111 21
1727266907426 0.176032 21
1727266907667 6.016069 21
1727266907900 1.993771 21
1727266908127 1.100127 21
1727266908361 5.068038 21
1727266908599 3.489533 21
1727266908822 1.003042 21
1727266909046 2.030543 28
1727266909276 3.978735 28
1727266909504 1.212656 28
1727266909728 2.224112 28
1727266909962 0.553254 28
1727266910197 3.275117 28
1727266910427 9.324881 28
1727266910667 0.142156 28
1727266910908 0.234138 28
1727266911144 0.222434 28
1727266911380 3.222015 35
1727266911644 5.551494 35
1727266911896 0.62644 35
1727266912151 0.118351 35
1727266912392 0.157893 35
1727266912636 1.249753 35
1727266912862 0.194036 35
1727266913126 0.147477 35
1727266913382 0.136444 35
1727266913630 0.125787 35
1727266919620 1.024328 0
1727266919848 0.370009 0
1727266920078 0.86011 0
1727266920312 0.129919 0
1727266920571 0.159238 0
1727266920808 1.154568 0
1727266921041 0.158314 0
1727266921278 0.192268 0
1727266921515 0.156257 0
1727266921744 1.666934 0
1727266921974 1.060022 8
1727266922205 0.19251 8
1727266922437 3.409748 8
1727266922661 1.414236 8
1727266922898 0.242926 8
1727266923126 1.072866 8
1727266923349 2.084893 8
1727266923577 1.52098 8
1727266923817 1.197924 8
1727266924064 0.499974 8
1727266924309 0.395513 16
1727266924554 1.848865 16
1727266924803 0.151476 16
1727266925037 1.795761 16
1727266925268 2.744136 16
1727266925500 0.717968 16
1727266925737 1.029088 16
1727266925972 0.156917 16
1727266926206 0.188402 16
1727266926434 1.143765 16
1727266926667 0.420566 24
1727266926922 1.618901 24
1727266927172 0.261665 24
1727266927436 0.180465 24
1727266927686 1.413306 24
1727266927945 2.152004 24
1727266928193 1.217587 24
1727266928446 1.591895 24
1727266928682 1.060483 24
1727266928910 1.056526 24
1727266929145 0.938595 32
1727266929382 1.705564 32
1727266929615 3.679844 32
1727266929849 1.051957 32
1727266930086 0.614856 32
1727266930320 2.433003 32
1727266930571 7.438051 32
1727266930803 0.158894 32
1727266931038 0.265013 32
1727266931270 0.154431 32
1727266931494 1.230259 40
1727266931716 2.320371 40
1727266931943 0.560669 40
1727266932179 0.165732 40
1727266932421 0.160149 40
1727266932678 9.628569 40
1727266932912 0.2299 40
1727266933146 0.174639 40
1727266933381 0.196355 40
1727266933622 0.125222 40
