1726885961432 0.494034 0
1726885961571 0.946861 0
1726885961708 0.574818 0
1726885961844 0.439454 0
1726885961987 0.999898 0
1726885962126 1.203479 0
1726885962802 0.30368 0
1726885962942 0.795439 0
1726885963079 0.33252 0
1726885963215 0.307864 0
1726885963352 0.706143 0
1726885963491 0.847474 0
1726885964089 0.264613 0
1726885964228 0.702083 0
1726885964365 0.229685 0
1726885964503 0.253584 0
1726885964640 0.547893 0
1726885964777 0.651999 0
1726885965379 0.233379 0
1726885965520 0.641772 0
1726885965657 0.197336 0
1726885965794 0.240377 0
1726885965930 0.45183 0
1726885966067 0.540115 0
1726885966689 0.216168 0
1726885966827 0.597334 0
1726885966965 0.180311 0
1726885967102 0.246015 0
1726885967240 0.40958 0
1726885967378 0.510552 0
1726885967980 0.208243 0
1726885968120 0.585052 0
1726885968257 0.180291 0
1726885968393 0.243146 0
1726885968530 0.40378 0
1726885968669 0.504918 0
1726885969268 0.208792 0
1726885969407 0.579133 0
1726885969544 0.176197 0
1726885969683 0.246168 0
1726885969820 0.388531 0
1726885969957 0.492461 0
1726885970556 0.202298 0
1726885970699 0.577081 0
1726885970836 0.175536 0
1726885970974 0.240785 0
1726885971110 0.383519 0
1726885971247 0.482383 0
1726885971849 0.202217 0
1726885971988 0.572863 0
1726885972125 0.17208 0
1726885972262 0.242861 0
1726885972400 0.389628 0
1726885972544 0.486269 0
1726885973146 0.200454 0
1726885973284 0.573812 0
1726885973420 0.17111 0
1726885973557 0.23547 0
1726885973695 0.383193 0
1726885973832 0.485657 0
