1726770621402 70.350365 0
1726770621491 0.241394 0
1726770621580 4.728894 0
1726770621669 0.525239 0
1726770621760 0.778721 0
1726770621850 0.740498 0
1726770621939 0.696774 0
1726770622027 4.75252 0
1726770622119 8.565891 0
1726770622209 0.835994 0
1726770622297 0.852717 1
1726770622386 0.942726 1
1726770622477 2.88665 1
1726770622566 0.212484 1
1726770622655 0.668901 1
1726770622743 6.028297 1
1726770622833 1.870657 1
1726770622922 1.688703 1
1726770623017 5.523588 1
1726770623109 4.264674 1
1726770623202 3.06785 2
1726770623297 0.39272 2
1726770623389 0.766083 2
1726770623478 0.301231 2
1726770623567 0.398635 2
1726770623655 35.631165 2
1726770623745 3.670935 2
1726770623833 2.783805 2
1726770623922 0.758219 2
1726770624013 3.673599 2
1726770624103 3.639503 3
1726770624192 0.955525 3
1726770624280 3.151913 3
1726770624371 16.828701 3
1726770624463 36.421555 3
1726770624554 2.809875 3
1726770624644 0.378756 3
1726770624736 0.931107 3
1726770624827 0.408148 3
1726770624915 0.923419 3
1726770625003 3.143351 4
1726770625101 0.269065 4
1726770625191 0.558245 4
1726770625280 0.654495 4
1726770627110 2.76614 0
1726770627201 0.259928 0
1726770627290 37.989101 0
1726770627381 3.706141 0
1726770627475 1.363938 0
1726770627563 1.311321 0
1726770627653 0.975172 0
1726770627742 2.439396 0
1726770627830 2.987765 0
1726770627920 7.265912 0
1726770628009 0.802011 2
1726770628098 26.986149 2
1726770628188 1.170269 2
1726770628277 0.23619 2
1726770628372 0.685118 2
1726770628462 2.271085 2
1726770628551 6.839264 2
1726770628639 2.179663 2
1726770628731 0.976675 2
1726770628821 1.962606 2
1726770628911 19.331348 4
1726770629000 0.399861 4
1726770629095 0.701028 4
1726770629196 0.349579 4
1726770629287 0.372798 4
1726770629378 5.066944 4
1726770629466 2.542805 4
1726770629555 1.917997 4
1726770629643 2.074638 4
1726770629733 3.665828 4
1726770629822 2.148354 6
1726770629911 0.801381 6
1726770630000 6.638138 6
1726770630090 2.739109 6
1726770630187 7.835846 6
1726770630278 3.775127 6
1726770630368 0.358995 6
1726770630457 1.11045 6
1726770630546 0.456925 6
1726770630635 0.802383 6
1726770630724 0.857731 8
1726770630813 0.262166 8
1726770630903 0.769598 8
1726770630993 0.626641 8
1726770632874 4.504643 0
1726770632964 0.335989 0
1726770633053 1.233954 0
1726770633142 5.092668 0
1726770633234 0.624481 0
1726770633329 0.915587 0
1726770633418 1.049176 0
1726770633508 3.35837 0
1726770633596 2.989526 0
1726770633684 1.362829 0
1726770633774 4.545299 3
1726770633865 0.796342 3
1726770633960 1.205084 3
1726770634052 0.213461 3
1726770634144 0.672234 3
1726770634236 7.293227 3
1726770634326 18.419214 3
1726770634415 3.580033 3
1726770634503 1.623057 3
1726770634593 2.596467 3
1726770634682 10.889866 6
1726770634771 0.445297 6
1726770634860 0.645762 6
1726770634948 0.394852 6
1726770635037 0.383302 6
1726770635127 4.545075 6
1726770635217 1.663657 6
1726770635314 2.490105 6
1726770635405 1.709687 6
1726770635493 5.048023 6
1726770635582 2.008969 9
1726770635670 0.727815 9
1726770635760 0.925036 9
1726770635848 1.344639 9
1726770635937 15.998316 9
1726770636028 3.116819 9
1726770636140 0.346225 9
1726770636235 8.396434 9
1726770636324 0.474234 9
1726770636413 0.789039 9
1726770636508 1.622103 12
1726770636598 0.273812 12
1726770636688 0.792638 12
1726770636779 0.559501 12
1726770638675 3.502568 0
1726770638772 0.413758 0
1726770638860 0.611185 0
1726770638953 1.127158 0
1726770639047 0.599706 0
1726770639139 1.368177 0
1726770639228 1.162585 0
1726770639318 13.94054 0
1726770639415 10.715527 0
1726770639507 53.173023 0
1726770639597 0.866201 4
1726770639690 0.846011 4
1726770639783 1.00364 4
1726770639871 0.219464 4
1726770639964 0.604391 4
1726770640055 1.749593 4
1726770640146 1.846454 4
1726770640236 2.817692 4
1726770640325 57.142597 4
1726770640414 2.208454 4
1726770640503 4.390741 8
1726770640593 0.519934 8
1726770640684 0.623743 8
1726770640777 0.406797 8
1726770640867 0.385584 8
1726770640955 2.10162 8
1726770641045 1.535112 8
1726770641136 3.498815 8
1726770641225 1.055099 8
1726770641314 3.819427 8
1726770641406 6.636621 12
1726770641502 0.795637 12
1726770641592 0.795545 12
1726770641683 1.105432 12
1726770641775 8.704824 12
1726770641864 1.945094 12
1726770641953 0.420304 12
1726770642046 0.525276 12
1726770642136 0.541361 12
1726770642224 0.773799 12
1726770642315 2.719713 16
1726770642402 0.280142 16
1726770642493 0.694035 16
1726770642588 0.662701 16
1726770644492 6.033078 0
1726770644588 0.674784 0
1726770644677 0.533899 0
1726770644769 0.468794 0
1726770644861 1.160618 0
1726770644954 2.27341 0
1726770645048 1.015584 0
1726770645141 2.507191 0
1726770645232 2.85686 0
1726770645321 11.702517 0
1726770645412 1.109903 5
1726770645506 1.071821 5
1726770645602 0.996651 5
1726770645692 0.216642 5
1726770645781 0.639464 5
1726770645871 1.511462 5
1726770645961 1.233346 5
1726770646050 1.160555 5
1726770646139 1.392401 5
1726770646228 3.017318 5
1726770646317 3.571239 10
1726770646407 0.364781 10
1726770646497 0.642611 10
1726770646588 0.398772 10
1726770646678 0.345839 10
1726770646767 11.075037 10
1726770646855 1.709952 10
1726770646944 1.730894 10
1726770647033 1.320662 10
1726770647121 2.604153 10
1726770647212 2.236162 15
1726770647301 0.583916 15
1726770647390 5.907884 15
1726770647480 1.419133 15
1726770647578 2.18765 15
1726770647673 1.94641 15
1726770647765 0.408282 15
1726770647856 0.519091 15
1726770647945 0.455964 15
1726770648035 0.754168 15
1726770648124 0.995047 20
1726770648212 0.299022 20
1726770648302 0.603468 20
1726770648390 0.789509 20
