1726827347271 0.543288 0
1726827347392 0.420144 0
1726827347513 0.51504 0
1726827347835 0.493723 0
1726827347956 0.408271 0
1726827348079 0.493446 0
1726827348348 0.461879 0
1726827348467 0.396329 0
1726827348589 0.485713 0
1726827348863 0.436414 0
1726827348984 0.388733 0
1726827349112 0.468187 0
1726827349398 0.421204 0
1726827349519 0.382442 0
1726827349641 0.464604 0
1726827349919 0.398603 0
1726827350039 0.38517 0
1726827350163 0.455345 0
1726827350432 0.389097 0
1726827350550 0.38211 0
1726827350670 0.447071 0
1726827350940 0.380749 0
1726827351061 0.379768 0
1726827351183 0.444695 0
1726827351457 0.36673 0
1726827351579 0.374366 0
1726827351699 0.43687 0
1726827351969 0.364251 0
1726827352090 0.381673 0
1726827352211 0.436947 0
