1726831194453 87.652313 0
1726831194583 7.576832 0
1726831194712 1.636299 0
1726831194842 2.617109 0
1726831194973 1.211176 0
1726831195103 5.733914 0
1726831195233 1.880321 0
1726831195362 5.474528 0
1726831195491 2.501442 0
1726831195621 4.369613 0
1726831195749 1.823358 1
1726831195880 2.232478 1
1726831196008 1.47293 1
1726831196137 0.807038 1
1726831196265 2.007956 1
1726831196422 3.206446 1
1726831197517 1.700927 0
1726831197649 0.54731 0
1726831197777 0.617541 0
1726831197906 0.418549 0
1726831198034 0.756232 0
1726831198164 1.51805 0
1726831198293 1.882467 0
1726831198423 3.453269 0
1726831198551 2.685161 0
1726831198680 7.217601 0
1726831198809 4.863458 2
1726831198939 1.014987 2
1726831199071 1.023417 2
1726831199200 1.742647 2
1726831199328 1.302695 2
1726831199457 14.184316 2
1726831200540 3.760721 0
1726831200670 0.852403 0
1726831200803 5.065039 0
1726831200945 3.936815 0
1726831201077 0.483677 0
1726831201208 2.79257 0
1726831201338 2.946166 0
1726831201467 4.36374 0
1726831201596 173.943298 0
1726831201727 1.18853 0
1726831201857 1.42593 3
1726831201986 5.665325 3
1726831202114 2.019372 3
1726831202242 0.677695 3
1726831202371 1.101679 3
1726831202498 11.935937 3
1726831203551 2.605487 0
1726831203682 0.910773 0
1726831203821 12.738686 0
1726831203959 0.963562 0
1726831204096 4.210011 0
1726831204231 14.446609 0
1726831204375 4.225195 0
1726831204511 3.613889 0
1726831204646 1.739385 0
1726831204779 1.56702 0
1726831204911 17.097349 4
1726831205040 3.483908 4
1726831205171 2.548185 4
1726831205305 1.056211 4
1726831205434 9.820985 4
1726831205561 4.240292 4
1726831206615 1.936878 0
1726831206744 0.522598 0
1726831206873 0.568639 0
1726831207002 0.436 0
1726831207130 0.490628 0
1726831207266 3.397121 0
1726831207403 0.795648 0
1726831207543 3.318641 0
1726831207680 4.927957 0
1726831207821 1.245231 0
1726831207952 1.23258 5
1726831208083 2.283606 5
1726831208213 0.965442 5
1726831208344 1.11194 5
1726831208476 0.787681 5
1726831208608 4.094799 5
