1726789324270 0.0 0
1726789324374 10.0 0
1726789324473 20.0 0
1726789324569 30.0 0
1726789324674 40.0 0
1726789324771 50.0 0
1726789324867 60.0 0
1726789324963 70.0 0
1726789325058 80.0 0
1726789325155 90.0 0
1726789325250 100.0 1
1726789325346 110.0 1
1726789325445 120.0 1
1726789325542 130.0 1
1726789325640 140.0 1
1726789325739 150.0 1
1726789325835 160.0 1
1726789325934 170.0 1
1726789326032 180.0 1
1726789326129 190.0 1
1726789327312 0.0 0
1726789327412 10.0 0
1726789327511 20.0 0
1726789327612 30.0 0
1726789327712 40.0 0
1726789327808 50.0 0
1726789327905 60.0 0
1726789328005 70.0 0
1726789328103 80.0 0
1726789328201 90.0 0
1726789328299 100.0 2
1726789328395 110.0 2
1726789328492 120.0 2
1726789328587 130.0 2
1726789328683 140.0 2
1726789328790 150.0 2
1726789328888 160.0 2
1726789328988 170.0 2
1726789329096 180.0 2
1726789329198 190.0 2
1726789330284 0.0 0
1726789330391 10.0 0
1726789330488 20.0 0
1726789330587 30.0 0
1726789330683 40.0 0
1726789330787 50.0 0
1726789330890 60.0 0
1726789330989 70.0 0
1726789331086 80.0 0
1726789331185 90.0 0
1726789331288 100.0 3
1726789331392 110.0 3
1726789331490 120.0 3
1726789331590 130.0 3
1726789331686 140.0 3
1726789331790 150.0 3
1726789331896 160.0 3
1726789331995 170.0 3
1726789332091 180.0 3
1726789332193 190.0 3
1726789333339 0.0 0
1726789333444 10.0 0
1726789333542 20.0 0
1726789333640 30.0 0
1726789333738 40.0 0
1726789333834 50.0 0
1726789333931 60.0 0
1726789334027 70.0 0
1726789334123 80.0 0
1726789334220 90.0 0
1726789334317 100.0 4
1726789334415 110.0 4
1726789334510 120.0 4
1726789334607 130.0 4
1726789334704 140.0 4
1726789334799 150.0 4
1726789334904 160.0 4
1726789334999 170.0 4
1726789335095 180.0 4
1726789335191 190.0 4
1726789336281 0.0 0
1726789336382 10.0 0
1726789336479 20.0 0
1726789336576 30.0 0
1726789336674 40.0 0
1726789336773 50.0 0
1726789336869 60.0 0
1726789336976 70.0 0
1726789337073 80.0 0
1726789337173 90.0 0
1726789337284 100.0 5
1726789337380 110.0 5
1726789337475 120.0 5
1726789337573 130.0 5
1726789337668 140.0 5
1726789337767 150.0 5
1726789337863 160.0 5
1726789337959 170.0 5
1726789338056 180.0 5
1726789338151 190.0 5
1726789339290 0.0 0
1726789339390 10.0 0
1726789339486 20.0 0
1726789339583 30.0 0
1726789339680 40.0 0
1726789339776 50.0 0
1726789339871 60.0 0
1726789339964 70.0 0
1726789340058 80.0 0
1726789340152 90.0 0
1726789340247 100.0 6
1726789340345 110.0 6
1726789340442 120.0 6
1726789340536 130.0 6
1726789340631 140.0 6
1726789340733 150.0 6
1726789340830 160.0 6
1726789340926 170.0 6
1726789341030 180.0 6
1726789341126 190.0 6
1726789342239 0.0 0
1726789342347 10.0 0
1726789342443 20.0 0
1726789342538 30.0 0
1726789342633 40.0 0
1726789342729 50.0 0
1726789342824 60.0 0
1726789342921 70.0 0
1726789343019 80.0 0
1726789343127 90.0 0
1726789343228 100.0 7
1726789343326 110.0 7
1726789343422 120.0 7
1726789343517 130.0 7
1726789343612 140.0 7
1726789343707 150.0 7
1726789343802 160.0 7
1726789343898 170.0 7
1726789343994 180.0 7
1726789344089 190.0 7
