1726784762490 0.0 0
1726784762591 10.0 0
1726784762685 20.0 0
1726784762779 30.0 0
1726784762875 40.0 0
1726784762969 50.0 0
1726784763073 60.0 0
1726784763172 70.0 0
1726784763269 80.0 0
1726784763364 90.0 0
1726784763460 100.0 1
1726784763556 110.0 1
1726784763651 120.0 1
1726784763746 130.0 1
1726784763841 140.0 1
1726784763936 150.0 1
1726784764030 160.0 1
1726784764125 170.0 1
1726784764218 180.0 1
1726784764312 190.0 1
1726784764406 200.0 2
1726784764501 210.0 2
1726784764596 220.0 2
1726784764693 230.0 2
1726784764787 240.0 2
1726784764881 250.0 2
1726784764976 260.0 2
1726784765078 270.0 2
1726784765176 280.0 2
1726784765271 290.0 2
1726784765369 300.0 3
1726784765465 310.0 3
1726784765560 320.0 3
1726784765659 330.0 3
1726784765756 340.0 3
1726784765853 350.0 3
1726784765950 360.0 3
1726784766046 370.0 3
1726784766144 380.0 3
1726784766239 390.0 3
1726784766357 400.0 4
1726784768421 0.0 0
1726784768519 10.0 0
1726784768615 20.0 0
1726784768710 30.0 0
1726784768807 40.0 0
1726784768903 50.0 0
1726784769002 60.0 0
1726784769097 70.0 0
1726784769202 80.0 0
1726784769300 90.0 0
1726784769398 100.0 2
1726784769494 110.0 2
1726784769589 120.0 2
1726784769685 130.0 2
1726784769781 140.0 2
1726784769876 150.0 2
1726784769970 160.0 2
1726784770064 170.0 2
1726784770159 180.0 2
1726784770255 190.0 2
1726784770353 200.0 4
1726784770449 210.0 4
1726784770545 220.0 4
1726784770639 230.0 4
1726784770735 240.0 4
1726784770830 250.0 4
1726784770924 260.0 4
1726784771018 270.0 4
1726784771112 280.0 4
1726784771214 290.0 4
1726784771310 300.0 6
1726784771405 310.0 6
1726784771502 320.0 6
1726784771603 330.0 6
1726784771701 340.0 6
1726784771796 350.0 6
1726784771893 360.0 6
1726784771990 370.0 6
1726784772090 380.0 6
1726784772186 390.0 6
1726784772281 400.0 8
1726784774297 0.0 0
1726784774404 10.0 0
1726784774501 20.0 0
1726784774595 30.0 0
1726784774692 40.0 0
1726784774791 50.0 0
1726784774887 60.0 0
1726784774984 70.0 0
1726784775080 80.0 0
1726784775178 90.0 0
1726784775280 100.0 3
1726784775380 110.0 3
1726784775476 120.0 3
1726784775571 130.0 3
1726784775670 140.0 3
1726784775765 150.0 3
1726784775861 160.0 3
1726784775956 170.0 3
1726784776051 180.0 3
1726784776146 190.0 3
1726784776242 200.0 6
1726784776339 210.0 6
1726784776435 220.0 6
1726784776530 230.0 6
1726784776629 240.0 6
1726784776726 250.0 6
1726784776821 260.0 6
1726784776917 270.0 6
1726784777025 280.0 6
1726784777123 290.0 6
1726784777222 300.0 9
1726784777319 310.0 9
1726784777425 320.0 9
1726784777525 330.0 9
1726784777622 340.0 9
1726784777718 350.0 9
1726784777812 360.0 9
1726784777906 370.0 9
1726784778000 380.0 9
1726784778095 390.0 9
1726784778189 400.0 12
1726784780199 0.0 0
1726784780305 10.0 0
1726784780401 20.0 0
1726784780496 30.0 0
1726784780591 40.0 0
1726784780686 50.0 0
1726784780780 60.0 0
1726784780883 70.0 0
1726784780982 80.0 0
1726784781077 90.0 0
1726784781172 100.0 4
1726784781267 110.0 4
1726784781361 120.0 4
1726784781463 130.0 4
1726784781562 140.0 4
1726784781666 150.0 4
1726784781761 160.0 4
1726784781857 170.0 4
1726784781954 180.0 4
1726784782051 190.0 4
1726784782147 200.0 8
1726784782242 210.0 8
1726784782337 220.0 8
1726784782433 230.0 8
1726784782527 240.0 8
1726784782623 250.0 8
1726784782718 260.0 8
1726784782815 270.0 8
1726784782911 280.0 8
1726784783005 290.0 8
1726784783100 300.0 12
1726784783195 310.0 12
1726784783289 320.0 12
1726784783385 330.0 12
1726784783483 340.0 12
1726784783581 350.0 12
1726784783677 360.0 12
1726784783772 370.0 12
1726784783868 380.0 12
1726784783963 390.0 12
1726784784057 400.0 16
1726784786070 0.0 0
1726784786174 10.0 0
1726784786277 20.0 0
1726784786374 30.0 0
1726784786473 40.0 0
1726784786670 50.0 0
1726784786767 60.0 0
1726784786863 70.0 0
1726784786961 80.0 0
1726784787061 90.0 0
1726784787165 100.0 5
1726784787265 110.0 5
1726784787362 120.0 5
1726784787461 130.0 5
1726784787560 140.0 5
1726784787661 150.0 5
1726784787759 160.0 5
1726784787854 170.0 5
1726784787950 180.0 5
1726784788044 190.0 5
1726784788139 200.0 10
1726784788235 210.0 10
1726784788329 220.0 10
1726784788424 230.0 10
1726784788519 240.0 10
1726784788612 250.0 10
1726784788707 260.0 10
1726784788802 270.0 10
1726784788898 280.0 10
1726784788994 290.0 10
1726784789093 300.0 15
1726784789190 310.0 15
1726784789285 320.0 15
1726784789380 330.0 15
1726784789474 340.0 15
1726784789569 350.0 15
1726784789671 360.0 15
1726784789768 370.0 15
1726784789862 380.0 15
1726784789956 390.0 15
1726784790052 400.0 20
1726784792047 0.0 0
1726784792154 10.0 0
1726784792248 20.0 0
1726784792343 30.0 0
1726784792437 40.0 0
1726784792532 50.0 0
1726784792627 60.0 0
1726784792720 70.0 0
1726784792816 80.0 0
1726784792911 90.0 0
1726784793005 100.0 6
1726784793108 110.0 6
1726784793208 120.0 6
1726784793304 130.0 6
1726784793401 140.0 6
1726784793499 150.0 6
1726784793594 160.0 6
1726784793690 170.0 6
1726784793795 180.0 6
1726784793892 190.0 6
1726784793990 200.0 12
1726784794087 210.0 12
1726784794183 220.0 12
1726784794279 230.0 12
1726784794377 240.0 12
1726784794472 250.0 12
1726784794568 260.0 12
1726784794663 270.0 12
1726784794760 280.0 12
1726784794856 290.0 12
1726784794953 300.0 18
1726784795049 310.0 18
1726784795144 320.0 18
1726784795242 330.0 18
1726784795338 340.0 18
1726784795435 350.0 18
1726784795531 360.0 18
1726784795626 370.0 18
1726784795721 380.0 18
1726784795826 390.0 18
1726784795923 400.0 24
1726784797954 0.0 0
1726784798054 10.0 0
1726784798151 20.0 0
1726784798246 30.0 0
1726784798343 40.0 0
1726784798441 50.0 0
1726784798539 60.0 0
1726784798637 70.0 0
1726784798733 80.0 0
1726784798831 90.0 0
1726784798927 100.0 7
1726784799028 110.0 7
1726784799122 120.0 7
1726784799218 130.0 7
1726784799310 140.0 7
1726784799406 150.0 7
1726784799501 160.0 7
1726784799596 170.0 7
1726784799695 180.0 7
1726784799791 190.0 7
1726784799895 200.0 14
1726784799994 210.0 14
1726784800091 220.0 14
1726784800187 230.0 14
1726784800282 240.0 14
1726784800378 250.0 14
1726784800474 260.0 14
1726784800570 270.0 14
1726784800665 280.0 14
1726784800760 290.0 14
1726784800861 300.0 21
1726784800957 310.0 21
1726784801052 320.0 21
1726784801149 330.0 21
1726784801243 340.0 21
1726784801339 350.0 21
1726784801435 360.0 21
1726784801532 370.0 21
1726784801629 380.0 21
1726784801726 390.0 21
1726784801822 400.0 28
1726784803777 0.0 0
1726784803879 10.0 0
1726784803984 20.0 0
1726784804078 30.0 0
1726784804173 40.0 0
1726784804268 50.0 0
1726784804362 60.0 0
1726784804457 70.0 0
1726784804551 80.0 0
1726784804645 90.0 0
1726784804742 100.0 8
1726784804844 110.0 8
1726784804939 120.0 8
1726784805034 130.0 8
1726784805130 140.0 8
1726784805227 150.0 8
1726784805321 160.0 8
1726784805416 170.0 8
1726784805510 180.0 8
1726784805603 190.0 8
1726784805698 200.0 16
1726784805792 210.0 16
1726784805886 220.0 16
1726784805985 230.0 16
1726784806081 240.0 16
1726784806176 250.0 16
1726784806271 260.0 16
1726784806366 270.0 16
1726784806468 280.0 16
1726784806565 290.0 16
1726784806659 300.0 24
1726784806765 310.0 24
1726784806861 320.0 24
1726784806955 330.0 24
1726784807050 340.0 24
1726784807143 350.0 24
1726784807236 360.0 24
1726784807329 370.0 24
1726784807423 380.0 24
1726784807517 390.0 24
1726784807612 400.0 32
1726784809581 0.0 0
1726784809683 10.0 0
1726784809781 20.0 0
1726784809877 30.0 0
1726784809973 40.0 0
1726784810076 50.0 0
1726784810179 60.0 0
1726784810276 70.0 0
1726784810374 80.0 0
1726784810470 90.0 0
1726784810565 100.0 9
1726784810667 110.0 9
1726784810762 120.0 9
1726784810857 130.0 9
1726784810953 140.0 9
1726784811048 150.0 9
1726784811143 160.0 9
1726784811239 170.0 9
1726784811334 180.0 9
1726784811430 190.0 9
1726784811526 200.0 18
1726784811622 210.0 18
1726784811718 220.0 18
1726784811814 230.0 18
1726784811909 240.0 18
1726784812005 250.0 18
1726784812102 260.0 18
1726784812205 270.0 18
1726784812301 280.0 18
1726784812396 290.0 18
1726784812493 300.0 27
1726784812587 310.0 27
1726784812682 320.0 27
1726784812778 330.0 27
1726784812872 340.0 27
1726784812968 350.0 27
1726784813064 360.0 27
1726784813160 370.0 27
1726784813255 380.0 27
1726784813351 390.0 27
1726784813446 400.0 36
1726784815439 0.0 0
1726784815549 10.0 0
1726784815644 20.0 0
1726784815738 30.0 0
1726784815835 40.0 0
1726784815936 50.0 0
1726784816032 60.0 0
1726784816130 70.0 0
1726784816234 80.0 0
1726784816331 90.0 0
1726784816426 100.0 10
1726784816527 110.0 10
1726784816620 120.0 10
1726784816715 130.0 10
1726784816810 140.0 10
1726784816904 150.0 10
1726784816999 160.0 10
1726784817093 170.0 10
1726784817187 180.0 10
1726784817282 190.0 10
1726784817376 200.0 20
1726784817469 210.0 20
1726784817563 220.0 20
1726784817660 230.0 20
1726784817760 240.0 20
1726784817856 250.0 20
1726784817952 260.0 20
1726784818046 270.0 20
1726784818143 280.0 20
1726784818240 290.0 20
1726784818340 300.0 30
1726784818440 310.0 30
1726784818537 320.0 30
1726784818637 330.0 30
1726784818734 340.0 30
1726784818830 350.0 30
1726784818926 360.0 30
1726784819020 370.0 30
1726784819114 380.0 30
1726784819209 390.0 30
1726784819304 400.0 40
