1726789275475 0.236642 0
1726789275584 0.203551 0
1726789275681 0.124511 0
1726789275777 0.344174 0
1726789275874 0.476263 0
1726789275971 0.425174 0
1726789276065 0.278404 0
1726789276163 0.132267 0
1726789276261 1.77827 0
1726789276357 0.240761 0
1726789276455 0.274144 1
1726789276551 0.395264 1
1726789276646 0.562434 1
1726789276742 0.24964 1
1726789276837 1.160109 1
1726789276933 0.292573 1
1726789277030 0.501138 1
1726789277987 0.317961 0
1726789278092 0.142995 0
1726789278191 0.124025 0
1726789278289 0.316245 0
1726789278387 0.477112 0
1726789278483 0.254982 0
1726789278578 0.132294 0
1726789278674 0.111734 0
1726789278770 1.087137 0
1726789278869 0.289327 0
1726789278965 0.21419 2
1726789279063 0.343705 2
1726789279172 0.13672 2
1726789279275 0.238873 2
1726789279371 1.006877 2
1726789279476 0.581828 2
1726789279574 0.345959 2
1726789280505 0.114536 0
1726789280603 0.147774 0
1726789280698 0.303509 0
1726789280795 0.276617 0
1726789280891 0.487866 0
1726789280987 0.254226 0
1726789281084 0.132536 0
1726789281187 0.122737 0
1726789281284 1.040617 0
1726789281382 0.25961 0
1726789281479 0.267951 3
1726789281574 0.382662 3
1726789281677 0.135528 3
1726789281783 0.232147 3
1726789281885 1.136379 3
1726789281984 0.098402 3
1726789282080 0.331555 3
1726789282988 0.089192 0
1726789283094 0.115788 0
1726789283191 0.120761 0
1726789283287 0.399886 0
1726789283385 0.622909 0
1726789283483 0.242407 0
1726789283579 0.120815 0
1726789283676 0.114247 0
1726789283780 1.00019 0
1726789283881 0.392963 0
1726789283978 0.23392 4
1726789284074 0.267499 4
1726789284170 0.144631 4
1726789284265 0.23687 4
1726789284361 0.953811 4
1726789284460 0.153349 4
1726789284556 0.328354 4
1726789285480 0.180701 0
1726789285578 0.192029 0
1726789285677 0.125275 0
1726789285782 0.39817 0
1726789285880 0.430836 0
1726789285976 0.257225 0
1726789286070 0.159824 0
1726789286168 0.143359 0
1726789286267 1.020118 0
1726789286370 0.263737 0
1726789286466 0.206807 5
1726789286566 0.281498 5
1726789286662 0.155113 5
1726789286758 0.259015 5
1726789286854 0.911066 5
1726789286951 0.117745 5
1726789287047 0.323865 5
1726789287997 0.075994 0
1726789288102 0.123872 0
1726789288202 0.13709 0
1726789288300 0.248568 0
1726789288397 0.426884 0
1726789288492 0.234847 0
1726789288587 0.121396 0
1726789288682 0.112626 0
1726789288779 0.955984 0
1726789288876 0.261532 0
1726789288976 0.207836 6
1726789289074 0.286435 6
1726789289175 0.138625 6
1726789289279 0.245838 6
1726789289375 0.925487 6
1726789289471 0.102186 6
1726789289567 0.324653 6
1726789290529 0.081252 0
1726789290624 0.110138 0
1726789290721 0.114575 0
1726789290815 0.2442 0
1726789290916 0.444158 0
1726789291013 0.241355 0
1726789291112 0.119618 0
1726789291214 0.11219 0
1726789291312 0.957992 0
1726789291411 0.270243 0
1726789291507 0.199782 7
1726789291603 0.277771 7
1726789291699 0.132922 7
1726789291797 0.252658 7
1726789291898 0.883073 7
1726789292000 0.111808 7
1726789292098 0.32957 7
1726789292996 0.078243 0
1726789293101 0.110603 0
1726789293197 0.112404 0
1726789293294 0.244727 0
1726789293392 0.451094 0
1726789293491 0.235632 0
1726789293587 0.114702 0
1726789293683 0.10979 0
1726789293779 0.923513 0
1726789293874 0.262656 0
1726789293979 0.2066 8
1726789294076 0.278667 8
1726789294172 0.132311 8
1726789294270 0.243059 8
1726789294366 0.907458 8
1726789294463 0.107986 8
1726789294560 0.314199 8
1726789295462 0.083535 0
1726789295568 0.111815 0
1726789295667 0.11621 0
1726789295766 0.235155 0
1726789295865 0.447108 0
1726789295966 0.234781 0
1726789296068 0.119991 0
1726789296169 0.107598 0
1726789296272 0.948374 0
1726789296371 0.263127 0
1726789296471 0.203607 9
1726789296569 0.276653 9
1726789296665 0.130335 9
1726789296767 0.252651 9
1726789296867 0.919228 9
1726789296963 0.115505 9
1726789297059 0.322974 9
1726789297973 0.078343 0
1726789298082 0.113914 0
1726789298182 0.106878 0
1726789298279 0.246744 0
1726789298376 0.444801 0
1726789298474 0.237215 0
1726789298570 0.118868 0
1726789298666 0.111914 0
1726789298763 0.945225 0
1726789298859 0.264174 0
1726789298957 0.205053 10
1726789299053 0.276108 10
1726789299150 0.128034 10
1726789299246 0.247136 10
1726789299341 0.876968 10
1726789299440 0.113839 10
1726789299538 0.324611 10
