1726802457698 15.028307 0
1726802457799 2.561424 0
1726802457907 3.948351 0
1726802458007 17.74283 0
1726802458106 27.84609 0
1726802458205 13.033005 0
1726802458305 54.998085 0
1726802458405 4.911243 0
1726802458504 5.267494 0
1726802458608 28.559269 0
1726802458711 2.758395 1
1726802458813 4.194589 1
1726802458914 3.026333 1
1726802459013 4.940888 1
1726802459113 7.430044 1
1726802459213 2.331467 1
1726802459313 4.737762 1
1726802459412 9.207875 1
1726802459511 2.62433 1
1726802459610 2.84187 1
1726802459709 2.057481 2
1726802459807 1.526717 2
1726802459910 4.200163 2
1726802461223 10.133154 0
1726802461324 2.395049 0
1726802461425 11.165414 0
1726802461524 3.163479 0
1726802461622 1.732491 0
1726802461721 1.579653 0
1726802461820 2.300936 0
1726802461923 1.013775 0
1726802462031 2.871449 0
1726802462131 2.269719 0
1726802462229 2.375773 2
1726802462329 4.713707 2
1726802462431 16.898417 2
1726802462533 9.112437 2
1726802462633 2.522097 2
1726802462732 13.109148 2
1726802462831 1.058136 2
1726802462929 1.741673 2
1726802463032 0.794972 2
1726802463130 1.970472 2
1726802463230 1.114994 4
1726802463346 1.80975 4
1726802463445 10.694262 4
1726802464683 7.754841 0
1726802464787 2.549785 0
1726802464889 2.219949 0
1726802464989 1.836313 0
1726802465086 0.562231 0
1726802465184 1.111307 0
1726802465284 1.359662 0
1726802465381 5.218577 0
1726802465480 1.290196 0
1726802465579 71.710312 0
1726802465679 1.255897 3
1726802465779 3.3969 3
1726802465879 1.951361 3
1726802465985 3.030431 3
1726802466095 3.382802 3
1726802466199 2.003827 3
1726802466300 0.880257 3
1726802466400 1.78184 3
1726802466499 1.022864 3
1726802466602 2.080083 3
1726802466701 1.304465 6
1726802466800 2.061996 6
1726802466902 3.92323 6
1726802468103 4.032965 0
1726802468212 3.276844 0
1726802468312 2.787345 0
1726802468413 1.873412 0
1726802468514 0.55755 0
1726802468616 1.103673 0
1726802468715 6.466033 0
1726802468815 49.71114 0
1726802468914 1.273552 0
1726802469022 8.961277 0
1726802469123 1.549937 4
1726802469226 27.194839 4
1726802469326 4.501402 4
1726802469425 3.474473 4
1726802469524 1.657648 4
1726802469630 1.512233 4
1726802469729 0.95654 4
1726802469829 2.126981 4
1726802469931 0.638213 4
1726802470029 1.34213 4
1726802470130 2.18195 8
1726802470240 1.874003 8
1726802470342 3.270782 8
1726802471592 4.689537 0
1726802471695 2.54225 0
1726802471800 2.890774 0
1726802471904 1.775394 0
1726802472005 0.773492 0
1726802472106 1.58714 0
1726802472216 1.300125 0
1726802472318 0.911316 0
1726802472420 1.164497 0
1726802472524 21.571411 0
1726802472626 1.587484 5
1726802472726 4.088778 5
1726802472826 5.28902 5
1726802472925 3.255381 5
1726802473023 1.745073 5
1726802473122 1.535522 5
1726802473223 0.767873 5
1726802473323 1.752154 5
1726802473423 0.54482 5
1726802473524 1.137162 5
1726802473624 6.561412 10
1726802473723 3.430167 10
1726802473824 4.248143 10
1726802475086 2.214303 0
1726802475187 3.883739 0
1726802475287 2.54465 0
1726802475386 4.606348 0
1726802475487 0.503562 0
1726802475587 2.548171 0
1726802475684 1.056306 0
1726802475783 1.819833 0
1726802475882 1.023616 0
1726802475986 6.169714 0
1726802476090 3.494149 6
1726802476190 3.942485 6
1726802476310 5.925058 6
1726802476409 8.633011 6
1726802476508 2.431059 6
1726802476607 2.300812 6
1726802476705 0.853753 6
1726802476804 1.442382 6
1726802476904 0.535976 6
1726802477005 1.071184 6
1726802477106 2.738873 12
1726802477205 19.38431 12
1726802477304 6.842253 12
1726802478560 1.531731 0
1726802478669 4.802848 0
1726802478768 1.910851 0
1726802478866 2.869347 0
1726802478965 0.512206 0
1726802479064 1.635167 0
1726802479165 0.963735 0
1726802479268 0.819923 0
1726802479367 1.045604 0
1726802479468 5.578026 0
1726802479566 2.450835 7
1726802479665 2.844757 7
1726802479765 7.046783 7
1726802479864 4.454495 7
1726802479963 2.777992 7
1726802480062 2.671931 7
1726802480163 1.090659 7
1726802480265 3.262559 7
1726802480374 0.493252 7
1726802480482 1.124624 7
1726802480582 1.801318 14
1726802480680 19.698698 14
1726802480779 29.534891 14
