1726893023062 11.364923 0
1726893023184 0.521392 0
1726893023302 3.950295 0
1726893023421 1.217209 0
1726893023539 2.415576 0
1726893023661 3.153993 0
1726893023784 11.336504 0
1726893023911 2.550859 0
1726893024033 4.809817 0
1726893024154 1.615083 0
1726893024272 1.670892 1
1726893024391 6.2688 1
1726893024509 2.878217 1
1726893024627 4.235289 1
1726893024745 0.311716 1
1726893024865 4.74561 1
1726893024986 3.065633 1
1726893025107 1.557746 1
1726893025228 8.629373 1
1726893025347 2.123432 1
1726893025468 7.901145 2
1726893025586 0.387872 2
1726893025705 0.456334 2
1726893025824 13.361166 2
1726893025948 1.885723 2
1726893026072 2.431771 2
1726893026193 9.152308 2
1726893026312 1.255134 2
1726893026430 1.360838 2
1726893026547 1.505263 2
1726893026667 45.913704 3
1726893026787 0.318701 3
1726893026906 1.321043 3
1726893027028 1.923083 3
1726893027146 42.583801 3
1726893027269 0.45184 3
1726893027390 0.951978 3
1726893027509 0.444108 3
1726893027627 5.421347 3
1726893027747 3.682219 3
1726893027864 0.571157 4
1726893027984 1.986436 4
1726893030166 2.073735 0
1726893030287 0.400196 0
1726893030406 2.225565 0
1726893030530 4.712917 0
1726893030651 2.436586 0
1726893030770 1.484897 0
1726893030889 6.681818 0
1726893031011 1.347762 0
1726893031136 4.704024 0
1726893031256 1.393917 0
1726893031382 2.416902 2
1726893031499 22.647415 2
1726893031616 2.784947 2
1726893031733 2.706212 2
1726893031851 0.284214 2
1726893031969 6.054569 2
1726893032092 1.708104 2
1726893032215 3.554841 2
1726893032333 2.051458 2
1726893032453 1.620751 2
1726893032569 4.529516 4
1726893032688 0.191035 4
1726893032811 0.494626 4
1726893032934 6.408733 4
1726893033053 2.955336 4
1726893033174 1.287657 4
1726893033295 19.961971 4
1726893033414 1.419444 4
1726893033532 0.701053 4
1726893033649 2.234383 4
1726893033771 7.53946 6
1726893033889 0.378516 6
1726893034015 0.67589 6
1726893034138 2.933613 6
1726893034261 2.933133 6
1726893034382 0.577224 6
1726893034506 0.648837 6
1726893034626 0.833527 6
1726893034744 7.436744 6
1726893034862 1.09323 6
1726893034983 2.433298 8
1726893035102 0.467724 8
1726893037323 1.554239 0
1726893037444 1.22609 0
1726893037564 0.772833 0
1726893037693 2.594424 0
1726893037817 3.789634 0
1726893037936 2.658676 0
1726893038058 18.43235 0
1726893038178 1.336707 0
1726893038304 7.860128 0
1726893038426 1.209975 0
1726893038548 1.979318 3
1726893038670 4.908665 3
1726893038789 1.324279 3
1726893038907 2.588937 3
1726893039030 0.299548 3
1726893039149 3.146463 3
1726893039267 1.151034 3
1726893039386 2.679237 3
1726893039507 1.382799 3
1726893039631 1.550678 3
1726893039752 8.349112 6
1726893039871 0.192716 6
1726893039988 0.620744 6
1726893040108 1.993698 6
1726893040226 6.372915 6
1726893040354 3.514957 6
1726893040475 2.222672 6
1726893040598 3.034893 6
1726893040719 0.886684 6
1726893040842 2.570126 6
1726893040962 8.507295 9
1726893041080 0.343102 9
1726893041199 0.655005 9
1726893041322 4.203829 9
1726893041441 8.309681 9
1726893041566 0.523345 9
1726893041687 1.343344 9
1726893041806 0.513459 9
1726893041925 8.188999 9
1726893042044 1.215257 9
1726893042163 0.535576 12
1726893042284 0.555059 12
1726893044467 2.928877 0
1726893044589 0.529921 0
1726893044711 0.704895 0
1726893044832 2.523015 0
1726893044950 1.618777 0
1726893045067 1.348696 0
1726893045188 9.514435 0
1726893045307 1.815508 0
1726893045426 34.336044 0
1726893045548 1.18568 0
1726893045667 5.300071 4
1726893045789 3.34615 4
1726893045910 1.209585 4
1726893046028 2.461975 4
1726893046145 0.299838 4
1726893046265 2.756459 4
1726893046382 0.985922 4
1726893046509 3.927079 4
1726893046628 1.629657 4
1726893046749 1.880503 4
1726893046869 3.587449 8
1726893046987 0.213417 8
1726893047106 1.025817 8
1726893047243 2.795793 8
1726893047365 5.614277 8
1726893047485 2.48233 8
1726893047602 2.117783 8
1726893047721 10.717203 8
1726893047840 0.693175 8
1726893047961 22.97237 8
1726893048083 5.478374 12
1726893048203 0.311752 12
1726893048322 0.501781 12
1726893048438 3.110287 12
1726893048567 13.449948 12
1726893048688 0.553398 12
1726893048809 0.919137 12
1726893048929 0.696624 12
1726893049047 70.482574 12
1726893049165 0.777591 12
1726893049282 0.863893 16
1726893049399 0.718748 16
1726893051456 1.337647 0
1726893051576 0.442241 0
1726893051695 0.510813 0
1726893051811 16.783546 0
1726893051932 1.710325 0
1726893052054 1.72168 0
1726893052171 5.06632 0
1726893052288 2.015226 0
1726893052411 70.990189 0
1726893052534 3.381659 0
1726893052659 49.913849 5
1726893052777 2.004391 5
1726893052895 1.278497 5
1726893053016 1.963658 5
1726893053135 0.288389 5
1726893053253 2.611115 5
1726893053370 9.33452 5
1726893053487 2.38636 5
1726893053605 2.025913 5
1726893053721 2.026816 5
1726893053840 2.899012 10
1726893053961 0.191956 10
1726893054083 1.888596 10
1726893054203 2.06213 10
1726893054320 4.599739 10
1726893054440 23.136419 10
1726893054558 2.20905 10
1726893054686 4.417103 10
1726893054805 0.713056 10
1726893054925 18.388695 10
1726893055047 39.013744 15
1726893055169 0.337367 15
1726893055287 0.593983 15
1726893055406 5.714777 15
1726893055528 6.072636 15
1726893055649 0.616724 15
1726893055769 1.419475 15
1726893055887 0.656559 15
1726893056006 5.22521 15
1726893056129 0.639642 15
1726893056249 1.507741 20
1726893056367 0.5319 20
1726893058512 1.912045 0
1726893058632 0.261621 0
1726893058760 0.508319 0
1726893058884 2.568419 0
1726893059003 1.426577 0
1726893059123 1.355108 0
1726893059244 2.584283 0
1726893059363 1.967495 0
1726893059480 1.767579 0
1726893059602 2.607738 0
1726893059720 2.096324 6
1726893059838 1.604058 6
1726893059955 1.231758 6
1726893060073 2.260689 6
1726893060192 0.297476 6
1726893060314 7.408046 6
1726893060431 1.288455 6
1726893060549 16.178757 6
1726893060667 1.232867 6
1726893060792 4.118841 6
1726893060911 2.110794 12
1726893061032 0.288144 12
1726893061152 0.683951 12
1726893061272 1.546693 12
1726893061398 2.303297 12
1726893061519 1.049739 12
1726893061638 1.764774 12
1726893061757 2.924128 12
1726893061875 0.770771 12
1726893061994 4.344632 12
1726893062115 11.596313 18
1726893062234 0.511393 18
1726893062355 0.524692 18
1726893062478 2.97388 18
1726893062598 1.642051 18
1726893062716 0.602872 18
1726893062843 0.600947 18
1726893062962 0.599799 18
1726893063080 2.521841 18
1726893063202 0.490086 18
1726893063323 0.518526 24
1726893063442 0.818664 24
1726893065572 2.612034 0
1726893065692 0.436532 0
1726893065810 1.270704 0
1726893065930 9.703609 0
1726893066049 1.429902 0
1726893066166 5.173997 0
1726893066282 1.873363 0
1726893066400 1.67417 0
1726893066525 23.397085 0
1726893066648 1.601051 0
1726893066767 2.390661 7
1726893066888 1.893377 7
1726893067008 1.333514 7
1726893067131 2.056146 7
1726893067249 0.290789 7
1726893067370 2.390604 7
1726893067495 1.167672 7
1726893067615 5.168978 7
1726893067733 1.422145 7
1726893067851 1.758496 7
1726893067978 4.523888 14
1726893068098 0.238979 14
1726893068225 0.836397 14
1726893068351 1.83718 14
1726893068473 1.791222 14
1726893068597 1.026783 14
1726893068718 1.811832 14
1726893068843 1.481492 14
1726893068971 0.768386 14
1726893069094 1.982245 14
1726893069212 11.999659 21
1726893069329 0.41436 21
1726893069451 0.436944 21
1726893069572 2.514656 21
1726893069692 1.429859 21
1726893069813 0.825664 21
1726893069932 3.138054 21
1726893070051 1.323695 21
1726893070172 5.259135 21
1726893070291 0.511281 21
1726893070407 0.649076 28
1726893070526 2.475232 28
1726893072739 195.503891 0
1726893072859 0.325913 0
1726893072978 1.689122 0
1726893073102 10.099421 0
1726893073221 5.608861 0
1726893073341 1.228833 0
1726893073464 5.325314 0
1726893073585 2.538371 0
1726893073709 1.624778 0
1726893073832 1.76324 0
1726893073950 1.366531 8
1726893074069 1.65504 8
1726893074187 1.991914 8
1726893074307 2.088383 8
1726893074467 0.28928 8
1726893074587 2.863946 8
1726893074713 0.872198 8
1726893074833 1.482149 8
1726893074951 2.246013 8
1726893075076 1.289863 8
1726893075199 2.093935 16
1726893075318 0.196863 16
1726893075437 0.785927 16
1726893075558 1.404019 16
1726893075676 1.098149 16
1726893075797 2.380191 16
1726893075919 2.97081 16
1726893076038 1.06621 16
1726893076155 0.935689 16
1726893076272 1.983877 16
1726893076390 3.100005 24
1726893076508 0.314602 24
1726893076625 0.404821 24
1726893076743 1.771837 24
1726893076867 1.841463 24
1726893076987 0.594664 24
1726893077109 3.39626 24
1726893077230 0.495416 24
1726893077347 3.423004 24
1726893077465 0.732437 24
1726893077582 0.563421 32
1726893077703 0.920351 32
1726893079788 2.615019 0
1726893079912 0.356468 0
1726893080035 9.943695 0
1726893080152 1.936459 0
1726893080271 6.245 0
1726893080388 1.172189 0
1726893080507 2.010578 0
1726893080624 2.117019 0
1726893080743 0.955902 0
1726893080866 1.559056 0
1726893080988 9.105005 9
1726893081106 4.301458 9
1726893081234 2.820611 9
1726893081355 1.871479 9
1726893081473 0.273157 9
1726893081591 2.817473 9
1726893081707 0.983035 9
1726893081827 3.78 9
1726893081954 1.361851 9
1726893082087 1.142455 9
1726893082207 1.988842 18
1726893082327 0.235851 18
1726893082446 1.179098 18
1726893082566 1.585428 18
1726893082684 1.175578 18
1726893082803 1.495606 18
1726893082922 2.92782 18
1726893083044 1.058469 18
1726893083163 0.842221 18
1726893083292 1.49785 18
1726893083411 2.331422 27
1726893083529 0.419116 27
1726893083646 0.424937 27
1726893083762 3.383367 27
1726893083882 1.361821 27
1726893084002 0.678805 27
1726893084125 0.475528 27
1726893084243 0.49682 27
1726893084361 4.440445 27
1726893084483 0.636863 27
1726893084603 0.441516 36
1726893084720 0.630035 36
1726893086881 3.805342 0
1726893087003 0.418162 0
1726893087121 0.507146 0
1726893087246 3.632802 0
1726893087372 1.587582 0
1726893087491 1.318357 0
1726893087612 1.392798 0
1726893087732 1.481663 0
1726893087850 2.991396 0
1726893087974 1.441165 0
1726893088091 1.378062 10
1726893088213 1.24607 10
1726893088333 1.2424 10
1726893088454 1.867426 10
1726893088573 0.256633 10
1726893088691 1.613582 10
1726893088810 1.852857 10
1726893088928 1.652646 10
1726893089051 1.18463 10
1726893089179 1.51402 10
1726893089302 2.607995 20
1726893089429 0.228272 20
1726893089548 0.672643 20
1726893089665 1.87224 20
1726893089784 0.674528 20
1726893089900 1.97559 20
1726893090019 1.629392 20
1726893090136 1.174334 20
1726893090255 1.140827 20
1726893090374 1.443727 20
1726893090496 57.021416 30
1726893090615 0.410803 30
1726893090734 0.607596 30
1726893090853 13.131723 30
1726893090974 1.555866 30
1726893091094 0.555548 30
1726893091212 1.586371 30
1726893091334 0.387803 30
1726893091461 18.263374 30
1726893091579 0.48928 30
1726893091700 0.881176 40
1726893091820 0.862862 40
