1726883846840 0.0 0
1726883846961 10.0 0
1726883847082 20.0 0
1726883847202 30.0 0
1726883847321 40.0 0
1726883847459 50.0 0
1726883847586 60.0 0
1726883847704 70.0 0
1726883847822 80.0 0
1726883847939 90.0 0
1726883848056 100.0 1
1726883848173 110.0 1
1726883848294 120.0 1
1726883848412 130.0 1
1726883848529 140.0 1
1726883848657 150.0 1
1726883848775 160.0 1
1726883848893 170.0 1
1726883849010 180.0 1
1726883849131 190.0 1
1726883849250 200.0 2
1726883849369 210.0 2
1726883850675 0.0 0
1726883850796 10.0 0
1726883850911 20.0 0
1726883851027 30.0 0
1726883851160 40.0 0
1726883851293 50.0 0
1726883851420 60.0 0
1726883851562 70.0 0
1726883851696 80.0 0
1726883851819 90.0 0
1726883851938 100.0 2
1726883852054 110.0 2
1726883852180 120.0 2
1726883852298 130.0 2
1726883852423 140.0 2
1726883852545 150.0 2
1726883852674 160.0 2
1726883852799 170.0 2
1726883852921 180.0 2
1726883853052 190.0 2
1726883853196 200.0 4
1726883853331 210.0 4
1726883854561 0.0 0
1726883854681 10.0 0
1726883854810 20.0 0
1726883854936 30.0 0
1726883855054 40.0 0
1726883855171 50.0 0
1726883855291 60.0 0
1726883855410 70.0 0
1726883855532 80.0 0
1726883855651 90.0 0
1726883855767 100.0 3
1726883855891 110.0 3
1726883856010 120.0 3
1726883856126 130.0 3
1726883856247 140.0 3
1726883856365 150.0 3
1726883856484 160.0 3
1726883856602 170.0 3
1726883856719 180.0 3
1726883856842 190.0 3
1726883856963 200.0 6
1726883857080 210.0 6
1726883858327 0.0 0
1726883858450 10.0 0
1726883858567 20.0 0
1726883858686 30.0 0
1726883858809 40.0 0
1726883858928 50.0 0
1726883859046 60.0 0
1726883859163 70.0 0
1726883859278 80.0 0
1726883859400 90.0 0
1726883859520 100.0 4
1726883859644 110.0 4
1726883859783 120.0 4
1726883859901 130.0 4
1726883860030 140.0 4
1726883860160 150.0 4
1726883860296 160.0 4
1726883860415 170.0 4
1726883860534 180.0 4
1726883860652 190.0 4
1726883860772 200.0 8
1726883860909 210.0 8
1726883862202 0.0 0
1726883862323 10.0 0
1726883862445 20.0 0
1726883862562 30.0 0
1726883862681 40.0 0
1726883862799 50.0 0
1726883862931 60.0 0
1726883863063 70.0 0
1726883863181 80.0 0
1726883863303 90.0 0
1726883863428 100.0 5
1726883863545 110.0 5
1726883863661 120.0 5
1726883863782 130.0 5
1726883863899 140.0 5
1726883864015 150.0 5
1726883864135 160.0 5
1726883864253 170.0 5
1726883864402 180.0 5
1726883864529 190.0 5
1726883864649 200.0 10
1726883864772 210.0 10
1726883866088 0.0 0
1726883866214 10.0 0
1726883866331 20.0 0
1726883866447 30.0 0
1726883866564 40.0 0
1726883866687 50.0 0
1726883866806 60.0 0
1726883866928 70.0 0
1726883867069 80.0 0
1726883867194 90.0 0
1726883867335 100.0 6
1726883867466 110.0 6
1726883867593 120.0 6
1726883867714 130.0 6
1726883867832 140.0 6
1726883867952 150.0 6
1726883868071 160.0 6
1726883868193 170.0 6
1726883868315 180.0 6
1726883868433 190.0 6
1726883868551 200.0 12
1726883868667 210.0 12
1726883869936 0.0 0
1726883870073 10.0 0
1726883870190 20.0 0
1726883870315 30.0 0
1726883870440 40.0 0
1726883870574 50.0 0
1726883870713 60.0 0
1726883870857 70.0 0
1726883871002 80.0 0
1726883871162 90.0 0
1726883871309 100.0 7
1726883871455 110.0 7
1726883871599 120.0 7
1726883871740 130.0 7
1726883871881 140.0 7
1726883872014 150.0 7
1726883872146 160.0 7
1726883872276 170.0 7
1726883872409 180.0 7
1726883872540 190.0 7
1726883872666 200.0 14
1726883872790 210.0 14
1726883874156 0.0 0
1726883874283 10.0 0
1726883874403 20.0 0
1726883874534 30.0 0
1726883874658 40.0 0
1726883874775 50.0 0
1726883874900 60.0 0
1726883875021 70.0 0
1726883875149 80.0 0
1726883875277 90.0 0
1726883875404 100.0 8
1726883875555 110.0 8
1726883875686 120.0 8
1726883875806 130.0 8
1726883875936 140.0 8
1726883876057 150.0 8
1726883876208 160.0 8
1726883876326 170.0 8
1726883876450 180.0 8
1726883876576 190.0 8
1726883876708 200.0 16
1726883876832 210.0 16
1726883878414 0.0 0
1726883878542 10.0 0
1726883878691 20.0 0
1726883878831 30.0 0
1726883878962 40.0 0
1726883879099 50.0 0
1726883879226 60.0 0
1726883879348 70.0 0
1726883879496 80.0 0
1726883879637 90.0 0
1726883879778 100.0 9
1726883879914 110.0 9
1726883880068 120.0 9
1726883880208 130.0 9
1726883880342 140.0 9
1726883880474 150.0 9
1726883880608 160.0 9
1726883880743 170.0 9
1726883880877 180.0 9
1726883881013 190.0 9
1726883881137 200.0 18
1726883881269 210.0 18
1726883882636 0.0 0
1726883882763 10.0 0
1726883882892 20.0 0
1726883883019 30.0 0
1726883883144 40.0 0
1726883883262 50.0 0
1726883883384 60.0 0
1726883883502 70.0 0
1726883883630 80.0 0
1726883883755 90.0 0
1726883883880 100.0 10
1726883884003 110.0 10
1726883884134 120.0 10
1726883884261 130.0 10
1726883884399 140.0 10
1726883884527 150.0 10
1726883884649 160.0 10
1726883884776 170.0 10
1726883884902 180.0 10
1726883885027 190.0 10
1726883885154 200.0 20
1726883885282 210.0 20
