1726908877771 74.17366 0
1726908877913 32.06942 0
1726908878055 26.062607 0
1726908878198 73.498238 0
1726908878340 9.483615 0
1726908878482 8.079014 0
1726908878624 2.388556 0
1726908878766 9.20961 0
1726908878909 1.761511 0
1726908879057 1.336317 0
1726908880037 0.984215 0
1726908880180 1.75253 0
1726908880323 3.556599 0
1726908880464 2.932183 0
1726908880606 5.533026 0
1726908880748 2.908737 0
1726908880890 5.561993 0
1726908881033 1.108163 0
1726908881178 1.167368 0
1726908881320 1.240554 0
1726908882164 2.396286 0
1726908882308 2.686048 0
1726908882451 17.581213 0
1726908882593 3.563363 0
1726908882737 97.168259 0
1726908882879 4.760177 0
1726908883020 1.370435 0
1726908883168 2.730074 0
1726908883309 2.872082 0
1726908883452 1.421727 0
1726908884301 3.665794 0
1726908884445 10.845635 0
1726908884587 5.789871 0
1726908884730 3.490312 0
1726908884871 5.352712 0
1726908885014 2.984035 0
1726908885159 2.495107 0
1726908885301 1.593921 0
1726908885443 4.435471 0
1726908885585 2.981726 0
1726908886443 2.775748 0
1726908886588 10.346211 0
1726908886729 33.584713 0
1726908886871 1.338685 0
1726908887014 6.162098 0
1726908887160 4.01611 0
1726908887304 3.689828 0
1726908887445 2.113958 0
1726908887586 2.090431 0
1726908887728 1.702235 0
1726908888576 3.076114 0
1726908888722 3.322367 0
1726908888862 11.157122 0
1726908889004 1.181695 0
1726908889146 8.58294 0
1726908889292 2.513696 0
1726908889433 4.961477 0
1726908889574 1.22966 0
1726908889716 1.182637 0
1726908889859 1.957161 0
1726908890704 14.37578 0
1726908890847 10.246952 0
1726908890994 23.981529 0
1726908891137 1.216516 0
1726908891285 2.952597 0
1726908891428 2.493643 0
1726908891570 1.358487 0
1726908891712 1.184294 0
1726908891855 1.908053 0
1726908891996 5.298858 0
1726908892845 1.657506 0
1726908892987 7.647003 0
1726908893128 10.427184 0
1726908893270 0.875446 0
1726908893416 3.918142 0
1726908893560 3.869889 0
1726908893702 1.374383 0
1726908893843 0.892685 0
1726908893986 1.923799 0
1726908894130 3.704717 0
1726908894962 2.119766 0
1726908895106 4.41647 0
1726908895247 5.190862 0
1726908895396 22.935453 0
1726908895537 10.266915 0
1726908895679 2.284164 0
1726908895822 1.22304 0
1726908895965 3.681716 0
1726908896108 1.221792 0
1726908896252 2.815943 0
1726908897097 1.872061 0
1726908897243 16.644377 0
1726908897391 68.478439 0
1726908897536 0.919551 0
1726908897679 2.855079 0
1726908897821 3.161432 0
1726908897963 2.240251 0
1726908898106 1.121823 0
1726908898247 2.117267 0
1726908898394 1.418517 0
