1726861009683 0.65785 0
1726861009814 0.471224 0
1726861009945 0.288178 0
1726861010075 0.163294 0
1726861010205 0.229923 0
1726861010335 0.32465 0
1726861010465 0.511921 0
1726861010595 0.121693 0
1726861010726 0.576 0
1726861010857 0.434386 0
1726861010990 0.255975 1
1726861011123 0.372882 1
1726861011252 0.230556 1
1726861012192 0.671189 0
1726861012325 0.502527 0
1726861012455 0.282442 0
1726861012585 0.168176 0
1726861012717 0.214083 0
1726861012847 0.075909 0
1726861012977 0.476151 0
1726861013107 0.081312 0
1726861013237 0.30317 0
1726861013368 0.429546 0
1726861013498 0.239782 2
1726861013629 0.578422 2
1726861013760 0.235441 2
1726861014651 0.440103 0
1726861014782 0.434678 0
1726861014915 0.280562 0
1726861015046 0.337947 0
1726861015178 0.266862 0
1726861015309 0.081214 0
1726861015442 0.468753 0
1726861015573 0.071621 0
1726861015703 0.337954 0
1726861015833 0.416877 0
1726861015964 0.247255 3
1726861016095 0.210611 3
1726861016227 0.333256 3
1726861017105 1.293036 0
1726861017237 0.515406 0
1726861017369 0.254426 0
1726861017500 0.561857 0
1726861017631 0.22139 0
1726861017763 0.388416 0
1726861017894 0.455529 0
1726861018025 0.087402 0
1726861018159 0.480583 0
1726861018291 0.564444 0
1726861018423 0.261734 4
1726861018553 0.172471 4
1726861018684 0.215491 4
1726861019551 0.331674 0
1726861019683 0.398864 0
1726861019816 0.255613 0
1726861019947 0.137571 0
1726861020078 0.219579 0
1726861020214 0.071009 0
1726861020344 0.468983 0
1726861020475 0.076521 0
1726861020606 0.505923 0
1726861020736 0.405805 0
1726861020867 0.243423 5
1726861020998 0.240468 5
1726861021129 0.219786 5
1726861022001 0.497642 0
1726861022133 0.39968 0
1726861022267 0.242461 0
1726861022399 0.184058 0
1726861022530 0.277252 0
1726861022660 0.060656 0
1726861022790 0.462451 0
1726861022922 0.070379 0
1726861023054 0.375518 0
1726861023185 0.392719 0
1726861023316 0.25499 6
1726861023447 0.191852 6
1726861023578 0.220249 6
1726861025046 0.326842 0
1726861025182 0.388582 0
1726861025313 0.240856 0
1726861025444 0.136504 0
1726861025575 0.2199 0
1726861025706 0.073517 0
1726861025837 0.411901 0
1726861025967 0.070341 0
1726861026098 0.440462 0
1726861026229 0.393461 0
1726861026363 0.245551 7
1726861026494 0.189341 7
1726861026625 0.219601 7
1726861027498 0.330849 0
1726861027630 0.392905 0
1726861027761 0.245361 0
1726861027893 0.135107 0
1726861028024 0.223286 0
1726861028154 0.062761 0
1726861028286 0.419329 0
1726861028421 0.070213 0
1726861028553 0.409776 0
1726861028684 0.386128 0
1726861028816 0.242908 8
1726861028949 0.188522 8
1726861029081 0.210655 8
1726861029950 0.324114 0
1726861030082 0.387309 0
1726861030214 0.244965 0
1726861030346 0.138143 0
1726861030480 0.224731 0
1726861030611 0.060589 0
1726861030743 0.412255 0
1726861030875 0.07192 0
1726861031006 0.40707 0
1726861031138 0.383302 0
1726861031269 0.250977 9
1726861031401 0.17852 9
1726861031532 0.208892 9
