1726886781913 0.69571 0
1726886782053 0.270203 0
1726886782190 0.21149 0
1726886782327 0.298839 0
1726886782463 0.199665 0
1726886782600 0.174059 0
1726886782739 0.259115 0
1726886782877 0.232787 0
1726886783018 1.270979 0
1726886783155 0.441594 0
1726886783292 0.361492 1
1726886783430 0.539027 1
1726886783566 1.791739 1
1726886783703 0.30334 1
1726886783843 2.110065 1
1726886785007 0.300367 0
1726886785147 0.209488 0
1726886785283 0.119305 0
1726886785419 0.114731 0
1726886785556 0.068004 0
1726886785693 0.117541 0
1726886785830 0.162183 0
1726886785973 0.27147 0
1726886786112 0.538176 0
1726886786250 0.310403 0
1726886786387 0.205309 2
1726886786524 0.450695 2
1726886786661 0.771725 2
1726886786797 0.28515 2
1726886786934 1.324388 2
1726886788007 0.234718 0
1726886788146 0.139385 0
1726886788283 0.141944 0
1726886788422 0.107967 0
1726886788560 0.098285 0
1726886788697 0.076928 0
1726886788835 0.181128 0
1726886788971 0.184793 0
1726886789110 0.46959 0
1726886789248 0.211225 0
1726886789387 0.248258 3
1726886789523 0.414675 3
1726886789660 0.58074 3
1726886789797 0.238597 3
1726886789935 1.15066 3
1726886791021 0.22361 0
1726886791161 0.120066 0
1726886791299 0.122221 0
1726886791436 0.093463 0
1726886791573 0.075753 0
1726886791710 0.07067 0
1726886791846 0.162115 0
1726886791983 0.16283 0
1726886792120 0.423438 0
1726886792257 0.207844 0
1726886792395 0.218665 4
1726886792532 0.391292 4
1726886792668 0.546057 4
1726886792805 0.228821 4
1726886792942 1.093185 4
1726886794029 0.214352 0
1726886794166 0.107353 0
1726886794303 0.111458 0
1726886794441 0.088986 0
1726886794578 0.061209 0
1726886794715 0.067999 0
1726886794851 0.150987 0
1726886794989 0.155171 0
1726886795126 0.404031 0
1726886795264 0.203344 0
1726886795404 0.205389 5
1726886795541 0.375597 5
1726886795678 0.528976 5
1726886795815 0.22317 5
1726886795952 1.079271 5
1726886797034 0.213344 0
1726886797174 0.106489 0
1726886797313 0.10864 0
1726886797450 0.088256 0
1726886797588 0.060172 0
1726886797724 0.066467 0
1726886797862 0.150642 0
1726886797999 0.155525 0
1726886798135 0.40259 0
1726886798275 0.202402 0
1726886798416 0.202823 6
1726886798553 0.374505 6
1726886798689 0.526816 6
1726886798826 0.222679 6
1726886798963 1.075704 6
1726886800039 0.212161 0
1726886800176 0.106286 0
1726886800314 0.107673 0
1726886800451 0.088113 0
1726886800588 0.05869 0
1726886800725 0.065767 0
1726886800862 0.149828 0
1726886800999 0.154593 0
1726886801136 0.399517 0
1726886801273 0.201735 0
1726886801412 0.20299 7
1726886801549 0.373169 7
1726886801685 0.524984 7
1726886801822 0.222272 7
1726886801959 1.070385 7
1726886803033 0.211851 0
1726886803172 0.106155 0
1726886803308 0.10762 0
1726886803448 0.088248 0
1726886803585 0.058956 0
1726886803722 0.06607 0
1726886803859 0.149638 0
1726886803997 0.154973 0
1726886804133 0.400299 0
1726886804270 0.201487 0
1726886804408 0.203159 8
1726886804545 0.372911 8
1726886804681 0.524537 8
1726886804818 0.220882 8
1726886804955 1.071212 8
1726886806052 0.212395 0
1726886806191 0.105743 0
1726886806327 0.107588 0
1726886806464 0.088207 0
1726886806602 0.057989 0
1726886806739 0.065602 0
1726886806876 0.150082 0
1726886807022 0.15424 0
1726886807160 0.398517 0
1726886807296 0.201468 0
1726886807433 0.202947 9
1726886807573 0.375844 9
1726886807710 0.526337 9
1726886807847 0.221925 9
1726886807985 1.069369 9
