1726764052117 35.319496 0
1726764052231 23.391769 0
1726764052346 11.762497 0
1726764052461 1.076804 0
1726764052575 8.5378 0
1726764052689 1.174452 0
1726764052804 15.286646 0
1726764052918 3.026416 0
1726764053033 4.575934 0
1726764053147 8.94515 0
1726764053861 3.316704 0
1726764053976 2.350579 0
1726764054091 1.521064 0
1726764054205 0.564401 0
1726764054320 36.070557 0
1726764054434 0.622591 0
1726764054549 1.636075 0
1726764054665 3.616665 0
1726764054780 2.283755 0
1726764054894 7.159516 0
1726764055586 1.206803 0
1726764055700 0.982659 0
1726764055815 1.266474 0
1726764055931 0.648376 0
1726764056046 10.35023 0
1726764056161 0.755886 0
1726764056275 1.065099 0
1726764056390 2.957008 0
1726764056504 1.83559 0
1726764056618 6.818775 0
1726764057309 0.904446 0
1726764057424 1.00027 0
1726764057539 1.358954 0
1726764057655 0.541742 0
1726764057770 8.159864 0
1726764057884 1.327898 0
1726764058001 0.704019 0
1726764058116 0.798823 0
1726764058231 1.870248 0
1726764058345 2.521211 0
1726764059036 0.829314 0
1726764059150 1.285725 0
1726764059264 1.199055 0
1726764059379 0.548348 0
1726764059494 7.351669 0
1726764059608 1.36358 0
1726764059723 0.644007 0
1726764059838 0.85163 0
1726764059953 2.083869 0
1726764060068 1.856288 0
