1726894354622 0.0 0
1726894354762 10.0 0
1726894354900 20.0 0
1726894355041 30.0 0
1726894355179 40.0 0
1726894355317 50.0 0
1726894355458 60.0 0
1726894355596 70.0 0
1726894355737 80.0 0
1726894355876 90.0 0
1726894356018 100.0 1
1726894356157 110.0 1
1726894356295 120.0 1
1726894356434 130.0 1
1726894356573 140.0 1
1726894356712 150.0 1
1726894357931 0.0 0
1726894358072 10.0 0
1726894358211 20.0 0
1726894358349 30.0 0
1726894358488 40.0 0
1726894358626 50.0 0
1726894358763 60.0 0
1726894358901 70.0 0
1726894359042 80.0 0
1726894359181 90.0 0
1726894359320 100.0 2
1726894359458 110.0 2
1726894359596 120.0 2
1726894359734 130.0 2
1726894359873 140.0 2
1726894360014 150.0 2
1726894361126 0.0 0
1726894361267 10.0 0
1726894361405 20.0 0
1726894361548 30.0 0
1726894361689 40.0 0
1726894361827 50.0 0
1726894361966 60.0 0
1726894362107 70.0 0
1726894362245 80.0 0
1726894362385 90.0 0
1726894362526 100.0 3
1726894362665 110.0 3
1726894362804 120.0 3
1726894362942 130.0 3
1726894363081 140.0 3
1726894363219 150.0 3
1726894364350 0.0 0
1726894364490 10.0 0
1726894364629 20.0 0
1726894364767 30.0 0
1726894364906 40.0 0
1726894365045 50.0 0
1726894365183 60.0 0
1726894365321 70.0 0
1726894365459 80.0 0
1726894365596 90.0 0
1726894365734 100.0 4
1726894365875 110.0 4
1726894366013 120.0 4
1726894366153 130.0 4
1726894366292 140.0 4
1726894366430 150.0 4
1726894367546 0.0 0
1726894367687 10.0 0
1726894367826 20.0 0
1726894367964 30.0 0
1726894368102 40.0 0
1726894368245 50.0 0
1726894368385 60.0 0
1726894368524 70.0 0
1726894368664 80.0 0
1726894368803 90.0 0
1726894368943 100.0 5
1726894369084 110.0 5
1726894369223 120.0 5
1726894369362 130.0 5
1726894369501 140.0 5
1726894369639 150.0 5
1726894370779 0.0 0
1726894370918 10.0 0
1726894371058 20.0 0
1726894371198 30.0 0
1726894371337 40.0 0
1726894371476 50.0 0
1726894371614 60.0 0
1726894371753 70.0 0
1726894371891 80.0 0
1726894372030 90.0 0
1726894372171 100.0 6
1726894372313 110.0 6
1726894372453 120.0 6
1726894372592 130.0 6
1726894372732 140.0 6
1726894372871 150.0 6
1726894374001 0.0 0
1726894374141 10.0 0
1726894374280 20.0 0
1726894374423 30.0 0
1726894374561 40.0 0
1726894374700 50.0 0
1726894374843 60.0 0
1726894374982 70.0 0
1726894375121 80.0 0
1726894375259 90.0 0
1726894375400 100.0 7
1726894375540 110.0 7
1726894375680 120.0 7
1726894375819 130.0 7
1726894375958 140.0 7
1726894376098 150.0 7
1726894377245 0.0 0
1726894377390 10.0 0
1726894377530 20.0 0
1726894377670 30.0 0
1726894377809 40.0 0
1726894377949 50.0 0
1726894378088 60.0 0
1726894378227 70.0 0
1726894378365 80.0 0
1726894378508 90.0 0
1726894378648 100.0 8
1726894378788 110.0 8
1726894378926 120.0 8
1726894379066 130.0 8
1726894379205 140.0 8
1726894379344 150.0 8
1726894380480 0.0 0
1726894380619 10.0 0
1726894380758 20.0 0
1726894380898 30.0 0
1726894381041 40.0 0
1726894381181 50.0 0
1726894381320 60.0 0
1726894381460 70.0 0
1726894381600 80.0 0
1726894381739 90.0 0
1726894381878 100.0 9
1726894382017 110.0 9
1726894382156 120.0 9
1726894382297 130.0 9
1726894382437 140.0 9
1726894382581 150.0 9
1726894383703 0.0 0
1726894383842 10.0 0
1726894383981 20.0 0
1726894384118 30.0 0
1726894384256 40.0 0
1726894384395 50.0 0
1726894384534 60.0 0
1726894384675 70.0 0
1726894384813 80.0 0
1726894384952 90.0 0
1726894385089 100.0 10
1726894385228 110.0 10
1726894385366 120.0 10
1726894385504 130.0 10
1726894385642 140.0 10
1726894385780 150.0 10
