1726752445052 69.036896 0
1726752445228 22.601332 0
1726752445405 3.468964 0
1726752445576 2.498273 0
1726752445740 5.436063 0
1726752445903 2.773594 0
1726752446068 1.373731 0
1726752446228 1.495743 0
1726752446380 1.612664 0
1726752446524 4.59415 0
1726752446662 1.92483 1
1726752448523 2.46375 0
1726752448695 1.617293 0
1726752448862 2.577352 0
1726752449028 12.510712 0
1726752449178 1.209547 0
1726752449318 1.580551 0
1726752449450 4.897219 0
1726752449576 1.646414 0
1726752449699 1.305541 0
1726752449821 1.948853 0
1726752449940 1.346115 2
1726752451304 6.155797 0
1726752451465 0.910654 0
1726752451627 4.715684 0
1726752451791 2.095493 0
1726752451948 3.080564 0
1726752452093 1.958954 0
1726752452230 1.216005 0
1726752452361 1.504062 0
1726752452489 0.787148 0
1726752452615 1.715218 0
1726752452739 0.731703 3
1726752454255 4.36726 0
1726752454413 7.640817 0
1726752454566 2.043868 0
1726752454707 3.265208 0
1726752454839 2.627979 0
1726752454965 1.502639 0
1726752455085 8.569019 0
1726752455203 2.50946 0
1726752455320 1.520019 0
1726752455437 0.536484 0
1726752455554 0.626722 4
1726752456640 0.558465 0
1726752456808 1.769688 0
1726752456975 3.15008 0
1726752457150 1.788339 0
1726752457330 6.795701 0
1726752457496 1.439836 0
1726752457659 6.867643 0
1726752457823 1.980275 0
1726752457976 1.260338 0
1726752458123 2.953627 0
1726752458270 1.175447 5
1726752460058 3.42662 0
1726752460230 1.207219 0
1726752460396 1.0625 0
1726752460580 5.55931 0
1726752460764 4.02575 0
1726752460924 1.495017 0
1726752461069 12.28378 0
1726752461199 8.471404 0
1726752461322 14.872266 0
1726752461439 0.742676 0
1726752461555 0.951611 6
1726752462775 4.038269 0
1726752462946 6.439233 0
1726752463109 3.03331 0
1726752463270 2.651327 0
1726752463422 1.628616 0
1726752463564 1.431275 0
1726752463699 1.511986 0
1726752463829 3.159256 0
1726752463954 0.808945 0
1726752464072 1.002938 0
1726752464189 0.650015 7
1726752465356 4.3633 0
1726752465563 2.495472 0
1726752465707 2.594769 0
1726752465837 3.533684 0
1726752465961 63.677193 0
1726752466080 1.177927 0
1726752466198 2.106815 0
1726752466315 3.712514 0
1726752466434 4.811705 0
1726752466554 0.630444 0
1726752466675 0.836547 8
1726752468107 3.093853 0
1726752468310 2.351104 0
1726752468476 1.741167 0
1726752468635 1.702057 0
1726752468780 3.555718 0
1726752468916 2.44549 0
1726752469044 5.457838 0
1726752469168 2.649368 0
1726752469287 1.352884 0
1726752469405 0.693014 0
1726752469522 0.656647 9
1726752470830 1.291193 0
1726752471005 1.348201 0
1726752471163 1.561629 0
1726752471309 2.956827 0
1726752471443 3.510241 0
1726752471570 1.491476 0
1726752471692 3.144833 0
1726752471810 2.303591 0
1726752471929 0.907311 0
1726752472046 0.706917 0
1726752472163 0.561416 10
