1727260967092 0.266015 0
1727260967203 0.298355 0
1727260967310 0.446557 0
1727260967421 0.333634 0
1727260967531 0.420029 0
1727260967639 0.956413 0
1727260967746 0.653654 0
1727260967854 1.097934 0
1727260967960 1.632257 0
1727260968095 0.470456 0
1727260968595 0.241259 0
1727260968706 0.256184 0
1727260968813 0.338565 0
1727260968922 0.276168 0
1727260969031 0.397174 0
1727260969136 0.906968 0
1727260969241 0.626887 0
1727260969347 1.005925 0
1727260969457 1.520283 0
1727260969564 0.459826 0
1727260970056 0.230666 0
1727260970165 0.219062 0
1727260970274 0.248057 0
1727260970382 0.228225 0
1727260970489 0.375753 0
1727260970596 0.85628 0
1727260970705 0.590597 0
1727260970814 0.917629 0
1727260970922 1.423987 0
1727260971029 0.450618 0
1727260971529 0.214891 0
1727260971642 0.185197 0
1727260971747 0.162524 0
1727260971854 0.175912 0
1727260971961 0.358132 0
1727260972072 0.812472 0
1727260972183 0.566543 0
1727260972295 0.831349 0
1727260972427 1.321579 0
1727260972552 0.422823 0
1727260973078 0.202554 0
1727260973195 0.153182 0
1727260973307 0.097302 0
1727260973420 0.133305 0
1727260973534 0.33809 0
1727260973644 0.76507 0
1727260973756 0.533084 0
1727260973869 0.733801 0
1727260973980 1.220038 0
1727260974093 0.424541 0
1727260974622 0.200095 0
1727260974744 0.132268 0
1727260974859 0.06529 0
1727260974972 0.109188 0
1727260975089 0.321135 0
1727260975201 0.722634 0
1727260975316 0.512183 0
1727260975428 0.661635 0
1727260975541 1.154401 0
1727260975660 0.419429 0
1727260976176 0.19735 0
1727260976292 0.128327 0
1727260976412 0.057954 0
1727260976538 0.10019 0
1727260976660 0.310087 0
1727260976782 0.717438 0
1727260976896 0.491004 0
1727260977010 0.617889 0
1727260977127 1.115639 0
1727260977240 0.415983 0
1727260977770 0.194771 0
1727260977880 0.129727 0
1727260977992 0.055541 0
1727260978109 0.101724 0
1727260978226 0.306716 0
1727260978341 0.697905 0
1727260978453 0.48644 0
1727260978563 0.58373 0
1727260978674 1.063595 0
1727260978785 0.414061 0
1727260979342 0.203369 0
1727260979461 0.125199 0
1727260979583 0.061983 0
1727260979711 0.095992 0
1727260979834 0.300384 0
1727260979960 0.684322 0
1727260980082 0.476713 0
1727260980212 0.547598 0
1727260980333 1.038895 0
1727260980450 0.419885 0
1727260980972 0.207163 0
1727260981075 0.12295 0
1727260981182 0.061357 0
1727260981289 0.100432 0
1727260981395 0.290732 0
1727260981503 0.676216 0
1727260981612 0.465917 0
1727260981725 0.510103 0
1727260981835 0.99845 0
1727260981939 0.420643 0
