1727260967112 50.848862 0
1727260967221 32.162479 0
1727260967327 68.410416 0
1727260967439 28.831175 0
1727260967548 20.351007 0
1727260967656 40.496765 0
1727260967764 229.209732 0
1727260967872 46.39827 0
1727260967977 34.325855 0
1727260968112 21.085836 0
1727260968613 10.549082 0
1727260968723 12.404879 0
1727260968830 17.805958 0
1727260968939 9.365874 0
1727260969048 22.037678 0
1727260969154 56.164185 0
1727260969258 12.877945 0
1727260969365 19.435331 0
1727260969475 16.374998 0
1727260969581 43.60984 0
1727260970075 51.1483 0
1727260970182 18.213161 0
1727260970291 3.373597 0
1727260970400 6.306283 0
1727260970507 34.337574 0
1727260970614 210.551086 0
1727260970722 26.413235 0
1727260970832 11.404589 0
1727260970939 27.506218 0
1727260971047 17.444038 0
1727260971547 5.390034 0
1727260971659 39.53186 0
1727260971765 1.429672 0
1727260971871 3.820746 0
1727260971980 15.59729 0
1727260972091 11.474201 0
1727260972201 14.748199 0
1727260972318 7.422159 0
1727260972450 28.502003 0
1727260972569 5.792356 0
1727260973098 6.808894 0
1727260973214 34.475628 0
1727260973326 0.754596 0
1727260973439 1.825693 0
1727260973552 9.049361 0
1727260973663 22.335873 0
1727260973775 5.053539 0
1727260973889 4.737181 0
1727260974000 9.03195 0
1727260974113 5.082273 0
1727260974641 2.867678 0
1727260974763 12.202928 0
1727260974878 0.438688 0
1727260974991 1.870838 0
1727260975109 5.87864 0
1727260975221 19.227827 0
1727260975333 3.634815 0
1727260975446 3.215458 0
1727260975561 9.845806 0
1727260975680 5.425648 0
1727260976196 26.942122 0
1727260976313 5.581908 0
1727260976436 0.351937 0
1727260976557 1.201605 0
1727260976684 8.614756 0
1727260976801 7.935951 0
1727260976916 6.287588 0
1727260977030 3.749062 0
1727260977147 8.201271 0
1727260977260 3.485856 0
1727260977788 3.080216 0
1727260977900 8.163849 0
1727260978012 0.299867 0
1727260978128 1.0314 0
1727260978246 8.206429 0
1727260978360 14.359739 0
1727260978472 3.414202 0
1727260978581 5.031769 0
1727260978693 5.835806 0
1727260978805 3.757329 0
1727260979362 2.515348 0
1727260979484 6.463897 0
1727260979607 0.296079 0
1727260979733 1.005964 0
1727260979857 49.221035 0
1727260979981 4.786711 0
1727260980106 2.535258 0
1727260980233 2.483926 0
1727260980353 4.680722 0
1727260980472 3.965518 0
1727260980990 1.873747 0
1727260981093 3.068988 0
1727260981200 0.269469 0
1727260981307 1.002741 0
1727260981413 5.255416 0
1727260981522 3.813861 0
1727260981630 3.863721 0
1727260981746 2.307755 0
1727260981853 3.310661 0
1727260981958 2.628768 0
