1727104019417 0.0 0
1727104019654 10.0 0
1727104019890 20.0 0
1727104020444 0.0 0
1727104020681 10.0 0
1727104020917 20.0 0
1727104021453 0.0 0
1727104021690 10.0 0
1727104021926 20.0 0
1727104022461 0.0 0
1727104022699 10.0 0
1727104022934 20.0 0
1727104023470 0.0 0
1727104023707 10.0 0
1727104023942 20.0 0
1727104024479 0.0 0
1727104024715 10.0 0
1727104024951 20.0 0
1727104025487 0.0 0
1727104025725 10.0 0
1727104025959 20.0 0
1727104026499 0.0 0
1727104026735 10.0 0
1727104026971 20.0 0
1727104027506 0.0 0
1727104027740 10.0 0
1727104027975 20.0 0
1727104028512 0.0 0
1727104028747 10.0 0
1727104028983 20.0 0
