1726869121455 0.0 0
1726869121592 10.0 0
1726869121724 20.0 0
1726869121858 30.0 0
1726869121991 40.0 0
1726869122124 50.0 0
1726869122257 60.0 0
1726869122390 70.0 0
1726869122523 80.0 0
1726869122656 90.0 0
1726869122788 100.0 1
1726869122921 110.0 1
1726869123054 120.0 1
1726869123188 130.0 1
1726869123325 140.0 1
1726869123459 150.0 1
1726869123593 160.0 1
1726869123726 170.0 1
1726869123859 180.0 1
1726869123992 190.0 1
1726869124124 200.0 2
1726869124258 210.0 2
1726869124390 220.0 2
1726869124524 230.0 2
1726869124657 240.0 2
1726869124791 250.0 2
1726869126572 0.0 0
1726869126711 10.0 0
1726869126844 20.0 0
1726869126977 30.0 0
1726869127110 40.0 0
1726869127242 50.0 0
1726869127377 60.0 0
1726869127510 70.0 0
1726869127643 80.0 0
1726869127776 90.0 0
1726869127909 100.0 2
1726869128041 110.0 2
1726869128174 120.0 2
1726869128306 130.0 2
1726869128438 140.0 2
1726869128580 150.0 2
1726869128713 160.0 2
1726869128847 170.0 2
1726869128980 180.0 2
1726869129113 190.0 2
1726869129246 200.0 4
1726869129380 210.0 4
1726869129514 220.0 4
1726869129647 230.0 4
1726869129780 240.0 4
1726869129912 250.0 4
1726869131629 0.0 0
1726869131770 10.0 0
1726869131903 20.0 0
1726869132036 30.0 0
1726869132169 40.0 0
1726869132302 50.0 0
1726869132435 60.0 0
1726869132569 70.0 0
1726869132701 80.0 0
1726869132835 90.0 0
1726869132968 100.0 3
1726869133103 110.0 3
1726869133236 120.0 3
1726869133369 130.0 3
1726869133505 140.0 3
1726869133639 150.0 3
1726869133772 160.0 3
1726869133905 170.0 3
1726869134040 180.0 3
1726869134173 190.0 3
1726869134307 200.0 6
1726869134440 210.0 6
1726869134574 220.0 6
1726869134707 230.0 6
1726869134840 240.0 6
1726869134973 250.0 6
1726869136679 0.0 0
1726869136816 10.0 0
1726869136949 20.0 0
1726869137082 30.0 0
1726869137215 40.0 0
1726869137348 50.0 0
1726869137481 60.0 0
1726869137616 70.0 0
1726869137750 80.0 0
1726869137885 90.0 0
1726869138018 100.0 4
1726869138151 110.0 4
1726869138284 120.0 4
1726869138417 130.0 4
1726869138550 140.0 4
1726869138684 150.0 4
1726869138817 160.0 4
1726869138950 170.0 4
1726869139084 180.0 4
1726869139217 190.0 4
1726869139350 200.0 8
1726869139483 210.0 8
1726869139618 220.0 8
1726869139751 230.0 8
1726869139884 240.0 8
1726869140017 250.0 8
1726869141719 0.0 0
1726869141857 10.0 0
1726869141990 20.0 0
1726869142123 30.0 0
1726869142257 40.0 0
1726869142391 50.0 0
1726869142524 60.0 0
1726869142657 70.0 0
1726869142790 80.0 0
1726869142923 90.0 0
1726869143056 100.0 5
1726869143190 110.0 5
1726869143322 120.0 5
1726869143455 130.0 5
1726869143588 140.0 5
1726869143723 150.0 5
1726869143856 160.0 5
1726869143989 170.0 5
1726869144123 180.0 5
1726869144257 190.0 5
1726869144389 200.0 10
1726869144522 210.0 10
1726869144656 220.0 10
1726869144790 230.0 10
1726869144923 240.0 10
1726869145055 250.0 10
1726869146757 0.0 0
1726869146892 10.0 0
1726869147026 20.0 0
1726869147159 30.0 0
1726869147292 40.0 0
1726869147425 50.0 0
1726869147558 60.0 0
1726869147691 70.0 0
1726869147826 80.0 0
1726869147961 90.0 0
1726869148095 100.0 6
1726869148228 110.0 6
1726869148361 120.0 6
1726869148494 130.0 6
1726869148627 140.0 6
1726869148760 150.0 6
1726869148893 160.0 6
1726869149027 170.0 6
1726869149160 180.0 6
1726869149293 190.0 6
1726869149425 200.0 12
1726869149558 210.0 12
1726869149692 220.0 12
1726869149826 230.0 12
1726869149963 240.0 12
1726869150096 250.0 12
1726869151884 0.0 0
1726869152018 10.0 0
1726869152150 20.0 0
1726869152283 30.0 0
1726869152416 40.0 0
1726869152549 50.0 0
1726869152682 60.0 0
1726869152815 70.0 0
1726869152948 80.0 0
1726869153081 90.0 0
1726869153214 100.0 7
1726869153347 110.0 7
1726869153480 120.0 7
1726869153614 130.0 7
1726869153747 140.0 7
1726869153880 150.0 7
1726869154017 160.0 7
1726869154150 170.0 7
1726869154283 180.0 7
1726869154416 190.0 7
1726869154550 200.0 14
1726869154683 210.0 14
1726869154816 220.0 14
1726869154949 230.0 14
1726869155082 240.0 14
1726869155214 250.0 14
1726869156920 0.0 0
1726869157057 10.0 0
1726869157190 20.0 0
1726869157323 30.0 0
1726869157456 40.0 0
1726869157589 50.0 0
1726869157723 60.0 0
1726869157857 70.0 0
1726869157992 80.0 0
1726869158128 90.0 0
1726869158261 100.0 8
1726869158395 110.0 8
1726869158528 120.0 8
1726869158661 130.0 8
1726869158794 140.0 8
1726869158927 150.0 8
1726869159064 160.0 8
1726869159198 170.0 8
1726869159331 180.0 8
1726869159464 190.0 8
1726869159597 200.0 16
1726869159730 210.0 16
1726869159863 220.0 16
1726869159996 230.0 16
1726869160130 240.0 16
1726869160264 250.0 16
1726869161972 0.0 0
1726869162108 10.0 0
1726869162243 20.0 0
1726869162376 30.0 0
1726869162509 40.0 0
1726869162642 50.0 0
1726869162775 60.0 0
1726869162908 70.0 0
1726869163041 80.0 0
1726869163174 90.0 0
1726869163308 100.0 9
1726869163441 110.0 9
1726869163574 120.0 9
1726869163707 130.0 9
1726869163840 140.0 9
1726869163973 150.0 9
1726869164107 160.0 9
1726869164243 170.0 9
1726869164377 180.0 9
1726869164510 190.0 9
1726869164643 200.0 18
1726869164776 210.0 18
1726869164909 220.0 18
1726869165042 230.0 18
1726869165175 240.0 18
1726869165309 250.0 18
1726869167015 0.0 0
1726869167149 10.0 0
1726869167281 20.0 0
1726869167414 30.0 0
1726869167547 40.0 0
1726869167679 50.0 0
1726869167821 60.0 0
1726869167954 70.0 0
1726869168087 80.0 0
1726869168220 90.0 0
1726869168356 100.0 10
1726869168491 110.0 10
1726869168624 120.0 10
1726869168761 130.0 10
1726869168895 140.0 10
1726869169028 150.0 10
1726869169161 160.0 10
1726869169293 170.0 10
1726869169426 180.0 10
1726869169559 190.0 10
1726869169692 200.0 20
1726869169829 210.0 20
1726869169962 220.0 20
1726869170095 230.0 20
1726869170228 240.0 20
1726869170362 250.0 20
