1726876480435 0.0 0
1726876480593 10.0 0
1726876480744 20.0 0
1726876480895 30.0 0
1726876481047 40.0 0
1726876481201 50.0 0
1726876481356 60.0 0
1726876481510 70.0 0
1726876481661 80.0 0
1726876481818 90.0 0
1726876482771 0.0 0
1726876482935 10.0 0
1726876483084 20.0 0
1726876483234 30.0 0
1726876483388 40.0 0
1726876483539 50.0 0
1726876483691 60.0 0
1726876483857 70.0 0
1726876484007 80.0 0
1726876484160 90.0 0
1726876485043 0.0 0
1726876485199 10.0 0
1726876485348 20.0 0
1726876485505 30.0 0
1726876485658 40.0 0
1726876485811 50.0 0
1726876485964 60.0 0
1726876486119 70.0 0
1726876486272 80.0 0
1726876486425 90.0 0
1726876487315 0.0 0
1726876487466 10.0 0
1726876487618 20.0 0
1726876487775 30.0 0
1726876487930 40.0 0
1726876488081 50.0 0
1726876488236 60.0 0
1726876488392 70.0 0
1726876488542 80.0 0
1726876488695 90.0 0
1726876489578 0.0 0
1726876489732 10.0 0
1726876489887 20.0 0
1726876490039 30.0 0
1726876490190 40.0 0
1726876490342 50.0 0
1726876490498 60.0 0
1726876490652 70.0 0
1726876490809 80.0 0
1726876490961 90.0 0
1726876491853 0.0 0
1726876492006 10.0 0
1726876492160 20.0 0
1726876492316 30.0 0
1726876492467 40.0 0
1726876492620 50.0 0
1726876492770 60.0 0
1726876492923 70.0 0
1726876493079 80.0 0
1726876493234 90.0 0
1726876494134 0.0 0
1726876494286 10.0 0
1726876494438 20.0 0
1726876494592 30.0 0
1726876494746 40.0 0
1726876494896 50.0 0
1726876495052 60.0 0
1726876495206 70.0 0
1726876495358 80.0 0
1726876495515 90.0 0
1726876496425 0.0 0
1726876496582 10.0 0
1726876496735 20.0 0
1726876496888 30.0 0
1726876497037 40.0 0
1726876497195 50.0 0
1726876497351 60.0 0
1726876497505 70.0 0
1726876497658 80.0 0
1726876497813 90.0 0
1726876498699 0.0 0
1726876498855 10.0 0
1726876499009 20.0 0
1726876499159 30.0 0
1726876499314 40.0 0
1726876499465 50.0 0
1726876499617 60.0 0
1726876499772 70.0 0
1726876499926 80.0 0
1726876500081 90.0 0
1726876500978 0.0 0
1726876501135 10.0 0
1726876501290 20.0 0
1726876501443 30.0 0
1726876501598 40.0 0
1726876501746 50.0 0
1726876501898 60.0 0
1726876502052 70.0 0
1726876502207 80.0 0
1726876502360 90.0 0
