1727127217432 37.759979 0
1727127217558 0.478294 0
1727127217689 1.54941 0
1727127217819 0.716476 0
1727127217950 0.694139 0
1727127218082 0.618879 0
1727127218214 0.579945 0
1727127218346 25.558998 0
1727127218480 2.348045 0
1727127218610 0.627978 0
1727127218741 4.901118 1
1727127218873 2.093596 1
1727127219003 0.3249 1
1727127219134 0.990836 1
1727127219265 3.276798 1
1727127219396 0.217333 1
1727127219528 0.231854 1
1727127219660 0.35019 1
1727127219789 0.623703 1
1727127219922 6.213198 1
1727127220054 0.348427 2
1727127220186 0.360462 2
1727127220317 1.599694 2
1727127220449 4.035273 2
1727127220583 0.703083 2
1727127220713 3.412972 2
1727127220821 2.408138 2
1727127220935 1.05136 2
1727127221065 3.626002 2
1727127221196 0.407649 2
1727127221328 5.390802 3
1727127221458 9.178703 3
1727127221589 1.366451 3
1727127221720 7.922235 3
1727127221851 1.42686 3
1727127221983 2.107686 3
1727127222115 1.044955 3
1727127222246 0.977976 3
1727127222377 1.075989 3
1727127222508 2.74642 3
1727127225147 0.416871 0
1727127225277 0.296759 0
1727127225409 2.078579 0
1727127225540 0.846884 0
1727127225671 6.269818 0
1727127225802 7.373933 0
1727127225934 0.489893 0
1727127226065 17.469154 0
1727127226200 1.586463 0
1727127226330 0.730839 0
1727127226462 1.281941 2
1727127226593 0.408942 2
1727127226725 0.296137 2
1727127226855 0.374544 2
1727127226986 3.359412 2
1727127227118 0.565856 2
1727127227249 0.250356 2
1727127227379 0.274776 2
1727127227510 0.623398 2
1727127227640 0.92829 2
1727127227772 0.433723 4
1727127227903 0.607344 4
1727127228035 1.979277 4
1727127228167 3.417441 4
1727127228297 3.490297 4
1727127228428 1.17945 4
1727127228559 1.007804 4
1727127228692 0.935473 4
1727127228828 3.336576 4
1727127228961 0.711777 4
1727127229092 3.873804 6
1727127229224 2.57902 6
1727127229355 0.901415 6
1727127229487 4.527848 6
1727127229619 0.728403 6
1727127229751 1.732879 6
1727127229883 1.605623 6
1727127230014 0.755025 6
1727127230146 1.099899 6
1727127230280 4.091854 6
1727127232058 0.572098 0
1727127232181 0.579397 0
1727127232314 9.69309 0
1727127232446 3.593901 0
1727127232578 1.359185 0
1727127232709 3.384797 0
1727127232841 0.742427 0
1727127232972 9.962442 0
1727127233104 2.208164 0
1727127233235 1.085378 0
1727127233369 1.150415 3
1727127233500 0.412629 3
1727127233630 0.335951 3
1727127233762 0.236138 3
1727127233895 2.313524 3
1727127234026 0.351247 3
1727127234157 0.233349 3
1727127234289 0.285303 3
1727127234420 0.617931 3
1727127234553 1.122375 3
1727127234683 0.37657 6
1727127234816 0.397851 6
1727127234947 4.360377 6
1727127235078 1.223666 6
1727127235209 0.711201 6
1727127235339 0.854808 6
1727127235471 1.871061 6
1727127235602 3.608739 6
1727127235733 1.53895 6
1727127235864 0.223297 6
1727127235995 6.870802 9
1727127236127 6.030383 9
1727127236259 4.044966 9
1727127236392 27.156258 9
1727127236524 1.507039 9
1727127236654 1.757378 9
1727127236786 1.136006 9
1727127236918 1.452642 9
1727127237049 0.849497 9
1727127237180 1.790037 9
1727127239799 0.280559 0
1727127239924 0.292892 0
1727127240054 21.288635 0
1727127240187 0.479894 0
1727127240318 0.677082 0
1727127240450 2.04107 0
1727127240581 0.47393 0
1727127240712 6.217954 0
1727127240842 0.996802 0
1727127240974 0.748286 0
1727127241107 1.287582 4
1727127241239 0.388215 4
1727127241371 0.329209 4
1727127241503 0.298542 4
1727127241636 1.785969 4
1727127241767 0.41536 4
1727127241898 0.233508 4
1727127242034 0.264721 4
1727127242165 0.630411 4
1727127242296 1.117477 4
1727127242405 0.439499 8
1727127242517 0.458394 8
1727127242645 1.243567 8
1727127242775 0.97726 8
1727127242908 0.462627 8
1727127243038 1.734728 8
1727127243169 2.239691 8
1727127243299 0.686715 8
1727127243431 3.447799 8
1727127243563 0.570045 8
1727127243694 5.841293 12
1727127243828 2.705259 12
1727127243964 0.750864 12
1727127244094 1.39887 12
1727127244226 2.222831 12
1727127244420 2.839258 12
1727127244554 0.716648 12
1727127244685 0.984066 12
1727127244816 1.814619 12
1727127244948 0.879387 12
1727127246643 0.359737 0
1727127246768 0.497787 0
1727127246898 5.555395 0
1727127247029 1.142742 0
1727127247142 1.413839 0
1727127247254 0.965085 0
1727127247383 0.651206 0
1727127247514 9.730258 0
1727127247647 5.932561 0
1727127247780 1.038448 0
1727127247912 7.141475 5
1727127248042 0.465863 5
1727127248172 0.345096 5
1727127248303 0.266447 5
1727127248433 1.214012 5
1727127248565 0.280486 5
1727127248697 0.220164 5
1727127248829 0.387644 5
1727127248962 0.63843 5
1727127249095 4.507985 5
1727127249208 0.290299 10
1727127249322 0.464681 10
1727127249454 0.963132 10
1727127249586 1.377363 10
1727127249718 0.403186 10
1727127249850 1.081144 10
1727127249982 1.757159 10
1727127250113 0.76952 10
1727127250246 3.451931 10
1727127250377 0.350873 10
1727127250508 4.67979 15
1727127250641 7.726547 15
1727127250772 0.764393 15
1727127250905 10.463739 15
1727127251036 2.166142 15
1727127251171 1.229025 15
1727127251304 0.823501 15
1727127251435 0.96442 15
1727127251565 0.63264 15
1727127251697 1.192793 15
