1727101412158 0.0 0
1727101412297 10.0 0
1727101412423 20.0 0
1727101412545 30.0 0
1727101412663 40.0 0
1727101412781 50.0 0
1727101412900 60.0 0
1727101413025 70.0 0
1727101413156 80.0 0
1727101413286 90.0 0
1727101413412 100.0 1
1727101413544 110.0 1
1727101414426 0.0 0
1727101414563 10.0 0
1727101414692 20.0 0
1727101414822 30.0 0
1727101414952 40.0 0
1727101415079 50.0 0
1727101415212 60.0 0
1727101415338 70.0 0
1727101415458 80.0 0
1727101415593 90.0 0
1727101415720 100.0 2
1727101415851 110.0 2
1727101416697 0.0 0
1727101416823 10.0 0
1727101416942 20.0 0
1727101417062 30.0 0
1727101417181 40.0 0
1727101417308 50.0 0
1727101417438 60.0 0
1727101417567 70.0 0
1727101417700 80.0 0
1727101417845 90.0 0
1727101417974 100.0 3
1727101418105 110.0 3
1727101418957 0.0 0
1727101419090 10.0 0
1727101419216 20.0 0
1727101419338 30.0 0
1727101419462 40.0 0
1727101419587 50.0 0
1727101419712 60.0 0
1727101419832 70.0 0
1727101419958 80.0 0
1727101420098 90.0 0
1727101420224 100.0 4
1727101420353 110.0 4
