1727093497224 0.0 0
1727093497315 10.0 0
1727093497403 20.0 0
1727093497491 30.0 0
1727093497580 40.0 0
1727093497669 50.0 0
1727093497758 60.0 0
1727093497846 70.0 0
1727093497938 80.0 0
1727093498024 90.0 0
1727093498112 100.0 1
1727093498216 110.0 1
1727093498303 120.0 1
1727093498395 130.0 1
1727093498488 140.0 1
1727093498577 150.0 1
1727093498665 160.0 1
1727093498751 170.0 1
1727093498839 180.0 1
1727093498926 190.0 1
1727093499014 200.0 2
1727093499100 210.0 2
1727093499189 220.0 2
1727093499277 230.0 2
1727093499365 240.0 2
1727093499452 250.0 2
1727093499540 260.0 2
1727093499624 270.0 2
1727093499712 280.0 2
1727093499799 290.0 2
1727093499900 300.0 3
1727093499992 310.0 3
1727093500081 320.0 3
1727093500176 330.0 3
1727093500264 340.0 3
1727093500350 350.0 3
1727093500441 360.0 3
1727093500531 370.0 3
1727093500621 380.0 3
1727093500711 390.0 3
1727093500798 400.0 4
1727093502050 0.0 0
1727093502142 10.0 0
1727093502231 20.0 0
1727093502319 30.0 0
1727093502408 40.0 0
1727093502503 50.0 0
1727093502593 60.0 0
1727093502684 70.0 0
1727093502775 80.0 0
1727093502864 90.0 0
1727093502951 100.0 2
1727093503039 110.0 2
1727093503127 120.0 2
1727093503216 130.0 2
1727093503308 140.0 2
1727093503399 150.0 2
1727093503487 160.0 2
1727093503575 170.0 2
1727093503663 180.0 2
1727093503752 190.0 2
1727093503842 200.0 4
1727093503931 210.0 4
1727093504022 220.0 4
1727093504112 230.0 4
1727093504200 240.0 4
1727093504288 250.0 4
1727093504375 260.0 4
1727093504472 270.0 4
1727093504565 280.0 4
1727093504655 290.0 4
1727093504744 300.0 6
1727093504834 310.0 6
1727093504921 320.0 6
1727093505007 330.0 6
1727093505096 340.0 6
1727093505183 350.0 6
1727093505271 360.0 6
1727093505358 370.0 6
1727093505447 380.0 6
1727093505534 390.0 6
1727093505624 400.0 8
1727093506880 0.0 0
1727093506971 10.0 0
1727093507060 20.0 0
1727093507148 30.0 0
1727093507236 40.0 0
1727093507324 50.0 0
1727093507414 60.0 0
1727093507501 70.0 0
1727093507588 80.0 0
1727093507676 90.0 0
1727093507763 100.0 3
1727093507849 110.0 3
1727093507937 120.0 3
1727093508025 130.0 3
1727093508117 140.0 3
1727093508206 150.0 3
1727093508297 160.0 3
1727093508387 170.0 3
1727093508481 180.0 3
1727093508572 190.0 3
1727093508668 200.0 6
1727093508758 210.0 6
1727093508846 220.0 6
1727093508935 230.0 6
1727093509024 240.0 6
1727093509112 250.0 6
1727093509205 260.0 6
1727093509296 270.0 6
1727093509383 280.0 6
1727093509472 290.0 6
1727093509560 300.0 9
1727093509648 310.0 9
1727093509735 320.0 9
1727093509824 330.0 9
1727093509914 340.0 9
1727093510001 350.0 9
1727093510089 360.0 9
1727093510183 370.0 9
1727093510271 380.0 9
1727093510359 390.0 9
1727093510447 400.0 12
1727093511712 0.0 0
1727093511804 10.0 0
1727093511893 20.0 0
1727093511981 30.0 0
1727093512070 40.0 0
1727093512158 50.0 0
1727093512251 60.0 0
1727093512339 70.0 0
1727093512428 80.0 0
1727093512516 90.0 0
1727093512604 100.0 4
1727093512692 110.0 4
1727093512781 120.0 4
1727093512870 130.0 4
1727093512958 140.0 4
1727093513049 150.0 4
1727093513139 160.0 4
1727093513228 170.0 4
1727093513329 180.0 4
1727093513419 190.0 4
1727093513506 200.0 8
1727093513596 210.0 8
1727093513683 220.0 8
1727093513770 230.0 8
1727093513860 240.0 8
1727093513949 250.0 8
1727093514036 260.0 8
1727093514125 270.0 8
1727093514215 280.0 8
1727093514306 290.0 8
1727093514395 300.0 12
1727093514481 310.0 12
1727093514569 320.0 12
1727093514658 330.0 12
1727093514750 340.0 12
1727093514840 350.0 12
1727093514928 360.0 12
1727093515015 370.0 12
1727093515104 380.0 12
1727093515195 390.0 12
1727093515284 400.0 16
1727093516540 0.0 0
1727093516630 10.0 0
1727093516716 20.0 0
1727093516807 30.0 0
1727093516896 40.0 0
1727093516984 50.0 0
1727093517071 60.0 0
1727093517159 70.0 0
1727093517246 80.0 0
1727093517335 90.0 0
1727093517426 100.0 5
1727093517514 110.0 5
1727093517603 120.0 5
1727093517695 130.0 5
1727093517784 140.0 5
1727093517871 150.0 5
1727093517959 160.0 5
1727093518053 170.0 5
1727093518139 180.0 5
1727093518231 190.0 5
1727093518329 200.0 10
1727093518418 210.0 10
1727093518507 220.0 10
1727093518595 230.0 10
1727093518682 240.0 10
1727093518771 250.0 10
1727093518863 260.0 10
1727093518952 270.0 10
1727093519040 280.0 10
1727093519128 290.0 10
1727093519220 300.0 15
1727093519308 310.0 15
1727093519396 320.0 15
1727093519485 330.0 15
1727093519574 340.0 15
1727093519662 350.0 15
1727093519751 360.0 15
1727093519838 370.0 15
1727093519928 380.0 15
1727093520016 390.0 15
1727093520105 400.0 20
