1726891227074 0.0 0
1726891227195 10.0 0
1726891227315 20.0 0
1726891227433 30.0 0
1726891227554 40.0 0
1726891227675 50.0 0
1726891227794 60.0 0
1726891227912 70.0 0
1726891228034 80.0 0
1726891228156 90.0 0
1726891228277 100.0 1
1726891228403 110.0 1
1726891228523 120.0 1
1726891228645 130.0 1
1726891228769 140.0 1
1726891228889 150.0 1
1726891229018 160.0 1
1726891229140 170.0 1
1726891229318 180.0 1
1726891230291 0.0 0
1726891230413 10.0 0
1726891230538 20.0 0
1726891230657 30.0 0
1726891230780 40.0 0
1726891230902 50.0 0
1726891231022 60.0 0
1726891231141 70.0 0
1726891231260 80.0 0
1726891231381 90.0 0
1726891231500 100.0 2
1726891231622 110.0 2
1726891231743 120.0 2
1726891231866 130.0 2
1726891231987 140.0 2
1726891232105 150.0 2
1726891232224 160.0 2
1726891232344 170.0 2
1726891232468 180.0 2
1726891233542 0.0 0
1726891233661 10.0 0
1726891233779 20.0 0
1726891233901 30.0 0
1726891234023 40.0 0
1726891234142 50.0 0
1726891234260 60.0 0
1726891234379 70.0 0
1726891234499 80.0 0
1726891234625 90.0 0
1726891234744 100.0 3
1726891234864 110.0 3
1726891234990 120.0 3
1726891235112 130.0 3
1726891235235 140.0 3
1726891235356 150.0 3
1726891235474 160.0 3
1726891235596 170.0 3
1726891235714 180.0 3
1726891236751 0.0 0
1726891236871 10.0 0
1726891236991 20.0 0
1726891237111 30.0 0
1726891237229 40.0 0
1726891237345 50.0 0
1726891237462 60.0 0
1726891237582 70.0 0
1726891237699 80.0 0
1726891237818 90.0 0
1726891237937 100.0 4
1726891238066 110.0 4
1726891238186 120.0 4
1726891238303 130.0 4
1726891238420 140.0 4
1726891238537 150.0 4
1726891238664 160.0 4
1726891238783 170.0 4
1726891238902 180.0 4
