1726775071151 64.544785 0
1726775071248 3.25585 0
1726775071343 1.525937 0
1726775071437 2.017846 0
1726775071529 44.595749 0
1726775071621 4.8182 0
1726775071712 6.866284 0
1726775071804 2.190219 0
1726775071896 4.627996 0
1726775071988 1.208463 0
1726775072081 2.905736 1
1726775072173 1.814748 1
1726775072267 5.633989 1
1726775072359 23.731226 1
1726775072450 3.11886 1
1726775072542 3.13835 1
1726775072633 1.943338 1
1726775072726 2.319541 1
1726775072825 1.303513 1
1726775072920 1.376583 1
1726775073936 22.851786 0
1726775074038 2.138611 0
1726775074134 1.591407 0
1726775074227 6.583995 0
1726775074321 5.64051 0
1726775074415 0.763644 0
1726775074505 4.257532 0
1726775074597 1.802419 0
1726775074689 23.677525 0
1726775074779 0.917294 0
1726775074879 3.61592 2
1726775074972 2.470113 2
1726775075063 9.079475 2
1726775075156 1.586591 2
1726775075248 8.165781 2
1726775075338 1.803074 2
1726775075430 1.150248 2
1726775075521 1.454495 2
1726775075612 0.837758 2
1726775075703 1.125358 2
1726775076830 6.211144 0
1726775076938 12.81362 0
1726775077031 8.148216 0
1726775077122 4.052577 0
1726775077212 4.588691 0
1726775077304 0.627907 0
1726775077396 7.579946 0
1726775077487 73.267097 0
1726775077580 26.7766 0
1726775077672 1.869635 0
1726775077763 6.42611 3
1726775077855 12.811103 3
1726775077947 6.886752 3
1726775078038 5.336394 3
1726775078130 4.867952 3
1726775078228 1.46645 3
1726775078323 1.238271 3
1726775078417 6.283902 3
1726775078513 0.904752 3
1726775078606 1.532924 3
1726775079637 1.643435 0
1726775079740 3.528561 0
1726775079834 2.611077 0
1726775079927 6.385227 0
1726775080020 1.725212 0
1726775080112 1.052702 0
1726775080205 0.986045 0
1726775080296 1.882642 0
1726775080389 22.278185 0
1726775080481 12.47909 0
1726775080576 4.673412 4
1726775080669 11.479875 4
1726775080762 4.294685 4
1726775080855 1.287733 4
1726775080946 9.546692 4
1726775081049 1.949158 4
1726775081147 0.697505 4
1726775081242 2.356964 4
1726775081335 1.356002 4
1726775081428 1.305337 4
1726775082447 1.045638 0
1726775082543 2.044186 0
1726775082638 2.563312 0
1726775082730 3.037095 0
1726775082822 3.119683 0
1726775082913 1.66322 0
1726775083008 1.281589 0
1726775083112 1.857605 0
1726775083205 3.322319 0
1726775083297 1.470485 0
1726775083388 7.14593 5
1726775083480 138.068497 5
1726775083572 4.587984 5
1726775083663 1.001173 5
1726775083756 4.698205 5
1726775083850 2.294593 5
1726775083946 0.758931 5
1726775084041 1.987898 5
1726775084134 0.998091 5
1726775084228 1.124794 5
