1726915124543 4.181898 0
1726915124693 14.984056 0
1726915124835 11.051833 0
1726915124977 2.022483 0
1726915125121 30.315765 0
1726915125269 8.05905 0
1726915125415 4.405723 0
1726915125557 6.921815 0
1726915125701 3.426044 0
1726915125843 1.96699 0
1726915125989 0.934578 1
1726915127021 3.372437 0
1726915127164 3.468132 0
1726915127308 10.896104 0
1726915127451 0.181618 0
1726915127594 23.043419 0
1726915127736 2.188957 0
1726915127879 3.602476 0
1726915128025 1.591835 0
1726915128170 1.158568 0
1726915128314 1.13682 0
1726915128457 0.501146 2
1726915129354 1.734553 0
1726915129498 2.083387 0
1726915129639 7.537996 0
1726915129781 0.19681 0
1726915129924 2.673213 0
1726915130070 2.524711 0
1726915130213 2.100241 0
1726915130355 1.173292 0
1726915130498 0.760656 0
1726915130642 1.290596 0
1726915130784 0.553244 3
1726915131678 2.257702 0
1726915131825 4.801619 0
1726915131968 11.511404 0
1726915132118 0.442473 0
1726915132260 3.995379 0
1726915132411 3.912191 0
1726915132555 2.414553 0
1726915132700 0.797587 0
1726915132844 1.832103 0
1726915132989 1.352172 0
1726915133131 0.630164 4
1726915134021 8.08458 0
1726915134168 2.641717 0
1726915134315 4.577666 0
1726915134457 0.329752 0
1726915134600 9.075039 0
1726915134742 5.533896 0
1726915134885 2.20773 0
1726915135028 1.051016 0
1726915135171 0.900302 0
1726915135314 0.996609 0
1726915135457 6.005293 5
1726915136355 3.467665 0
1726915136499 3.219923 0
1726915136643 12.710073 0
1726915136786 0.368871 0
1726915136929 4.922103 0
1726915137072 3.437189 0
1726915137215 1.87144 0
1726915137358 0.995197 0
1726915137502 0.877531 0
1726915137645 0.9288 0
1726915137788 0.876373 6
1726915138681 22.292038 0
1726915138825 1.944342 0
1726915138969 7.584671 0
1726915139113 0.426973 0
1726915139255 107.818405 0
1726915139398 3.943178 0
1726915139541 2.109428 0
1726915139685 2.716426 0
1726915139829 0.779789 0
1726915139972 0.997584 0
1726915140114 0.61712 7
1726915141016 42.267666 0
1726915141162 2.060325 0
1726915141305 6.877417 0
1726915141447 0.33561 0
1726915141590 7.432623 0
1726915141733 3.334675 0
1726915141877 2.555048 0
1726915142021 0.924069 0
1726915142164 1.037116 0
1726915142311 1.173971 0
1726915142456 0.493876 8
1726915143361 13.79134 0
1726915143508 6.605093 0
1726915143651 6.234029 0
1726915143793 0.306748 0
1726915143937 3.194085 0
1726915144081 20.907137 0
1726915144225 2.070503 0
1726915144372 1.243317 0
1726915144515 1.110158 0
1726915144657 1.412925 0
1726915144800 0.474437 9
1726915145693 4.588655 0
1726915145839 3.055768 0
1726915145983 5.976282 0
1726915146127 0.302957 0
1726915146272 3.149173 0
1726915146420 3.528481 0
1726915146564 4.608271 0
1726915146707 0.983453 0
1726915146849 0.611485 0
1726915146992 1.634935 0
1726915147135 1.235773 10
