1727097254994 1.0 0
1727097255085 1.0 0
1727097255176 1.0 0
1727097255264 1.0 0
1727097255351 1.0 0
1727097255437 1.0 0
1727097255523 1.0 0
1727097255610 1.0 0
1727097255700 1.0 0
1727097255787 1.0 0
1727097255877 1.0 1
1727097255971 1.0 1
1727097256060 1.0 1
1727097256150 1.0 1
1727097256247 1.0 1
1727097256342 1.0 1
1727097256446 1.0 1
1727097256545 1.0 1
1727097256640 1.0 1
1727097256733 1.0 1
1727097257502 1.0 0
1727097257592 1.0 0
1727097257687 1.0 0
1727097257777 1.0 0
1727097257869 1.0 0
1727097257956 1.0 0
1727097258049 1.0 0
1727097258140 1.0 0
1727097258229 1.0 0
1727097258318 1.0 0
1727097258412 1.0 2
1727097258517 1.0 2
1727097258606 1.0 2
1727097258698 1.0 2
1727097258787 1.0 2
1727097258881 1.0 2
1727097258972 1.0 2
1727097259061 1.0 2
1727097259150 1.0 2
1727097259239 1.0 2
1727097259962 1.0 0
1727097260052 1.0 0
1727097260141 1.0 0
1727097260231 1.0 0
1727097260318 1.0 0
1727097260415 1.0 0
1727097260508 1.0 0
1727097260596 1.0 0
1727097260682 1.0 0
1727097260777 1.0 0
1727097260870 1.0 3
1727097260960 1.0 3
1727097261056 1.0 3
1727097261146 1.0 3
1727097261236 1.0 3
1727097261323 1.0 3
1727097261410 1.0 3
1727097261507 1.0 3
1727097261605 1.0 3
1727097261694 1.0 3
1727097262394 1.0 0
1727097262502 1.0 0
1727097262592 1.0 0
1727097262678 1.0 0
1727097262768 1.0 0
1727097262858 1.0 0
1727097262953 1.0 0
1727097263041 1.0 0
1727097263128 1.0 0
1727097263216 1.0 0
1727097263305 1.0 4
1727097263396 1.0 4
1727097263486 1.0 4
1727097263577 1.0 4
1727097263662 1.0 4
1727097263754 1.0 4
1727097263843 1.0 4
1727097263933 1.0 4
1727097264023 1.0 4
1727097264116 1.0 4
1727097264819 1.0 0
1727097264912 1.0 0
1727097265004 1.0 0
1727097265096 1.0 0
1727097265186 1.0 0
1727097265275 1.0 0
1727097265363 1.0 0
1727097265455 1.0 0
1727097265545 1.0 0
1727097265634 1.0 0
1727097265724 1.0 5
1727097265814 1.0 5
1727097265905 1.0 5
1727097265995 1.0 5
1727097266084 1.0 5
1727097266176 1.0 5
1727097266268 1.0 5
1727097266352 1.0 5
1727097266440 1.0 5
1727097266531 1.0 5
