1727097254981 0.007684 0
1727097255071 0.000416 0
1727097255163 0.000446 0
1727097255250 0.000402 0
1727097255338 0.000284 0
1727097255424 0.000101 0
1727097255510 0.000167 0
1727097255596 0.000244 0
1727097255687 0.000101 0
1727097255774 0.00013 0
1727097255863 8.8e-05 1
1727097255956 0.000125 1
1727097256047 0.000133 1
1727097256136 0.00016 1
1727097256232 7.6e-05 1
1727097256328 0.000135 1
1727097256431 0.000122 1
1727097256530 0.000149 1
1727097256626 0.000123 1
1727097256718 0.000166 1
1727097257488 0.000901 0
1727097257579 0.000504 0
1727097257673 8e-05 0
1727097257763 7.5e-05 0
1727097257855 8.5e-05 0
1727097257942 7.6e-05 0
1727097258035 9.2e-05 0
1727097258126 0.000125 0
1727097258216 5.2e-05 0
1727097258304 5.2e-05 0
1727097258399 9.5e-05 2
1727097258503 3e-05 2
1727097258593 6.3e-05 2
1727097258684 4e-05 2
1727097258774 3.3e-05 2
1727097258867 2.5e-05 2
1727097258958 9.8e-05 2
1727097259047 6.6e-05 2
1727097259137 7.8e-05 2
1727097259225 6.3e-05 2
1727097259948 0.000421 0
1727097260038 0.000148 0
1727097260127 5.1e-05 0
1727097260217 3e-05 0
1727097260305 3.7e-05 0
1727097260399 1.7e-05 0
1727097260494 1.5e-05 0
1727097260582 1.8e-05 0
1727097260669 2.7e-05 0
1727097260763 2.2e-05 0
1727097260855 1.4e-05 3
1727097260947 1.8e-05 3
1727097261042 1.9e-05 3
1727097261132 1.1e-05 3
1727097261222 1.5e-05 3
1727097261309 1.9e-05 3
1727097261396 1.4e-05 3
1727097261490 1.9e-05 3
1727097261591 2.3e-05 3
1727097261680 2e-05 3
1727097262380 0.00012 0
1727097262488 4e-05 0
1727097262578 2.1e-05 0
1727097262665 1.4e-05 0
1727097262754 8e-06 0
1727097262844 1.3e-05 0
1727097262939 1.2e-05 0
1727097263028 8e-06 0
1727097263115 1.7e-05 0
1727097263202 9e-06 0
1727097263291 8e-06 4
1727097263382 2.2e-05 4
1727097263473 1.6e-05 4
1727097263564 1e-05 4
1727097263649 1.2e-05 4
1727097263740 7e-06 4
1727097263830 7e-06 4
1727097263918 1.5e-05 4
1727097264009 8e-06 4
1727097264102 1.2e-05 4
1727097264805 2.8e-05 0
1727097264897 1.8e-05 0
1727097264990 1e-05 0
1727097265082 9e-06 0
1727097265172 7e-06 0
1727097265261 4e-06 0
1727097265349 6e-06 0
1727097265441 9e-06 0
1727097265531 3.4e-05 0
1727097265620 4e-06 0
1727097265710 7e-06 5
1727097265800 7e-06 5
1727097265891 8e-06 5
1727097265981 5e-06 5
1727097266070 5e-06 5
1727097266162 6e-06 5
1727097266254 5e-06 5
1727097266339 5e-06 5
1727097266426 5e-06 5
1727097266517 1.2e-05 5
