1727103105982 22.236015 0
1727103106114 17.32991 0
1727103106240 5.975567 0
1727103106640 45.092903 0
1727103106769 12.693916 0
1727103106901 6.55644 0
1727103107270 29.326088 0
1727103107396 16.262289 0
1727103107520 6.841515 0
1727103107874 70.034012 0
1727103107984 93.849419 0
1727103108109 7.245507 0
1727103108459 178.303116 0
1727103108590 152.153397 0
1727103108715 8.329058 0
1727103109082 242.218506 0
1727103109207 131.382874 0
1727103109336 9.047356 0
1727103109679 56.141357 0
1727103109806 43.045925 0
1727103109934 9.834784 0
1727103110297 240.031769 0
1727103110422 98.687698 0
1727103110549 11.230577 0
1727103110921 74.534637 0
1727103111047 83.853378 0
1727103111171 12.31039 0
1727103111523 92.058052 0
1727103111644 109.995255 0
1727103111765 16.556198 0
