1726807132398 12.92917 0
1726807132500 4.036736 0
1726807132600 1.727375 0
1726807132700 1.098446 0
1726807132803 1.303528 0
1726807132904 1.575603 0
1726807133005 1.301605 0
1726807133104 1.307654 0
1726807133204 1.403041 0
1726807133304 1.053443 0
1726807133403 0.864559 1
1726807133502 0.724717 1
1726807133602 0.85772 1
1726807133711 0.897212 1
1726807133813 1.691328 1
1726807133915 0.986148 1
1726807134014 0.553158 1
1726807134114 0.546492 1
1726807134215 10.1629 1
1726807134316 55.197159 1
1726807134417 6.133267 2
1726807134517 3.548751 2
1726807134617 20.610466 2
1726807134717 8.25238 2
1726807134819 2.469506 2
1726807134920 2.623632 2
1726807135019 2.715074 2
1726807135120 5.534253 2
1726807135219 6.55691 2
1726807135319 2.516453 2
1726807135421 2.122225 3
1726807135521 0.651679 3
1726807135620 0.509073 3
1726807135729 1.770074 3
1726807135829 23.8473 3
1726807135931 0.947091 3
1726807136032 0.799308 3
1726807136133 1.515774 3
1726807136238 1.717745 3
1726807136340 2.756568 3
1726807136441 3.877098 4
1726807136549 2.368333 4
1726807136650 2.94872 4
1726807136801 0.816373 4
1726807136900 1.763268 4
1726807137000 4.455963 4
1726807137100 0.537013 4
1726807139487 2.282282 0
1726807139590 16.123327 0
1726807139692 1.945969 0
1726807139801 0.748285 0
1726807139902 0.338243 0
1726807140003 1.876429 0
1726807140103 4.610149 0
1726807140208 0.341303 0
1726807140311 2.715614 0
1726807140412 0.813372 0
1726807140512 0.213198 2
1726807140612 0.618632 2
1726807140713 0.335574 2
1726807140815 55.751438 2
1726807140916 0.808279 2
1726807141017 0.412108 2
1726807141117 0.216002 2
1726807141217 0.419613 2
1726807141318 1.991036 2
1726807141418 1.642795 2
1726807141522 1.463748 4
1726807141623 0.633661 4
1726807141722 0.908448 4
1726807141829 0.857788 4
1726807141934 0.745834 4
1726807142039 2.530716 4
1726807142141 3.320954 4
1726807142253 0.731313 4
1726807142354 11.649244 4
1726807142453 0.61809 4
1726807142554 0.774363 6
1726807142654 0.7861 6
1726807142754 0.903149 6
1726807142856 0.498272 6
1726807142956 1.735305 6
1726807143058 0.614009 6
1726807143158 1.029795 6
1726807143259 1.024471 6
1726807143360 0.907267 6
1726807143460 0.817191 6
1726807143560 1.224408 8
1726807143659 1.750718 8
1726807143759 1.357174 8
1726807143868 1.35247 8
1726807143969 2.774099 8
1726807144083 5.034854 8
1726807144185 0.539661 8
1726807146569 0.725115 0
1726807146675 0.457845 0
1726807146775 2.160781 0
1726807146876 0.554726 0
1726807146977 0.36104 0
1726807147076 3.537992 0
1726807147176 1.837713 0
1726807147276 0.680444 0
1726807147374 6.214441 0
1726807147476 2.083382 0
1726807147579 0.240569 3
1726807147685 0.543876 3
1726807147788 0.294951 3
1726807147891 0.634009 3
1726807148000 1.385634 3
1726807148101 0.487875 3
1726807148202 0.303595 3
1726807148305 0.589092 3
1726807148406 13.756927 3
1726807148506 1.477176 3
1726807148606 1.542005 6
1726807148705 0.732793 6
1726807148806 0.871337 6
1726807148906 1.555571 6
1726807149006 0.667895 6
1726807149106 2.59274 6
1726807149206 19.914356 6
1726807149308 3.752707 6
1726807149409 10.756837 6
1726807149509 1.405467 6
1726807149608 1.393101 9
1726807149709 0.630542 9
1726807149808 0.642017 9
1726807149909 0.540795 9
1726807150018 2.061153 9
1726807150122 0.902636 9
1726807150224 1.199994 9
1726807150325 2.705171 9
1726807150430 1.323373 9
1726807150530 1.101535 9
1726807150630 5.256375 12
1726807150729 2.761574 12
1726807150830 14.011652 12
1726807150931 1.612659 12
1726807151033 2.435478 12
1726807151134 2.009578 12
1726807151234 0.650399 12
1726807153642 3.038113 0
1726807153754 0.932145 0
1726807153859 13.094748 0
1726807153959 0.537408 0
1726807154060 0.402583 0
1726807154166 1.356858 0
1726807154267 2.918197 0
1726807154369 0.357327 0
1726807154470 2.651557 0
1726807154571 0.82386 0
1726807154674 0.229432 4
1726807154776 2.320704 4
1726807154880 0.384289 4
1726807154982 1.540404 4
1726807155085 0.819458 4
1726807155185 0.402839 4
1726807155287 0.203906 4
1726807155388 0.447499 4
1726807155488 3.935247 4
1726807155588 1.138713 4
1726807155686 1.589068 8
1726807155786 1.126677 8
1726807155887 0.862529 8
1726807155987 1.236547 8
1726807156087 0.622525 8
1726807156198 1.463762 8
1726807156300 3.246362 8
1726807156402 2.624078 8
1726807156505 2.740345 8
1726807156609 11.362158 8
1726807156712 85.703178 12
1726807156812 0.627936 12
1726807156912 0.565947 12
1726807157013 0.503272 12
1726807157113 3.073689 12
1726807157215 0.553414 12
1726807157320 0.839347 12
1726807157424 9.405017 12
1726807157528 3.545504 12
1726807157632 1.10879 12
1726807157737 3.610422 16
1726807157842 4.22248 16
1726807157943 2.06202 16
1726807158045 5.659419 16
1726807158147 3.531151 16
1726807158253 7.278852 16
1726807158354 0.54426 16
1726807160707 5.393694 0
1726807160817 6.922308 0
1726807160917 2.338661 0
1726807161020 0.797775 0
1726807161120 0.472651 0
1726807161222 1.348207 0
1726807161326 2.487167 0
1726807161430 0.286729 0
1726807161534 3.217154 0
1726807161636 0.75962 0
1726807161742 0.208833 5
1726807161845 0.931642 5
1726807161948 0.348029 5
1726807162050 1.058128 5
1726807162157 0.936471 5
1726807162267 0.341468 5
1726807162376 0.203144 5
1726807162478 0.567273 5
1726807162581 2.808549 5
1726807162683 1.145653 5
1726807162784 0.95805 10
1726807162886 0.940368 10
1726807162986 1.159421 10
1726807163090 5.211934 10
1726807163194 0.830669 10
1726807163314 3.175052 10
1726807163444 4.550649 10
1726807163547 2.169928 10
1726807163647 4.380133 10
1726807163747 1.066846 10
1726807163849 1.118183 15
1726807163951 16.112061 15
1726807164051 0.584378 15
1726807164150 0.501985 15
1726807164250 2.301881 15
1726807164361 1.265405 15
1726807164462 1.413975 15
1726807164562 1.423371 15
1726807164664 1.797449 15
1726807164764 0.977261 15
1726807164864 2.377996 20
1726807164964 1.83028 20
1726807165064 1.74282 20
1726807165164 1.659405 20
1726807165269 8.137243 20
1726807165373 12.370011 20
1726807165478 0.914764 20
1726807167888 5.112314 0
1726807167990 1.21665 0
1726807168089 4.733747 0
1726807168189 0.617974 0
1726807168288 0.492202 0
1726807168393 1.859191 0
1726807168496 2.437641 0
1726807168595 0.333678 0
1726807168698 3.388533 0
1726807168798 1.333263 0
1726807168907 0.230942 6
1726807169008 1.686661 6
1726807169110 0.345925 6
1726807169209 1.427718 6
1726807169308 0.828356 6
1726807169410 0.387883 6
1726807169512 0.207333 6
1726807169613 0.819595 6
1726807169713 31.8141 6
1726807169812 1.861336 6
1726807169912 1.045951 12
1726807170011 0.65871 12
1726807170109 0.770221 12
1726807170209 1.318662 12
1726807170311 0.61664 12
1726807170411 1.288043 12
1726807170523 7.560761 12
1726807170627 2.396181 12
1726807170728 2.860148 12
1726807170828 1.144102 12
1726807170928 0.681874 18
1726807171030 1.262253 18
1726807171130 0.544516 18
1726807171230 0.481667 18
1726807171331 7.685109 18
1726807171433 0.567868 18
1726807171533 0.84642 18
1726807171633 4.245554 18
1726807171733 1.370149 18
1726807171834 0.87343 18
1726807171937 2.355839 24
1726807172038 3.412394 24
1726807172137 1.555428 24
1726807172237 1.412045 24
1726807172337 6.366441 24
1726807172436 3.046685 24
1726807172545 0.647507 24
1726807175022 3.593627 0
1726807175127 1.002453 0
1726807175225 4.886886 0
1726807175329 0.547302 0
1726807175431 0.444618 0
1726807175532 3.164824 0
1726807175631 2.642375 0
1726807175735 0.315965 0
1726807175838 3.813538 0
1726807175939 0.842252 0
1726807176044 0.216266 7
1726807176147 1.177021 7
1726807176248 0.33268 7
1726807176350 1.063563 7
1726807176452 0.835061 7
1726807176553 0.38495 7
1726807176660 0.223118 7
1726807176762 2.184931 7
1726807176864 4.66746 7
1726807176964 1.130725 7
1726807177063 0.916216 14
1726807177163 0.640331 14
1726807177262 0.807636 14
1726807177362 1.238713 14
1726807177462 0.644514 14
1726807177569 1.451888 14
1726807177670 4.082569 14
1726807177770 3.027081 14
1726807177871 7.130392 14
1726807177972 1.337017 14
1726807178073 0.639449 21
1726807178176 1.1132 21
1726807178278 0.557894 21
1726807178378 0.499737 21
1726807178480 2.184983 21
1726807178580 0.663634 21
1726807178692 0.676445 21
1726807178796 14.640007 21
1726807178899 1.153271 21
1726807178999 0.848024 21
1726807179100 2.45181 28
1726807179200 2.960851 28
1726807179300 2.821384 28
1726807179400 1.336526 28
1726807179501 3.198635 28
1726807179604 15.861547 28
1726807179712 0.650073 28
1726807182101 2.016673 0
1726807182206 0.899662 0
1726807182308 8.492832 0
1726807182412 0.51922 0
1726807182513 0.457352 0
1726807182617 2.939509 0
1726807182726 7.45294 0
1726807182829 0.326595 0
1726807182929 4.529092 0
1726807183031 0.900369 0
1726807183139 0.199183 8
1726807183241 2.10008 8
1726807183348 0.319778 8
1726807183451 1.469196 8
1726807183556 0.811936 8
1726807183656 0.365055 8
1726807183756 0.203088 8
1726807183863 1.130206 8
1726807183964 3.481149 8
1726807184063 1.149956 8
1726807184162 1.373033 16
1726807184261 0.600561 16
1726807184373 0.747241 16
1726807184474 1.340146 16
1726807184575 0.735219 16
1726807184678 1.487539 16
1726807184786 16.953287 16
1726807184891 1.5148 16
1726807184991 2.719352 16
1726807185091 2.277031 16
1726807185189 0.693426 24
1726807185287 0.95488 24
1726807185390 0.59879 24
1726807185492 0.476338 24
1726807185594 6.517552 24
1726807185694 7.859249 24
1726807185793 2.322224 24
1726807185893 5.05193 24
1726807185995 2.293696 24
1726807186098 0.956404 24
1726807186200 3.331842 32
1726807186300 1.654842 32
1726807186400 7.471093 32
1726807186499 1.344441 32
1726807186603 1.772643 32
1726807186706 7.42531 32
1726807186814 0.606932 32
1726807189192 2.09988 0
1726807189300 1.305972 0
1726807189402 3.468212 0
1726807189503 0.639755 0
1726807189606 0.610021 0
1726807189708 3.457734 0
1726807189812 2.348589 0
1726807189915 0.313641 0
1726807190017 2.49996 0
1726807190116 0.909553 0
1726807190221 0.213862 9
1726807190323 0.840657 9
1726807190424 0.3113 9
1726807190528 1.47641 9
1726807190630 0.864757 9
1726807190730 0.346967 9
1726807190832 0.195635 9
1726807190942 1.178352 9
1726807191046 3.068039 9
1726807191148 1.071712 9
1726807191250 0.713143 18
1726807191351 0.638769 18
1726807191454 1.452949 18
1726807191554 2.077749 18
1726807191654 0.690702 18
1726807191753 1.866425 18
1726807191852 20.981644 18
1726807191951 2.573472 18
1726807192052 8.02943 18
1726807192150 1.022563 18
1726807192250 0.511724 27
1726807192349 9.259406 27
1726807192452 5.485906 27
1726807192557 0.508251 27
1726807192659 2.16604 27
1726807192759 0.554699 27
1726807192859 1.210852 27
1726807192967 3.653846 27
1726807193071 1.22544 27
1726807193172 0.839225 27
1726807193272 1.991042 36
1726807193375 4.042744 36
1726807193475 1.984387 36
1726807193581 2.241926 36
1726807193681 10.021377 36
1726807193782 13.282401 36
1726807193885 0.57597 36
1726807196273 1.580257 0
1726807196377 1.033173 0
1726807196477 5.673499 0
1726807196577 0.599056 0
1726807196677 0.511675 0
1726807196777 4.776573 0
1726807196877 10.228313 0
1726807196977 0.346291 0
1726807197084 4.134622 0
1726807197188 1.120509 0
1726807197292 0.207628 10
1726807197393 1.25366 10
1726807197495 0.323131 10
1726807197594 1.401044 10
1726807197693 0.824378 10
1726807197796 0.350498 10
1726807197899 0.188639 10
1726807198000 13.825719 10
1726807198100 4.767389 10
1726807198201 2.240166 10
1726807198302 0.827864 20
1726807198403 0.62089 20
1726807198505 0.890696 20
1726807198605 1.089913 20
1726807198706 0.640821 20
1726807198807 1.577615 20
1726807198908 3.026781 20
1726807199009 2.013499 20
1726807199117 7.124498 20
1726807199217 0.753273 20
1726807199318 0.586028 30
1726807199418 7.918397 30
1726807199521 0.76564 30
1726807199626 0.500249 30
1726807199728 8.289616 30
1726807199831 1.09971 30
1726807199931 0.754585 30
1726807200030 2.484267 30
1726807200130 1.449144 30
1726807200230 0.844966 30
1726807200335 2.537565 40
1726807200435 3.544104 40
1726807200535 1.919374 40
1726807200633 10.518394 40
1726807200733 3.152684 40
1726807200834 4.010885 40
1726807200938 0.725091 40
