1726772772649 1.112347 0
1726772772745 1.303576 0
1726772772844 1.961114 0
1726772772937 0.652549 0
1726772773028 0.397886 0
1726772773127 1.186114 0
1726772773221 0.354446 0
1726772773313 0.237931 0
1726772773403 0.327588 0
1726772773493 0.410016 0
1726772773585 0.18325 1
1726772773675 0.320597 1
1726772773766 0.32446 1
1726772773855 0.3275 1
1726772773947 0.326944 1
1726772774038 0.182598 1
1726772774128 0.20105 1
1726772774220 0.169799 1
1726772774311 0.136256 1
1726772774402 0.336698 1
1726772774493 0.649473 2
1726772774584 0.169501 2
1726772775756 0.893174 0
1726772775852 0.451689 0
1726772775945 0.825764 0
1726772776037 0.325826 0
1726772776133 0.172811 0
1726772776227 0.801943 0
1726772776320 0.377825 0
1726772776414 0.238363 0
1726772776508 0.266964 0
1726772776602 0.288594 0
1726772776694 0.161313 2
1726772776787 0.285969 2
1726772776880 0.334095 2
1726772776972 0.216079 2
1726772777064 0.413908 2
1726772777175 0.240318 2
1726772777269 0.194843 2
1726772777364 0.16759 2
1726772777456 0.123046 2
1726772777551 0.372955 2
1726772777644 0.567051 4
1726772777736 0.190036 4
1726772778864 0.225958 0
1726772778967 0.391546 0
1726772779059 0.825683 0
1726772779151 0.261974 0
1726772779251 0.165494 0
1726772779344 0.649973 0
1726772779436 0.347042 0
1726772779527 0.16905 0
1726772779618 0.19435 0
1726772779708 0.202632 0
1726772779800 0.16981 3
1726772779890 0.254485 3
1726772779981 0.333045 3
1726772780072 0.155184 3
1726772780164 0.402477 3
1726772780256 0.196847 3
1726772780347 0.168791 3
1726772780436 0.149671 3
1726772780527 0.113908 3
1726772780621 0.343843 3
1726772780713 0.575594 6
1726772780804 0.171339 6
1726772781952 0.129655 0
1726772782056 0.384341 0
1726772782149 0.973659 0
1726772782245 0.332643 0
1726772782344 0.158256 0
1726772782438 0.752904 0
1726772782530 0.299956 0
1726772782624 0.22651 0
1726772782717 0.226797 0
1726772782813 0.272429 0
1726772782907 0.158009 4
1726772782999 0.293415 4
1726772783090 0.332688 4
1726772783183 0.156346 4
1726772783280 0.415397 4
1726772783376 0.217493 4
1726772783468 0.15856 4
1726772783560 0.142731 4
1726772783652 0.107606 4
1726772783744 0.41459 4
1726772783834 0.577236 8
1726772783926 0.174191 8
1726772785038 0.170446 0
1726772785136 0.369673 0
1726772785230 0.779285 0
1726772785328 0.260592 0
1726772785426 0.161885 0
1726772785520 0.542593 0
1726772785614 0.259527 0
1726772785708 0.1335 0
1726772785804 0.203309 0
1726772785898 0.224704 0
1726772785989 0.151017 5
1726772786082 0.2091 5
1726772786173 0.299807 5
1726772786263 0.167674 5
1726772786355 0.374267 5
1726772786445 0.191044 5
1726772786537 0.146257 5
1726772786628 0.201445 5
1726772786718 0.107151 5
1726772786810 0.266986 5
1726772786901 0.497778 10
1726772786992 0.173223 10
1726772788216 0.107964 0
1726772788319 0.321752 0
1726772788411 0.697956 0
1726772788502 0.290095 0
1726772788594 0.155021 0
1726772788686 0.784154 0
1726772788777 0.283046 0
1726772788871 0.142189 0
1726772788962 0.220209 0
1726772789058 0.184426 0
1726772789152 0.143948 6
1726772789250 0.273618 6
1726772789344 0.310869 6
1726772789445 0.155368 6
1726772789538 0.373316 6
1726772789631 0.180717 6
1726772789722 0.155558 6
1726772789813 0.132419 6
1726772789906 0.109073 6
1726772789997 0.376133 6
1726772790089 0.594718 12
1726772790181 0.172005 12
1726772791304 0.140772 0
1726772791405 0.362034 0
1726772791507 0.561559 0
1726772791599 0.365834 0
1726772791692 0.170911 0
1726772791785 0.547465 0
1726772791881 0.245616 0
1726772791974 0.130386 0
1726772792066 0.197473 0
1726772792158 0.266752 0
1726772792249 0.181748 7
1726772792343 0.219434 7
1726772792435 0.303282 7
1726772792533 0.146443 7
1726772792628 0.351607 7
1726772792720 0.188212 7
1726772792814 0.157054 7
1726772792910 0.17841 7
1726772793003 0.097533 7
1726772793095 0.285124 7
1726772793186 0.517587 14
1726772793278 0.175327 14
