1727128950630 0.934391 0
1727128950869 0.069007 0
1727128951108 0.370951 0
1727128951350 0.069799 0
1727128951589 0.143373 0
1727128951829 0.588531 0
1727128952068 0.093142 0
1727128952308 0.159736 0
1727128952548 0.162368 0
1727128952788 0.044639 0
1727128953028 0.154607 1
1727128953266 0.220999 1
1727128953506 0.113695 1
1727128953746 0.554067 1
1727128953986 1.94504 1
1727128954226 1.183235 1
1727128954509 0.198505 1
1727128957541 0.193972 0
1727128957822 0.039316 0
1727128958062 0.369486 0
1727128958303 0.059705 0
1727128958543 0.090787 0
1727128958784 0.147444 0
1727128959024 0.09641 0
1727128959264 0.123707 0
1727128959505 0.160614 0
1727128959745 0.052098 0
1727128959986 0.152567 2
1727128960227 0.272633 2
1727128960465 0.332037 2
1727128960705 0.366423 2
1727128960945 1.283616 2
1727128961185 0.750754 2
1727128961424 0.189082 2
1727128964328 0.02164 0
1727128964614 0.062787 0
1727128964852 0.415043 0
1727128965088 0.124381 0
1727128965324 0.095721 0
1727128965560 0.192801 0
1727128965802 0.08163 0
1727128966041 0.128493 0
1727128966276 0.176453 0
1727128966514 0.053184 0
1727128966752 0.133189 3
1727128966992 0.364171 3
1727128967234 0.319735 3
1727128967472 0.230296 3
1727128967707 1.489098 3
1727128967939 0.568588 3
1727128968179 0.194615 3
1727128971674 0.107424 0
1727128971936 0.06814 0
1727128972175 0.448708 0
1727128972416 0.099832 0
1727128972654 0.112234 0
1727128972894 0.198945 0
1727128973133 0.060474 0
1727128973371 0.133019 0
1727128973612 0.167902 0
1727128973850 0.058405 0
1727128974088 0.162156 4
1727128974326 0.38417 4
1727128974565 0.185868 4
1727128974804 0.167678 4
1727128975044 1.352488 4
1727128975283 0.536146 4
1727128975521 0.349411 4
1727128978421 0.083498 0
1727128978691 0.05774 0
1727128978931 0.445497 0
1727128979172 0.118577 0
1727128979412 0.112496 0
1727128979652 0.196743 0
1727128979891 0.070045 0
1727128980132 0.127959 0
1727128980372 0.158859 0
1727128980613 0.04767 0
1727128980853 0.17042 5
1727128981094 0.393645 5
1727128981334 0.14693 5
1727128981574 0.228795 5
1727128981815 1.296751 5
1727128982056 0.501329 5
1727128982296 0.242742 5
1727128985214 0.721517 0
1727128985475 0.039277 0
1727128985714 0.323896 0
1727128985953 0.069684 0
1727128986196 0.102267 0
1727128986438 0.183409 0
1727128986679 0.079568 0
1727128986920 0.135968 0
1727128987161 0.18029 0
1727128987402 0.069133 0
1727128987641 0.146387 6
1727128987882 0.494209 6
1727128988122 0.178245 6
1727128988362 0.237629 6
1727128988601 1.126888 6
1727128988842 0.435357 6
1727128989081 0.3437 6
1727128991928 0.056895 0
1727128992206 0.084816 0
1727128992446 0.29132 0
1727128992687 0.091722 0
1727128992927 0.093804 0
1727128993168 0.167234 0
1727128993409 0.113612 0
1727128993649 0.133802 0
1727128993888 0.193573 0
1727128994129 0.044722 0
1727128994370 0.150611 7
1727128994610 0.443031 7
1727128994850 0.118631 7
1727128995091 0.172686 7
1727128995331 1.273724 7
1727128995571 0.501267 7
1727128995813 0.307631 7
1727128998765 0.109428 0
1727128999036 0.01433 0
1727128999276 0.319601 0
1727128999517 0.110017 0
1727128999756 0.082581 0
1727128999997 0.198838 0
1727129000237 0.07822 0
1727129000479 0.138225 0
1727129000721 0.158748 0
1727129000961 0.047047 0
1727129001201 0.193227 8
1727129001442 0.419313 8
1727129001683 0.110066 8
1727129001923 0.227965 8
1727129002161 1.171154 8
1727129002401 0.48866 8
1727129002641 0.299526 8
1727129005579 0.120543 0
1727129005856 0.021127 0
1727129006097 0.239444 0
1727129006338 0.079872 0
1727129006577 0.09994 0
1727129006818 0.190632 0
1727129007059 0.09354 0
1727129007298 0.114543 0
1727129007538 0.162291 0
1727129007779 0.049302 0
1727129008019 0.178819 9
1727129008259 0.388866 9
1727129008497 0.070122 9
1727129008738 0.230557 9
1727129008977 1.110722 9
1727129009215 0.483961 9
1727129009456 0.276732 9
1727129012445 0.041473 0
1727129012719 0.021606 0
1727129012959 0.157565 0
1727129013200 0.079784 0
1727129013440 0.100408 0
1727129013681 0.17534 0
1727129013921 0.083351 0
1727129014161 0.131119 0
1727129014420 0.177732 0
1727129014659 0.035991 0
1727129014901 0.175401 10
1727129015141 0.372466 10
1727129015383 0.0596 10
1727129015627 0.226936 10
1727129015867 1.213937 10
1727129016109 0.465404 10
1727129016350 0.295945 10
