1727128950646 146.243195 0
1727128950885 0.203156 0
1727128951125 2.728369 0
1727128951365 0.292135 0
1727128951605 1.529287 0
1727128951844 1.651854 0
1727128952084 1.491437 0
1727128952324 0.980419 0
1727128952564 0.951294 0
1727128952804 1.928198 0
1727128953044 0.452242 1
1727128953282 4.250513 1
1727128953522 0.343835 1
1727128953762 1.718562 1
1727128954001 6117.890625 1
1727128954241 1.945564 1
1727128954524 1.012465 1
1727128957557 0.7896 0
1727128957837 0.250133 0
1727128958078 6.685625 0
1727128958319 0.297453 0
1727128958559 0.458597 0
1727128958800 0.967498 0
1727128959040 1.830765 0
1727128959280 0.432959 0
1727128959521 1.419067 0
1727128959761 2.296723 0
1727128960002 0.566457 2
1727128960243 1.670109 2
1727128960481 0.352169 2
1727128960721 1.266533 2
1727128960961 3.264719 2
1727128961201 1.565776 2
1727128961440 4.371443 2
1727128964344 0.14979 0
1727128964630 0.353432 0
1727128964867 2.1436 0
1727128965103 0.384008 0
1727128965340 0.44895 0
1727128965576 1.20129 0
1727128965818 1.35694 0
1727128966057 0.303362 0
1727128966293 8.853263 0
1727128966530 1.810655 0
1727128966768 0.653196 3
1727128967008 3.310278 3
1727128967250 0.384991 3
1727128967488 0.529003 3
1727128967722 1.267661 3
1727128967955 4.450812 3
1727128968194 1.488609 3
1727128971691 0.232635 0
1727128971952 0.385963 0
1727128972191 1.728317 0
1727128972432 0.493277 0
1727128972671 0.618283 0
1727128972910 1.544871 0
1727128973149 2.531321 0
1727128973388 0.387783 0
1727128973628 9.005295 0
1727128973866 4.659531 0
1727128974104 0.57365 4
1727128974342 2.361525 4
1727128974581 0.344178 4
1727128974820 0.398217 4
1727128975059 0.686802 4
1727128975299 0.5908 4
1727128975537 3.457141 4
1727128978437 0.271715 0
1727128978707 0.337508 0
1727128978947 2.210698 0
1727128979188 0.538702 0
1727128979428 0.654895 0
1727128979668 0.870222 0
1727128979908 5.074481 0
1727128980148 0.376573 0
1727128980388 0.560263 0
1727128980628 4.404458 0
1727128980869 0.562822 5
1727128981110 6.456838 5
1727128981350 0.404274 5
1727128981590 3.881502 5
1727128981830 1.110695 5
1727128982072 1.082234 5
1727128982312 9.20838 5
1727128985230 7.555614 0
1727128985491 0.160819 0
1727128985730 1.670872 0
1727128985970 0.33047 0
1727128986212 0.48611 0
1727128986454 0.528861 0
1727128986695 1.634354 0
1727128986936 0.311976 0
1727128987178 0.544301 0
1727128987418 0.811528 0
1727128987657 0.410456 6
1727128987898 115.267258 6
1727128988138 1.019213 6
1727128988378 1.910005 6
1727128988617 48.798222 6
1727128988857 0.601656 6
1727128989097 8.871562 6
1727128991944 0.285568 0
1727128992222 0.22444 0
1727128992462 1.228351 0
1727128992703 0.554843 0
1727128992943 0.348639 0
1727128993184 0.670804 0
1727128993425 1.063933 0
1727128993665 1.316934 0
1727128993904 1.522915 0
1727128994145 0.660752 0
1727128994386 0.471588 7
1727128994626 1.984471 7
1727128994866 0.665869 7
1727128995107 0.637212 7
1727128995347 0.96365 7
1727128995587 0.865484 7
1727128995828 2.940387 7
1727128998781 0.472132 0
1727128999052 0.115501 0
1727128999292 0.980683 0
1727128999533 0.754771 0
1727128999772 0.375518 0
1727129000013 1.293642 0
1727129000254 0.764853 0
1727129000496 0.323524 0
1727129000737 2.821971 0
1727129000977 0.812094 0
1727129001217 0.508372 8
1727129001458 1.157094 8
1727129001699 1.340798 8
1727129001939 1.297676 8
1727129002177 0.80593 8
1727129002417 0.757718 8
1727129002657 1.617413 8
1727129005595 0.519815 0
1727129005872 0.145664 0
1727129006113 4.784361 0
1727129006354 0.365647 0
1727129006593 0.405061 0
1727129006834 0.667698 0
1727129007074 0.852464 0
1727129007314 0.325031 0
1727129007554 7.966402 0
1727129007795 0.758991 0
1727129008035 0.412069 9
1727129008275 2.1584 9
1727129008513 0.317981 9
1727129008753 2.751616 9
1727129008992 0.70077 9
1727129009231 0.850904 9
1727129009472 1.379425 9
1727129012462 0.221988 0
1727129012735 0.161979 0
1727129012975 0.544175 0
1727129013216 0.320697 0
1727129013456 0.505355 0
1727129013697 4.635986 0
1727129013937 0.756572 0
1727129014176 0.313714 0
1727129014436 0.995932 0
1727129014675 0.528393 0
1727129014916 0.40009 10
1727129015157 1.279589 10
1727129015403 0.289035 10
1727129015643 0.748678 10
1727129015883 0.73483 10
1727129016125 1.145726 10
1727129016367 3.089912 10
