1726792063157 0.0 0
1726792063267 10.0 0
1726792063389 20.0 0
1726792063487 30.0 0
1726792063585 40.0 0
1726792063684 50.0 0
1726792063786 60.0 0
1726792063887 70.0 0
1726792063987 80.0 0
1726792064090 90.0 0
1726792064189 100.0 1
1726792064288 110.0 1
1726792064388 120.0 1
1726792064488 130.0 1
1726792064585 140.0 1
1726792064683 150.0 1
1726792064781 160.0 1
1726792064879 170.0 1
1726792064978 180.0 1
1726792065075 190.0 1
1726792066121 0.0 0
1726792066228 10.0 0
1726792066325 20.0 0
1726792066421 30.0 0
1726792066519 40.0 0
1726792066616 50.0 0
1726792066714 60.0 0
1726792066813 70.0 0
1726792066913 80.0 0
1726792067013 90.0 0
1726792067112 100.0 2
1726792067211 110.0 2
1726792067307 120.0 2
1726792067406 130.0 2
1726792067512 140.0 2
1726792067612 150.0 2
1726792067712 160.0 2
1726792067810 170.0 2
1726792067911 180.0 2
1726792068009 190.0 2
1726792069037 0.0 0
1726792069136 10.0 0
1726792069234 20.0 0
1726792069330 30.0 0
1726792069427 40.0 0
1726792069533 50.0 0
1726792069630 60.0 0
1726792069728 70.0 0
1726792069825 80.0 0
1726792069925 90.0 0
1726792070024 100.0 3
1726792070121 110.0 3
1726792070219 120.0 3
1726792070317 130.0 3
1726792070414 140.0 3
1726792070512 150.0 3
1726792070610 160.0 3
1726792070708 170.0 3
1726792070807 180.0 3
1726792070907 190.0 3
1726792071963 0.0 0
1726792072063 10.0 0
1726792072161 20.0 0
1726792072258 30.0 0
1726792072356 40.0 0
1726792072454 50.0 0
1726792072551 60.0 0
1726792072649 70.0 0
1726792072745 80.0 0
1726792072842 90.0 0
1726792072940 100.0 4
1726792073037 110.0 4
1726792073141 120.0 4
1726792073239 130.0 4
1726792073336 140.0 4
1726792073433 150.0 4
1726792073532 160.0 4
1726792073635 170.0 4
1726792073736 180.0 4
1726792073834 190.0 4
1726792074849 0.0 0
1726792074956 10.0 0
1726792075054 20.0 0
1726792075149 30.0 0
1726792075245 40.0 0
1726792075341 50.0 0
1726792075438 60.0 0
1726792075534 70.0 0
1726792075640 80.0 0
1726792075738 90.0 0
1726792075837 100.0 5
1726792075935 110.0 5
1726792076035 120.0 5
1726792076134 130.0 5
1726792076232 140.0 5
1726792076328 150.0 5
1726792076423 160.0 5
1726792076520 170.0 5
1726792076618 180.0 5
1726792076713 190.0 5
1726792077716 0.0 0
1726792077818 10.0 0
1726792077915 20.0 0
1726792078012 30.0 0
1726792078114 40.0 0
1726792078211 50.0 0
1726792078307 60.0 0
1726792078406 70.0 0
1726792078505 80.0 0
1726792078605 90.0 0
1726792078702 100.0 6
1726792078800 110.0 6
1726792078896 120.0 6
1726792078996 130.0 6
1726792079093 140.0 6
1726792079190 150.0 6
1726792079286 160.0 6
1726792079382 170.0 6
1726792079479 180.0 6
1726792079575 190.0 6
