1726845403667 165.262421 0
1726845403837 59.350571 0
1726845403998 36.161392 0
1726845404153 33.335697 0
1726845404302 63.537464 0
1726845404443 38.997387 0
1726845404585 53.585037 0
1726845404727 43.452225 0
1726845404869 8.746126 0
1726845405011 12.975183 0
1726845405151 23.526646 1
1726845405293 2.254803 1
1726845405442 2.51575 1
1726845407786 6.131586 0
1726845407955 1.471906 0
1726845408112 17.878819 0
1726845408267 15.601368 0
1726845408420 4.523087 0
1726845408563 1.238551 0
1726845408699 47.768002 0
1726845408835 10.460478 0
1726845408971 3.099877 0
1726845409110 2.519523 0
1726845409253 0.543607 2
1726845409402 0.792807 2
1726845409558 1.63349 2
1726845411553 1.763803 0
1726845411730 1.677 0
1726845411898 10.083249 0
1726845412052 3.546878 0
1726845412201 6.238536 0
1726845412353 1.079376 0
1726845412519 13.088568 0
1726845412696 30.482012 0
1726845412864 4.269772 0
1726845413019 1.983293 0
1726845413163 0.475247 3
1726845413300 5.978203 3
1726845413435 1.723943 3
1726845415357 1.360258 0
1726845415549 1.929425 0
1726845415740 5.692597 0
1726845415912 2.860399 0
1726845416072 5.976949 0
1726845416231 0.804314 0
1726845416386 13.678851 0
1726845416537 5.06437 0
1726845416683 2.150782 0
1726845416827 1.462356 0
1726845416976 0.476425 4
1726845417156 1.02026 4
1726845417294 2.713896 4
1726845419229 2.462211 0
1726845419417 2.280848 0
1726845419592 6.373172 0
1726845419763 2.079318 0
1726845419925 6.839577 0
1726845420081 0.803807 0
1726845420227 5.25753 0
1726845420367 2.220189 0
1726845420506 0.976172 0
1726845420645 2.080914 0
1726845420784 0.508859 5
1726845420926 1.280652 5
1726845421071 1.170217 5
1726845423008 2.052027 0
1726845423197 2.16175 0
1726845423373 8.608603 0
1726845423531 1.735707 0
1726845423683 13.853845 0
1726845423837 0.825968 0
1726845423996 22.772743 0
1726845424159 1.160582 0
1726845424327 9.242968 0
1726845424490 1.054254 0
1726845424646 0.478795 6
1726845424805 1.338207 6
1726845424975 1.449221 6
1726845426917 4.980479 0
1726845427125 2.279151 0
1726845427275 3.711252 0
1726845427414 1.50894 0
1726845427550 5.525411 0
1726845427685 0.820729 0
1726845427823 5.542103 0
1726845427969 1.11289 0
1726845428115 1.025334 0
1726845428262 0.939854 0
1726845428409 0.444362 7
1726845428559 1.322136 7
1726845428711 1.302236 7
1726845430588 1.641625 0
1726845430767 2.512669 0
1726845430935 6.026501 0
1726845431092 1.688022 0
1726845431245 57.255409 0
1726845431397 0.947243 0
1726845431546 12.645878 0
1726845431691 0.955132 0
1726845431841 1.078257 0
1726845431997 0.733377 0
1726845432159 0.421272 8
1726845432323 1.330028 8
1726845432484 1.260324 8
1726845434372 2.265764 0
1726845434579 9.130232 0
1726845434744 3.627998 0
1726845434902 1.649585 0
1726845435053 3.442913 0
1726845435197 1.042492 0
1726845435336 5.317173 0
1726845435474 0.824145 0
1726845435615 2.041876 0
1726845435759 1.26618 0
1726845435906 0.426877 9
1726845436053 2.007951 9
1726845436202 1.191078 9
1726845438273 2.954689 0
1726845438463 2.357061 0
1726845438643 9.429435 0
1726845438822 1.387753 0
1726845438990 7.416861 0
1726845439146 1.159506 0
1726845439298 5.269091 0
1726845439448 0.831299 0
1726845439598 1.052369 0
1726845439752 1.368228 0
1726845439906 0.442194 10
1726845440057 1.372205 10
1726845440217 1.414163 10
