1726825062849 71.499817 0
1726825062983 22.319477 0
1726825063107 28.206789 0
1726825063232 11.58323 0
1726825063360 7.636265 0
1726825063495 25.136814 0
1726825063644 8.377792 0
1726825063797 83.888397 0
1726825063947 21.883305 0
1726825064083 21.343998 0
1726825064215 10.051846 1
1726825064348 7.338913 1
1726825064480 2.834851 1
1726825064613 14.508893 1
1726825064745 27.893887 1
1726825064881 28.829199 1
1726825065021 11.178719 1
1726825065159 9.432991 1
1726825065294 3.792061 1
1726825067209 6.830009 0
1726825067335 4.332868 0
1726825067466 110.252731 0
1726825067616 2.796946 0
1726825067769 23.538498 0
1726825067916 7.147736 0
1726825068054 3.468421 0
1726825068183 2.020952 0
1726825068306 2.493435 0
1726825068426 6.074154 0
1726825068553 3.564279 2
1726825068692 3.174781 2
1726825068834 1.976349 2
1726825068983 3.091813 2
1726825069130 2.171094 2
1726825069272 6.217099 2
1726825069408 2.349355 2
1726825069542 5.254883 2
1726825069678 2.744952 2
1726825071551 1.013438 0
1726825071685 2.868773 0
1726825071817 4.672445 0
1726825071957 2.923923 0
1726825072101 4.277858 0
1726825072252 24.818033 0
1726825072403 3.739132 0
1726825072554 5.292394 0
1726825072712 1.29567 0
1726825072859 7.441216 0
1726825072991 4.49977 3
1726825073116 1.339397 3
1726825073238 1.111538 3
1726825073362 2.061468 3
1726825073485 1.44613 3
1726825073617 2.048312 3
1726825073752 0.887869 3
1726825073895 2.298966 3
1726825074046 1.273484 3
1726825075893 1.193623 0
1726825076019 5.665606 0
1726825076150 4.13307 0
1726825076289 3.969389 0
1726825076429 6.213491 0
1726825076577 4.868207 0
1726825076725 6.589194 0
1726825076877 4.621696 0
1726825077019 1.82325 0
1726825077150 2.407507 0
1726825077274 1.215009 4
1726825077396 1.289888 4
1726825077523 1.100431 4
1726825077651 0.921862 4
1726825077781 1.35199 4
1726825077910 1.680743 4
1726825078039 0.863215 4
1726825078175 1.172312 4
1726825078316 1.021029 4
1726825080223 3.287536 0
1726825080346 3.186623 0
1726825080470 3.665723 0
1726825080606 10.809289 0
1726825080753 6.839685 0
1726825080920 10.061155 0
1726825081099 12.358902 0
1726825081280 3.263083 0
1726825081433 2.264556 0
1726825081579 1.621683 0
1726825081722 8.63517 5
1726825081862 1.155119 5
1726825082002 1.266897 5
1726825082136 0.686087 5
1726825082265 1.1612 5
1726825082384 1.771481 5
1726825082501 0.816341 5
1726825082624 1.054301 5
1726825082753 0.64346 5
1726825084608 2.071726 0
1726825084733 3.949949 0
1726825084865 6.122609 0
1726825085008 23.05588 0
1726825085153 11.268423 0
1726825085301 9.459831 0
1726825085443 9.200255 0
1726825085576 23.892101 0
1726825085707 2.429754 0
1726825085840 1.853814 0
1726825085975 1.449678 6
1726825086125 1.179769 6
1726825086275 1.204527 6
1726825086432 0.64595 6
1726825086606 2.050996 6
1726825086775 1.176534 6
1726825086935 0.827117 6
1726825087088 1.031202 6
1726825087230 0.574842 6
1726825089006 3.711736 0
1726825089130 6.865845 0
1726825089261 5.689744 0
1726825089404 3.357387 0
1726825089562 6.881972 0
1726825089721 7.736416 0
1726825089878 16.654594 0
1726825090029 6.528068 0
1726825090176 2.259841 0
1726825090321 1.468232 0
1726825090472 1.502106 7
1726825090634 1.022777 7
1726825090818 32.733631 7
1726825091000 0.57928 7
1726825091159 1.417141 7
1726825091302 1.480762 7
1726825091439 0.740082 7
1726825091575 0.985888 7
1726825091713 0.556327 7
1726825093494 2.765184 0
1726825093617 3.583143 0
1726825093743 2.436577 0
1726825093875 4.400873 0
1726825094011 6.495117 0
1726825094154 5.830389 0
1726825094303 9.207693 0
1726825094458 3.918122 0
1726825094625 3.852567 0
1726825094792 1.67939 0
1726825094954 1.621 8
1726825095125 0.974849 8
1726825095281 1.385227 8
1726825095427 0.58332 8
1726825095568 11.548285 8
1726825095710 0.956188 8
1726825095845 0.675502 8
1726825095981 0.980664 8
1726825096121 0.534805 8
1726825097907 1.181265 0
1726825098028 6.817448 0
1726825098154 3.503507 0
1726825098291 4.522611 0
1726825098434 4.200513 0
1726825098579 4.584774 0
1726825098724 3.924851 0
1726825098869 5.712952 0
1726825099018 2.806878 0
1726825099176 9.293252 0
1726825099348 2.108527 9
1726825099507 0.968999 9
1726825099658 1.343915 9
1726825099801 0.606488 9
1726825099947 1.179062 9
1726825100092 0.926737 9
1726825100251 0.59289 9
1726825100421 1.03381 9
1726825100586 0.487528 9
1726825102486 1.219628 0
1726825102616 7.99179 0
1726825102746 1.886631 0
1726825102887 3.352759 0
1726825103056 3.455706 0
1726825103239 3.179285 0
1726825103405 4.943968 0
1726825103550 23.125578 0
1726825103683 1.851555 0
1726825103812 1.652005 0
1726825103937 3.772834 10
1726825104060 0.981376 10
1726825104184 1.290962 10
1726825104309 0.669607 10
1726825104436 3.663907 10
1726825104568 1.033587 10
1726825104701 0.602549 10
1726825104836 1.571623 10
1726825104976 0.483934 10
