1727263872659 0.0 0
1727263872848 10.0 0
1727263873028 20.0 0
1727263873209 30.0 0
1727263873398 40.0 0
1727263873584 50.0 0
1727263873770 60.0 0
1727263873967 70.0 0
1727263874157 80.0 0
1727263874353 90.0 0
1727263874545 100.0 1
1727263874739 110.0 1
1727263874937 120.0 1
1727263875120 130.0 1
1727263875301 140.0 1
1727263875484 150.0 1
1727263875666 160.0 1
1727263875846 170.0 1
1727263876029 180.0 1
1727263876207 190.0 1
1727263876383 200.0 2
1727263876562 210.0 2
1727263876741 220.0 2
1727263876916 230.0 2
1727263877091 240.0 2
1727263877270 250.0 2
1727263877445 260.0 2
1727263877617 270.0 2
1727263877792 280.0 2
1727263877965 290.0 2
1727263878138 300.0 3
1727263878320 310.0 3
1727263878494 320.0 3
1727263878674 330.0 3
1727263878848 340.0 3
1727263879025 350.0 3
1727263879203 360.0 3
1727263881542 0.0 0
1727263881723 10.0 0
1727263881894 20.0 0
1727263882065 30.0 0
1727263882233 40.0 0
1727263882401 50.0 0
1727263882576 60.0 0
1727263882748 70.0 0
1727263882911 80.0 0
1727263883077 90.0 0
1727263883240 100.0 2
1727263883408 110.0 2
1727263883578 120.0 2
1727263883746 130.0 2
1727263883918 140.0 2
1727263884096 150.0 2
1727263884262 160.0 2
1727263884427 170.0 2
1727263884593 180.0 2
1727263884756 190.0 2
1727263884916 200.0 4
1727263885077 210.0 4
1727263885242 220.0 4
1727263885420 230.0 4
1727263885591 240.0 4
1727263885765 250.0 4
1727263885924 260.0 4
1727263886088 270.0 4
1727263886258 280.0 4
1727263886437 290.0 4
1727263886610 300.0 6
1727263886772 310.0 6
1727263886935 320.0 6
1727263887095 330.0 6
1727263887254 340.0 6
1727263887419 350.0 6
1727263887575 360.0 6
1727263889686 0.0 0
1727263889884 10.0 0
1727263890060 20.0 0
1727263890236 30.0 0
1727263890407 40.0 0
1727263890581 50.0 0
1727263890754 60.0 0
1727263890922 70.0 0
1727263891080 80.0 0
1727263891256 90.0 0
1727263891441 100.0 3
1727263891624 110.0 3
1727263891812 120.0 3
1727263892003 130.0 3
1727263892184 140.0 3
1727263892385 150.0 3
1727263892588 160.0 3
1727263892778 170.0 3
1727263892956 180.0 3
1727263893136 190.0 3
1727263893317 200.0 6
1727263893482 210.0 6
1727263893646 220.0 6
1727263893821 230.0 6
1727263894003 240.0 6
1727263894191 250.0 6
1727263894378 260.0 6
1727263894559 270.0 6
1727263894750 280.0 6
1727263894946 290.0 6
1727263895139 300.0 9
1727263895327 310.0 9
1727263895513 320.0 9
1727263895706 330.0 9
1727263895880 340.0 9
1727263896055 350.0 9
1727263896221 360.0 9
1727263898516 0.0 0
1727263898702 10.0 0
1727263898887 20.0 0
1727263899061 30.0 0
1727263899230 40.0 0
1727263899402 50.0 0
1727263899577 60.0 0
1727263899755 70.0 0
1727263899928 80.0 0
1727263900111 90.0 0
1727263900290 100.0 4
1727263900464 110.0 4
1727263900654 120.0 4
1727263900843 130.0 4
1727263901018 140.0 4
1727263901195 150.0 4
1727263901365 160.0 4
1727263901527 170.0 4
1727263901693 180.0 4
1727263901857 190.0 4
1727263902022 200.0 8
1727263902189 210.0 8
1727263902364 220.0 8
1727263902540 230.0 8
1727263902724 240.0 8
1727263902896 250.0 8
1727263903077 260.0 8
1727263903258 270.0 8
1727263903439 280.0 8
1727263903610 290.0 8
1727263903778 300.0 12
1727263903940 310.0 12
1727263904117 320.0 12
1727263904280 330.0 12
1727263904440 340.0 12
1727263904601 350.0 12
1727263904765 360.0 12
