1727125622312 0.95486 0
1727125622435 0.324791 0
1727125622563 0.2319 0
1727125622693 0.403153 0
1727125622824 0.268779 0
1727125622955 0.119476 0
1727125623486 0.039866 0
1727125623612 0.128568 0
1727125623750 0.333425 0
1727125623883 0.042677 0
1727125624013 0.071475 0
1727125624144 0.101408 0
1727125624670 0.186443 0
1727125624797 0.059792 0
1727125624928 0.328679 0
1727125625058 0.013006 0
1727125625188 0.070626 0
1727125625319 0.103341 0
1727125625849 0.078486 0
1727125625977 0.059426 0
1727125626107 0.233168 0
1727125626238 0.025959 0
1727125626370 0.077547 0
1727125626501 0.096053 0
1727125626999 0.032559 0
1727125627119 0.063384 0
1727125627249 0.247617 0
1727125627380 0.031199 0
1727125627512 0.078046 0
1727125627642 0.074389 0
1727125628157 0.042305 0
1727125628280 0.056082 0
1727125628411 0.258399 0
1727125628545 0.021016 0
1727125628675 0.072496 0
1727125628805 0.089521 0
1727125629332 0.040862 0
1727125629458 0.049535 0
1727125629589 0.242558 0
1727125629721 0.024855 0
1727125629852 0.081599 0
1727125629984 0.105138 0
