1726772504306 76.198997 0
1726772504398 3.101614 0
1726772504489 12.685244 0
1726772504578 43.939011 0
1726772504668 26.320663 0
1726772504758 4.144746 0
1726772504847 14.945718 0
1726772504938 44.556377 0
1726772505040 29.44339 0
1726772505132 4.804058 0
1726772505224 2.203898 1
1726772505317 2.372373 1
1726772505987 2.239249 0
1726772506086 7.927397 0
1726772506177 8.848984 0
1726772506268 11.751966 0
1726772506360 1.965376 0
1726772506452 4.620878 0
1726772506542 2.13148 0
1726772506633 1.780231 0
1726772506724 1.857522 0
1726772506814 1.470373 0
1726772506904 1.153968 2
1726772506997 2.781653 2
1726772507717 1.010117 0
1726772507820 2.137358 0
1726772507912 4.646928 0
1726772508003 8.211971 0
1726772508104 0.606679 0
1726772508198 1.171971 0
1726772508289 3.820446 0
1726772508381 6.8153 0
1726772508473 1.87248 0
1726772508568 3.269976 0
1726772508661 1.064055 3
1726772508753 1.389158 3
1726772509521 0.868028 0
1726772509625 3.163705 0
1726772509716 18.367661 0
1726772509806 14.996258 0
1726772509897 3.650746 0
1726772509989 5.429094 0
1726772510081 1.871348 0
1726772510172 3.94233 0
1726772510269 1.150847 0
1726772510361 25.791357 0
1726772510454 0.99269 4
1726772510547 3.389783 4
1726772511245 0.879598 0
1726772511349 23.549517 0
1726772511441 4.414886 0
1726772511533 5.719789 0
1726772511626 0.926704 0
1726772511721 1.723516 0
1726772511813 2.165458 0
1726772511906 2.796361 0
1726772511997 1.723718 0
1726772512089 8.033112 0
1726772512181 1.135728 5
1726772512272 3.873532 5
1726772512954 0.8608 0
1726772513053 2.493209 0
1726772513154 3.091179 0
1726772513251 6.287409 0
1726772513343 0.723518 0
1726772513438 1.565127 0
1726772513533 2.87987 0
1726772513624 1.323664 0
1726772513716 1.410809 0
1726772513808 2.993465 0
1726772513898 3.150931 6
1726772513990 1.408641 6
1726772514707 0.945245 0
1726772514811 2.470417 0
1726772514903 2.535835 0
1726772514997 5.306151 0
1726772515091 1.211153 0
1726772515189 9.95653 0
1726772515289 2.067851 0
1726772515385 1.801597 0
1726772515480 1.614537 0
1726772515573 26.814056 0
1726772515667 3.184881 7
1726772515758 1.274668 7
