1726782112909 0.0 0
1726782113008 10.0 0
1726782113103 20.0 0
1726782113196 30.0 0
1726782113292 40.0 0
1726782113390 50.0 0
1726782113489 60.0 0
1726782113587 70.0 0
1726782113681 80.0 0
1726782113774 90.0 0
1726782113866 100.0 1
1726782113962 110.0 1
1726782114057 120.0 1
1726782114160 130.0 1
1726782114254 140.0 1
1726782114348 150.0 1
1726782114441 160.0 1
1726782114534 170.0 1
1726782114627 180.0 1
1726782114719 190.0 1
1726782114816 200.0 2
1726782114915 210.0 2
1726782115010 220.0 2
1726782115105 230.0 2
1726782115199 240.0 2
1726782115294 250.0 2
1726782115387 260.0 2
1726782115480 270.0 2
1726782115577 280.0 2
1726782115671 290.0 2
1726782115765 300.0 3
1726782117333 0.0 0
1726782117433 10.0 0
1726782117528 20.0 0
1726782117623 30.0 0
1726782117717 40.0 0
1726782117810 50.0 0
1726782117904 60.0 0
1726782117996 70.0 0
1726782118092 80.0 0
1726782118190 90.0 0
1726782118290 100.0 2
1726782118389 110.0 2
1726782118483 120.0 2
1726782118575 130.0 2
1726782118673 140.0 2
1726782118766 150.0 2
1726782118861 160.0 2
1726782118956 170.0 2
1726782119049 180.0 2
1726782119144 190.0 2
1726782119240 200.0 4
1726782119334 210.0 4
1726782119428 220.0 4
1726782119522 230.0 4
1726782119615 240.0 4
1726782119710 250.0 4
1726782119803 260.0 4
1726782119898 270.0 4
1726782119992 280.0 4
1726782120085 290.0 4
1726782120177 300.0 6
1726782121730 0.0 0
1726782121849 10.0 0
1726782121948 20.0 0
1726782122045 30.0 0
1726782122141 40.0 0
1726782122239 50.0 0
1726782122344 60.0 0
1726782122441 70.0 0
1726782122539 80.0 0
1726782122634 90.0 0
1726782122727 100.0 3
1726782122831 110.0 3
1726782122924 120.0 3
1726782123020 130.0 3
1726782123112 140.0 3
1726782123205 150.0 3
1726782123301 160.0 3
1726782123398 170.0 3
1726782123492 180.0 3
1726782123584 190.0 3
1726782123677 200.0 6
1726782123770 210.0 6
1726782123863 220.0 6
1726782123955 230.0 6
1726782124047 240.0 6
1726782124149 250.0 6
1726782124248 260.0 6
1726782124341 270.0 6
1726782124446 280.0 6
1726782124541 290.0 6
1726782124634 300.0 9
1726782126131 0.0 0
1726782126228 10.0 0
1726782126321 20.0 0
1726782126422 30.0 0
1726782126522 40.0 0
1726782126617 50.0 0
1726782126712 60.0 0
1726782126807 70.0 0
1726782126903 80.0 0
1726782126997 90.0 0
1726782127090 100.0 4
1726782127186 110.0 4
1726782127282 120.0 4
1726782127376 130.0 4
1726782127471 140.0 4
1726782127566 150.0 4
1726782127659 160.0 4
1726782127753 170.0 4
1726782127846 180.0 4
1726782127938 190.0 4
1726782128031 200.0 8
1726782128132 210.0 8
1726782128230 220.0 8
1726782128327 230.0 8
1726782128426 240.0 8
1726782128530 250.0 8
1726782128625 260.0 8
1726782128720 270.0 8
1726782128818 280.0 8
1726782128912 290.0 8
1726782129005 300.0 12
1726782130501 0.0 0
1726782130610 10.0 0
1726782130704 20.0 0
1726782130799 30.0 0
1726782130892 40.0 0
1726782130987 50.0 0
1726782131080 60.0 0
1726782131174 70.0 0
1726782131267 80.0 0
1726782131359 90.0 0
1726782131452 100.0 5
1726782131546 110.0 5
1726782131643 120.0 5
1726782131741 130.0 5
1726782131836 140.0 5
1726782131930 150.0 5
1726782132024 160.0 5
1726782132118 170.0 5
1726782132211 180.0 5
1726782132304 190.0 5
1726782132398 200.0 10
1726782132490 210.0 10
1726782132593 220.0 10
1726782132688 230.0 10
1726782132781 240.0 10
1726782132873 250.0 10
1726782132965 260.0 10
1726782133060 270.0 10
1726782133154 280.0 10
1726782133246 290.0 10
1726782133343 300.0 15
1726782134882 0.0 0
1726782134980 10.0 0
1726782135074 20.0 0
1726782135172 30.0 0
1726782135268 40.0 0
1726782135361 50.0 0
1726782135455 60.0 0
1726782135548 70.0 0
1726782135647 80.0 0
1726782135741 90.0 0
1726782135836 100.0 6
1726782135930 110.0 6
1726782136025 120.0 6
1726782136121 130.0 6
1726782136216 140.0 6
1726782136311 150.0 6
1726782136413 160.0 6
1726782136512 170.0 6
1726782136608 180.0 6
1726782136711 190.0 6
1726782136806 200.0 12
1726782136899 210.0 12
1726782136994 220.0 12
1726782137090 230.0 12
1726782137185 240.0 12
1726782137279 250.0 12
1726782137375 260.0 12
1726782137469 270.0 12
1726782137563 280.0 12
1726782137655 290.0 12
1726782137748 300.0 18
1726782139395 0.0 0
1726782139499 10.0 0
1726782139593 20.0 0
1726782139689 30.0 0
1726782139785 40.0 0
1726782139881 50.0 0
1726782139974 60.0 0
1726782140068 70.0 0
1726782140165 80.0 0
1726782140261 90.0 0
1726782140355 100.0 7
1726782140451 110.0 7
1726782140546 120.0 7
1726782140640 130.0 7
1726782140742 140.0 7
1726782140837 150.0 7
1726782140930 160.0 7
1726782141025 170.0 7
1726782141122 180.0 7
1726782141217 190.0 7
1726782141312 200.0 14
1726782141407 210.0 14
1726782141502 220.0 14
1726782141595 230.0 14
1726782141687 240.0 14
1726782141782 250.0 14
1726782141876 260.0 14
1726782141977 270.0 14
1726782142074 280.0 14
1726782142173 290.0 14
1726782142270 300.0 21
