1726893643407 0.0 0
1726893643548 10.0 0
1726893643687 20.0 0
1726893643828 30.0 0
1726893643966 40.0 0
1726893644104 50.0 0
1726893644841 0.0 0
1726893644983 10.0 0
1726893645121 20.0 0
1726893645259 30.0 0
1726893645397 40.0 0
1726893645535 50.0 0
1726893646154 0.0 0
1726893646301 10.0 0
1726893646441 20.0 0
1726893646579 30.0 0
1726893646717 40.0 0
1726893646855 50.0 0
1726893647459 0.0 0
1726893647599 10.0 0
1726893647737 20.0 0
1726893647881 30.0 0
1726893648021 40.0 0
1726893648159 50.0 0
1726893648766 0.0 0
1726893648906 10.0 0
1726893649044 20.0 0
1726893649182 30.0 0
1726893649321 40.0 0
1726893649460 50.0 0
1726893650110 0.0 0
1726893650251 10.0 0
1726893650388 20.0 0
1726893650527 30.0 0
1726893650666 40.0 0
1726893650803 50.0 0
