1726898527855 0.0 0
1726898528003 10.0 0
1726898528145 20.0 0
1726898528286 30.0 0
1726898528426 40.0 0
1726898529017 0.0 0
1726898529162 10.0 0
1726898529302 20.0 0
1726898529442 30.0 0
1726898529581 40.0 0
1726898530056 0.0 0
1726898530200 10.0 0
1726898530340 20.0 0
1726898530480 30.0 0
1726898530619 40.0 0
1726898531095 0.0 0
1726898531243 10.0 0
1726898531382 20.0 0
1726898531521 30.0 0
1726898531661 40.0 0
1726898532156 0.0 0
1726898532299 10.0 0
1726898532439 20.0 0
1726898532578 30.0 0
1726898532717 40.0 0
1726898533191 0.0 0
1726898533333 10.0 0
1726898533474 20.0 0
1726898533613 30.0 0
1726898533752 40.0 0
1726898534261 0.0 0
1726898534405 10.0 0
1726898534545 20.0 0
1726898534685 30.0 0
1726898534826 40.0 0
1726898535302 0.0 0
1726898535444 10.0 0
1726898535584 20.0 0
1726898535723 30.0 0
1726898535862 40.0 0
1726898536356 0.0 0
1726898536498 10.0 0
1726898536638 20.0 0
1726898536777 30.0 0
1726898536917 40.0 0
