1726867954249 11.912047 0
1726867954383 1.711832 0
1726867954516 3.264639 0
1726867954649 2.60123 0
1726867954782 6.058324 0
1726867954919 1.6357 0
1726867955056 2.713576 0
1726867955193 5.161104 0
1726867955328 3.602035 0
1726867955462 2.640571 0
1726867955596 0.759138 1
1726867955729 2.188159 1
1726867955863 1.606135 1
1726867955996 1.778498 1
1726867956130 9.124333 1
1726867956264 1.872068 1
1726867956398 2.401697 1
1726867956533 522.169128 1
1726867956667 1.286639 1
1726867956800 0.797276 1
1726867958276 18.33086 0
1726867958414 4.938846 0
1726867958547 2.416345 0
1726867958681 2.717979 0
1726867958815 3.492847 0
1726867958952 2.646346 0
1726867959086 5.072063 0
1726867959220 2.34389 0
1726867959355 1.514086 0
1726867959489 3.105375 0
1726867959623 1.298915 2
1726867959756 2.682359 2
1726867959890 1.198274 2
1726867960024 0.877652 2
1726867960157 2.531725 2
1726867960290 0.812415 2
1726867960424 1.987999 2
1726867960557 2.799736 2
1726867960691 12.615996 2
1726867960825 1.4935 2
1726867962261 11.218208 0
1726867962397 1.566847 0
1726867962530 0.86717 0
1726867962663 8.523156 0
1726867962796 3.863577 0
1726867962930 2.9448 0
1726867963064 4.530408 0
1726867963197 10.333303 0
1726867963330 20.202238 0
1726867963464 4.575206 0
1726867963598 2.277008 3
1726867963734 2.29983 3
1726867963868 2.676096 3
1726867964003 1.712602 3
1726867964137 6.211359 3
1726867964271 1.221864 3
1726867964405 2.279795 3
1726867964538 17.617607 3
1726867964672 4.939827 3
1726867964807 0.671497 3
1726867966265 20.107889 0
1726867966399 9.076159 0
1726867966532 3.850948 0
1726867966665 3.575926 0
1726867966798 3.117543 0
1726867966931 6.724867 0
1726867967065 2.965438 0
1726867967215 2.543409 0
1726867967349 2.138368 0
1726867967483 4.977455 0
1726867967616 0.980383 4
1726867967753 1.223117 4
1726867967887 3.199838 4
1726867968020 5.376542 4
1726867968156 12.568245 4
1726867968294 1.240892 4
1726867968427 1.150109 4
1726867968560 20.115026 4
1726867968694 1.357867 4
1726867968829 2.608871 4
1726867970263 1.751929 0
1726867970398 2.617494 0
1726867970532 2.341231 0
1726867970665 3.480579 0
1726867970799 1.927669 0
1726867970933 2.828789 0
1726867971066 1.157189 0
1726867971202 4.584914 0
1726867971338 5.57697 0
1726867971472 1.969394 0
1726867971607 3.304076 5
1726867971742 4.590863 5
1726867971876 1.134187 5
1726867972011 1.162176 5
1726867972145 1.623281 5
1726867972283 0.888977 5
1726867972420 2.367309 5
1726867972554 1.841521 5
1726867972689 1.538105 5
1726867972823 6.076971 5
1726867974266 4.364774 0
1726867974401 20.188566 0
1726867974535 4.432867 0
1726867974669 4.09426 0
1726867974803 4.202998 0
1726867974937 3.15312 0
1726867975070 3.296126 0
1726867975205 2.579951 0
1726867975341 2.047256 0
1726867975474 5.489294 0
1726867975608 1.951008 6
1726867975742 5.837753 6
1726867975876 1.777169 6
1726867976010 0.741906 6
1726867976144 7.784339 6
1726867976278 0.949952 6
1726867976413 1.148109 6
1726867976547 1.474749 6
1726867976681 1.824258 6
1726867976816 0.978116 6
1726867978248 4.406625 0
1726867978382 4.363858 0
1726867978516 12.93294 0
1726867978650 37.184517 0
1726867978783 18.932091 0
1726867978917 2.375638 0
1726867979050 2.522624 0
1726867979184 3.537301 0
1726867979319 3.800928 0
1726867979456 4.73854 0
1726867979589 2.671581 7
1726867979724 3.77461 7
1726867979857 1.969968 7
1726867979991 0.911821 7
1726867980126 3.932317 7
1726867980260 0.905562 7
1726867980395 1.630413 7
1726867980528 0.79007 7
1726867980661 1.743217 7
1726867980795 1.823224 7
1726867982250 5.086768 0
1726867982385 22.79797 0
1726867982519 6.321579 0
1726867982652 3.191452 0
1726867982786 5.008995 0
1726867982919 7.819323 0
1726867983053 2.28098 0
1726867983187 8.787853 0
1726867983320 1.886235 0
1726867983455 2.687248 0
1726867983591 1.675092 8
1726867983726 2.496524 8
1726867983862 1.304793 8
1726867983996 0.991823 8
1726867984131 3.323339 8
1726867984265 3.177212 8
1726867984398 12.977105 8
1726867984532 0.802539 8
1726867984665 0.935841 8
1726867984799 1.174863 8
