1726931675485 81.4655 0
1726931675636 3.618319 0
1726931675780 4.157438 0
1726931676385 10.350882 0
1726931676531 1.203926 0
1726931676676 1.476916 0
1726931677113 3.699407 0
1726931677258 2.056228 0
1726931677403 1.342796 0
1726931677837 4.084511 0
1726931677982 3.791065 0
1726931678126 1.065169 0
1726931678568 138.72403 0
1726931678718 4.263036 0
1726931678865 0.870596 0
1726931679319 2.111212 0
1726931679466 5.901003 0
1726931679610 0.986142 0
1726931680060 2.244761 0
1726931680207 22.301151 0
1726931680352 2.68952 0
1726931680783 1.823626 0
1726931680933 3.112074 0
1726931681078 1.306918 0
1726931681520 2.656013 0
1726931681663 4.278888 0
1726931681807 1.125325 0
1726931682238 1.586544 0
1726931682385 4.774236 0
1726931682530 0.843744 0
