1726779761184 18.45343 0
1726779761302 9.666531 0
1726779761421 4.645524 0
1726779761540 14.172073 0
1726779761657 1.196458 0
1726779761774 1.093673 0
1726779761892 1.296745 0
1726779762009 3.274109 0
1726779762127 1.468118 0
1726779762244 2.169135 0
1726779762361 1.038446 1
1726779762479 1.300066 1
1726779762596 0.897394 1
1726779762714 0.996005 1
1726779762832 0.900164 1
1726779762949 4.832589 1
1726779763067 3.881786 1
1726779763186 1.377488 1
1726779763303 0.943581 1
1726779763423 0.604442 1
1726779763542 0.552766 2
1726779763661 0.807912 2
1726779763779 0.488889 2
1726779763897 0.455464 2
1726779764016 0.850233 2
1726779765751 2.584541 0
1726779765868 1.216425 0
1726779765986 0.573573 0
1726779766103 1.114739 0
1726779766221 0.618 0
1726779766339 2.54619 0
1726779766457 0.887113 0
1726779766574 0.720008 0
1726779766692 0.565952 0
1726779766809 0.745587 0
1726779766927 0.963001 2
1726779767045 1.830586 2
1726779767162 0.574541 2
1726779767280 0.761177 2
1726779767397 0.910155 2
1726779767517 2.40019 2
1726779767636 1.032328 2
1726779767755 1.546135 2
1726779767873 1.289834 2
1726779767992 0.855826 2
1726779768111 4.377515 4
1726779768228 1.061886 4
1726779768346 0.513368 4
1726779768465 0.50558 4
1726779768583 0.636879 4
1726779770270 1.726484 0
1726779770388 1.105408 0
1726779770506 0.330117 0
1726779770623 1.576845 0
1726779770741 0.714842 0
1726779770859 1.475326 0
1726779770977 0.860426 0
1726779771095 0.49614 0
1726779771212 0.64079 0
1726779771329 0.476538 0
1726779771447 0.854761 3
1726779771566 1.222845 3
1726779771684 0.428482 3
1726779771805 1.249222 3
1726779771924 1.490217 3
1726779772042 1.358888 3
1726779772200 1.222362 3
1726779772320 1.977944 3
1726779772439 9.40764 3
1726779772557 0.456497 3
1726779772676 0.509819 6
1726779772794 0.847239 6
1726779772912 0.435382 6
1726779773030 0.996289 6
1726779773148 0.468393 6
1726779774849 1.292777 0
1726779774968 1.262445 0
1726779775085 0.426407 0
1726779775203 1.632542 0
1726779775320 0.746335 0
1726779775438 2.677216 0
1726779775556 1.719103 0
1726779775675 0.786763 0
1726779775793 0.973117 0
1726779775910 0.53125 0
1726779776027 0.445674 4
1726779776146 3.099203 4
1726779776264 0.456877 4
1726779776381 0.581735 4
1726779776498 1.260827 4
1726779776617 3.489264 4
1726779776734 0.506043 4
1726779776852 2.364493 4
1726779776970 1.594117 4
1726779777088 0.505394 4
1726779777206 0.364409 8
1726779777324 1.256869 8
1726779777442 0.548957 8
1726779777560 0.460329 8
1726779777678 0.416542 8
