1726770284999 14.947747 0
1726770285089 0.645767 0
1726770285178 10.332305 0
1726770285269 1.365149 0
1726770285359 1.042924 0
1726770285447 1.493556 0
1726770285540 6.74789 0
1726770285639 1.986779 0
1726770285729 1.165096 0
1726770285819 3.000355 0
1726770285907 0.631798 1
1726770285998 0.677801 1
1726770286088 0.990782 1
1726770286177 0.598476 1
1726770286266 1.820409 1
1726770286356 2.721254 1
1726770286445 9.21263 1
1726770286534 0.420548 1
1726770286624 1.933087 1
1726770286712 0.921923 1
1726770286809 3.434605 2
1726770286905 4.471611 2
1726770286998 1.538211 2
1726770287092 1.934998 2
1726770287183 1.402995 2
1726770287271 6.376724 2
1726770287364 0.578223 2
1726770287457 1.213495 2
1726770287547 7.890155 2
1726770287641 1.510545 2
1726770287734 1.546171 3
1726770287825 2.714796 3
1726770287915 0.428062 3
1726770288004 0.433291 3
1726770288096 1.464033 3
1726770288188 0.951019 3
1726770288279 0.980779 3
1726770288370 0.357762 3
1726770288460 0.572573 3
1726770290173 1.390757 0
1726770290263 1.775487 0
1726770290353 7.335815 0
1726770290442 3.319713 0
1726770290534 0.882567 0
1726770290629 47.56287 0
1726770290721 7.135665 0
1726770290815 1.877871 0
1726770290907 1.472032 0
1726770291001 0.841706 0
1726770291093 0.45179 2
1726770291183 0.664725 2
1726770291271 0.853912 2
1726770291361 0.692047 2
1726770291451 1.536473 2
1726770291540 15.262442 2
1726770291629 2.485307 2
1726770291722 0.564511 2
1726770291814 16.216255 2
1726770291905 0.795927 2
1726770291997 2.456506 4
1726770292088 3.879773 4
1726770292177 2.288838 4
1726770292267 1.514187 4
1726770292356 1.078954 4
1726770292445 5.670216 4
1726770292535 0.607064 4
1726770292625 0.950593 4
1726770292715 4.087883 4
1726770292808 1.332017 4
1726770292899 1.260515 6
1726770292988 1.376418 6
1726770293078 11.969831 6
1726770293168 0.404301 6
1726770293257 1.099165 6
1726770293345 5.804817 6
1726770293436 1.693998 6
1726770293527 0.376673 6
1726770293618 0.280843 6
1726770295288 2.154315 0
1726770295387 3.365999 0
1726770295477 2.671211 0
1726770295567 3.862061 0
1726770295656 6.130421 0
1726770295744 2.009993 0
1726770295843 2.277833 0
1726770295936 1.884676 0
1726770296030 10.893464 0
1726770296121 1.517716 0
1726770296209 0.491722 3
1726770296297 0.69295 3
1726770296386 1.180579 3
1726770296477 1.535471 3
1726770296567 1.503939 3
1726770296657 13.096072 3
1726770296746 10.531918 3
1726770296838 0.727305 3
1726770296928 14.518973 3
1726770297018 0.969594 3
1726770297108 2.006843 6
1726770297197 9.775549 6
1726770297287 8.815792 6
1726770297376 0.879324 6
1726770297466 1.688077 6
1726770297554 2.946513 6
1726770297644 0.769137 6
1726770297734 4.10724 6
1726770297826 2.13132 6
1726770297926 0.966958 6
1726770298017 1.010823 9
1726770298106 2.258218 9
1726770298197 0.652152 9
1726770298286 0.397353 9
1726770298377 1.385237 9
1726770298468 1.685045 9
1726770298558 0.950215 9
1726770298648 0.397791 9
1726770298737 0.274176 9
1726770300456 1.722456 0
1726770300547 2.0109 0
1726770300638 6.611831 0
1726770300728 2.056618 0
1726770300818 0.763001 0
1726770300909 2.512306 0
1726770301003 7.132662 0
1726770301097 1.533755 0
1726770301189 1.156377 0
1726770301283 2.076518 0
1726770301372 0.468659 4
1726770301461 0.800162 4
1726770301552 1.126204 4
1726770301642 0.94559 4
1726770301731 1.239382 4
1726770301820 11.748081 4
1726770301910 3.00199 4
1726770302008 2.412201 4
1726770302100 2.706182 4
1726770302197 1.001471 4
1726770302292 9.430114 8
1726770302381 4.24871 8
1726770302470 2.143335 8
1726770302560 0.67746 8
1726770302651 1.725808 8
1726770302739 2.300226 8
1726770302829 1.184098 8
1726770302918 1.535768 8
1726770303007 1.786318 8
1726770303097 2.663272 8
1726770303185 1.108893 12
1726770303274 1.213976 12
1726770303363 0.693155 12
1726770303452 0.392723 12
1726770303540 1.894019 12
1726770303629 14.801123 12
1726770303720 1.170551 12
1726770303811 0.408449 12
1726770303902 0.369402 12
1726770305554 2.173518 0
1726770305653 1.505692 0
1726770305743 1.923964 0
1726770305834 1.556229 0
1726770305925 1.341724 0
1726770306017 1.312985 0
1726770306116 2.606897 0
1726770306210 4.307756 0
1726770306300 1.156761 0
1726770306390 0.875637 0
1726770306482 0.431513 5
1726770306575 3.893759 5
1726770306667 1.141415 5
1726770306757 2.005122 5
1726770306846 1.513053 5
1726770306935 7.772209 5
1726770307032 4.439197 5
1726770307133 1.059206 5
1726770307236 1.031433 5
1726770307333 0.853875 5
1726770307431 2.176315 10
1726770307526 4.215991 10
1726770307622 1.545232 10
1726770307714 0.691504 10
1726770307803 3.341817 10
1726770307893 1.073635 10
1726770307983 1.745674 10
1726770308076 1.139579 10
1726770308170 2.922934 10
1726770308262 2.020437 10
1726770308352 1.196148 15
1726770308441 1.034072 15
1726770308531 0.840368 15
1726770308622 0.395282 15
1726770308712 9.420479 15
1726770308802 3.625117 15
1726770308893 1.715007 15
1726770308983 0.398137 15
1726770309075 0.307471 15
1726770310776 3.877855 0
1726770310868 2.275964 0
1726770310957 2.260854 0
1726770311050 1.757898 0
1726770311140 2.069172 0
1726770311228 4.415431 0
1726770311316 1.961827 0
1726770311409 2.742701 0
1726770311501 0.907999 0
1726770311591 1.538918 0
1726770311682 0.378897 6
1726770311771 0.826114 6
1726770311863 30.552715 6
1726770311953 1.226786 6
1726770312042 1.803389 6
1726770312134 4.898242 6
1726770312237 2.844017 6
1726770312327 1.077579 6
1726770312417 1.450247 6
1726770312506 0.816804 6
1726770312598 1.016446 12
1726770312688 12.665417 12
1726770312778 1.678256 12
1726770312869 0.645549 12
1726770312957 4.115354 12
1726770313047 1.448586 12
1726770313138 1.078641 12
1726770313229 0.654065 12
1726770313319 13.49915 12
1726770313408 1.035583 12
1726770313498 1.407254 18
1726770313592 0.948326 18
1726770313682 0.984025 18
1726770313775 0.393733 18
1726770313869 5.00319 18
1726770313958 2.102537 18
1726770314048 0.971086 18
1726770314138 0.405679 18
1726770314232 0.305999 18
