1726770284992 0.0 0
1726770285082 10.0 0
1726770285171 20.0 0
1726770285262 30.0 0
1726770285353 40.0 0
1726770285441 50.0 0
1726770285534 60.0 0
1726770285633 70.0 0
1726770285723 80.0 0
1726770285813 90.0 0
1726770285900 100.0 1
1726770285992 110.0 1
1726770286082 120.0 1
1726770286171 130.0 1
1726770286260 140.0 1
1726770286350 150.0 1
1726770286439 160.0 1
1726770286528 170.0 1
1726770286617 180.0 1
1726770286706 190.0 1
1726770286801 200.0 2
1726770286898 210.0 2
1726770286991 220.0 2
1726770287085 230.0 2
1726770287176 240.0 2
1726770287265 250.0 2
1726770287358 260.0 2
1726770287450 270.0 2
1726770287541 280.0 2
1726770287634 290.0 2
1726770287728 300.0 3
1726770287818 310.0 3
1726770287909 320.0 3
1726770287998 330.0 3
1726770288090 340.0 3
1726770288182 350.0 3
1726770288272 360.0 3
1726770288364 370.0 3
1726770288453 380.0 3
1726770290167 0.0 0
1726770290257 10.0 0
1726770290346 20.0 0
1726770290435 30.0 0
1726770290528 40.0 0
1726770290622 50.0 0
1726770290715 60.0 0
1726770290809 70.0 0
1726770290900 80.0 0
1726770290995 90.0 0
1726770291086 100.0 2
1726770291176 110.0 2
1726770291265 120.0 2
1726770291354 130.0 2
1726770291444 140.0 2
1726770291533 150.0 2
1726770291623 160.0 2
1726770291715 170.0 2
1726770291807 180.0 2
1726770291899 190.0 2
1726770291990 200.0 4
1726770292082 210.0 4
1726770292171 220.0 4
1726770292260 230.0 4
1726770292350 240.0 4
1726770292439 250.0 4
1726770292529 260.0 4
1726770292619 270.0 4
1726770292708 280.0 4
1726770292801 290.0 4
1726770292892 300.0 6
1726770292982 310.0 6
1726770293071 320.0 6
1726770293161 330.0 6
1726770293250 340.0 6
1726770293339 350.0 6
1726770293430 360.0 6
1726770293521 370.0 6
1726770293612 380.0 6
1726770295282 0.0 0
1726770295381 10.0 0
1726770295470 20.0 0
1726770295560 30.0 0
1726770295649 40.0 0
1726770295738 50.0 0
1726770295837 60.0 0
1726770295929 70.0 0
1726770296024 80.0 0
1726770296114 90.0 0
1726770296202 100.0 3
1726770296290 110.0 3
1726770296379 120.0 3
1726770296470 130.0 3
1726770296561 140.0 3
1726770296651 150.0 3
1726770296739 160.0 3
1726770296832 170.0 3
1726770296921 180.0 3
1726770297011 190.0 3
1726770297102 200.0 6
1726770297190 210.0 6
1726770297281 220.0 6
1726770297370 230.0 6
1726770297459 240.0 6
1726770297548 250.0 6
1726770297638 260.0 6
1726770297727 270.0 6
1726770297819 280.0 6
1726770297919 290.0 6
1726770298010 300.0 9
1726770298100 310.0 9
1726770298191 320.0 9
1726770298280 330.0 9
1726770298370 340.0 9
1726770298462 350.0 9
1726770298552 360.0 9
1726770298642 370.0 9
1726770298731 380.0 9
1726770300450 0.0 0
1726770300541 10.0 0
1726770300632 20.0 0
1726770300722 30.0 0
1726770300812 40.0 0
1726770300903 50.0 0
1726770300996 60.0 0
1726770301091 70.0 0
1726770301182 80.0 0
1726770301276 90.0 0
1726770301367 100.0 4
1726770301455 110.0 4
1726770301546 120.0 4
1726770301636 130.0 4
1726770301724 140.0 4
1726770301814 150.0 4
1726770301903 160.0 4
1726770302002 170.0 4
1726770302093 180.0 4
1726770302189 190.0 4
1726770302285 200.0 8
1726770302375 210.0 8
1726770302464 220.0 8
1726770302554 230.0 8
1726770302644 240.0 8
1726770302733 250.0 8
1726770302822 260.0 8
1726770302911 270.0 8
1726770303001 280.0 8
1726770303090 290.0 8
1726770303179 300.0 12
1726770303267 310.0 12
1726770303357 320.0 12
1726770303445 330.0 12
1726770303534 340.0 12
1726770303623 350.0 12
1726770303714 360.0 12
1726770303805 370.0 12
1726770303895 380.0 12
1726770305548 0.0 0
1726770305646 10.0 0
1726770305736 20.0 0
1726770305828 30.0 0
1726770305918 40.0 0
1726770306011 50.0 0
1726770306109 60.0 0
1726770306203 70.0 0
1726770306294 80.0 0
1726770306383 90.0 0
1726770306476 100.0 5
1726770306569 110.0 5
1726770306661 120.0 5
1726770306751 130.0 5
1726770306839 140.0 5
1726770306929 150.0 5
1726770307021 160.0 5
1726770307125 170.0 5
1726770307229 180.0 5
1726770307327 190.0 5
1726770307424 200.0 10
1726770307519 210.0 10
1726770307616 220.0 10
1726770307707 230.0 10
1726770307797 240.0 10
1726770307887 250.0 10
1726770307976 260.0 10
1726770308069 270.0 10
1726770308164 280.0 10
1726770308255 290.0 10
1726770308345 300.0 15
1726770308435 310.0 15
1726770308524 320.0 15
1726770308616 330.0 15
1726770308705 340.0 15
1726770308795 350.0 15
1726770308886 360.0 15
1726770308976 370.0 15
1726770309069 380.0 15
1726770310769 0.0 0
1726770310862 10.0 0
1726770310950 20.0 0
1726770311043 30.0 0
1726770311134 40.0 0
1726770311221 50.0 0
1726770311310 60.0 0
1726770311403 70.0 0
1726770311494 80.0 0
1726770311585 90.0 0
1726770311675 100.0 6
1726770311765 110.0 6
1726770311856 120.0 6
1726770311946 130.0 6
1726770312035 140.0 6
1726770312128 150.0 6
1726770312230 160.0 6
1726770312321 170.0 6
1726770312411 180.0 6
1726770312500 190.0 6
1726770312591 200.0 12
1726770312682 210.0 12
1726770312772 220.0 12
1726770312862 230.0 12
1726770312951 240.0 12
1726770313041 250.0 12
1726770313132 260.0 12
1726770313223 270.0 12
1726770313312 280.0 12
1726770313402 290.0 12
1726770313492 300.0 18
1726770313585 310.0 18
1726770313676 320.0 18
1726770313769 330.0 18
1726770313862 340.0 18
1726770313951 350.0 18
1726770314042 360.0 18
1726770314132 370.0 18
1726770314225 380.0 18
