1726775010834 17.264004 0
1726775010930 64.901062 0
1726775011067 2.580897 0
1726775011164 14.359148 0
1726775011299 2.542561 0
1726775011393 14.611597 0
1726775011534 2.924472 0
1726775011630 20.117298 0
1726775011766 3.360899 0
1726775011862 9.079407 0
1726775012002 7.60781 0
1726775012097 9.012789 0
1726775012232 6.094083 0
1726775012325 14.306044 0
1726775012458 10.560378 0
1726775012552 12.577415 0
1726775012688 12.852582 0
1726775012781 8.122015 0
1726775012916 9.221828 0
1726775013009 8.565889 0
