1727121669906 0.0 0
1727121670010 10.0 0
1727121670111 20.0 0
1727121670209 30.0 0
1727121670310 40.0 0
1727121670410 50.0 0
1727121670507 60.0 0
1727121670608 70.0 0
1727121670708 80.0 0
1727121670809 90.0 0
1727121670914 100.0 1
1727121671015 110.0 1
1727121671111 120.0 1
1727121671210 130.0 1
1727121671311 140.0 1
1727121671409 150.0 1
1727121671514 160.0 1
1727121671620 170.0 1
1727121671722 180.0 1
1727121671820 190.0 1
1727121671921 200.0 2
1727121672030 210.0 2
1727121672887 0.0 0
1727121672989 10.0 0
1727121673089 20.0 0
1727121673189 30.0 0
1727121673291 40.0 0
1727121673390 50.0 0
1727121673492 60.0 0
1727121673595 70.0 0
1727121673696 80.0 0
1727121673796 90.0 0
1727121673909 100.0 2
1727121674014 110.0 2
1727121674120 120.0 2
1727121674223 130.0 2
1727121674324 140.0 2
1727121674424 150.0 2
1727121674531 160.0 2
1727121674637 170.0 2
1727121674738 180.0 2
1727121674838 190.0 2
1727121674937 200.0 4
1727121675037 210.0 4
1727121675878 0.0 0
1727121675989 10.0 0
1727121676089 20.0 0
1727121676192 30.0 0
1727121676294 40.0 0
1727121676395 50.0 0
1727121676496 60.0 0
1727121676595 70.0 0
1727121676695 80.0 0
1727121676794 90.0 0
1727121676893 100.0 3
1727121676992 110.0 3
1727121677096 120.0 3
1727121677195 130.0 3
1727121677301 140.0 3
1727121677405 150.0 3
1727121677505 160.0 3
1727121677611 170.0 3
1727121677712 180.0 3
1727121677812 190.0 3
1727121677915 200.0 6
1727121678016 210.0 6
1727121678858 0.0 0
1727121678960 10.0 0
1727121679058 20.0 0
1727121679159 30.0 0
1727121679259 40.0 0
1727121679360 50.0 0
1727121679459 60.0 0
1727121679560 70.0 0
1727121679659 80.0 0
1727121679763 90.0 0
1727121679865 100.0 4
1727121679970 110.0 4
1727121680070 120.0 4
1727121680169 130.0 4
1727121680275 140.0 4
1727121680377 150.0 4
1727121680476 160.0 4
1727121680582 170.0 4
1727121680681 180.0 4
1727121680786 190.0 4
1727121680885 200.0 8
1727121680983 210.0 8
1727121681815 0.0 0
1727121681915 10.0 0
1727121682015 20.0 0
1727121682115 30.0 0
1727121682217 40.0 0
1727121682322 50.0 0
1727121682423 60.0 0
1727121682525 70.0 0
1727121682625 80.0 0
1727121682728 90.0 0
1727121682830 100.0 5
1727121682934 110.0 5
1727121683034 120.0 5
1727121683137 130.0 5
1727121683240 140.0 5
1727121683341 150.0 5
1727121683442 160.0 5
1727121683540 170.0 5
1727121683642 180.0 5
1727121683746 190.0 5
1727121683849 200.0 10
1727121683952 210.0 10
1727121684800 0.0 0
1727121684901 10.0 0
1727121685002 20.0 0
1727121685103 30.0 0
1727121685206 40.0 0
1727121685306 50.0 0
1727121685408 60.0 0
1727121685507 70.0 0
1727121685608 80.0 0
1727121685708 90.0 0
1727121685813 100.0 6
1727121685915 110.0 6
1727121686014 120.0 6
1727121686113 130.0 6
1727121686212 140.0 6
1727121686316 150.0 6
1727121686420 160.0 6
1727121686519 170.0 6
1727121686621 180.0 6
1727121686720 190.0 6
1727121686821 200.0 12
1727121686919 210.0 12
