1726780925303 0.236132 0
1726780925402 0.111563 0
1726780925496 0.148502 0
1726780925597 0.099742 0
1726780925691 0.134743 0
1726780925784 0.03873 0
1726780925878 0.12486 0
1726780925972 0.288955 0
1726780926065 0.061105 0
1726780926167 0.124733 0
1726780926265 0.091954 1
1726780926365 0.059754 1
1726780926462 0.087565 1
1726780926556 0.213072 1
1726780926650 0.268639 1
1726780926743 0.318825 1
1726780926836 0.285029 1
1726780926932 0.302151 1
1726780927026 0.293559 1
1726780927118 0.708655 1
1726780927211 0.205475 2
1726780927306 0.19035 2
1726780927404 0.58546 2
1726780927499 0.45483 2
1726780927596 0.632523 2
1726780927696 0.195811 2
1726780927792 0.264568 2
1726780927886 0.283579 2
1726780927981 0.41564 2
1726780929510 0.15179 0
1726780929614 0.091104 0
1726780929717 0.065948 0
1726780929810 0.086025 0
1726780929904 0.121122 0
1726780929995 0.052852 0
1726780930089 0.069313 0
1726780930181 0.231013 0
1726780930277 0.055569 0
1726780930371 0.11215 0
1726780930465 0.089087 2
1726780930558 0.059565 2
1726780930662 0.090544 2
1726780930758 0.194604 2
1726780930852 0.185785 2
1726780930951 0.274947 2
1726780931049 0.20609 2
1726780931149 0.238512 2
1726780931244 0.218622 2
1726780931340 0.567059 2
1726780931434 0.175831 4
1726780931528 0.188019 4
1726780931622 0.554943 4
1726780931725 0.423131 4
1726780931821 0.498331 4
1726780931916 0.178706 4
1726780932011 0.261803 4
1726780932106 0.236718 4
1726780932200 0.395922 4
1726780933690 0.243148 0
1726780933802 0.088882 0
1726780933898 0.102631 0
1726780933995 0.079299 0
1726780934090 0.108356 0
1726780934188 0.048773 0
1726780934282 0.065065 0
1726780934377 0.289174 0
1726780934472 0.060328 0
1726780934567 0.118775 0
1726780934662 0.090312 3
1726780934756 0.049616 3
1726780934850 0.08751 3
1726780934944 0.236598 3
1726780935039 0.157636 3
1726780935134 0.272061 3
1726780935229 0.173968 3
1726780935324 0.187511 3
1726780935417 0.200422 3
1726780935513 0.592614 3
1726780935608 0.177519 6
1726780935703 0.167335 6
1726780935804 0.559208 6
1726780935901 0.424549 6
1726780935999 0.481973 6
1726780936094 0.169655 6
1726780936194 0.21649 6
1726780936292 0.226424 6
1726780936388 0.475993 6
1726780937898 0.398165 0
1726780937998 0.088254 0
1726780938096 0.054075 0
1726780938193 0.076731 0
1726780938289 0.121143 0
1726780938388 0.060327 0
1726780938486 0.079129 0
1726780938583 0.259556 0
1726780938678 0.06446 0
1726780938774 0.146135 0
1726780938867 0.087603 4
1726780938964 0.048707 4
1726780939059 0.085826 4
1726780939154 0.170035 4
1726780939248 0.189455 4
1726780939342 0.234155 4
1726780939434 0.167738 4
1726780939530 0.200886 4
1726780939623 0.200284 4
1726780939717 0.588311 4
1726780939809 0.175805 8
1726780939911 0.170983 8
1726780940006 0.496887 8
1726780940109 0.344782 8
1726780940202 0.508305 8
1726780940295 0.1842 8
1726780940388 0.163285 8
1726780940480 0.251972 8
1726780940573 0.407339 8
1726780942106 0.809025 0
1726780942214 0.088902 0
1726780942309 0.072788 0
1726780942402 0.10994 0
1726780942498 0.131719 0
1726780942594 0.042816 0
1726780942690 0.085013 0
1726780942784 0.289479 0
1726780942880 0.066642 0
1726780942974 0.170378 0
1726780943068 0.08091 5
1726780943165 0.06674 5
1726780943261 0.086001 5
1726780943355 0.226478 5
1726780943448 0.132032 5
1726780943541 0.242611 5
1726780943634 0.125553 5
1726780943725 0.229316 5
1726780943819 0.207878 5
1726780943911 0.562484 5
1726780944013 0.174299 10
1726780944108 0.173736 10
1726780944202 0.481612 10
1726780944297 0.325216 10
1726780944390 0.423299 10
1726780944483 0.18679 10
1726780944579 0.189329 10
1726780944673 0.304392 10
1726780944768 0.400275 10
1726780946363 0.227477 0
1726780946467 0.089314 0
1726780946563 0.123298 0
1726780946658 0.101586 0
1726780946753 0.116758 0
1726780946848 0.045432 0
1726780946942 0.06462 0
1726780947037 0.202481 0
1726780947134 0.067995 0
1726780947229 0.122329 0
1726780947323 0.085963 6
1726780947417 0.057642 6
1726780947510 0.094851 6
1726780947606 0.179611 6
1726780947699 0.12109 6
1726780947797 0.239208 6
1726780947897 0.15641 6
1726780947993 0.217411 6
1726780948097 0.211132 6
1726780948193 0.580641 6
1726780948289 0.167433 12
1726780948384 0.163989 12
1726780948480 0.470752 12
1726780948579 0.328577 12
1726780948675 0.439362 12
1726780948771 0.179591 12
1726780948867 0.142925 12
1726780948962 0.219844 12
1726780949061 0.38819 12
1726780950627 0.149145 0
1726780950731 0.090398 0
1726780950826 0.062542 0
1726780950921 0.076882 0
1726780951016 0.116331 0
1726780951115 0.053344 0
1726780951215 0.056811 0
1726780951309 0.203008 0
1726780951404 0.057424 0
1726780951498 0.108308 0
1726780951593 0.08845 7
1726780951689 0.054033 7
1726780951783 0.097556 7
1726780951877 0.172626 7
1726780951973 0.142142 7
1726780952067 0.23644 7
1726780952171 0.134955 7
1726780952268 0.234441 7
1726780952365 0.206211 7
1726780952460 0.619024 7
1726780952555 0.168531 14
1726780952649 0.163887 14
1726780952744 0.451391 14
1726780952844 0.299077 14
1726780952938 0.461316 14
1726780953033 0.194938 14
1726780953128 0.147125 14
1726780953223 0.223786 14
1726780953315 0.381594 14
1726780954848 0.142016 0
1726780954952 0.085479 0
1726780955047 0.071361 0
1726780955141 0.07775 0
1726780955235 0.112723 0
1726780955330 0.045717 0
1726780955423 0.05385 0
1726780955517 0.219743 0
1726780955610 0.049885 0
1726780955704 0.131354 0
1726780955797 0.083885 8
1726780955890 0.048227 8
1726780955983 0.094024 8
1726780956077 0.225047 8
1726780956179 0.133339 8
1726780956285 0.25261 8
1726780956381 0.152733 8
1726780956476 0.216172 8
1726780956570 0.198911 8
1726780956663 0.615768 8
1726780956756 0.166599 16
1726780956849 0.149973 16
1726780956941 0.442858 16
1726780957035 0.29621 16
1726780957128 0.424731 16
1726780957222 0.186203 16
1726780957316 0.142226 16
1726780957411 0.224871 16
1726780957506 0.349111 16
1726780959022 0.130641 0
1726780959127 0.094991 0
1726780959223 0.058557 0
1726780959317 0.081109 0
1726780959415 0.115847 0
1726780959511 0.050335 0
1726780959606 0.065969 0
1726780959700 0.199395 0
1726780959794 0.061575 0
1726780959889 0.097182 0
1726780959982 0.082604 9
1726780960076 0.058105 9
1726780960170 0.098516 9
1726780960264 0.171544 9
1726780960371 0.137962 9
1726780960467 0.236079 9
1726780960564 0.150863 9
1726780960659 0.213095 9
1726780960756 0.206546 9
1726780960850 0.612683 9
1726780960948 0.163716 18
1726780961043 0.153498 18
1726780961153 0.450834 18
1726780961251 0.286054 18
1726780961348 0.506329 18
1726780961442 0.1902 18
1726780961538 0.140042 18
1726780961633 0.19722 18
1726780961731 0.376916 18
1726780963279 0.140127 0
1726780963388 0.092204 0
1726780963483 0.048633 0
1726780963578 0.077637 0
1726780963673 0.113534 0
1726780963767 0.047244 0
1726780963861 0.054006 0
1726780963956 0.215074 0
1726780964049 0.05376 0
1726780964144 0.13149 0
1726780964239 0.084661 10
1726780964334 0.05054 10
1726780964435 0.095308 10
1726780964533 0.191741 10
1726780964628 0.136611 10
1726780964723 0.246442 10
1726780964821 0.147104 10
1726780964917 0.217116 10
1726780965012 0.206284 10
1726780965108 0.571079 10
1726780965203 0.163053 20
1726780965298 0.161389 20
1726780965393 0.455924 20
1726780965489 0.26642 20
1726780965583 0.475408 20
1726780965676 0.197447 20
1726780965772 0.14901 20
1726780965867 0.199502 20
1726780965961 0.343083 20
