1727111542938 261.335266 0
1727111543077 5.762195 0
1727111543453 15.149939 0
1727111543604 2.644148 0
1727111543980 4.357657 0
1727111544111 1.522688 0
1727111544472 2.177943 0
1727111544603 0.942824 0
1727111544983 1.539313 0
1727111545120 0.4657 0
1727111545489 1.150539 0
1727111545624 0.241008 0
1727111545993 0.547593 0
1727111546128 0.114869 0
1727111546494 0.396172 0
1727111546613 0.157795 0
1727111546987 0.263894 0
1727111547118 0.168315 0
1727111547495 0.251415 0
1727111547633 0.127818 0
