1726780568965 61.028938 0
1726780569061 4.799137 0
1726780569156 5.503134 0
1726780569248 4.039214 0
1726780569342 4.090263 0
1726780569436 4.462707 0
1726780569529 5.475963 0
1726780569632 47.611694 0
1726780569729 3.460157 0
1726780569827 1.060939 0
1726780569922 2.70232 1
1726780570017 1.497334 1
1726780570112 2.345354 1
1726780570207 3.105327 1
1726780570316 2.247053 1
1726780570412 0.87702 1
1726780570510 0.644462 1
1726780570605 0.964469 1
1726780570700 1.173049 1
1726780570796 5.407252 1
1726780571908 1.66246 0
1726780572006 0.828225 0
1726780572098 2.865562 0
1726780572193 1.870604 0
1726780572287 15.225565 0
1726780572379 3.195686 0
1726780572471 2.038717 0
1726780572564 6.023045 0
1726780572656 3.394905 0
1726780572749 1.246573 0
1726780572841 2.56599 2
1726780572934 1.602166 2
1726780573027 1.384413 2
1726780573120 1.995759 2
1726780573212 0.633904 2
1726780573305 0.765694 2
1726780573396 0.731651 2
1726780573489 1.143131 2
1726780573581 0.827078 2
1726780573674 1.527444 2
1726780574731 2.575534 0
1726780574836 1.645144 0
1726780574930 3.90942 0
1726780575026 1.385371 0
1726780575121 4.088998 0
1726780575216 0.674347 0
1726780575312 0.934953 0
1726780575406 2.04837 0
1726780575500 2.51609 0
1726780575593 1.732201 0
1726780575687 6.882034 3
1726780575791 3.311882 3
1726780575885 1.460683 3
1726780575979 6.858505 3
1726780576076 1.687561 3
1726780576171 0.719568 3
1726780576265 1.120257 3
1726780576361 1.383461 3
1726780576454 1.481767 3
1726780576548 0.808878 3
1726780577592 0.810203 0
1726780577699 10.848738 0
1726780577810 2.424825 0
1726780577915 1.756025 0
1726780578016 3.156633 0
1726780578121 0.386433 0
1726780578220 6.66532 0
1726780578313 1.832638 0
1726780578411 5.70208 0
1726780578505 0.831851 0
1726780578601 0.820369 4
1726780578708 1.575181 4
1726780578811 1.640935 4
1726780578915 2.058496 4
1726780579018 0.955214 4
1726780579118 2.365044 4
1726780579213 0.782096 4
1726780579307 0.825314 4
1726780579403 0.969701 4
1726780579497 0.916461 4
1726780580646 1.964901 0
1726780580750 1.360668 0
1726780580853 4.788913 0
1726780580955 1.61831 0
1726780581058 5.514286 0
1726780581154 0.501092 0
1726780581250 1.214067 0
1726780581348 3.500138 0
1726780581452 5.731154 0
1726780581556 1.451115 0
1726780581657 0.631233 5
1726780581755 1.943573 5
1726780581852 1.60364 5
1726780581956 2.364861 5
1726780582051 0.586351 5
1726780582146 1.120202 5
1726780582239 0.611823 5
1726780582337 0.881326 5
1726780582434 1.528378 5
1726780582531 2.42954 5
1726780583570 1.107298 0
1726780583673 1.788299 0
1726780583769 3.008437 0
1726780583862 3.615067 0
1726780583965 4.003091 0
1726780584061 0.578 0
1726780584159 9.136855 0
1726780584253 2.208795 0
1726780584348 2.003984 0
1726780584442 4.930105 0
1726780584537 1.329505 6
1726780584632 1.040208 6
1726780584729 1.590683 6
1726780584831 3.206477 6
1726780584926 1.12413 6
1726780585020 0.752605 6
1726780585113 0.857071 6
1726780585207 1.517671 6
1726780585301 1.263539 6
1726780585395 0.844019 6
