1726918526171 201.262024 0
1726918526318 4.064501 0
1726918526463 2.848864 0
1726918526609 1.053094 0
1726918526756 0.929888 0
1726918527381 11.937177 0
1726918527528 1.295739 0
1726918527673 3.289429 0
1726918527820 1.238021 0
1726918527969 2.327343 0
1726918528452 1.545542 0
1726918528602 2.021755 0
1726918528751 1.792149 0
1726918528904 1.703149 0
1726918529052 1.754352 0
1726918529525 3.022751 0
1726918529674 2.843063 0
1726918529822 1.751306 0
1726918529972 1.459477 0
1726918530125 1.362289 0
