1726902490100 0.0 0
1726902490241 10.0 0
1726902490381 20.0 0
1726902490519 30.0 0
1726902490660 40.0 0
1726902490800 50.0 0
1726902490940 60.0 0
1726902491080 70.0 0
1726902491222 80.0 0
1726902491966 0.0 0
1726902492107 10.0 0
1726902492248 20.0 0
1726902492389 30.0 0
1726902492529 40.0 0
1726902492669 50.0 0
1726902492808 60.0 0
1726902492950 70.0 0
1726902493090 80.0 0
1726902493825 0.0 0
1726902493967 10.0 0
1726902494107 20.0 0
1726902494247 30.0 0
1726902494387 40.0 0
1726902494527 50.0 0
1726902494667 60.0 0
1726902494808 70.0 0
1726902494948 80.0 0
1726902495681 0.0 0
1726902495823 10.0 0
1726902495963 20.0 0
1726902496103 30.0 0
1726902496243 40.0 0
1726902496385 50.0 0
1726902496525 60.0 0
1726902496665 70.0 0
1726902496805 80.0 0
1726902497550 0.0 0
1726902497691 10.0 0
1726902497835 20.0 0
1726902497975 30.0 0
1726902498116 40.0 0
1726902498256 50.0 0
1726902498395 60.0 0
1726902498534 70.0 0
1726902498675 80.0 0
1726902499406 0.0 0
1726902499547 10.0 0
1726902499690 20.0 0
1726902499832 30.0 0
1726902499973 40.0 0
1726902500113 50.0 0
1726902500252 60.0 0
1726902500393 70.0 0
1726902500535 80.0 0
1726902501265 0.0 0
1726902501410 10.0 0
1726902501550 20.0 0
1726902501691 30.0 0
1726902501831 40.0 0
1726902501971 50.0 0
1726902502111 60.0 0
1726902502253 70.0 0
1726902502393 80.0 0
1726902503141 0.0 0
1726902503281 10.0 0
1726902503422 20.0 0
1726902503563 30.0 0
1726902503703 40.0 0
1726902503843 50.0 0
1726902503983 60.0 0
1726902504124 70.0 0
1726902504264 80.0 0
1726902504993 0.0 0
1726902505134 10.0 0
1726902505275 20.0 0
1726902505415 30.0 0
1726902505557 40.0 0
1726902505698 50.0 0
1726902505840 60.0 0
1726902505979 70.0 0
1726902506118 80.0 0
1726902506858 0.0 0
1726902506999 10.0 0
1726902507139 20.0 0
1726902507281 30.0 0
1726902507422 40.0 0
1726902507564 50.0 0
1726902507704 60.0 0
1726902507851 70.0 0
1726902507991 80.0 0
