1727116251633 0.965688 0
1727116251738 0.152039 0
1727116251841 0.382655 0
1727116251944 0.322116 0
1727116252047 0.142201 0
1727116252148 0.251512 0
1727116252248 0.388634 0
1727116252354 0.222049 0
1727116252455 0.227935 0
1727116252558 0.421831 0
1727116252662 0.188001 1
1727116252772 0.404171 1
1727116252877 0.485733 1
1727116252981 0.287273 1
1727116253083 0.501309 1
1727116253187 0.308008 1
1727116253290 0.350891 1
1727116253392 0.135213 1
1727116254474 0.354835 0
1727116254577 0.078104 0
1727116254681 0.373998 0
1727116254782 0.41866 0
1727116254881 0.126136 0
1727116254985 0.234282 0
1727116255087 0.37005 0
1727116255189 0.168043 0
1727116255291 0.161861 0
1727116255398 0.308394 0
1727116255500 0.243107 2
1727116255609 0.269224 2
1727116255710 0.400076 2
1727116255813 0.27775 2
1727116255915 0.327323 2
1727116256017 0.244547 2
1727116256120 0.35515 2
1727116256220 0.150993 2
1727116256922 0.463694 0
1727116257025 0.121486 0
1727116257130 0.276178 0
1727116257239 0.154616 0
1727116257343 0.081307 0
1727116257443 0.186676 0
1727116257546 0.377817 0
1727116257654 0.170713 0
1727116257757 0.132049 0
1727116257863 0.26727 0
1727116257973 0.225598 3
1727116258075 0.232516 3
1727116258177 0.384096 3
1727116258278 0.255187 3
1727116258379 0.334848 3
1727116258479 0.20742 3
1727116258585 0.359955 3
1727116258687 0.133746 3
1727116259390 0.488648 0
1727116259494 0.097709 0
1727116259598 0.225842 0
1727116259706 0.128533 0
1727116259809 0.092386 0
1727116259910 0.22014 0
1727116260014 0.382011 0
1727116260117 0.214819 0
1727116260222 0.131031 0
1727116260326 0.22052 0
1727116260434 0.221689 4
1727116260538 0.180669 4
1727116260641 0.332136 4
1727116260741 0.237394 4
1727116260841 0.306746 4
1727116260945 0.187215 4
1727116261046 0.389639 4
1727116261150 0.149131 4
