1726829712015 0.919766 0
1726829712141 0.803178 0
1726829712267 0.65494 0
1726829712392 0.739359 0
1726829712518 1.605409 0
1726829713064 0.906502 0
1726829713190 0.749609 0
1726829713317 0.564587 0
1726829713443 0.641464 0
1726829713569 1.251648 0
1726829714040 1.049996 0
1726829714167 0.682151 0
1726829714293 0.548973 0
1726829714419 0.729794 0
1726829714545 1.319087 0
1726829715021 0.892832 0
1726829715147 0.677257 0
1726829715274 0.541936 0
1726829715400 0.634879 0
1726829715526 1.236279 0
1726829716000 0.927647 0
1726829716125 0.653192 0
1726829716252 0.558998 0
1726829716377 0.700823 0
1726829716503 1.266042 0
1726829716975 0.915093 0
1726829717104 0.659906 0
1726829717232 0.561147 0
1726829717359 0.625579 0
1726829717485 1.246523 0
1726829717959 0.886828 0
1726829718085 0.641686 0
1726829718210 0.555382 0
1726829718337 0.647207 0
1726829718463 1.234218 0
1726829718934 0.912227 0
1726829719061 0.646265 0
1726829719190 0.550731 0
1726829719316 0.636129 0
1726829719442 1.23595 0
1726829719914 0.872814 0
1726829720040 0.631441 0
1726829720167 0.546223 0
1726829720293 0.628183 0
1726829720419 1.223015 0
1726829720890 0.897957 0
1726829721016 0.634058 0
1726829721144 0.543449 0
1726829721270 0.638865 0
1726829721396 1.222868 0
