1726868404264 0.490738 0
1726868404398 0.18666 0
1726868404541 0.210505 0
1726868404674 0.07488 0
1726868404807 0.232041 0
1726868404940 0.204205 0
1726868405073 0.123042 0
1726868405207 0.313621 0
1726868405340 0.326779 0
1726868405473 1.051981 0
1726868405606 0.252805 1
1726868406497 0.217687 0
1726868406631 0.138586 0
1726868406765 0.164279 0
1726868406897 0.097508 0
1726868407030 0.238088 0
1726868407163 0.208611 0
1726868407298 0.146878 0
1726868407431 0.309472 0
1726868407564 0.134995 0
1726868407698 0.642358 0
1726868407831 0.469196 2
1726868408720 0.232531 0
1726868408853 0.165359 0
1726868408986 0.183389 0
1726868409119 0.104145 0
1726868409251 0.31793 0
1726868409387 0.258339 0
1726868409520 0.184966 0
1726868409653 0.300615 0
1726868409786 0.273625 0
1726868409919 0.610823 0
1726868410052 0.280344 3
1726868410945 0.406253 0
1726868411079 0.146532 0
1726868411212 0.201881 0
1726868411346 0.111256 0
1726868411482 0.207628 0
1726868411614 0.212907 0
1726868411747 0.134325 0
1726868411880 0.316719 0
1726868412013 0.121484 0
1726868412145 0.588767 0
1726868412278 0.249699 4
