1726877056260 10.909675 0
1726877056415 5.902163 0
1726877056559 11.361805 0
1726877056699 6.71783 0
1726877056857 9.89731 0
1726877057010 2.838035 0
1726877057157 1.465075 0
1726877057300 2.644013 0
1726877057443 1.542777 0
1726877057588 1.368255 0
1726877058551 0.853244 0
1726877058698 2.942347 0
1726877058846 8.488069 0
1726877058995 2.446898 0
1726877059140 5.393273 0
1726877059283 3.042057 0
1726877059429 2.184626 0
1726877059574 1.456284 0
1726877059717 7.623696 0
1726877059869 1.604407 0
1726877060734 2.301429 0
1726877060880 23.835949 0
1726877061025 3.307455 0
1726877061169 1.046445 0
1726877061313 3.818479 0
1726877061457 7.009346 0
1726877061602 2.172749 0
1726877061746 1.791605 0
1726877061894 2.18845 0
1726877062045 1.34135 0
1726877062903 0.925411 0
1726877063048 2.621094 0
1726877063192 16.724995 0
1726877063335 1.121902 0
1726877063478 4.599417 0
1726877063622 2.258565 0
1726877063765 2.86382 0
1726877063915 1.674751 0
1726877064063 0.733314 0
1726877064214 1.468759 0
1726877065135 5.942383 0
1726877065283 26.865847 0
1726877065432 3.509328 0
1726877065577 1.835613 0
1726877065727 0.852966 0
1726877065878 3.025553 0
1726877066026 3.032173 0
1726877066172 1.713583 0
1726877066321 2.172843 0
1726877066470 0.982462 0
1726877067359 1.253512 0
1726877067506 7.164799 0
1726877067657 3.257357 0
1726877067804 6.855455 0
1726877067953 5.74143 0
1726877068106 2.789198 0
1726877068255 3.471548 0
1726877068401 0.984498 0
1726877068545 1.439301 0
1726877068689 1.856783 0
