1726772310610 6147.874023 0
1726772310706 3.56012 0
1726772310798 4.77975 0
1726772310892 14.98404 0
1726772310985 19.159374 0
1726772311081 18.62018 0
1726772311175 11.106787 0
1726772311266 9.085793 0
1726772311361 3.267414 0
1726772311455 4.495301 0
1726772311547 3.177305 1
1726772311639 21.509249 1
1726772311730 8.74826 1
1726772311822 1.889392 1
1726772311913 1.310533 1
1726772312005 0.963367 1
1726772312101 4.894366 1
1726772313011 1.526266 0
1726772313115 6.089292 0
1726772313212 11.078735 0
1726772313310 6.213147 0
1726772313403 1.58418 0
1726772313500 1.425593 0
1726772313593 3.373305 0
1726772313685 3.454437 0
1726772313777 1.252295 0
1726772313870 2.729641 0
1726772313962 7.356283 2
1726772314055 3.714054 2
1726772314150 1.62135 2
1726772314242 3.414243 2
1726772314337 1.049588 2
1726772314428 2.237934 2
1726772314521 2.347093 2
1726772315460 1.94179 0
1726772315563 3.032445 0
1726772315655 8.100754 0
1726772315747 6.311164 0
1726772315839 1.679076 0
1726772315934 2.837874 0
1726772316027 2.369858 0
1726772316121 1.165066 0
1726772316213 1.388689 0
1726772316307 1.705128 0
1726772316400 3.239235 3
1726772316492 3.79889 3
1726772316584 31.868662 3
1726772316675 2.264469 3
1726772316777 0.701371 3
1726772316874 2.007248 3
1726772316968 2.396099 3
1726772317818 6.367857 0
1726772317915 10.681059 0
1726772318006 17.64542 0
1726772318098 3.226433 0
1726772318188 2.596741 0
1726772318279 1.685238 0
1726772318369 10.447635 0
1726772318463 2.126062 0
1726772318555 0.983009 0
1726772318647 3.611474 0
1726772318738 2.700967 4
1726772318839 1.84121 4
1726772318931 14.737714 4
1726772319022 1.884835 4
1726772319116 0.573769 4
1726772319210 1.598606 4
1726772319302 3.039538 4
1726772320196 1.366755 0
1726772320301 1.273747 0
1726772320393 13.086116 0
1726772320484 15.682442 0
1726772320576 15.330532 0
1726772320667 1.382036 0
1726772320764 2.312411 0
1726772320866 0.770615 0
1726772320959 1.122203 0
1726772321053 1.912677 0
1726772321146 2.203664 5
1726772321241 9.406343 5
1726772321334 2.318994 5
1726772321426 2.217268 5
1726772321531 0.944887 5
1726772321624 1.421101 5
1726772321725 3.126604 5
