1727088862056 0.557438 0
1727088862168 0.117142 0
1727088862269 0.253512 0
1727088862371 0.137795 0
1727088862464 0.106295 0
1727088862564 0.338477 0
1727088862670 0.095144 0
1727088862773 0.105455 0
1727088862878 0.310061 0
1727088862981 0.184456 0
1727088863082 0.186279 1
1727088863189 0.100379 1
1727088863288 0.171335 1
1727088863387 0.337848 1
1727088863485 0.112863 1
1727088863583 0.088177 1
1727088863691 0.185778 1
1727088863798 0.570091 1
1727088863899 0.518899 1
1727088863996 0.128158 1
1727088864091 0.117736 2
1727088864189 0.183542 2
1727088864281 0.490838 2
1727088864376 0.095606 2
1727088864475 0.115386 2
1727088864580 0.317681 2
1727088864683 0.172207 2
1727088864783 0.098637 2
1727088864882 0.591017 2
1727088864983 1.40496 2
1727088865082 0.449437 3
1727088865183 0.161414 3
1727088865280 0.137934 3
1727088865378 0.157582 3
1727088865476 0.183807 3
1727088865572 0.47299 3
1727088865671 0.186751 3
1727088865766 0.17069 3
1727088865859 0.305375 3
1727088865953 0.233735 3
1727088866054 0.905519 4
1727088866151 0.281175 4
1727088866246 1.005241 4
1727088866342 0.749164 4
1727088866441 0.225523 4
1727088866536 0.287359 4
1727088866639 0.227163 4
1727088866738 1.007309 4
1727088866834 0.37722 4
1727088866931 0.161826 4
1727088867029 0.578899 5
1727088867127 1.984925 5
1727088867223 2.666795 5
1727088867315 0.659064 5
1727088867411 0.235859 5
1727088869334 0.213334 0
1727088869443 0.140986 0
1727088869548 0.083454 0
1727088869649 0.16268 0
1727088869750 0.099784 0
1727088869851 0.31915 0
1727088869954 0.093086 0
1727088870052 0.055896 0
1727088870154 0.289228 0
1727088870252 0.175592 0
1727088870346 0.193838 2
1727088870445 0.063676 2
1727088870552 0.158033 2
1727088870658 0.276041 2
1727088870762 0.094605 2
1727088870865 0.099475 2
1727088870965 0.174104 2
1727088871066 0.434652 2
1727088871167 0.29202 2
1727088871269 0.131057 2
1727088871370 0.173329 4
1727088871469 0.215053 4
1727088871570 0.47011 4
1727088871666 0.11278 4
1727088871761 0.112569 4
1727088871857 0.304993 4
1727088871956 0.20723 4
1727088872051 0.103682 4
1727088872153 0.372179 4
1727088872251 1.179489 4
1727088872353 0.613564 6
1727088872450 0.169222 6
1727088872548 0.123464 6
1727088872648 0.160529 6
1727088872749 0.159025 6
1727088872845 0.347875 6
1727088872944 0.181423 6
1727088873045 0.150057 6
1727088873149 0.2968 6
1727088873246 0.237319 6
1727088873342 0.848348 8
1727088873441 0.307097 8
1727088873536 1.076833 8
1727088873637 0.633462 8
1727088873737 0.238533 8
1727088873840 0.30053 8
1727088873935 0.211596 8
1727088874027 0.943661 8
1727088874132 0.392853 8
1727088874271 0.1838 8
1727088874375 0.578133 10
1727088874475 2.118324 10
1727088874575 2.231492 10
1727088874678 0.992189 10
1727088874780 0.257772 10
1727088876605 0.176265 0
1727088876705 0.076639 0
1727088876804 0.099439 0
1727088876903 0.153102 0
1727088877002 0.103145 0
1727088877096 0.316647 0
1727088877190 0.087526 0
1727088877285 0.055326 0
1727088877383 0.274678 0
1727088877479 0.17022 0
1727088877578 0.192062 3
1727088877675 0.058733 3
1727088877772 0.159013 3
1727088877868 0.265287 3
1727088877969 0.071615 3
1727088878068 0.120754 3
1727088878166 0.158497 3
1727088878261 0.435753 3
1727088878358 0.265452 3
1727088878456 0.13752 3
1727088878550 0.163803 6
1727088878651 0.202382 6
1727088878751 0.461322 6
1727088878850 0.124303 6
1727088878956 0.110364 6
1727088879061 0.248527 6
1727088879164 0.192263 6
1727088879266 0.099033 6
1727088879370 0.358795 6
1727088879470 1.104557 6
1727088879573 0.634859 9
1727088879680 0.191711 9
1727088879777 0.1472 9
1727088879874 0.16234 9
1727088879969 0.160229 9
1727088880069 0.376307 9
1727088880172 0.237354 9
1727088880273 0.144421 9
1727088880371 0.339013 9
1727088880475 0.234287 9
1727088880571 0.812913 12
1727088880670 0.248287 12
1727088880772 0.994721 12
1727088880875 0.820602 12
1727088880979 0.240311 12
1727088881081 0.307809 12
1727088881181 0.200645 12
1727088881275 0.808585 12
1727088881373 0.360775 12
1727088881471 0.178924 12
1727088881568 0.572773 15
1727088881664 1.991386 15
1727088881765 2.073276 15
1727088881865 0.821655 15
1727088881967 0.262854 15
1727088883843 0.192405 0
1727088883954 0.098571 0
1727088884057 0.102183 0
1727088884157 0.158813 0
1727088884255 0.10021 0
1727088884357 0.315583 0
1727088884460 0.084434 0
1727088884564 0.057344 0
1727088884667 0.263542 0
1727088884771 0.167275 0
1727088884878 0.194222 4
1727088884980 0.060721 4
1727088885079 0.159924 4
1727088885181 0.27794 4
1727088885283 0.065009 4
1727088885387 0.144442 4
1727088885488 0.150098 4
1727088885587 0.447134 4
1727088885681 0.238143 4
1727088885785 0.13238 4
1727088885892 0.167751 8
1727088885993 0.221593 8
1727088886093 0.477512 8
1727088886193 0.101428 8
1727088886296 0.106234 8
1727088886392 0.284234 8
1727088886493 0.204779 8
1727088886592 0.115118 8
1727088886692 0.353886 8
1727088886795 1.003516 8
1727088886898 0.661837 12
1727088887006 0.207124 12
1727088887108 0.151749 12
1727088887211 0.167483 12
1727088887314 0.15769 12
1727088887410 0.279769 12
1727088887506 0.229972 12
1727088887601 0.138735 12
1727088887696 0.323302 12
1727088887793 0.223172 12
1727088887893 0.82116 16
1727088887992 0.226793 16
1727088888090 1.068277 16
1727088888185 0.730135 16
1727088888283 0.236997 16
1727088888380 0.309689 16
1727088888479 0.206879 16
1727088888575 0.804489 16
1727088888670 0.415443 16
1727088888769 0.195124 16
1727088888867 0.552834 20
1727088888965 2.154085 20
1727088889064 2.303016 20
1727088889167 0.961806 20
1727088889259 0.254489 20
1727088891018 0.269108 0
1727088891121 0.265946 0
1727088891225 0.220109 0
1727088891324 0.188196 0
1727088891419 0.098753 0
1727088891512 0.356814 0
1727088891609 0.088863 0
1727088891702 0.068576 0
1727088891798 0.266178 0
1727088891889 0.187111 0
1727088891986 0.212285 5
1727088892088 0.098851 5
1727088892183 0.137598 5
1727088892281 0.220897 5
1727088892380 0.086833 5
1727088892480 0.126381 5
1727088892578 0.140988 5
1727088892676 0.503999 5
1727088892771 0.187504 5
1727088892872 0.094294 5
1727088892977 0.197744 10
1727088893080 0.304086 10
1727088893183 0.435273 10
1727088893290 0.124255 10
1727088893388 0.086078 10
1727088893490 0.305731 10
1727088893589 0.201351 10
1727088893690 0.090084 10
1727088893792 0.300945 10
1727088893892 1.197772 10
1727088893989 0.471536 15
1727088894082 0.17042 15
1727088894177 0.120137 15
1727088894273 0.164403 15
1727088894365 0.150215 15
1727088894464 0.243958 15
1727088894560 0.230421 15
1727088894659 0.138361 15
1727088894760 0.392068 15
1727088894863 0.257738 15
1727088894975 0.813363 20
1727088895083 0.194087 20
1727088895188 1.033877 20
1727088895288 0.795713 20
1727088895385 0.220108 20
1727088895490 0.343802 20
1727088895593 0.243375 20
1727088895697 0.67654 20
1727088895800 0.412492 20
1727088895903 0.181095 20
1727088896005 0.53338 25
1727088896107 2.062986 25
1727088896204 2.286114 25
1727088896296 0.805179 25
1727088896398 0.238983 25
1727088898283 0.349964 0
1727088898383 0.090823 0
1727088898480 0.13303 0
1727088898576 0.1568 0
1727088898672 0.108983 0
1727088898771 0.330706 0
1727088898871 0.091376 0
1727088898969 0.057642 0
1727088899070 0.267815 0
1727088899171 0.189482 0
1727088899268 0.219978 6
1727088899373 0.100721 6
1727088899470 0.134065 6
1727088899568 0.232305 6
1727088899663 0.090856 6
1727088899763 0.143055 6
1727088899863 0.137036 6
1727088899960 0.507494 6
1727088900057 0.189021 6
1727088900161 0.092288 6
1727088900259 0.194863 12
1727088900357 0.317052 12
1727088900457 0.431576 12
1727088900553 0.136382 12
1727088900652 0.09387 12
1727088900743 0.270899 12
1727088900841 0.183565 12
1727088900936 0.087575 12
1727088901031 0.279353 12
1727088901131 1.101653 12
1727088901227 0.51364 18
1727088901330 0.152272 18
1727088901426 0.111138 18
1727088901520 0.158828 18
1727088901617 0.178458 18
1727088901712 0.244369 18
1727088901812 0.198233 18
1727088901909 0.135372 18
1727088902005 0.387394 18
1727088902101 0.22818 18
1727088902197 0.751516 24
1727088902290 0.190283 24
1727088902385 0.960552 24
1727088902484 0.776793 24
1727088902581 0.234746 24
1727088902679 0.387461 24
1727088902774 0.259595 24
1727088902878 0.660388 24
1727088902983 0.426891 24
1727088903083 0.175397 24
1727088903186 0.490821 30
1727088903288 1.822066 30
1727088903393 2.118275 30
1727088903494 0.887571 30
1727088903592 0.253374 30
1727088905467 0.360662 0
1727088905569 0.072774 0
1727088905670 0.120051 0
1727088905767 0.148152 0
1727088905864 0.112521 0
1727088905965 0.32277 0
1727088906067 0.09384 0
1727088906165 0.052351 0
1727088906256 0.273185 0
1727088906356 0.194213 0
1727088906453 0.213022 7
1727088906554 0.089242 7
1727088906676 0.139512 7
1727088906781 0.22637 7
1727088906879 0.091746 7
1727088906976 0.144111 7
1727088907072 0.131482 7
1727088907160 0.497722 7
1727088907257 0.1737 7
1727088907357 0.088766 7
1727088907457 0.177311 14
1727088907558 0.304815 14
1727088907657 0.440526 14
1727088907757 0.139846 14
1727088907853 0.103084 14
1727088907949 0.256074 14
1727088908048 0.18402 14
1727088908149 0.090047 14
1727088908246 0.267985 14
1727088908344 1.152202 14
1727088908442 0.511528 21
1727088908543 0.156942 21
1727088908641 0.102109 21
1727088908740 0.142528 21
1727088908835 0.171954 21
1727088908930 0.219942 21
1727088909026 0.194825 21
1727088909127 0.137392 21
1727088909224 0.385351 21
1727088909333 0.222286 21
1727088909434 0.717523 28
1727088909540 0.178674 28
1727088909642 0.946343 28
1727088909743 0.804881 28
1727088909841 0.244547 28
1727088909937 0.344604 28
1727088910032 0.291095 28
1727088910127 0.642977 28
1727088910224 0.373647 28
1727088910318 0.160964 28
1727088910420 0.411027 35
1727088910514 1.735701 35
1727088910606 1.813583 35
1727088910703 0.869239 35
1727088910801 0.243926 35
