1726867538750 17.952942 0
1726867538889 5.655461 0
1726867539023 8.976973 0
1726867539156 13.132809 0
1726867539289 1.959574 0
1726867539422 2.441161 0
1726867539555 2.933194 0
1726867539690 1.924079 0
1726867539826 1.563673 0
1726867539962 2.187152 0
1726867540831 2.298038 0
1726867540967 2.335815 0
1726867541102 4.819847 0
1726867541235 1.349643 0
1726867541369 2.907078 0
1726867541502 1.934295 0
1726867541636 1.96073 0
1726867541769 1.25381 0
1726867541904 0.800527 0
1726867542041 14.70508 0
1726867542845 2.756872 0
1726867542978 58.340328 0
1726867543111 3.220369 0
1726867543246 1.245001 0
1726867543380 0.83652 0
1726867543514 3.417995 0
1726867543649 1.997125 0
1726867543784 3.107987 0
1726867543920 3.286164 0
1726867544060 1.667584 0
1726867544863 3.063027 0
1726867544998 4.10366 0
1726867545132 2.654669 0
1726867545266 3.890515 0
1726867545400 7.609704 0
1726867545534 3.697544 0
1726867545668 7.227403 0
1726867545802 1.019578 0
1726867545936 1.59759 0
1726867546072 1.250606 0
1726867546876 2.351778 0
1726867547011 13.426589 0
1726867547145 5.317282 0
1726867547279 1.79643 0
1726867547412 3.497028 0
1726867547558 5.484852 0
1726867547694 5.455307 0
1726867547829 3.145825 0
1726867547972 1.504408 0
1726867548109 1.0589 0
1726867548914 1.894876 0
1726867549049 4.001862 0
1726867549184 4.425334 0
1726867549319 5.175334 0
1726867549453 2.767351 0
1726867549587 1.908344 0
1726867549722 1.222633 0
1726867549857 1.10329 0
1726867549991 0.99594 0
1726867550126 0.914154 0
1726867550941 1.891606 0
1726867551076 3.006726 0
1726867551210 4.254207 0
1726867551344 5.591107 0
1726867551478 3.480419 0
1726867551612 3.043253 0
1726867551746 1.462698 0
1726867551883 0.878043 0
1726867552023 0.95655 0
1726867552158 1.210007 0
