1727127807222 1.005162 0
1727127807349 0.345465 0
1727127807479 2.255832 0
1727127807610 0.109801 0
1727127807740 0.028655 0
1727127807872 1.132815 0
1727127808388 0.333267 0
1727127808515 0.05646 0
1727127808644 2.166608 0
1727127808775 0.174999 0
1727127808906 0.061232 0
1727127809038 0.746764 0
1727127809543 0.080976 0
1727127809666 0.128589 0
1727127809796 2.265301 0
1727127809928 0.120016 0
1727127810062 0.091754 0
1727127810191 0.838282 0
1727127810696 0.240738 0
1727127810822 0.081245 0
1727127810953 2.656195 0
1727127811088 0.122257 0
1727127811221 0.059792 0
1727127811353 0.838232 0
1727127811887 0.106654 0
1727127812011 0.113478 0
1727127812141 2.313988 0
1727127812272 0.128787 0
1727127812403 0.034974 0
1727127812536 0.716936 0
1727127813069 0.049796 0
1727127813197 0.080197 0
1727127813327 2.245085 0
1727127813454 0.124193 0
1727127813584 0.034816 0
1727127813715 0.630917 0
1727127814263 0.041726 0
1727127814396 0.067325 0
1727127814529 2.164758 0
1727127814661 0.103353 0
1727127814792 0.038738 0
1727127814924 0.707625 0
1727127815417 0.056581 0
1727127815543 0.069977 0
1727127815674 2.153946 0
1727127815805 0.138645 0
1727127815937 0.043105 0
1727127816068 0.63506 0
1727127816576 0.054933 0
1727127816704 0.052146 0
1727127816834 2.178811 0
1727127816966 0.083381 0
1727127817097 0.033663 0
1727127817232 0.81243 0
1727127817738 0.063326 0
1727127817877 0.084126 0
1727127818008 2.231018 0
1727127818139 0.129677 0
1727127818271 0.034526 0
1727127818402 0.69648 0
