1726789132430 480.491302 0
1726789132532 1.179884 0
1726789132629 4.732605 0
1726789132727 8.305768 0
1726789132827 11.052286 0
1726789132924 1.828625 0
1726789133023 0.477294 0
1726789133119 7.220779 0
1726789133217 0.717299 0
1726789133313 14.977443 0
1726789133411 2.958138 1
1726789133511 3.671537 1
1726789133608 1.84685 1
1726789133706 2.280483 1
1726789133804 1.281162 1
1726789133902 2.159896 1
1726789133999 2.774438 1
1726789134097 0.929683 1
1726789134193 0.439599 1
1726789134291 5.689198 1
1726789134387 1.284666 2
1726789134495 0.67186 2
1726789135683 1.602778 0
1726789135786 5.554803 0
1726789135883 3.702817 0
1726789135983 3.682569 0
1726789136077 3.06453 0
1726789136173 0.615534 0
1726789136270 0.322731 0
1726789136366 0.778625 0
1726789136468 2.580964 0
1726789136567 2.404253 0
1726789136663 1.891876 2
1726789136758 16.469534 2
1726789136855 2.751457 2
1726789136952 3.638575 2
1726789137051 3.096372 2
1726789137147 1.491345 2
1726789137245 0.808424 2
1726789137342 0.559004 2
1726789137438 0.546961 2
1726789137532 4.149566 2
1726789137626 1.048012 4
1726789137722 0.423231 4
1726789138922 1.070969 0
1726789139029 1.216606 0
1726789139127 3.136997 0
1726789139226 4.001813 0
1726789139321 1.589078 0
1726789139416 1.616295 0
1726789139511 0.080324 0
1726789139604 4.954208 0
1726789139702 2.476703 0
1726789139799 0.990368 0
1726789139894 2.882425 3
1726789139991 4.705645 3
1726789140086 4.051115 3
1726789140183 2.272709 3
1726789140279 3.664791 3
1726789140380 1.365295 3
1726789140479 1.02425 3
1726789140584 0.997388 3
1726789140680 0.342228 3
1726789140778 7.668395 3
1726789140875 0.755796 6
1726789140978 0.47778 6
1726789142142 2.929507 0
1726789142240 3.32153 0
1726789142339 3.622072 0
1726789142435 5.798642 0
1726789142531 33.31575 0
1726789142634 0.514779 0
1726789142731 0.098944 0
1726789142827 1.278344 0
1726789142924 9.743058 0
1726789143022 2.025952 0
1726789143119 1.172647 4
1726789143216 1.80858 4
1726789143315 2.189887 4
1726789143411 3.106588 4
1726789143508 1.195274 4
1726789143604 9.811642 4
1726789143701 0.754019 4
1726789143797 0.520268 4
1726789143896 0.361478 4
1726789143992 3.558356 4
1726789144088 1.027063 8
1726789144185 0.708917 8
1726789145414 3.344175 0
1726789145513 2.882744 0
1726789145609 5.086355 0
1726789145706 1.409665 0
1726789145801 13.647136 0
1726789145898 1.04033 0
1726789145999 0.080775 0
1726789146095 4.503361 0
1726789146191 1.172937 0
1726789146287 3.624249 0
1726789146384 2.180622 5
1726789146486 2.262546 5
1726789146584 282.825867 5
1726789146685 1.210786 5
1726789146784 1.362603 5
1726789146880 2.237611 5
1726789146978 0.581499 5
1726789147079 0.904477 5
1726789147177 0.332154 5
1726789147280 4.532665 5
1726789147380 2.429932 10
1726789147479 0.427952 10
1726789148677 7.728336 0
1726789148787 4.759944 0
1726789148885 7.430045 0
1726789148983 2.121459 0
1726789149081 2.911711 0
1726789149178 0.615405 0
1726789149277 0.140575 0
1726789149376 1.417351 0
1726789149476 8.815667 0
1726789149573 2.159993 0
1726789149667 1.6526 6
1726789149762 6.075957 6
1726789149858 2.722469 6
1726789149955 27.93034 6
1726789150053 9.956097 6
1726789150152 1.349178 6
1726789150250 0.675335 6
1726789150345 0.569191 6
1726789150441 0.33772 6
1726789150535 23.046398 6
1726789150631 1.166633 12
1726789150726 0.4439 12
1726789151973 4.355815 0
1726789152073 4.552612 0
1726789152172 4.989829 0
1726789152271 1.317048 0
1726789152368 2.766783 0
1726789152463 0.58778 0
1726789152570 0.146198 0
1726789152666 15.209974 0
1726789152764 2.451931 0
1726789152869 2.321062 0
1726789152965 2.028951 7
1726789153060 9.417105 7
1726789153160 3.492464 7
1726789153258 8.468108 7
1726789153353 1.557134 7
1726789153450 2.426656 7
1726789153547 1.841554 7
1726789153642 0.470554 7
1726789153740 0.335445 7
1726789153835 21.326918 7
1726789153931 0.78307 14
1726789154026 0.475199 14
1726789155262 6.389105 0
1726789155364 68.376495 0
1726789155460 6.109824 0
1726789155559 2.168718 0
1726789155654 1.875355 0
1726789155762 0.612758 0
1726789155860 0.115888 0
1726789155963 4.582506 0
1726789156061 2.719229 0
1726789156158 2.11407 0
1726789156256 15.730714 8
1726789156353 13.903709 8
1726789156452 2.308315 8
1726789156550 3.246068 8
1726789156647 1.94127 8
1726789156746 1.472017 8
1726789156842 0.719941 8
1726789156946 0.453335 8
1726789157047 0.334335 8
1726789157145 23.24684 8
1726789157243 0.763114 16
1726789157341 0.470639 16
1726789158535 3.508012 0
1726789158643 15.332211 0
1726789158742 2.980919 0
1726789158840 24.525444 0
1726789158937 2.18658 0
1726789159042 0.562491 0
1726789159138 0.11619 0
1726789159240 2.115772 0
1726789159339 1.612732 0
1726789159436 3.800035 0
1726789159535 24.241056 9
1726789159633 2.677884 9
1726789159732 4.441724 9
1726789159830 3.454701 9
1726789159926 1.125294 9
1726789160024 8.353209 9
1726789160121 0.712512 9
1726789160220 0.469598 9
1726789160317 0.324914 9
1726789160415 13.806822 9
1726789160512 1.093315 18
1726789160610 0.563266 18
1726789161920 32.980148 0
1726789162034 32.95908 0
1726789162133 5.954243 0
1726789162234 1.480909 0
1726789162333 2.158389 0
1726789162461 0.564743 0
1726789162560 0.117699 0
1726789162659 2.457339 0
1726789162758 3.022002 0
1726789162854 2.738998 0
1726789162951 2.766846 10
1726789163049 13.871504 10
1726789163151 2.519027 10
1726789163250 3.653713 10
1726789163353 1.780015 10
1726789163452 1.470287 10
1726789163550 0.543454 10
1726789163648 0.451756 10
1726789163745 0.346505 10
1726789163842 17.09613 10
1726789163939 0.740601 20
1726789164037 0.449102 20
