1726822343280 1.029247 0
1726822343413 0.159114 0
1726822343544 0.171741 0
1726822343690 0.69764 0
1726822343831 0.204031 0
1726822343962 0.265085 0
1726822344084 0.147008 0
1726822344209 0.140892 0
1726822344338 0.090608 0
1726822344479 0.348144 0
1726822344684 0.139733 1
1726822344848 0.117514 1
1726822344992 0.1989 1
1726822345120 0.077512 1
1726822345239 0.296852 1
1726822345350 0.128494 1
1726822345463 0.105837 1
1726822345586 0.377278 1
1726822345718 1.036876 1
1726822348072 0.42913 0
1726822348227 0.127517 0
1726822348350 0.092162 0
1726822348467 0.807081 0
1726822348589 0.160012 0
1726822348714 0.252253 0
1726822348842 0.118246 0
1726822348976 0.109208 0
1726822349110 0.085881 0
1726822349240 0.266847 0
1726822349371 0.107237 2
1726822349512 0.09969 2
1726822349651 0.184913 2
1726822349785 0.066336 2
1726822349915 0.290517 2
1726822350042 0.137181 2
1726822350172 0.133815 2
1726822350310 0.333366 2
1726822350447 0.878215 2
1726822352722 0.271934 0
1726822352853 0.096056 0
1726822352976 0.11264 0
1726822353104 0.727675 0
1726822353251 0.151557 0
1726822353402 0.231986 0
1726822353549 0.107895 0
1726822353689 0.103522 0
1726822353830 0.074459 0
1726822353972 0.233332 0
1726822354112 0.114494 3
1726822354252 0.092078 3
1726822354393 0.192518 3
1726822354534 0.063114 3
1726822354683 0.293977 3
1726822354837 0.15883 3
1726822354994 0.102444 3
1726822355140 0.292066 3
1726822355282 0.908734 3
1726822357472 0.273502 0
1726822357608 0.093659 0
1726822357750 0.094012 0
1726822357904 0.746489 0
1726822358071 0.145811 0
1726822358251 0.195322 0
1726822358415 0.122959 0
1726822358568 0.092855 0
1726822358712 0.070237 0
1726822358872 0.256316 0
1726822359050 0.099864 4
1726822359217 0.107398 4
1726822359376 0.203402 4
1726822359532 0.077365 4
1726822359689 0.300938 4
1726822359851 0.186872 4
1726822360031 0.166456 4
1726822360206 0.388232 4
1726822360354 0.883573 4
1726822362602 0.254233 0
1726822362761 0.101109 0
1726822362883 0.112158 0
1726822363000 0.669645 0
1726822363114 0.143915 0
1726822363233 0.241231 0
1726822363358 0.111455 0
1726822363494 0.103315 0
1726822363638 0.066037 0
1726822363784 0.202957 0
1726822363915 0.18428 5
1726822364040 0.101585 5
1726822364166 0.192656 5
1726822364293 0.066558 5
1726822364423 0.283028 5
1726822364551 0.221506 5
1726822364677 0.145853 5
1726822364804 0.363554 5
1726822364946 1.877965 5
1726822367273 0.434149 0
1726822367405 0.093887 0
1726822367533 0.088905 0
1726822367655 0.74487 0
1726822367778 0.178683 0
1726822367904 0.193596 0
1726822368032 0.148585 0
1726822368165 0.084212 0
1726822368302 0.081304 0
1726822368438 0.371037 0
1726822368570 0.084728 6
1726822368702 0.120165 6
1726822368832 0.217815 6
1726822368966 0.077001 6
1726822369106 0.345464 6
1726822369237 0.22066 6
1726822369367 0.11492 6
1726822369489 0.698206 6
1726822369605 0.767974 6
