1726781061859 0.58116 0
1726781061955 0.309761 0
1726781062048 0.303357 0
1726781062143 0.448912 0
1726781062237 0.370605 0
1726781062331 0.402393 0
1726781062424 0.218808 0
1726781062517 0.661394 0
1726781062620 0.30517 0
1726781062716 0.278407 0
1726781062811 0.420652 1
1726781062907 0.553604 1
1726781062999 0.170554 1
1726781063095 0.262652 1
1726781063189 0.291925 1
1726781063284 0.483287 1
1726781063379 0.66298 1
1726781063473 0.158761 1
1726781063572 0.290317 1
1726781063667 0.260016 1
1726781063762 0.230315 2
1726781063857 0.234453 2
1726781063953 0.254268 2
1726781064048 0.587947 2
1726781064142 1.738368 2
1726781064236 0.356547 2
1726781064330 0.197674 2
1726781064424 0.318457 2
1726781064516 0.184931 2
1726781064614 0.221641 2
1726781064718 0.222958 3
1726781064814 0.244073 3
1726781064907 0.345683 3
1726781065001 0.190811 3
1726781065095 0.302236 3
1726781065190 3.871658 3
1726781065284 0.698449 3
1726781065377 0.796144 3
1726781065472 0.400598 3
1726781065566 0.286866 3
1726781065659 2.390924 4
1726781065754 0.399372 4
1726781065847 3.272544 4
1726781065940 0.304521 4
1726781066036 0.469044 4
1726781066134 0.312024 4
1726781066230 0.287408 4
1726781068665 0.22472 0
1726781068769 0.171418 0
1726781068863 0.286567 0
1726781068956 0.225954 0
1726781069049 0.244277 0
1726781069144 0.325811 0
1726781069238 0.183623 0
1726781069332 0.650114 0
1726781069425 0.278171 0
1726781069521 0.262735 0
1726781069616 0.293543 2
1726781069709 0.577558 2
1726781069803 0.134492 2
1726781069897 0.246897 2
1726781069993 0.295796 2
1726781070089 0.28297 2
1726781070184 0.772665 2
1726781070287 0.152431 2
1726781070388 0.304884 2
1726781070483 0.260196 2
1726781070580 0.228571 4
1726781070675 0.241983 4
1726781070767 0.233716 4
1726781070868 0.642034 4
1726781070963 1.714761 4
1726781071056 0.331615 4
1726781071151 0.184427 4
1726781071245 0.314805 4
1726781071339 0.173754 4
1726781071432 0.221977 4
1726781071527 0.230312 6
1726781071623 0.228548 6
1726781071718 0.319208 6
1726781071811 0.186838 6
1726781071904 0.2683 6
1726781071997 3.054083 6
1726781072090 0.653325 6
1726781072183 0.734407 6
1726781072276 0.413385 6
1726781072372 0.269822 6
1726781072467 2.24185 8
1726781072561 0.377178 8
1726781072653 3.129832 8
1726781072747 0.263517 8
1726781072846 0.480004 8
1726781072943 0.279833 8
1726781073039 0.311152 8
1726781075382 0.325624 0
1726781075488 0.17262 0
1726781075582 0.259035 0
1726781075676 0.218338 0
1726781075770 0.225297 0
1726781075864 0.300417 0
1726781075959 0.189694 0
1726781076053 0.634133 0
1726781076150 0.269035 0
1726781076248 0.274122 0
1726781076344 0.266866 3
1726781076438 0.61101 3
1726781076534 0.125946 3
1726781076628 0.231103 3
1726781076722 0.289216 3
1726781076816 0.259043 3
1726781076915 0.771016 3
1726781077015 0.160917 3
1726781077110 0.30263 3
1726781077208 0.251682 3
1726781077308 0.228656 6
1726781077405 0.23704 6
1726781077501 0.197738 6
1726781077597 0.583017 6
1726781077691 1.695427 6
1726781077785 0.305174 6
1726781077886 0.166788 6
1726781077980 0.275247 6
1726781078074 0.153429 6
1726781078168 0.196278 6
1726781078263 0.211366 9
1726781078357 0.199497 9
1726781078451 0.354516 9
1726781078545 0.102678 9
1726781078639 0.248982 9
1726781078732 2.344111 9
1726781078825 0.55904 9
1726781078919 0.59093 9
1726781079022 0.455196 9
1726781079121 0.223022 9
1726781079214 2.138578 12
1726781079309 0.361905 12
1726781079412 2.745947 12
1726781079508 0.249403 12
1726781079602 0.486104 12
1726781079697 0.212665 12
1726781079791 0.362663 12
1726781082143 0.118852 0
1726781082248 0.150873 0
1726781082344 0.223966 0
1726781082438 0.222633 0
1726781082532 0.220536 0
1726781082626 0.295837 0
1726781082720 0.205964 0
1726781082813 0.626445 0
1726781082907 0.27319 0
1726781083001 0.271554 0
1726781083106 0.233364 4
1726781083210 0.630601 4
1726781083309 0.127094 4
1726781083405 0.209402 4
1726781083499 0.293904 4
1726781083593 0.248106 4
1726781083688 0.808469 4
1726781083782 0.175227 4
1726781083876 0.285903 4
1726781083972 0.251443 4
1726781084068 0.218837 8
1726781084163 0.22933 8
1726781084256 0.182541 8
1726781084351 0.553239 8
1726781084447 1.654847 8
1726781084541 0.238189 8
1726781084635 0.171916 8
1726781084730 0.222813 8
1726781084825 0.15147 8
1726781084918 0.160246 8
1726781085013 0.177736 12
1726781085111 0.209252 12
1726781085210 0.369008 12
1726781085305 0.081364 12
1726781085401 0.204177 12
1726781085497 2.104211 12
1726781085591 0.512289 12
1726781085685 0.578146 12
1726781085779 0.502564 12
1726781085884 0.186104 12
1726781085980 2.03525 16
1726781086074 0.337357 16
1726781086168 2.646777 16
1726781086262 0.228399 16
1726781086355 0.427886 16
1726781086448 0.180125 16
1726781086541 0.344499 16
1726781088901 0.122427 0
1726781089008 0.126554 0
1726781089103 0.207252 0
1726781089200 0.235887 0
1726781089301 0.221955 0
1726781089399 0.296607 0
1726781089501 0.20074 0
1726781089597 0.615381 0
1726781089692 0.275374 0
1726781089787 0.262512 0
1726781089884 0.189691 5
1726781089986 0.676403 5
1726781090081 0.124776 5
1726781090176 0.217864 5
1726781090272 0.26929 5
1726781090366 0.228402 5
1726781090460 0.771894 5
1726781090555 0.165031 5
1726781090650 0.28827 5
1726781090747 0.261586 5
1726781090841 0.21578 10
1726781090938 0.205921 10
1726781091035 0.14527 10
1726781091131 0.562547 10
1726781091229 1.707406 10
1726781091331 0.170603 10
1726781091426 0.165967 10
1726781091523 0.182281 10
1726781091621 0.141995 10
1726781091716 0.173498 10
1726781091811 0.167439 15
1726781091906 0.224904 15
1726781092000 0.394908 15
1726781092094 0.106624 15
1726781092189 0.218342 15
1726781092283 1.885246 15
1726781092377 0.478895 15
1726781092471 0.561841 15
1726781092566 0.452876 15
1726781092660 0.182849 15
1726781092755 2.152284 20
1726781092853 0.296695 20
1726781092951 2.643042 20
1726781093047 0.207832 20
1726781093142 0.427968 20
1726781093239 0.179033 20
1726781093342 0.368329 20
1726781095705 0.117292 0
1726781095800 0.111946 0
1726781095898 0.209673 0
1726781095993 0.230778 0
1726781096089 0.206418 0
1726781096187 0.276812 0
1726781096282 0.210141 0
1726781096376 0.61417 0
1726781096472 0.259563 0
1726781096566 0.26267 0
1726781096661 0.206746 6
1726781096764 0.697 6
1726781096861 0.125954 6
1726781096956 0.253401 6
1726781097051 0.262313 6
1726781097147 0.303369 6
1726781097241 0.806317 6
1726781097336 0.177799 6
1726781097439 0.286811 6
1726781097534 0.273954 6
1726781097629 0.226768 12
1726781097725 0.179864 12
1726781097819 0.146915 12
1726781097913 0.545055 12
1726781098006 1.733745 12
1726781098099 0.175761 12
1726781098194 0.165123 12
1726781098288 0.179248 12
1726781098381 0.141815 12
1726781098479 0.166832 12
1726781098573 0.170817 18
1726781098668 0.198847 18
1726781098762 0.387241 18
1726781098855 0.098776 18
1726781098949 0.225099 18
1726781099045 1.958461 18
1726781099141 0.511908 18
1726781099245 0.575007 18
1726781099342 0.491803 18
1726781099443 0.196882 18
1726781099543 2.087463 24
1726781099638 0.291628 24
1726781099734 2.696136 24
1726781099829 0.207019 24
1726781099924 0.395884 24
1726781100018 0.159025 24
1726781100111 0.352829 24
1726781102457 0.103542 0
1726781102568 0.115758 0
1726781102667 0.20511 0
1726781102763 0.220246 0
1726781102864 0.201748 0
1726781102960 0.283168 0
1726781103054 0.196897 0
1726781103150 0.623669 0
1726781103246 0.258253 0
1726781103342 0.278767 0
1726781103438 0.217405 7
1726781103547 0.697325 7
1726781103645 0.126413 7
1726781103740 0.218419 7
1726781103835 0.260548 7
1726781103930 0.285001 7
1726781104024 0.869682 7
1726781104119 0.160676 7
1726781104214 0.285112 7
1726781104311 0.262457 7
1726781104408 0.234392 14
1726781104502 0.161554 14
1726781104597 0.140058 14
1726781104692 0.507948 14
1726781104786 1.70137 14
1726781104880 0.178785 14
1726781104973 0.196054 14
1726781105067 0.180147 14
1726781105161 0.145402 14
1726781105256 0.144152 14
1726781105351 0.17346 21
1726781105447 0.230194 21
1726781105542 0.367021 21
1726781105645 0.132921 21
1726781105740 0.204214 21
1726781105834 2.101447 21
1726781105930 0.531814 21
1726781106028 0.597335 21
1726781106125 0.507099 21
1726781106223 0.185648 21
1726781106319 1.923828 28
1726781106414 0.288823 28
1726781106508 2.551819 28
1726781106602 0.208261 28
1726781106697 0.400429 28
1726781106792 0.169476 28
1726781106888 0.352837 28
