1727265680067 21.278576 0
1727265680236 3.10432 0
1727265680398 2.566574 0
1727265680566 1.973905 0
1727265680731 1.207881 0
1727265680904 1.747183 0
1727265681080 1.312087 0
1727265681248 2.063684 0
1727265681419 14.038605 0
1727265681592 6.311156 0
1727265681755 0.729913 1
1727265681913 0.75979 1
1727265682076 6.862917 1
1727265682241 1.393618 1
1727265682404 3.48707 1
1727265682567 0.845383 1
1727265682723 1.649841 1
1727265682896 0.598806 1
1727265683061 14.327773 1
1727265683224 1.33535 1
1727265683394 3.211238 2
1727265683571 1.048295 2
1727265683737 1.027631 2
1727265683893 2.335816 2
1727265684062 2.467064 2
1727265684238 3.222558 2
1727265684398 0.657654 2
1727265684562 0.671255 2
1727265684728 1.394265 2
1727265684891 0.876276 2
1727265685052 11.744166 3
1727265685226 1.745365 3
1727265685395 1.575857 3
1727265685569 19.103434 3
1727265685750 0.697122 3
1727265685917 2.507821 3
1727265686077 0.738149 3
1727265686249 4.769508 3
1727265686431 1.586121 3
1727265686617 1.26118 3
1727265686799 1.115226 4
1727265688864 1.070942 0
1727265689039 2.197015 0
1727265689205 2.70123 0
1727265689373 5.393305 0
1727265689543 1.297987 0
1727265689706 3.549231 0
1727265689889 4.710557 0
1727265690067 8.565936 0
1727265690245 1.958734 0
1727265690421 2.84628 0
1727265690604 0.808932 2
1727265690785 1.773135 2
1727265690960 13.946735 2
1727265691148 10.767478 2
1727265691328 1.86917 2
1727265691523 2.528198 2
1727265691714 0.759902 2
1727265691891 0.625382 2
1727265692065 18.166965 2
1727265692244 2.735462 2
1727265692423 5.001106 4
1727265692597 2.121211 4
1727265692780 0.891892 4
1727265692992 1.569802 4
1727265693172 2.743722 4
1727265693351 3.756156 4
1727265693525 0.826006 4
1727265693715 0.7182 4
1727265693903 1.567345 4
1727265694105 0.963357 4
1727265694283 4.635071 6
1727265694451 3.039982 6
1727265694638 1.462434 6
1727265694822 2.097429 6
1727265695005 0.559543 6
1727265695178 7.813605 6
1727265695346 0.741104 6
1727265695537 1.844351 6
1727265695727 2.998362 6
1727265695905 1.367002 6
1727265696097 1.138345 8
1727265698230 2.832273 0
1727265698394 8.446764 0
1727265698556 1.350245 0
1727265698715 3.299265 0
1727265698872 0.819779 0
1727265699024 1.878757 0
1727265699180 1.768308 0
1727265699351 1.559198 0
1727265699507 27.435709 0
1727265699672 8.142234 0
1727265699839 0.824906 3
1727265699994 14.393854 3
1727265700172 14.071726 3
1727265700346 5.28762 3
1727265700511 2.183432 3
1727265700676 2.060306 3
1727265700851 3.144217 3
1727265701023 0.620626 3
1727265701209 10.278084 3
1727265701379 1.397962 3
1727265701544 2.43663 6
1727265701707 0.969496 6
1727265701869 1.51874 6
1727265702030 1.25414 6
1727265702191 1.692594 6
1727265702349 1.935528 6
1727265702513 0.75653 6
1727265702684 0.749493 6
1727265702853 1.234924 6
1727265703014 1.007611 6
1727265703194 7.221034 9
1727265703367 3.722408 9
1727265703538 4.720276 9
1727265703717 1.91154 9
1727265703880 0.56243 9
1727265704042 2.18326 9
1727265704211 0.613043 9
1727265704398 1.317517 9
1727265704568 1.251604 9
1727265704729 1.368437 9
1727265704892 1.111585 12
1727265706888 0.514323 0
1727265707056 1.650602 0
1727265707221 5.79638 0
1727265707407 1.743358 0
1727265707596 1.408979 0
1727265707769 1.546738 0
1727265707942 2.292533 0
1727265708109 1.586012 0
1727265708279 2.52102 0
1727265708446 4.58327 0
1727265708619 0.888057 4
1727265708790 5.415578 4
1727265708961 2.65856 4
1727265709128 2.142 4
1727265709300 2.277134 4
1727265709469 3.072634 4
1727265709633 3.880126 4
1727265709805 0.667772 4
1727265709975 20.521835 4
1727265710140 0.722022 4
1727265710306 1.376753 8
1727265710474 0.947896 8
1727265710636 1.770324 8
1727265710803 1.846827 8
1727265710977 1.72838 8
1727265711142 1.502983 8
1727265711312 1.052378 8
1727265711480 2.214736 8
1727265711648 1.598663 8
1727265711813 1.428905 8
1727265711974 10.84379 12
1727265712132 6.181015 12
1727265712296 4.036699 12
1727265712460 3.693169 12
1727265712620 0.640584 12
1727265712778 2.981477 12
1727265712946 0.671905 12
1727265713106 1.349205 12
1727265713268 1.156656 12
1727265713452 1.122131 12
1727265713620 1.289639 16
1727265715602 0.548507 0
1727265715766 28.53529 0
1727265715941 2.782391 0
1727265716123 10.562178 0
1727265716297 1.513637 0
1727265716462 1.439597 0
1727265716632 2.332092 0
1727265716796 12.023908 0
1727265716964 5.47103 0
1727265717141 8.586691 0
1727265717312 0.83082 5
1727265717483 4.359419 5
1727265717641 2.576335 5
1727265717804 1.821606 5
1727265717974 3.513319 5
1727265718144 3.207646 5
1727265718314 2.350594 5
1727265718488 0.704346 5
1727265718661 3.57726 5
1727265718837 0.642103 5
1727265719012 5.872944 10
1727265719188 1.386215 10
1727265719375 0.847366 10
1727265719562 2.606198 10
1727265719764 2.333497 10
1727265719940 1.362626 10
1727265720111 6.0929 10
1727265720288 5.650879 10
1727265720449 1.46275 10
1727265720618 0.9863 10
1727265720810 3.597862 15
1727265721007 5.227559 15
1727265721179 2.359165 15
1727265721346 2.744053 15
1727265721522 0.506081 15
1727265721712 3.222103 15
1727265721911 0.678831 15
1727265722077 5.613581 15
1727265722235 1.578125 15
1727265722402 1.226326 15
1727265722563 1.215832 20
1727265724585 1.212844 0
1727265724747 1.497876 0
1727265724924 1.61809 0
1727265725100 2.466178 0
1727265725294 3.339152 0
1727265725472 5.013455 0
1727265725655 2.407894 0
1727265725823 1.427236 0
1727265725990 2.395443 0
1727265726161 2.205288 0
1727265726326 1.070598 6
1727265726492 8.274608 6
1727265726655 2.775227 6
1727265726819 1.139245 6
1727265726996 1.570286 6
1727265727159 1.037413 6
1727265727337 1.634292 6
1727265727508 1.205933 6
1727265727677 0.919684 6
1727265727852 0.696549 6
1727265728020 1.925978 12
1727265728194 0.516957 12
1727265728374 1.114669 12
1727265728549 10.957395 12
1727265728729 1.63358 12
1727265728906 1.547955 12
1727265729083 12.451362 12
1727265729261 1.178846 12
1727265729438 1.445361 12
1727265729611 5.892989 12
1727265729790 1.905412 18
1727265729956 3.722985 18
1727265730126 6.901764 18
1727265730293 1.808793 18
1727265730461 0.536228 18
1727265730623 1.846332 18
1727265730784 0.686064 18
1727265730940 3.951334 18
1727265731106 1.595464 18
1727265731286 1.032636 18
1727265731468 1.130362 24
1727265733530 3.727976 0
1727265733699 1.797205 0
1727265733866 4.403343 0
1727265734040 2.281375 0
1727265734206 3.046898 0
1727265734371 1.500975 0
1727265734538 1.686704 0
1727265734711 1.335613 0
1727265734891 1.234556 0
1727265735057 1.552664 0
1727265735228 3.481625 7
1727265735395 4.803713 7
1727265735563 1.924641 7
1727265735742 0.987498 7
1727265735930 24.513071 7
1727265736117 1.049455 7
1727265736300 0.723135 7
1727265736477 0.848026 7
1727265736651 0.74631 7
1727265736824 0.687454 7
1727265737000 3.382012 14
1727265737181 0.672213 14
1727265737353 1.269981 14
1727265737530 1.356267 14
1727265737705 1.969799 14
1727265737879 1.345166 14
1727265738056 1.045802 14
1727265738225 0.615802 14
1727265738395 2.614655 14
1727265738571 2.057649 14
1727265738753 0.613012 21
1727265738937 4.218771 21
1727265739121 2.681427 21
1727265739304 1.575673 21
1727265739482 0.489962 21
1727265739671 68.108414 21
1727265739856 0.625683 21
1727265740034 4.289765 21
1727265740208 1.40129 21
1727265740377 3.265612 21
1727265740551 1.105329 28
