1727274598707 0.626007 0
1727274598935 0.200077 0
1727274599154 0.160242 0
1727274599381 0.440368 0
1727274599596 0.485303 0
1727274599862 0.688939 0
1727274600579 0.043988 0
1727274600796 0.037745 0
1727274601014 0.059141 0
1727274601237 0.089945 0
1727274601469 0.245524 0
1727274601700 0.388076 0
1727274602432 0.170228 0
1727274602655 0.396964 0
1727274602873 0.064465 0
1727274603097 0.046488 0
1727274603323 0.069347 0
1727274603550 0.164042 0
1727274604270 0.068228 0
1727274604498 0.041076 0
1727274604735 0.038263 0
1727274604963 0.113459 0
1727274605205 0.03712 0
1727274605432 0.125873 0
1727274606142 0.027504 0
1727274606366 0.020403 0
1727274606585 0.029502 0
1727274606807 0.054205 0
1727274607026 0.034802 0
1727274607250 0.015505 0
