1727092464901 17.532736 0
1727092465228 0.419139 0
1727092465558 2.215095 0
1727092465886 3.591514 0
1727092466210 27.346848 0
1727092466539 0.956153 0
1727092466871 2.166325 0
1727092467204 0.661257 0
1727092467538 1.099613 0
1727092467868 4.73523 0
1727092468196 1.546413 1
1727092468526 0.189107 1
1727092468853 1.886016 1
1727092469181 1.899287 1
1727092469516 0.687088 1
1727092472094 0.945428 0
1727092472421 0.405847 0
1727092472751 1.813126 0
1727092473080 0.973776 0
1727092473412 2.212869 0
1727092473746 3.361503 0
1727092474079 1.715563 0
1727092474408 0.67623 0
1727092474736 4.2616 0
1727092475066 1.259167 0
1727092475394 0.823979 2
1727092475721 0.139762 2
1727092476046 1.683699 2
1727092476376 10.032746 2
1727092476705 0.876491 2
1727092479235 1.420606 0
1727092479560 0.484087 0
1727092479889 1.029242 0
1727092480214 0.751762 0
1727092480544 0.871797 0
1727092480871 0.957777 0
1727092481199 1.535045 0
1727092481528 0.919934 0
1727092481859 1.133867 0
1727092482188 1.068831 0
1727092482517 0.809354 3
1727092482849 0.180689 3
1727092483181 2.231494 3
1727092483508 1.838571 3
1727092483841 1.626428 3
1727092486338 1.855444 0
1727092486664 1.095185 0
1727092486993 2.31898 0
1727092487321 0.841806 0
1727092487651 1.374974 0
1727092487977 0.799202 0
1727092488302 12.658237 0
1727092488632 1.839081 0
1727092488960 1.825268 0
1727092489290 0.805345 0
1727092489619 5.386971 4
1727092489951 0.266406 4
1727092490279 20.483061 4
1727092490608 4.242043 4
1727092490938 0.950585 4
1727092493454 2.793173 0
1727092493781 0.388265 0
1727092494106 1.180703 0
1727092494433 1.47904 0
1727092494761 0.929664 0
1727092495091 1.120456 0
1727092495420 5.329648 0
1727092495748 1.404017 0
1727092496079 0.749144 0
1727092496406 387.648376 0
1727092496733 1.289299 5
1727092497063 0.160089 5
1727092497392 0.562155 5
1727092497724 1.440554 5
1727092498055 1.515586 5
