1726838787127 0.328928 0
1726838787293 0.39072 0
1726838787463 0.642078 0
1726838787623 0.519102 0
1726838787789 0.273491 0
1726838787956 0.15004 0
1726838788122 0.429277 0
1726838788291 1.437892 0
1726838788443 0.804179 0
1726838788601 1.852035 0
1726838788770 0.172996 1
1726838788943 0.268883 1
1726838789110 0.211381 1
1726838789271 0.091649 1
1726838789432 0.125535 1
1726838789593 0.059084 1
1726838789753 0.677968 1
1726838789915 0.156813 1
1726838790077 0.250868 1
1726838790238 0.179729 1
1726838790395 0.08756 2
1726838790563 0.114649 2
1726838790729 0.304553 2
1726838790896 0.098772 2
1726838791064 0.099816 2
1726838793296 0.346378 0
1726838793461 0.175587 0
1726838793628 0.065517 0
1726838793780 0.301733 0
1726838793932 0.086098 0
1726838794101 0.061544 0
1726838794267 0.173491 0
1726838794434 0.567774 0
1726838794600 0.289265 0
1726838794766 0.776582 0
1726838794933 0.122418 2
1726838795099 0.137857 2
1726838795266 0.173529 2
1726838795433 0.073306 2
1726838795601 0.122668 2
1726838795767 0.054783 2
1726838795934 0.243408 2
1726838796099 0.222293 2
1726838796267 0.192436 2
1726838796421 0.156583 2
1726838796584 0.07104 4
1726838796748 0.103656 4
1726838796917 0.289178 4
1726838797083 0.075154 4
1726838797249 0.063381 4
1726838799386 0.185207 0
1726838799556 0.135879 0
1726838799725 0.056073 0
1726838799894 0.269011 0
1726838800062 0.08504 0
1726838800232 0.068324 0
1726838800401 0.137494 0
1726838800569 0.43712 0
1726838800738 0.245314 0
1726838800903 0.689667 0
1726838801070 0.092274 3
1726838801238 0.089723 3
1726838801406 0.115477 3
1726838801571 0.073436 3
1726838801729 0.115798 3
1726838801893 0.048049 3
1726838802055 0.188065 3
1726838802218 0.134811 3
1726838802382 0.176125 3
1726838802545 0.141097 3
1726838802708 0.07915 6
1726838802870 0.092977 6
1726838803033 0.310607 6
1726838803200 0.079869 6
1726838803368 0.064818 6
1726838805519 0.157666 0
1726838805686 0.104944 0
1726838805840 0.045155 0
1726838805991 0.258577 0
1726838806158 0.085307 0
1726838806323 0.076971 0
1726838806488 0.128422 0
1726838806650 0.415646 0
1726838806813 0.231627 0
1726838806977 0.592427 0
1726838807140 0.097794 4
1726838807305 0.083281 4
1726838807472 0.09701 4
1726838807639 0.064612 4
1726838807806 0.108037 4
1726838807957 0.044506 4
1726838808110 0.160322 4
1726838808279 0.123597 4
1726838808448 0.169314 4
1726838808616 0.128813 4
1726838808784 0.071337 8
1726838808953 0.09535 8
1726838809121 0.316646 8
1726838809288 0.067436 8
1726838809456 0.05253 8
1726838811616 0.133259 0
1726838811782 0.084661 0
1726838811948 0.047298 0
1726838812115 0.251493 0
1726838812276 0.084294 0
1726838812440 0.075598 0
1726838812602 0.123075 0
1726838812764 0.343242 0
1726838812925 0.226582 0
1726838813087 0.56612 0
1726838813248 0.084326 5
1726838813409 0.067939 5
1726838813571 0.067421 5
1726838813734 0.069144 5
1726838813893 0.094903 5
1726838814061 0.045643 5
1726838814228 0.149338 5
1726838814395 0.108379 5
1726838814547 0.157451 5
1726838814694 0.11529 5
1726838814858 0.080316 10
1726838815023 0.096247 10
1726838815187 0.299734 10
1726838815352 0.069708 10
1726838815516 0.054928 10
