1726777424733 0.0 0
1726777424825 10.0 0
1726777424916 20.0 0
1726777425006 30.0 0
1726777425097 40.0 0
1726777425188 50.0 0
1726777425280 60.0 0
1726777425374 70.0 0
1726777425467 80.0 0
1726777425562 90.0 0
1726777425657 100.0 1
1726777425754 110.0 1
1726777425850 120.0 1
1726777425943 130.0 1
1726777426033 140.0 1
1726777426126 150.0 1
1726777426217 160.0 1
1726777426309 170.0 1
1726777426429 180.0 1
1726777427252 0.0 0
1726777427349 10.0 0
1726777427439 20.0 0
1726777427528 30.0 0
1726777427622 40.0 0
1726777427716 50.0 0
1726777427806 60.0 0
1726777427900 70.0 0
1726777427992 80.0 0
1726777428081 90.0 0
1726777428173 100.0 2
1726777428262 110.0 2
1726777428352 120.0 2
1726777428443 130.0 2
1726777428534 140.0 2
1726777428625 150.0 2
1726777428716 160.0 2
1726777428807 170.0 2
1726777428898 180.0 2
1726777429740 0.0 0
1726777429840 10.0 0
1726777429934 20.0 0
1726777430027 30.0 0
1726777430116 40.0 0
1726777430207 50.0 0
1726777430298 60.0 0
1726777430392 70.0 0
1726777430484 80.0 0
1726777430576 90.0 0
1726777430670 100.0 3
1726777430767 110.0 3
1726777430857 120.0 3
1726777430949 130.0 3
1726777431039 140.0 3
1726777431133 150.0 3
1726777431224 160.0 3
1726777431315 170.0 3
1726777431406 180.0 3
1726777432282 0.0 0
1726777432381 10.0 0
1726777432472 20.0 0
1726777432562 30.0 0
1726777432650 40.0 0
1726777432740 50.0 0
1726777432830 60.0 0
1726777432921 70.0 0
1726777433012 80.0 0
1726777433102 90.0 0
1726777433193 100.0 4
1726777433284 110.0 4
1726777433374 120.0 4
1726777433465 130.0 4
1726777433557 140.0 4
1726777433652 150.0 4
1726777433748 160.0 4
1726777433842 170.0 4
1726777433937 180.0 4
1726777434778 0.0 0
1726777434870 10.0 0
1726777434962 20.0 0
1726777435054 30.0 0
1726777435144 40.0 0
1726777435235 50.0 0
1726777435326 60.0 0
1726777435418 70.0 0
1726777435509 80.0 0
1726777435600 90.0 0
1726777435693 100.0 5
1726777435793 110.0 5
1726777435892 120.0 5
1726777435986 130.0 5
1726777436080 140.0 5
1726777436173 150.0 5
1726777436267 160.0 5
1726777436358 170.0 5
1726777436450 180.0 5
1726777437275 0.0 0
1726777437368 10.0 0
1726777437459 20.0 0
1726777437550 30.0 0
1726777437641 40.0 0
1726777437733 50.0 0
1726777437828 60.0 0
1726777437927 70.0 0
1726777438020 80.0 0
1726777438113 90.0 0
1726777438205 100.0 6
1726777438296 110.0 6
1726777438389 120.0 6
1726777438482 130.0 6
1726777438574 140.0 6
1726777438666 150.0 6
1726777438761 160.0 6
1726777438852 170.0 6
1726777438944 180.0 6
1726777439753 0.0 0
1726777439851 10.0 0
1726777439950 20.0 0
1726777440042 30.0 0
1726777440136 40.0 0
1726777440230 50.0 0
1726777440326 60.0 0
1726777440419 70.0 0
1726777440515 80.0 0
1726777440609 90.0 0
1726777440704 100.0 7
1726777440799 110.0 7
1726777440891 120.0 7
1726777440982 130.0 7
1726777441076 140.0 7
1726777441168 150.0 7
1726777441260 160.0 7
1726777441350 170.0 7
1726777441442 180.0 7
1726777442337 0.0 0
1726777442428 10.0 0
1726777442518 20.0 0
1726777442611 30.0 0
1726777442702 40.0 0
1726777442792 50.0 0
1726777442883 60.0 0
1726777442974 70.0 0
1726777443065 80.0 0
1726777443157 90.0 0
1726777443248 100.0 8
1726777443340 110.0 8
1726777443429 120.0 8
1726777443519 130.0 8
1726777443611 140.0 8
1726777443701 150.0 8
1726777443792 160.0 8
1726777443883 170.0 8
1726777443981 180.0 8
1726777444795 0.0 0
1726777444887 10.0 0
1726777444978 20.0 0
1726777445071 30.0 0
1726777445162 40.0 0
1726777445252 50.0 0
1726777445344 60.0 0
1726777445435 70.0 0
1726777445525 80.0 0
1726777445617 90.0 0
1726777445709 100.0 9
1726777445804 110.0 9
1726777445895 120.0 9
1726777445988 130.0 9
1726777446083 140.0 9
1726777446175 150.0 9
1726777446266 160.0 9
1726777446357 170.0 9
1726777446454 180.0 9
