1726868441950 0.832642 0
1726868442085 0.618868 0
1726868442219 0.39656 0
1726868442353 0.269398 0
1726868442486 0.267574 0
1726868442620 0.188504 0
1726868442754 0.5817 0
1726868442888 0.750913 0
1726868443021 0.188321 0
1726868443725 0.790932 0
1726868443860 0.518631 0
1726868443993 0.433033 0
1726868444128 0.278578 0
1726868444262 0.239058 0
1726868444395 0.257316 0
1726868444529 0.900498 0
1726868444662 0.735156 0
1726868444796 0.703963 0
1726868445496 1.231162 0
1726868445631 0.788897 0
1726868445764 0.743578 0
1726868445899 0.717444 0
1726868446037 0.331092 0
1726868446172 0.248716 0
1726868446306 1.00138 0
1726868446439 0.74116 0
1726868446573 0.154455 0
1726868447274 0.471266 0
1726868447409 0.554856 0
1726868447542 0.414855 0
1726868447676 0.42108 0
1726868447810 0.277099 0
1726868447943 0.222113 0
1726868448080 0.501954 0
1726868448215 0.596802 0
1726868448348 0.172238 0
1726868449050 0.519529 0
1726868449185 0.658719 0
1726868449318 0.415194 0
1726868449452 0.277331 0
1726868449586 0.242433 0
1726868449721 0.250627 0
1726868449856 0.534598 0
1726868449990 0.608589 0
1726868450124 0.252666 0
1726868450832 0.369949 0
1726868450967 0.536383 0
1726868451101 0.397787 0
1726868451234 0.253787 0
1726868451368 0.281525 0
1726868451501 0.202682 0
1726868451634 0.574368 0
1726868451768 0.581664 0
1726868451901 0.208995 0
1726868452608 0.340655 0
1726868452744 0.509053 0
1726868452877 0.429482 0
1726868453011 0.266576 0
1726868453145 0.243964 0
1726868453279 0.169116 0
1726868453413 0.514533 0
1726868453547 0.570579 0
1726868453681 0.181813 0
