1727130851679 128.051117 0
1727130851920 0.08567 0
1727130852158 2.318065 0
1727130852802 0.190892 0
1727130853059 0.163441 0
1727130853297 0.450049 0
1727130853919 0.912732 0
1727130854185 0.321591 0
1727130854424 1.614684 0
1727130855042 0.056044 0
1727130855306 0.046063 0
1727130855544 0.750326 0
1727130856162 0.36965 0
1727130856450 0.080233 0
1727130856691 0.66383 0
1727130857303 0.331201 0
1727130857552 0.127484 0
1727130857790 0.551175 0
1727130858415 0.126368 0
1727130858660 0.356097 0
1727130858899 1.583728 0
1727130859518 0.05862 0
1727130859774 0.158373 0
1727130860016 0.430064 0
1727130860630 0.149161 0
1727130860872 0.256271 0
1727130861113 3.839552 0
1727130861734 0.68318 0
1727130862006 0.098105 0
1727130862247 1.033262 0
