1727110621416 1.015583 0
1727110621552 0.777981 0
1727110621682 0.442336 0
1727110621813 0.504814 0
1727110622193 0.902901 0
1727110622320 0.715041 0
1727110622442 0.303852 0
1727110622573 0.369236 0
1727110622900 0.859557 0
1727110623027 0.700302 0
1727110623152 0.212595 0
1727110623276 0.242114 0
1727110623623 0.799932 0
1727110623752 0.740902 0
1727110623884 0.158003 0
1727110624015 0.172758 0
1727110624361 0.831755 0
1727110624490 0.764132 0
1727110624615 0.144572 0
1727110624740 0.140814 0
1727110625069 0.771977 0
1727110625194 0.748717 0
1727110625315 0.132607 0
1727110625437 0.1124 0
1727110625765 0.752267 0
1727110625891 0.775987 0
1727110626026 0.14837 0
1727110626157 0.108755 0
1727110626490 0.751923 0
1727110626619 0.72099 0
1727110626744 0.142623 0
1727110626866 0.098572 0
1727110627201 0.746674 0
1727110627323 0.702221 0
1727110627445 0.134109 0
1727110627576 0.10152 0
1727110627907 0.68041 0
1727110628035 0.739769 0
1727110628160 0.132141 0
1727110628283 0.091834 0
