1726757012545 0.0 0
1726757012658 10.0 0
1726757012771 20.0 0
1726757012884 30.0 0
1726757012997 40.0 0
1726757013110 50.0 0
1726757013223 60.0 0
1726757013336 70.0 0
1726757013449 80.0 0
1726757013561 90.0 0
1726757014264 0.0 0
1726757014377 10.0 0
1726757014489 20.0 0
1726757014602 30.0 0
1726757014716 40.0 0
1726757014828 50.0 0
1726757014941 60.0 0
1726757015054 70.0 0
1726757015167 80.0 0
1726757015280 90.0 0
1726757015966 0.0 0
1726757016078 10.0 0
1726757016192 20.0 0
1726757016305 30.0 0
1726757016418 40.0 0
1726757016531 50.0 0
1726757016644 60.0 0
1726757016757 70.0 0
1726757016870 80.0 0
1726757016983 90.0 0
1726757017670 0.0 0
1726757017784 10.0 0
1726757017897 20.0 0
1726757018010 30.0 0
1726757018123 40.0 0
1726757018236 50.0 0
1726757018348 60.0 0
1726757018461 70.0 0
1726757018575 80.0 0
1726757018688 90.0 0
1726757019370 0.0 0
1726757019482 10.0 0
1726757019596 20.0 0
1726757019709 30.0 0
1726757019823 40.0 0
1726757019937 50.0 0
1726757020050 60.0 0
1726757020162 70.0 0
1726757020274 80.0 0
1726757020386 90.0 0
1726757021071 0.0 0
1726757021184 10.0 0
1726757021297 20.0 0
1726757021410 30.0 0
1726757021522 40.0 0
1726757021635 50.0 0
1726757021749 60.0 0
1726757021864 70.0 0
1726757021977 80.0 0
1726757022090 90.0 0
1726757022778 0.0 0
1726757022891 10.0 0
1726757023005 20.0 0
1726757023118 30.0 0
1726757023231 40.0 0
1726757023344 50.0 0
1726757023457 60.0 0
1726757023570 70.0 0
1726757023682 80.0 0
1726757023796 90.0 0
1726757024479 0.0 0
1726757024593 10.0 0
1726757024706 20.0 0
1726757024819 30.0 0
1726757024932 40.0 0
1726757025046 50.0 0
1726757025159 60.0 0
1726757025272 70.0 0
1726757025386 80.0 0
1726757025498 90.0 0
1726757026190 0.0 0
1726757026303 10.0 0
1726757026415 20.0 0
1726757026528 30.0 0
1726757026641 40.0 0
1726757026754 50.0 0
1726757026867 60.0 0
1726757026980 70.0 0
1726757027093 80.0 0
1726757027206 90.0 0
