1726745879180 0.346947 0
1726745879293 47.125465 0
1726745879390 16.972038 0
1726745879491 5.225198 0
1726745879601 0.603287 0
1726745879712 0.539882 0
1726745879820 1.579897 0
1726745879920 0.480854 0
1726745880020 3.525523 0
1726745880117 3.751756 0
1726745880215 4.857872 1
1726745880320 4.430863 1
1726745880434 3.327548 1
1726745880551 9.712389 1
1726745880670 6.37765 1
1726745880777 10.046576 1
1726745880879 3.237457 1
1726745880974 0.557886 1
1726745881075 3.892504 1
1726745881173 3.922719 1
1726745881276 6.567288 2
1726745881375 0.618787 2
1726745881485 11.17044 2
1726745881595 1.735273 2
1726745881709 0.652616 2
1726745881817 0.365523 2
1726745881921 0.164843 2
1726745882024 0.652853 2
1726745882128 0.438203 2
1726745882239 0.383104 2
1726745882353 0.29982 3
1726745882467 1.108778 3
1726745882578 1.448928 3
1726745882688 1.723322 3
1726745882792 0.396486 3
1726745882892 0.122933 3
1726745882995 0.121075 3
1726745883100 2.545567 3
1726745883208 0.402693 3
1726745883309 0.685629 3
1726745883407 0.318741 4
1726745883504 0.50331 4
1726745883601 0.935097 4
1726745887575 0.900896 0
1726745887690 0.427278 0
1726745887793 0.327974 0
1726745887895 0.871099 0
1726745887999 0.655962 0
1726745888104 0.264135 0
1726745888221 0.7739 0
1726745888332 1.137435 0
1726745888438 2.244948 0
1726745888542 5.705021 0
1726745888643 4.573461 2
1726745888743 4.543482 2
1726745888841 8.480236 2
1726745888945 1.54732 2
1726745889047 3.08379 2
1726745889154 2.593533 2
1726745889267 1.664407 2
1726745889373 1.386759 2
1726745889469 1.03531 2
1726745889561 0.901062 2
1726745889651 4.965486 4
1726745889744 2.072353 4
1726745889837 1.765233 4
1726745889937 0.920544 4
1726745890045 1.293835 4
1726745890150 0.624676 4
1726745890246 0.341143 4
1726745890340 0.280712 4
1726745890434 0.98954 4
1726745890529 0.23054 4
1726745890628 0.705861 6
1726745890733 0.200362 6
1726745890846 1.166917 6
1726745890942 7.516882 6
1726745891037 1.148572 6
1726745891131 1.497389 6
1726745891228 0.765968 6
1726745891330 0.395752 6
1726745891433 0.398349 6
1726745891529 0.374509 6
1726745891624 0.527591 8
1726745891721 0.335928 8
1726745891828 0.94631 8
1726745896052 2.55074 0
1726745896185 1.017852 0
1726745896287 0.267506 0
1726745896395 2.364331 0
1726745896505 2.109207 0
1726745896608 0.605217 0
1726745896701 0.746922 0
1726745896791 4.300047 0
1726745896884 4.002075 0
1726745896980 3.299545 0
1726745897080 5.313449 3
1726745897188 3.027974 3
1726745897295 1.558601 3
1726745897400 2.798604 3
1726745897508 3.562813 3
1726745897611 3.180322 3
1726745897709 2.241753 3
1726745897806 1.462262 3
1726745897905 0.836422 3
1726745898004 1.619676 3
1726745898104 2.235657 6
1726745898206 13.19583 6
1726745898303 1.217234 6
1726745898400 0.876042 6
1726745898499 1.172377 6
1726745898598 0.355339 6
1726745898699 0.31523 6
1726745898802 0.419349 6
1726745898907 0.630655 6
1726745899009 0.228695 6
1726745899111 0.420276 9
1726745899210 1.121578 9
1726745899313 2.04183 9
1726745899419 2.161947 9
1726745899521 1.265769 9
1726745899619 1.325406 9
1726745899715 1.002762 9
1726745899817 0.869828 9
1726745899926 0.345241 9
1726745900024 0.502057 9
1726745900120 0.520464 12
1726745900235 0.44002 12
1726745900345 0.614373 12
1726745904557 2.402286 0
1726745904658 0.355893 0
1726745904760 0.220578 0
1726745904871 0.19945 0
1726745904982 2.462498 0
1726745905093 0.633447 0
1726745905195 1.942919 0
1726745905291 8.025505 0
1726745905388 2.547382 0
1726745905484 2.744839 0
1726745905584 4.588057 4
1726745905694 3.571455 4
1726745905804 3.260287 4
1726745905917 1.947297 4
1726745906025 4.23021 4
1726745906125 4.177591 4
1726745906223 1.148141 4
1726745906321 3.684468 4
1726745906478 1.498336 4
1726745906597 0.867042 4
1726745906703 1.748127 8
1726745906798 13.246071 8
1726745906895 4.05253 8
1726745906990 0.752482 8
1726745907088 1.099041 8
1726745907188 0.980156 8
1726745907286 0.50212 8
1726745907382 0.348526 8
1726745907480 0.478721 8
1726745907584 0.176424 8
1726745907690 0.273227 12
1726745907791 2.781427 12
1726745907891 0.663191 12
1726745907988 0.783361 12
1726745908084 0.670052 12
1726745908183 1.898597 12
1726745908284 0.177425 12
1726745908385 1.198819 12
1726745908489 0.5213 12
1726745908591 0.348523 12
1726745908692 0.543871 16
1726745908789 0.684182 16
1726745908886 0.5686 16
