1726854172389 12.190372 0
1726854172565 102.910477 0
1726854172733 2.142719 0
1726854172899 4.726844 0
1726854173060 5.111333 0
1726854173214 5.693246 0
1726854173365 6.026352 0
1726854173518 2.204283 0
1726854173668 6.328272 0
1726854175075 1.554834 0
1726854175269 1.600693 0
1726854175455 0.755903 0
1726854175626 2.014112 0
1726854175787 3.554881 0
1726854175937 2.721889 0
1726854176085 1.251345 0
1726854176230 0.41478 0
1726854176376 1.184785 0
1726854177592 1.487202 0
1726854177799 2.93138 0
1726854177979 1.67566 0
1726854178148 1.922354 0
1726854178304 1.374167 0
1726854178453 2.588475 0
1726854178600 1.034337 0
1726854178749 0.592039 0
1726854178898 4.059374 0
1726854180176 5.305867 0
1726854180366 2.01748 0
1726854180541 21.498547 0
1726854180704 3.176769 0
1726854180861 0.853296 0
1726854181013 7.465691 0
1726854181157 1.248958 0
1726854181298 0.500565 0
1726854181436 3.030538 0
1726854182580 1.291181 0
1726854182765 1.883953 0
1726854182950 4.540001 0
1726854183124 1.272956 0
1726854183293 0.899657 0
1726854183454 1.770879 0
1726854183610 1.910646 0
1726854183765 0.554402 0
1726854183917 2.514888 0
1726854185128 1.266789 0
1726854185315 1.524515 0
1726854185485 1.13259 0
1726854185645 1.226379 0
1726854185796 2.103901 0
1726854185945 14.550505 0
1726854186090 1.454353 0
1726854186235 0.666179 0
1726854186377 2.145408 0
1726854187529 1.213998 0
1726854187714 1.676809 0
1726854187890 1.165301 0
1726854188055 1.352995 0
1726854188215 1.187008 0
1726854188371 2.070206 0
1726854188530 1.408507 0
1726854188690 0.671899 0
1726854188844 2.664172 0
1726854190114 1.215043 0
1726854190295 1.546405 0
1726854190469 1.523578 0
1726854190634 1.193742 0
1726854190793 1.922604 0
1726854190957 1.797873 0
1726854191124 1.325185 0
1726854191284 0.598451 0
1726854191436 2.334012 0
1726854192612 1.41136 0
1726854192792 1.399734 0
1726854192965 0.981393 0
1726854193138 1.185932 0
1726854193301 1.458918 0
1726854193457 76.282433 0
1726854193607 1.272298 0
1726854193753 0.652495 0
1726854193898 3.368123 0
1726854195022 7.99647 0
1726854195191 1.448801 0
1726854195352 1.292477 0
1726854195506 1.247852 0
1726854195653 1.162498 0
1726854195795 4.867592 0
1726854195936 2.500455 0
1726854196073 0.641321 0
1726854196211 2.810845 0
