1727275574008 14.300369 0
1727275574172 1.498674 0
1727275574325 9.742682 0
1727275574859 0.273414 0
1727275575012 0.430674 0
1727275575167 0.716372 0
1727275575600 0.427568 0
1727275575758 0.447905 0
1727275575916 0.577869 0
1727275576338 0.450401 0
1727275576490 0.357217 0
1727275576646 0.612013 0
1727275577086 0.434766 0
1727275577243 0.362975 0
1727275577398 0.76102 0
1727275577824 0.400256 0
1727275577982 0.355897 0
1727275578136 1.356271 0
1727275578564 0.406291 0
1727275578733 0.385686 0
1727275578888 8.853752 0
1727275579303 0.432925 0
1727275579467 0.376442 0
1727275579619 1.569629 0
