1726811161204 96.86187 0
1726811161304 2.159151 0
1726811161402 0.655357 0
1726811161501 0.530913 0
1726811161599 0.715244 0
1726811161697 0.954125 0
1726811161798 1.592868 0
1726811161906 1.836768 0
1726811162006 1.434843 0
1726811162107 0.923652 0
1726811162214 0.684161 1
1726811162315 0.559971 1
1726811162415 0.55213 1
1726811162514 1.396426 1
1726811162612 1.456974 1
1726811162712 1.024634 1
1726811162817 0.942867 1
1726811162917 0.907388 1
1726811163016 0.410433 1
1726811163116 0.647617 1
1726811163217 0.429433 2
1726811163316 35.608757 2
1726811163414 0.809424 2
1726811163513 0.296895 2
1726811163610 1.23271 2
1726811163708 0.984947 2
1726811163806 0.741502 2
1726811163904 0.562092 2
1726811164002 0.367784 2
1726811164100 0.339468 2
1726811164198 0.237404 3
1726811164298 0.321617 3
1726811164396 0.718576 3
1726811164497 3.326585 3
1726811164596 1.38557 3
1726811164694 2.500921 3
1726811164792 2.251185 3
1726811164899 1.425038 3
1726811164997 1.453223 3
1726811165095 2.213315 3
1726811165193 2.255293 4
1726811165291 0.394324 4
1726811165393 0.676915 4
1726811165493 0.447012 4
1726811165592 0.307277 4
1726811165691 2.552052 4
1726811165791 1.548155 4
1726811165889 20.611559 4
1726811165988 8.424477 4
1726811166085 7.518762 4
1726811166184 0.424352 5
1726811166282 3.287709 5
1726811166380 3.380113 5
1726811166480 5.229744 5
1726811166579 1.271124 5
1726811166676 1.814234 5
1726811166778 0.326206 5
1726811166882 2.124065 5
1726811166984 0.561636 5
1726811167083 3.036428 5
1726811167187 0.453032 6
1726811167286 0.562064 6
1726811167385 6.475239 6
1726811167483 0.406472 6
1726811167582 0.421159 6
1726811167679 2.736158 6
1726811167777 1.623449 6
1726811167876 1.33947 6
1726811167974 1.154717 6
1726811168084 1.055649 6
1726811168186 0.338317 7
1726811168284 2.074119 7
1726811168381 2.412364 7
1726811168481 1.448962 7
1726811168581 0.639122 7
1726811168679 3.806688 7
1726811168777 6.195495 7
1726811168876 2.594628 7
1726811168984 0.720605 7
1726811169085 0.455055 7
1726811169183 4.615626 8
1726811169282 0.84191 8
1726811169382 2.663022 8
1726811169484 5.018111 8
1726811169581 5.651327 8
1726811169679 0.724547 8
1726811169775 0.805033 8
1726811173537 3.265456 0
1726811173640 0.477826 0
1726811173739 0.258366 0
1726811173838 0.605307 0
1726811173935 0.410266 0
1726811174034 2.597828 0
1726811174132 24.371033 0
1726811174233 7.466812 0
1726811174339 1.567177 0
1726811174441 11.298847 0
1726811174541 0.565919 2
1726811174647 1.014906 2
1726811174749 0.331619 2
1726811174849 0.432634 2
1726811174946 4.36341 2
1726811175047 1.762996 2
1726811175148 7.128989 2
1726811175250 0.350989 2
1726811175355 0.23576 2
1726811175454 1.34387 2
1726811175552 0.41074 4
1726811175651 1.685945 4
1726811175749 0.496884 4
1726811175847 0.324952 4
1726811175946 2.047304 4
1726811176044 0.34874 4
1726811176142 0.609957 4
1726811176240 0.835135 4
1726811176341 0.402682 4
1726811176443 0.426958 4
1726811176542 0.249967 6
1726811176641 0.345285 6
1726811176738 0.954546 6
1726811176837 2.961867 6
1726811176935 2.48413 6
1726811177033 1.677105 6
1726811177141 1.952703 6
1726811177241 0.876633 6
1726811177339 1.213149 6
1726811177437 3.107637 6
1726811177534 2.031564 8
1726811177632 0.404639 8
1726811177734 0.639058 8
1726811177833 0.511606 8
1726811177934 0.238282 8
1726811178033 1.443583 8
1726811178135 1.026075 8
1726811178236 1.377288 8
1726811178334 8.208674 8
1726811178435 3.854948 8
1726811178535 0.42812 10
1726811178634 1.251472 10
1726811178732 2.775482 10
1726811178830 1.885208 10
1726811178928 0.764975 10
1726811179026 0.695603 10
1726811179129 0.357196 10
1726811179231 2.085656 10
1726811179330 0.561277 10
1726811179428 1.006678 10
1726811179529 0.513672 12
1726811179628 0.542725 12
1726811179728 1.772771 12
1726811179829 0.335094 12
1726811179930 0.444174 12
1726811180029 5.464449 12
1726811180128 3.263312 12
1726811180226 1.216934 12
1726811180326 1.271415 12
1726811180425 2.238024 12
1726811180525 0.341013 14
1726811180629 1.00489 14
1726811180729 2.907297 14
1726811180828 13.59702 14
1726811180929 0.673655 14
1726811181028 1.078321 14
1726811181127 8.832516 14
1726811181237 4.327054 14
1726811181339 0.813501 14
1726811181441 0.431248 14
1726811181540 1.476573 16
1726811181638 0.829434 16
1726811181735 8.003361 16
1726811181835 2.092201 16
1726811181937 4.559843 16
1726811182035 0.637676 16
1726811182134 0.866541 16
1726811185696 0.934418 0
1726811185805 0.272092 0
1726811185907 0.499319 0
1726811186006 0.690092 0
1726811186105 0.319279 0
1726811186204 2.944395 0
1726811186303 8.40929 0
1726811186403 5.170084 0
1726811186504 21.018909 0
1726811186603 2.526766 0
1726811186703 0.554077 3
1726811186806 0.924272 3
1726811186905 0.337703 3
1726811187008 0.377461 3
1726811187115 2.812654 3
1726811187221 4.543987 3
1726811187331 2.199907 3
1726811187439 0.340732 3
1726811187540 0.236337 3
1726811187640 1.21557 3
1726811187740 0.418172 6
1726811187841 1.350588 6
1726811187944 0.529383 6
1726811188044 0.349659 6
1726811188150 2.304477 6
1726811188252 0.341241 6
1726811188355 0.67586 6
1726811188456 0.851628 6
1726811188556 0.390226 6
1726811188655 0.330005 6
1726811188758 0.243884 9
1726811188862 0.34131 9
1726811188964 1.513155 9
1726811189065 2.90229 9
1726811189165 4.037226 9
1726811189270 1.934756 9
1726811189388 1.680985 9
1726811189491 0.838517 9
1726811189591 2.178915 9
1726811189693 3.423028 9
1726811189794 2.759925 12
1726811189892 0.387261 12
1726811189991 0.6888 12
1726811190091 0.502363 12
1726811190189 0.256785 12
1726811190288 2.888398 12
1726811190392 1.362202 12
1726811190495 1.267555 12
1726811190598 9.186813 12
1726811190699 8.844494 12
1726811190799 0.429238 15
1726811190899 1.183518 15
1726811191000 8.936468 15
1726811191104 1.873892 15
1726811191202 1.862899 15
1726811191302 0.469081 15
1726811191408 0.345067 15
1726811191509 20.285358 15
1726811191609 0.553944 15
1726811191707 0.978355 15
1726811191806 0.498201 18
1726811191904 0.575241 18
1726811192003 1.692847 18
1726811192102 0.319846 18
1726811192202 0.463927 18
1726811192301 7.165929 18
1726811192399 2.473573 18
1726811192497 1.526168 18
1726811192594 1.412771 18
1726811192691 1.037647 18
1726811192790 0.331234 21
1726811192888 1.479689 21
1726811192990 2.589722 21
1726811193090 2.179121 21
1726811193188 0.520323 21
1726811193287 0.829717 21
1726811193388 4.116559 21
1726811193495 2.357922 21
1726811193594 0.76879 21
1726811193693 0.412935 21
1726811193792 1.253629 24
1726811193890 0.825412 24
1726811193988 5.80025 24
1726811194086 4.435289 24
1726811194187 2.140156 24
1726811194287 0.576254 24
1726811194386 0.895153 24
1726811197944 18.298689 0
1726811198044 0.288274 0
1726811198142 0.319117 0
1726811198242 0.457524 0
1726811198341 0.345295 0
1726811198441 2.232256 0
1726811198541 7.77069 0
1726811198641 34305.402344 0
1726811198741 1.431681 0
1726811198844 1.576022 0
1726811198947 0.553299 4
1726811199051 1.364848 4
1726811199151 0.366912 4
1726811199252 0.424045 4
1726811199357 3.457126 4
1726811199460 1.61709 4
1726811199566 1.444002 4
1726811199668 0.387352 4
1726811199768 0.283289 4
1726811199878 1.396959 4
1726811199981 0.4102 8
1726811200081 0.935925 8
1726811200182 0.473811 8
1726811200282 0.318208 8
1726811200381 2.628902 8
1726811200480 0.308211 8
1726811200578 0.569124 8
1726811200676 0.792616 8
1726811200775 0.392235 8
1726811200874 0.362431 8
1726811200972 0.264237 12
1726811201070 0.355314 12
1726811201168 0.988295 12
1726811201268 4.194274 12
1726811201369 1.601673 12
1726811201468 1.897572 12
1726811201569 3.054197 12
1726811201677 0.836047 12
1726811201777 1.004201 12
1726811201880 3.837649 12
1726811201986 2.347933 16
1726811202085 0.408851 16
1726811202184 0.780061 16
1726811202285 0.569828 16
1726811202384 0.245145 16
1726811202483 2.121802 16
1726811202583 1.752645 16
1726811202684 1.264137 16
1726811202785 4.630582 16
1726811202885 2.836343 16
1726811202985 0.399063 20
1726811203091 1.172812 20
1726811203195 14.923805 20
1726811203304 1.574941 20
1726811203405 0.875464 20
1726811203504 0.52239 20
1726811203604 0.363434 20
1726811203712 6.571826 20
1726811203812 0.630239 20
1726811203911 1.006479 20
1726811204010 0.614847 24
1726811204109 0.711763 24
1726811204209 2.829025 24
1726811204308 0.299918 24
1726811204407 0.428194 24
1726811204507 5.867664 24
1726811204607 3.094352 24
1726811204707 1.644803 24
1726811204810 1.092051 24
1726811204912 1.103664 24
1726811205010 0.325676 28
1726811205110 1.883356 28
1726811205208 4.783523 28
1726811205308 1.804443 28
1726811205410 0.551339 28
1726811205510 0.915913 28
1726811205610 4.540305 28
1726811205716 3.070085 28
1726811205817 0.794449 28
1726811205917 0.445127 28
1726811206017 3.387302 32
1726811206116 0.826622 32
1726811206215 5.948884 32
1726811206316 2.408948 32
1726811206420 1.244377 32
1726811206520 1.344941 32
1726811206620 0.807837 32
1726811210272 5.962659 0
1726811210373 0.235126 0
1726811210473 0.255472 0
1726811210573 0.389246 0
1726811210673 0.396947 0
1726811210773 3.205887 0
1726811210873 63.341766 0
1726811210973 6.533373 0
1726811211071 10.395416 0
1726811211170 2.315527 0
1726811211270 0.565042 5
1726811211373 0.86228 5
1726811211472 0.361736 5
1726811211571 0.391606 5
1726811211669 2.41858 5
1726811211768 2.467958 5
1726811211876 1.83141 5
1726811211976 0.317284 5
1726811212078 0.2304 5
1726811212182 1.188798 5
1726811212285 0.418314 10
1726811212384 1.497853 10
1726811212484 0.51254 10
1726811212584 0.302799 10
1726811212685 1.757174 10
1726811212785 0.34316 10
1726811212884 0.634036 10
1726811212984 0.652907 10
1726811213087 0.382363 10
1726811213187 0.328367 10
1726811213288 0.248874 15
1726811213393 0.348522 15
1726811213496 6.540679 15
1726811213595 3.730018 15
1726811213696 3.176175 15
1726811213796 1.581175 15
1726811213902 2.15372 15
1726811214001 0.890247 15
1726811214104 1.198457 15
1726811214204 1.51927 15
1726811214303 3.957431 20
1726811214403 0.360007 20
1726811214502 0.727962 20
1726811214601 0.532581 20
1726811214700 0.242751 20
1726811214800 7.616782 20
1726811214900 1.826001 20
1726811215001 1.322766 20
1726811215101 11.898787 20
1726811215202 9.670739 20
1726811215304 0.430692 25
1726811215402 1.273436 25
1726811215502 4.420811 25
1726811215602 1.688298 25
1726811215701 0.904339 25
1726811215803 0.431968 25
1726811215914 0.354923 25
1726811216019 1.80138 25
1726811216118 0.594444 25
1726811216218 0.844305 25
1726811216320 0.498565 30
1726811216420 0.576318 30
1726811216521 4.983879 30
1726811216622 0.279125 30
1726811216790 0.42656 30
1726811216890 6.063788 30
1726811216989 2.177968 30
1726811217088 1.212824 30
1726811217190 1.111318 30
1726811217296 1.10596 30
1726811217398 0.33855 35
1726811217499 1.191945 35
1726811217597 8.255632 35
1726811217697 2.993961 35
1726811217796 0.631625 35
1726811217895 3.366677 35
1726811218003 4.677327 35
1726811218102 2.272474 35
1726811218205 0.878785 35
1726811218306 0.406007 35
1726811218406 2.211153 40
1726811218506 0.735915 40
1726811218606 3.986242 40
1726811218706 2.437929 40
1726811218807 1.658255 40
1726811218905 0.652833 40
1726811219005 1.044492 40
1726811222610 3.124375 0
1726811222710 0.268978 0
1726811222808 0.439556 0
1726811222910 0.455979 0
1726811223009 0.322801 0
1726811223110 11.713773 0
1726811223211 6.775884 0
1726811223314 4.95769 0
1726811223414 79.999359 0
1726811223513 1.25631 0
1726811223614 0.514953 6
1726811223716 1.277682 6
1726811223814 0.305405 6
1726811223913 0.370451 6
1726811224012 3.138466 6
1726811224118 5.556977 6
1726811224217 1.698365 6
1726811224318 0.39021 6
1726811224418 0.316352 6
1726811224516 1.590002 6
1726811224615 0.432998 12
1726811224714 1.08721 12
1726811224812 0.463397 12
1726811224910 0.310028 12
1726811225012 1.700335 12
1726811225113 0.235471 12
1726811225212 0.606685 12
1726811225311 0.620007 12
1726811225410 0.371988 12
1726811225508 0.295739 12
1726811225606 0.257066 18
1726811225704 0.369772 18
1726811225803 1.687881 18
1726811225901 3.9914 18
1726811226002 2.837891 18
1726811226100 1.633287 18
1726811226209 4.223567 18
1726811226310 1.017851 18
1726811226411 2.055295 18
1726811226512 2.197377 18
1726811226611 1.744833 24
1726811226710 0.285163 24
1726811226808 0.849264 24
1726811226906 3.409611 24
1726811227008 0.252682 24
1726811227109 3.800339 24
1726811227208 2.013708 24
1726811227307 1.395438 24
1726811227407 4.89971 24
1726811227506 13.239933 24
1726811227604 0.413705 30
1726811227714 1.108977 30
1726811227818 10.849501 30
1726811227920 3.539067 30
1726811228018 1.099849 30
1726811228117 0.495785 30
1726811228226 0.323211 30
1726811228326 23.188099 30
1726811228424 0.599281 30
1726811228524 0.813488 30
1726811228625 0.523164 36
1726811228724 0.609174 36
1726811228824 3.346265 36
1726811228922 0.264866 36
1726811229023 0.418642 36
1726811229123 4.236671 36
1726811229220 2.387446 36
1726811229321 1.302055 36
1726811229421 1.021735 36
1726811229520 1.133394 36
1726811229619 0.309375 42
1726811229723 1.413597 42
1726811229822 4.25512 42
1726811229921 2.433497 42
1726811230019 4.45131 42
1726811230117 7.006988 42
1726811230215 1.554456 42
1726811230321 5.661816 42
1726811230422 0.838148 42
1726811230526 0.373636 42
1726811230626 1.294881 48
1726811230726 0.882003 48
1726811230825 4.6054 48
1726811230924 2.185612 48
1726811231022 1.626343 48
1726811231120 0.662227 48
1726811231221 0.850833 48
1726811234800 8.855015 0
1726811234901 0.387223 0
1726811235002 0.300209 0
1726811235104 0.323603 0
1726811235205 0.254142 0
1726811235309 2.027925 0
1726811235410 6.957515 0
1726811235509 120.172119 0
1726811235612 1.433514 0
1726811235713 1.775512 0
1726811235816 0.580399 7
1726811235921 1.255867 7
1726811236021 0.314689 7
1726811236123 0.378498 7
1726811236225 3.782407 7
1726811236328 4.239618 7
1726811236437 1.685489 7
1726811236536 0.296436 7
1726811236635 0.253361 7
1726811236738 2.009216 7
1726811236837 0.425882 14
1726811236937 1.154415 14
1726811237035 0.530571 14
1726811237135 0.349912 14
1726811237237 2.025328 14
1726811237337 0.280433 14
1726811237437 0.716218 14
1726811237536 0.688136 14
1726811237634 0.372975 14
1726811237732 0.329843 14
1726811237834 0.252867 21
1726811237933 0.345302 21
1726811238032 1.972409 21
1726811238131 3.628454 21
1726811238230 2.67409 21
1726811238328 1.676276 21
1726811238432 2.095921 21
1726811238534 0.900443 21
1726811238636 1.715155 21
1726811238735 6.228079 21
1726811238836 1.104125 28
1726811238935 0.26665 28
1726811239033 1.134578 28
1726811239133 0.55661 28
1726811239232 0.239219 28
1726811239331 2.469851 28
1726811239428 1.349568 28
1726811239526 1.596039 28
1726811239626 8.260107 28
1726811239724 5.293852 28
1726811239821 0.446293 35
1726811239920 1.680093 35
1726811240017 2.918694 35
1726811240116 6.715571 35
1726811240215 1.188697 35
1726811240316 0.455433 35
1726811240418 0.322171 35
1726811240526 4.449081 35
1726811240625 0.601616 35
1726811240724 0.718857 35
1726811240822 0.485355 42
1726811240921 0.567695 42
1726811241020 3.617873 42
1726811241118 0.260144 42
1726811241220 0.418369 42
1726811241319 6.752156 42
1726811241420 2.373606 42
1726811241518 1.997731 42
1726811241616 1.002043 42
1726811241720 1.323936 42
1726811241818 0.331639 49
1726811241918 6.345591 49
1726811242017 3.491291 49
1726811242117 1.850868 49
1726811242227 0.543649 49
1726811242327 0.94779 49
1726811242427 2.272452 49
1726811242534 7.590287 49
1726811242636 0.733603 49
1726811242736 0.373144 49
1726811242835 1.576525 56
1726811242935 0.758366 56
1726811243033 2.60041 56
1726811243131 1.952578 56
1726811243230 6.562366 56
1726811243328 0.581213 56
1726811243428 1.075001 56
1726811246997 9.190201 0
1726811247101 0.355405 0
1726811247203 0.381213 0
1726811247305 0.421586 0
1726811247406 0.297538 0
1726811247505 2.193107 0
1726811247604 15.120615 0
1726811247704 3.27771 0
1726811247808 1.162419 0
1726811247910 1.650165 0
1726811248012 0.553326 8
1726811248112 1.711845 8
1726811248214 0.30406 8
1726811248316 0.355129 8
1726811248416 3.272717 8
1726811248516 6.042225 8
1726811248616 2.034933 8
1726811248725 0.321828 8
1726811248826 0.276275 8
1726811248925 2.827152 8
1726811249024 0.439789 16
1726811249124 1.088889 16
1726811249222 0.49133 16
1726811249320 0.324199 16
1726811249420 1.845092 16
1726811249519 0.250065 16
1726811249620 0.627261 16
1726811249719 0.672801 16
1726811249818 0.371326 16
1726811249918 0.298647 16
1726811250017 0.24454 24
1726811250117 0.356511 24
1726811250217 2.278616 24
1726811250316 3.466664 24
1726811250420 2.76243 24
1726811250521 1.691379 24
1726811250625 5.331129 24
1726811250734 0.877569 24
1726811250835 3.613548 24
1726811250934 7.703659 24
1726811251039 1.497919 32
1726811251138 0.288222 32
1726811251237 0.949375 32
1726811251337 0.609699 32
1726811251436 0.24572 32
1726811251535 1.174973 32
1726811251634 1.411115 32
1726811251732 1.351636 32
1726811251831 5.723623 32
1726811251930 3.262664 32
1726811252032 0.422189 40
1726811252132 1.436518 40
1726811252233 16.611973 40
1726811252332 71.585709 40
1726811252432 1.145045 40
1726811252529 0.455728 40
1726811252627 0.339661 40
1726811252728 5.58976 40
1726811252830 0.684329 40
1726811252930 0.76462 40
1726811253028 0.514352 48
1726811253125 0.615443 48
1726811253224 4.476797 48
1726811253325 0.256066 48
1726811253423 0.406556 48
1726811253524 35.822857 48
1726811253625 2.803712 48
1726811253726 2.160334 48
1726811253825 1.085577 48
1726811253923 0.916223 48
1726811254022 0.334542 56
1726811254119 0.825811 56
1726811254217 9.044094 56
1726811254318 3.734673 56
1726811254419 0.553669 56
1726811254518 0.803218 56
1726811254616 4.6733 56
1726811254715 3.344821 56
1726811254822 0.779305 56
1726811254921 0.395225 56
1726811255022 4.74648 64
1726811255123 0.964297 64
1726811255220 4.291446 64
1726811255318 3.156331 64
1726811255419 1.003968 64
1726811255518 0.565401 64
1726811255617 0.858106 64
1726811259268 4.222975 0
1726811259368 0.299139 0
1726811259469 0.31417 0
1726811259568 0.373022 0
1726811259669 0.282671 0
1726811259768 1.578015 0
1726811259871 7.111788 0
1726811259972 3.405747 0
1726811260071 1.620123 0
1726811260170 1.973068 0
1726811260271 0.707419 9
1726811260374 1.654755 9
1726811260474 0.322843 9
1726811260574 0.400267 9
1726811260674 16.992065 9
1726811260773 3.069891 9
1726811260873 4.095669 9
1726811260979 0.291156 9
1726811261081 0.240599 9
1726811261182 40.607479 9
1726811261282 0.428813 18
1726811261382 1.332912 18
1726811261485 0.479019 18
1726811261586 0.329473 18
1726811261686 1.83229 18
1726811261787 0.296184 18
1726811261889 0.687149 18
1726811261988 0.738612 18
1726811262087 0.403287 18
1726811262186 0.314598 18
1726811262285 0.256215 27
1726811262384 0.371827 27
1726811262484 9.262615 27
1726811262584 2.780021 27
1726811262683 4.041174 27
1726811262783 1.741259 27
1726811262882 3.335251 27
1726811262990 0.927779 27
1726811263089 2.407923 27
1726811263189 2.567278 27
1726811263289 1.351023 36
1726811263389 0.293922 36
1726811263489 1.109505 36
1726811263588 0.5516 36
1726811263686 0.236777 36
1726811263785 1.939951 36
1726811263887 1.892022 36
1726811263988 5.938894 36
1726811264088 5.327546 36
1726811264191 4.865297 36
1726811264298 0.447832 45
1726811264399 1.395396 45
1726811264498 7.167861 45
1726811264597 10.016633 45
1726811264697 1.663318 45
1726811264796 0.460707 45
1726811264900 0.330543 45
1726811265009 2.969447 45
1726811265110 1.085759 45
1726811265208 0.83492 45
1726811265307 0.511532 54
1726811265406 0.579446 54
1726811265504 5.190354 54
1726811265602 0.241728 54
1726811265700 0.411323 54
1726811265802 4.818255 54
1726811265901 2.918183 54
1726811266000 1.395663 54
1726811266098 1.210936 54
1726811266199 0.874796 54
1726811266306 0.343526 63
1726811266408 2.944513 63
1726811266507 10.992412 63
1726811266607 42.132915 63
1726811266708 0.519855 63
1726811266808 2.036279 63
1726811266908 3.898057 63
1726811267008 2.223136 63
1726811267110 0.754131 63
1726811267208 0.398936 63
1726811267308 6.290291 72
1726811267406 0.793516 72
1726811267505 16.054077 72
1726811267604 2.065276 72
1726811267701 1.311222 72
1726811267799 0.501555 72
1726811267902 1.044668 72
1726811271455 9.863802 0
1726811271555 0.263867 0
1726811271653 0.338122 0
1726811271752 0.453487 0
1726811271851 0.36734 0
1726811271951 2.249062 0
1726811272052 7.17049 0
1726811272151 4.937182 0
1726811272250 1.385292 0
1726811272354 1.798984 0
1726811272457 0.586373 10
1726811272561 1.19549 10
1726811272662 0.309253 10
1726811272761 0.363439 10
1726811272860 5.942884 10
1726811272959 5.20964 10
1726811273059 2.928684 10
1726811273162 0.297558 10
1726811273264 0.281711 10
1726811273364 1.632157 10
1726811273467 0.418166 20
1726811273567 1.102857 20
1726811273668 0.493366 20
1726811273767 0.317794 20
1726811273866 80.234016 20
1726811273965 0.25352 20
1726811274063 0.656552 20
1726811274162 0.6381 20
1726811274261 0.382439 20
1726811274360 0.296427 20
1726811274460 0.261387 30
1726811274561 0.368767 30
1726811274662 5.13412 30
1726811274761 3.892256 30
1726811274861 3.450404 30
1726811274963 1.585839 30
1726811275063 5.280783 30
1726811275162 2.353696 30
1726811275269 2.355834 30
1726811275373 2.77046 30
1726811275478 1.02229 40
1726811275587 0.314769 40
1726811275688 0.845998 40
1726811275791 0.630865 40
1726811275892 0.232999 40
1726811275993 1.18792 40
1726811276093 1.78236 40
1726811276193 1.504157 40
1726811276294 10.368904 40
1726811276393 4.72301 40
1726811276492 0.407321 50
1726811276592 1.324776 50
1726811276692 5.249835 50
1726811276796 3.782406 50
1726811276896 0.933324 50
1726811276994 0.42727 50
1726811277093 0.351131 50
1726811277194 2.571084 50
1726811277303 0.782454 50
1726811277404 0.739504 50
1726811277504 0.55547 60
1726811277607 0.621145 60
1726811277709 3.2296 60
1726811277813 0.25507 60
1726811277915 0.389143 60
1726811278016 2.303518 60
1726811278118 6.655114 60
1726811278222 1.213911 60
1726811278326 1.076486 60
1726811278426 0.872217 60
1726811278526 0.343658 70
1726811278626 0.837654 70
1726811278729 4.843375 70
1726811278833 4.046688 70
1726811278933 0.511952 70
1726811279034 1.597454 70
1726811279134 2.792428 70
1726811279233 3.365015 70
1726811279342 0.797411 70
1726811279442 0.425028 70
1726811279539 8.654794 80
1726811279638 0.79948 80
1726811279736 4.399705 80
1726811279834 2.364967 80
1726811279934 0.963992 80
1726811280032 0.515308 80
1726811280131 0.872574 80
