1726781728080 13.786094 0
1726781728175 0.615878 0
1726781728277 64.709747 0
1726781728373 6.076456 0
1726781728466 10.584663 0
1726781728560 4.458541 0
1726781728656 13.608574 0
1726781728750 2.229817 0
1726781728848 4.346381 0
1726781728943 0.650123 0
1726781729537 0.715718 0
1726781729647 1.012128 0
1726781729743 7.142962 0
1726781729838 29.479313 0
1726781729931 2.494691 0
1726781730031 6.33584 0
1726781730127 2.904048 0
1726781730221 1.190423 0
1726781730315 1.873785 0
1726781730409 0.686101 0
1726781731079 0.594592 0
1726781731186 0.620137 0
1726781731279 15.137239 0
1726781731376 1.722715 0
1726781731471 14.125431 0
1726781731565 4.524164 0
1726781731663 2.394738 0
1726781731759 2.318362 0
1726781731854 2.89431 0
1726781731949 0.941714 0
1726781732540 5.08629 0
1726781732643 2.763874 0
1726781732737 3.62306 0
1726781732831 1.715877 0
1726781732924 2.601361 0
1726781733017 3.44258 0
1726781733111 1.980481 0
1726781733204 1.316222 0
1726781733300 1.605882 0
1726781733396 0.9645 0
1726781734047 0.296938 0
1726781734153 0.40702 0
1726781734247 5.64146 0
1726781734344 2.42631 0
1726781734442 2.616452 0
1726781734538 5.122376 0
1726781734633 2.089054 0
1726781734729 7.339516 0
1726781734823 1.090726 0
1726781734917 1.034606 0
1726781735524 0.535672 0
1726781735632 3.005962 0
1726781735734 3.169139 0
1726781735840 9.9107 0
1726781735939 3.407656 0
1726781736034 3.469699 0
1726781736131 4.780095 0
1726781736225 1.824523 0
1726781736325 1.074336 0
1726781736422 0.8102 0
1726781737003 0.313716 0
1726781737102 0.664087 0
1726781737202 6.807051 0
1726781737295 1.834055 0
1726781737388 3.10708 0
1726781737485 2.916659 0
1726781737580 1.475882 0
1726781737675 1.424448 0
1726781737771 0.922795 0
1726781737873 1.064542 0
1726781738457 0.332799 0
1726781738562 0.827635 0
1726781738656 3.854521 0
1726781738750 2.710341 0
1726781738844 1.684618 0
1726781738937 3.519295 0
1726781739031 1.782512 0
1726781739123 1.47358 0
1726781739219 0.885524 0
1726781739311 1.351592 0
