1726796042997 49.174969 0
1726796043117 0.915369 0
1726796043238 3.13953 0
1726796043358 7.10268 0
1726796043478 1.352582 0
1726796043597 3.33677 0
1726796043717 1.511316 0
1726796043838 8.648553 0
1726796043959 2.777982 0
1726796044080 7.703397 0
1726796044202 0.964717 1
1726796044323 1.152575 1
1726796044443 3.4205 1
1726796044563 3.226084 1
1726796044684 4.700866 1
1726796044805 0.877617 1
1726796044925 8.312531 1
1726796045045 2.121985 1
1726796045165 2.776893 1
1726796045286 1.471071 1
1726796046684 2.843277 0
1726796046805 6.357902 0
1726796046925 6.046207 0
1726796047045 7.003551 0
1726796047165 8.073646 0
1726796047286 1.410604 0
1726796047407 1.54678 0
1726796047527 6.039344 0
1726796047647 23.284454 0
1726796047767 3.657488 0
1726796047887 1.188763 2
1726796048009 3.452505 2
1726796048130 2.628587 2
1726796048250 2.330747 2
1726796048370 2.787963 2
1726796048490 1.380897 2
1726796048610 3.684598 2
1726796048730 4.022804 2
1726796048850 2.402987 2
1726796048970 2.828534 2
1726796050346 5.0144 0
1726796050466 1.825368 0
1726796050587 4.1979 0
1726796050707 1.980531 0
1726796050827 35.245731 0
1726796050948 14.09586 0
1726796051069 4.272372 0
1726796051189 2.030494 0
1726796051309 6.203961 0
1726796051430 3.890811 0
1726796051550 5.520366 3
1726796051671 2.675701 3
1726796051791 9.522179 3
1726796051911 2.499329 3
1726796052033 1.36755 3
1726796052154 3.550565 3
1726796052275 6.314419 3
1726796052396 2.093324 3
1726796052517 2.901516 3
1726796052638 18.550035 3
1726796054008 5.814084 0
1726796054130 5.171101 0
1726796054250 6.337523 0
1726796054370 3.875882 0
1726796054491 2.986029 0
1726796054611 11.473515 0
1726796054732 5.550994 0
1726796054852 5.183846 0
1726796054973 4.055165 0
1726796055094 33.904514 0
1726796055214 1.414478 4
1726796055334 16.548426 4
1726796055455 7.517438 4
1726796055575 1.943614 4
1726796055695 2.697166 4
1726796055815 1.576247 4
1726796055934 2.435483 4
1726796056055 2.174006 4
1726796056178 3.603904 4
1726796056302 2.09129 4
