1727105046228 0.457552 0
1727105046393 0.237915 0
1727105046555 0.13583 0
1727105046716 0.244644 0
1727105046882 0.223431 0
1727105047042 0.178909 0
1727105047203 0.9371 0
1727105047362 0.149418 0
1727105047522 0.675069 0
1727105047680 0.079012 0
1727105047840 0.250253 1
1727105048002 0.458281 1
1727105048166 1.161367 1
1727105048329 0.171877 1
1727105048494 0.596575 1
1727105048655 0.499126 1
1727105048823 0.117077 1
1727105050221 1.509862 0
1727105050385 0.199992 0
1727105050547 0.235631 0
1727105050708 0.285344 0
1727105050871 0.307455 0
1727105051036 0.18782 0
1727105051197 0.457666 0
1727105051361 0.524876 0
1727105051521 0.288324 0
1727105051682 0.142334 0
1727105051842 0.295633 2
1727105052002 0.322392 2
1727105052164 0.931327 2
1727105052326 0.27243 2
1727105052490 0.576958 2
1727105052649 0.382435 2
1727105052812 0.157472 2
1727105054129 0.186583 0
1727105054288 0.139553 0
1727105054449 0.172897 0
1727105054610 0.240789 0
1727105054779 0.169341 0
1727105054944 0.186004 0
1727105055122 0.588246 0
1727105055283 0.442666 0
1727105055449 0.304233 0
1727105055610 0.120244 0
1727105055771 0.282652 3
1727105055931 0.251216 3
1727105056090 0.666528 3
1727105056253 0.226651 3
1727105056413 0.516179 3
1727105056582 0.489278 3
1727105056742 0.149747 3
1727105058087 0.12934 0
1727105058251 0.182458 0
1727105058410 0.105613 0
1727105058574 0.235488 0
1727105058737 0.187813 0
1727105058909 0.1664 0
1727105059073 0.682525 0
1727105059234 0.168426 0
1727105059395 0.260418 0
1727105059553 0.109598 0
1727105059712 0.324647 4
1727105059870 0.27065 4
1727105060029 0.690037 4
1727105060188 0.191217 4
1727105060348 0.618428 4
1727105060507 0.532249 4
1727105060674 0.168433 4
1727105062104 0.110662 0
1727105062266 0.145504 0
1727105062426 0.145216 0
1727105062589 0.228648 0
1727105062751 0.168674 0
1727105062919 0.160866 0
1727105063077 0.478641 0
1727105063243 0.183448 0
1727105063403 0.243281 0
1727105063565 0.101935 0
1727105063725 0.295593 5
1727105063891 0.25668 5
1727105064054 0.69507 5
1727105064219 0.184656 5
1727105064383 0.522336 5
1727105064544 0.401416 5
1727105064708 0.121197 5
