1726874559694 0.0 0
1726874559829 10.0 0
1726874559964 20.0 0
1726874560098 30.0 0
1726874560233 40.0 0
1726874560371 50.0 0
1726874560506 60.0 0
1726874560641 70.0 0
1726874560776 80.0 0
1726874560911 90.0 0
1726874561046 100.0 1
1726874561181 110.0 1
1726874561315 120.0 1
1726874561451 130.0 1
1726874561585 140.0 1
1726874561720 150.0 1
1726874561855 160.0 1
1726874561989 170.0 1
1726874562125 180.0 1
1726874562260 190.0 1
1726874562433 200.0 2
1726874563851 0.0 0
1726874563989 10.0 0
1726874564128 20.0 0
1726874564263 30.0 0
1726874564399 40.0 0
1726874564534 50.0 0
1726874564669 60.0 0
1726874564803 70.0 0
1726874564937 80.0 0
1726874565072 90.0 0
1726874565207 100.0 2
1726874565342 110.0 2
1726874565476 120.0 2
1726874565610 130.0 2
1726874565745 140.0 2
1726874565879 150.0 2
1726874566013 160.0 2
1726874566147 170.0 2
1726874566281 180.0 2
1726874566416 190.0 2
1726874566550 200.0 4
1726874567924 0.0 0
1726874568062 10.0 0
1726874568196 20.0 0
1726874568330 30.0 0
1726874568467 40.0 0
1726874568604 50.0 0
1726874568739 60.0 0
1726874568874 70.0 0
1726874569008 80.0 0
1726874569142 90.0 0
1726874569277 100.0 3
1726874569411 110.0 3
1726874569546 120.0 3
1726874569682 130.0 3
1726874569816 140.0 3
1726874569951 150.0 3
1726874570087 160.0 3
1726874570224 170.0 3
1726874570360 180.0 3
1726874570496 190.0 3
1726874570633 200.0 6
1726874572021 0.0 0
1726874572162 10.0 0
1726874572296 20.0 0
1726874572432 30.0 0
1726874572570 40.0 0
1726874572706 50.0 0
1726874572843 60.0 0
1726874572977 70.0 0
1726874573111 80.0 0
1726874573246 90.0 0
1726874573380 100.0 4
1726874573515 110.0 4
1726874573650 120.0 4
1726874573785 130.0 4
1726874573920 140.0 4
1726874574055 150.0 4
1726874574189 160.0 4
1726874574324 170.0 4
1726874574459 180.0 4
1726874574595 190.0 4
1726874574731 200.0 8
1726874576120 0.0 0
1726874576254 10.0 0
1726874576388 20.0 0
1726874576524 30.0 0
1726874576660 40.0 0
1726874576796 50.0 0
1726874576930 60.0 0
1726874577064 70.0 0
1726874577199 80.0 0
1726874577333 90.0 0
1726874577467 100.0 5
1726874577603 110.0 5
1726874577737 120.0 5
1726874577872 130.0 5
1726874578009 140.0 5
1726874578144 150.0 5
1726874578279 160.0 5
1726874578413 170.0 5
1726874578548 180.0 5
1726874578685 190.0 5
1726874578837 200.0 10
1726874580218 0.0 0
1726874580355 10.0 0
1726874580489 20.0 0
1726874580623 30.0 0
1726874580759 40.0 0
1726874580895 50.0 0
1726874581031 60.0 0
1726874581165 70.0 0
1726874581300 80.0 0
1726874581434 90.0 0
1726874581570 100.0 6
1726874581704 110.0 6
1726874581838 120.0 6
1726874581973 130.0 6
1726874582108 140.0 6
1726874582243 150.0 6
1726874582378 160.0 6
1726874582512 170.0 6
1726874582646 180.0 6
1726874582781 190.0 6
1726874582918 200.0 12
1726874584296 0.0 0
1726874584434 10.0 0
1726874584568 20.0 0
1726874584702 30.0 0
1726874584840 40.0 0
1726874584977 50.0 0
1726874585112 60.0 0
1726874585248 70.0 0
1726874585383 80.0 0
1726874585517 90.0 0
1726874585652 100.0 7
1726874585787 110.0 7
1726874585923 120.0 7
1726874586057 130.0 7
1726874586192 140.0 7
1726874586325 150.0 7
1726874586460 160.0 7
1726874586594 170.0 7
1726874586729 180.0 7
1726874586864 190.0 7
1726874587002 200.0 14
1726874588382 0.0 0
1726874588520 10.0 0
1726874588654 20.0 0
1726874588788 30.0 0
1726874588924 40.0 0
1726874589060 50.0 0
1726874589196 60.0 0
1726874589330 70.0 0
1726874589465 80.0 0
1726874589599 90.0 0
1726874589734 100.0 8
1726874589869 110.0 8
1726874590006 120.0 8
1726874590140 130.0 8
1726874590275 140.0 8
1726874590411 150.0 8
1726874590547 160.0 8
1726874590682 170.0 8
1726874590816 180.0 8
1726874590951 190.0 8
1726874591090 200.0 16
1726874592461 0.0 0
1726874592597 10.0 0
1726874592731 20.0 0
1726874592865 30.0 0
1726874593000 40.0 0
1726874593137 50.0 0
1726874593272 60.0 0
1726874593407 70.0 0
1726874593541 80.0 0
1726874593675 90.0 0
1726874593810 100.0 9
1726874593945 110.0 9
1726874594080 120.0 9
1726874594214 130.0 9
1726874594349 140.0 9
1726874594483 150.0 9
1726874594618 160.0 9
1726874594752 170.0 9
1726874594931 180.0 9
1726874595066 190.0 9
1726874595202 200.0 18
1726874596574 0.0 0
1726874596712 10.0 0
1726874596846 20.0 0
1726874596980 30.0 0
1726874597116 40.0 0
1726874597254 50.0 0
1726874597390 60.0 0
1726874597524 70.0 0
1726874597659 80.0 0
1726874597799 90.0 0
1726874597934 100.0 10
1726874598070 110.0 10
1726874598204 120.0 10
1726874598339 130.0 10
1726874598473 140.0 10
1726874598608 150.0 10
1726874598743 160.0 10
1726874598878 170.0 10
1726874599011 180.0 10
1726874599147 190.0 10
1726874599284 200.0 20
