1726800181180 0.0 0
1726800181280 10.0 0
1726800181378 20.0 0
1726800181477 30.0 0
1726800181584 40.0 0
1726800181683 50.0 0
1726800181781 60.0 0
1726800181880 70.0 0
1726800181979 80.0 0
1726800182078 90.0 0
1726800182182 100.0 1
1726800182281 110.0 1
1726800182381 120.0 1
1726800182480 130.0 1
1726800182578 140.0 1
1726800182679 150.0 1
1726800182777 160.0 1
1726800183745 0.0 0
1726800183850 10.0 0
1726800183949 20.0 0
1726800184046 30.0 0
1726800184143 40.0 0
1726800184242 50.0 0
1726800184338 60.0 0
1726800184436 70.0 0
1726800184536 80.0 0
1726800184635 90.0 0
1726800184736 100.0 2
1726800184835 110.0 2
1726800184933 120.0 2
1726800185033 130.0 2
1726800185136 140.0 2
1726800185240 150.0 2
1726800185342 160.0 2
1726800186297 0.0 0
1726800186403 10.0 0
1726800186500 20.0 0
1726800186597 30.0 0
1726800186693 40.0 0
1726800186791 50.0 0
1726800186891 60.0 0
1726800186991 70.0 0
1726800187089 80.0 0
1726800187195 90.0 0
1726800187300 100.0 3
1726800187401 110.0 3
1726800187499 120.0 3
1726800187600 130.0 3
1726800187709 140.0 3
1726800187809 150.0 3
1726800187908 160.0 3
1726800188828 0.0 0
1726800188934 10.0 0
1726800189032 20.0 0
1726800189129 30.0 0
1726800189228 40.0 0
1726800189325 50.0 0
1726800189423 60.0 0
1726800189524 70.0 0
1726800189625 80.0 0
1726800189728 90.0 0
1726800189835 100.0 4
1726800189937 110.0 4
1726800190036 120.0 4
1726800190135 130.0 4
1726800190238 140.0 4
1726800190337 150.0 4
1726800190436 160.0 4
1726800191357 0.0 0
1726800191457 10.0 0
1726800191555 20.0 0
1726800191654 30.0 0
1726800191754 40.0 0
1726800191858 50.0 0
1726800191960 60.0 0
1726800192062 70.0 0
1726800192167 80.0 0
1726800192267 90.0 0
1726800192364 100.0 5
1726800192463 110.0 5
1726800192565 120.0 5
1726800192668 130.0 5
1726800192771 140.0 5
1726800192870 150.0 5
1726800192969 160.0 5
1726800193909 0.0 0
1726800194017 10.0 0
1726800194114 20.0 0
1726800194214 30.0 0
1726800194313 40.0 0
1726800194411 50.0 0
1726800194509 60.0 0
1726800194605 70.0 0
1726800194703 80.0 0
1726800194802 90.0 0
1726800194903 100.0 6
1726800195005 110.0 6
1726800195103 120.0 6
1726800195202 130.0 6
1726800195300 140.0 6
1726800195400 150.0 6
1726800195498 160.0 6
1726800196446 0.0 0
1726800196546 10.0 0
1726800196644 20.0 0
1726800196741 30.0 0
1726800196841 40.0 0
1726800196941 50.0 0
1726800197038 60.0 0
1726800197139 70.0 0
1726800197242 80.0 0
1726800197343 90.0 0
1726800197441 100.0 7
1726800197539 110.0 7
1726800197645 120.0 7
1726800197747 130.0 7
1726800197845 140.0 7
1726800197953 150.0 7
1726800198053 160.0 7
1726800198974 0.0 0
1726800199074 10.0 0
1726800199172 20.0 0
1726800199270 30.0 0
1726800199367 40.0 0
1726800199467 50.0 0
1726800199564 60.0 0
1726800199671 70.0 0
1726800199770 80.0 0
1726800199868 90.0 0
1726800199974 100.0 8
1726800200072 110.0 8
1726800200170 120.0 8
1726800200270 130.0 8
1726800200369 140.0 8
1726800200468 150.0 8
1726800200565 160.0 8
1726800201497 0.0 0
1726800201598 10.0 0
1726800201696 20.0 0
1726800201795 30.0 0
1726800201895 40.0 0
1726800201999 50.0 0
1726800202100 60.0 0
1726800202206 70.0 0
1726800202306 80.0 0
1726800202404 90.0 0
1726800202504 100.0 9
1726800202605 110.0 9
1726800202703 120.0 9
1726800202803 130.0 9
1726800202902 140.0 9
1726800203004 150.0 9
1726800203107 160.0 9
1726800204055 0.0 0
1726800204159 10.0 0
1726800204257 20.0 0
1726800204355 30.0 0
1726800204454 40.0 0
1726800204553 50.0 0
1726800204652 60.0 0
1726800204751 70.0 0
1726800204850 80.0 0
1726800204949 90.0 0
1726800205048 100.0 10
1726800205148 110.0 10
1726800205247 120.0 10
1726800205345 130.0 10
1726800205448 140.0 10
1726800205549 150.0 10
1726800205646 160.0 10
