1726755171271 0.0 0
1726755171367 10.0 0
1726755171458 20.0 0
1726755171547 30.0 0
1726755171637 40.0 0
1726755171725 50.0 0
1726755171812 60.0 0
1726755171898 70.0 0
1726755171985 80.0 0
1726755172072 90.0 0
1726755172159 100.0 1
1726755172250 110.0 1
1726755172350 120.0 1
1726755172438 130.0 1
1726755172526 140.0 1
1726755172611 150.0 1
1726755172700 160.0 1
1726755172788 170.0 1
1726755172874 180.0 1
1726755173796 0.0 0
1726755173887 10.0 0
1726755173977 20.0 0
1726755174067 30.0 0
1726755174154 40.0 0
1726755174240 50.0 0
1726755174326 60.0 0
1726755174422 70.0 0
1726755174513 80.0 0
1726755174602 90.0 0
1726755174688 100.0 2
1726755174775 110.0 2
1726755174864 120.0 2
1726755174953 130.0 2
1726755175039 140.0 2
1726755175126 150.0 2
1726755175212 160.0 2
1726755175299 170.0 2
1726755175387 180.0 2
1726755176275 0.0 0
1726755176430 10.0 0
1726755176519 20.0 0
1726755176605 30.0 0
1726755176695 40.0 0
1726755176783 50.0 0
1726755176873 60.0 0
1726755176961 70.0 0
1726755177047 80.0 0
1726755177134 90.0 0
1726755177220 100.0 3
1726755177313 110.0 3
1726755177400 120.0 3
1726755177486 130.0 3
1726755177572 140.0 3
1726755177660 150.0 3
1726755177748 160.0 3
1726755177836 170.0 3
1726755177923 180.0 3
1726755178962 0.0 0
1726755179064 10.0 0
1726755179151 20.0 0
1726755179239 30.0 0
1726755179325 40.0 0
1726755179413 50.0 0
1726755179501 60.0 0
1726755179588 70.0 0
1726755179674 80.0 0
1726755179760 90.0 0
1726755179845 100.0 4
1726755179932 110.0 4
1726755180020 120.0 4
1726755180105 130.0 4
1726755180192 140.0 4
1726755180278 150.0 4
1726755180366 160.0 4
1726755180452 170.0 4
1726755180551 180.0 4
1726755181448 0.0 0
1726755181541 10.0 0
1726755181629 20.0 0
1726755181715 30.0 0
1726755181801 40.0 0
1726755181887 50.0 0
1726755181974 60.0 0
1726755182060 70.0 0
1726755182146 80.0 0
1726755182235 90.0 0
1726755182330 100.0 5
1726755182419 110.0 5
1726755182505 120.0 5
1726755182607 130.0 5
1726755182695 140.0 5
1726755182784 150.0 5
1726755182870 160.0 5
1726755182957 170.0 5
1726755183045 180.0 5
1726755183943 0.0 0
1726755184034 10.0 0
1726755184121 20.0 0
1726755184208 30.0 0
1726755184294 40.0 0
1726755184381 50.0 0
1726755184469 60.0 0
1726755184559 70.0 0
1726755184657 80.0 0
1726755184745 90.0 0
1726755184832 100.0 6
1726755184920 110.0 6
1726755185010 120.0 6
1726755185097 130.0 6
1726755185184 140.0 6
1726755185272 150.0 6
1726755185360 160.0 6
1726755185447 170.0 6
1726755185533 180.0 6
