1726764784295 32.923866 0
1726764784411 7.333353 0
1726764784525 9.682037 0
1726764784639 3.499765 0
1726764784754 3.925126 0
1726764784868 1.780168 0
1726764784983 1.344909 0
1726764785097 5.999699 0
1726764785211 1.806155 0
1726764785325 7.996469 0
1726764785440 0.647877 1
1726764785554 2.457801 1
1726764785669 2.416179 1
1726764785783 0.779576 1
1726764785899 0.730685 1
1726764786013 2.982973 1
1726764786128 5.163409 1
1726764786246 2.387385 1
1726764786361 1.236459 1
1726764786477 6.070284 1
1726764786592 2.709704 2
1726764786707 0.851898 2
1726764786821 1.320833 2
1726764786935 0.876979 2
1726764788511 0.779441 0
1726764788625 2.54744 0
1726764788739 4.28261 0
1726764788854 3.204823 0
1726764788969 1.603752 0
1726764789083 2.102627 0
1726764789198 2.636803 0
1726764789313 1.616578 0
1726764789427 1.10306 0
1726764789542 1.471515 0
1726764789657 0.512316 2
1726764789771 3.618576 2
1726764789887 1.984853 2
1726764790001 0.787717 2
1726764790116 0.698946 2
1726764790232 2.448973 2
1726764790347 4.655578 2
1726764790464 4.778061 2
1726764790579 2.039732 2
1726764790693 2.123232 2
1726764790808 0.731274 4
1726764790923 0.854138 4
1726764791037 0.984146 4
1726764791152 2.489631 4
1726764792721 1.348324 0
1726764792835 2.223131 0
1726764792950 2.901007 0
1726764793064 1.367633 0
1726764793178 3.242177 0
1726764793293 2.058122 0
1726764793408 3.380964 0
1726764793522 2.32913 0
1726764793637 2.112228 0
1726764793751 1.174756 0
1726764793866 0.595908 3
1726764793981 1.370332 3
1726764794096 1.490571 3
1726764794211 0.81643 3
1726764794326 0.762873 3
1726764794441 2.355313 3
1726764794557 2.746799 3
1726764794672 3.132753 3
1726764794786 1.204967 3
1726764794901 1.193299 3
1726764795016 0.643701 6
1726764795132 0.831186 6
1726764795246 1.133187 6
1726764795361 1.34442 6
1726764796927 1.052991 0
1726764797041 2.875401 0
1726764797155 3.810598 0
1726764797268 1.869355 0
1726764797383 1.522705 0
1726764797497 8.348194 0
1726764797611 1.06228 0
1726764797725 1.088709 0
1726764797840 1.050164 0
1726764797954 1.562117 0
1726764798075 3.441655 4
1726764798189 3.998651 4
1726764798304 1.011442 4
1726764798419 0.604653 4
1726764798535 0.770856 4
1726764798652 4.604773 4
1726764798767 2.40595 4
1726764798882 2.648661 4
1726764798996 1.934445 4
1726764799111 1.121747 4
1726764799226 2.911366 8
1726764799341 1.634673 8
1726764799456 1.217979 8
1726764799570 1.555924 8
1726764801136 0.992177 0
1726764801250 2.379847 0
1726764801365 2.691405 0
1726764801479 1.28586 0
1726764801594 1.31546 0
1726764801709 2.109819 0
1726764801837 0.525139 0
1726764801956 1.205493 0
1726764802073 1.363525 0
1726764802188 2.513307 0
1726764802303 0.764861 5
1726764802418 3.221018 5
1726764802532 1.02312 5
1726764802647 0.545614 5
1726764802763 0.912777 5
1726764802879 2.448476 5
1726764802994 8.202559 5
1726764803109 10.758645 5
1726764803225 2.695844 5
1726764803340 1.10406 5
1726764803454 0.7078 10
1726764803569 1.73335 10
1726764803683 1.460188 10
1726764803798 1.084568 10
1726764805358 1.446205 0
1726764805473 1.81685 0
1726764805587 1.363635 0
1726764805702 1.276386 0
1726764805817 1.440474 0
1726764805932 7.806511 0
1726764806047 0.680215 0
1726764806162 1.072602 0
1726764806277 0.925552 0
1726764806392 21.167976 0
1726764806507 1.30906 6
1726764806623 2.378682 6
1726764806822 1.0128 6
1726764806939 0.571753 6
1726764807054 0.749673 6
1726764807169 2.010781 6
1726764807283 2.757254 6
1726764807398 1.880225 6
1726764807512 37.060181 6
1726764807626 1.712564 6
1726764807741 0.687666 12
1726764807856 149.702393 12
1726764807971 1.329677 12
1726764808084 2.018825 12
1726764809650 1.528744 0
1726764809764 1.14707 0
1726764809879 0.93788 0
1726764810002 1.39999 0
1726764810117 2.017743 0
1726764810231 3.974771 0
1726764810346 0.481585 0
1726764810461 1.153392 0
1726764810581 0.89285 0
1726764810698 10.171675 0
1726764810813 1.413062 7
1726764810928 3.018941 7
1726764811044 0.881171 7
1726764811159 0.806354 7
1726764811274 0.78374 7
1726764811390 2.092733 7
1726764811504 3.177801 7
1726764811619 3.256788 7
1726764811734 1.79065 7
1726764811849 1.352723 7
1726764811963 0.589531 14
1726764812077 1.770717 14
1726764812192 2.192562 14
1726764812306 1.434693 14
1726764813868 1.056154 0
1726764813983 1.044417 0
1726764814098 1.084197 0
1726764814213 1.327711 0
1726764814328 1.01946 0
1726764814442 4.960902 0
1726764814557 1.984021 0
1726764814672 1.163001 0
1726764814787 1.08766 0
1726764814903 2.771058 0
1726764815022 1.920995 8
1726764815137 10.677229 8
1726764815252 1.105901 8
1726764815367 0.574175 8
1726764815482 0.908838 8
1726764815596 1.562911 8
1726764815711 2.281916 8
1726764815826 1.999422 8
1726764815941 1.681401 8
1726764816058 1.590524 8
1726764816173 0.596393 16
1726764816287 1.88181 16
1726764816402 1.246012 16
1726764816517 7.691299 16
1726764818080 1.374468 0
1726764818194 1.18639 0
1726764818309 2.378892 0
1726764818424 1.059857 0
1726764818540 1.14725 0
1726764818655 2.900148 0
1726764818770 0.514434 0
1726764818884 1.519728 0
1726764819000 0.997019 0
1726764819116 1.806142 0
1726764819233 0.883511 9
1726764819348 2.321231 9
1726764819463 1.025283 9
1726764819578 0.844221 9
1726764819693 0.924903 9
1726764819808 1.190878 9
1726764819922 6.903231 9
1726764820037 8.869569 9
1726764820151 2.214305 9
1726764820266 1.743723 9
1726764820381 0.529988 18
1726764820495 1.150977 18
1726764820611 1.236996 18
1726764820726 1.159849 18
