1726849589421 74.629997 0
1726849589578 4.731643 0
1726849589744 0.630646 0
1726849589910 9.196335 0
1726849590070 4.631624 0
1726849590220 0.362364 0
1726849590364 0.543136 0
1726849590507 1.497964 0
1726849590649 0.266783 0
1726849590793 4.942977 0
1726849590941 1.314701 1
1726849591087 3.879753 1
1726849591229 0.636833 1
1726849591370 4.12179 1
1726849591515 2.517757 1
1726849591659 0.91735 1
1726849591803 2.339512 1
1726849591947 2.878222 1
1726849592088 1.932246 1
1726849592228 1.472873 1
1726849592366 9.346405 2
1726849592503 2.534257 2
1726849592637 3.490906 2
1726849592770 0.676267 2
1726849596911 1.861306 0
1726849597102 1.142251 0
1726849597274 0.432818 0
1726849597432 8.820692 0
1726849597583 2.728027 0
1726849597730 0.349989 0
1726849597874 0.47797 0
1726849598023 1.006133 0
1726849598176 0.363958 0
1726849598333 2.425034 0
1726849598484 1.775149 2
1726849598629 10.605454 2
1726849598769 0.765519 2
1726849598908 2.576189 2
1726849599048 3.505806 2
1726849599190 1.529637 2
1726849599340 2.579668 2
1726849599500 1.642202 2
1726849599660 0.885142 2
1726849599821 1.222475 2
1726849599972 2.455 4
1726849600117 1.373906 4
1726849600256 2.075766 4
1726849600393 3.114616 4
1726849604561 2.342995 0
1726849604752 1.348704 0
1726849604925 0.536395 0
1726849605088 2.969794 0
1726849605239 2.261719 0
1726849605383 3.574326 0
1726849605524 0.516435 0
1726849605668 2.622203 0
1726849605811 0.202168 0
1726849605960 1.697475 0
1726849606114 1.220267 3
1726849606265 1.414799 3
1726849606414 0.881022 3
1726849606567 5.873034 3
1726849606713 2.747911 3
1726849606855 0.733279 3
1726849607000 0.760952 3
1726849607145 2.301322 3
1726849607293 1.653047 3
1726849607441 4.162659 3
1726849607586 5.914148 6
1726849607734 4.514247 6
1726849607881 2.170862 6
1726849608024 1.168568 6
1726849612124 2.577011 0
1726849612312 0.585788 0
1726849612493 0.642594 0
1726849612672 7.49703 0
1726849612841 3.247539 0
1726849613003 0.263411 0
1726849613156 0.361988 0
1726849613309 6.306683 0
1726849613457 1.951864 0
1726849613597 2.905097 0
1726849613734 0.863963 4
1726849613871 19.481804 4
1726849614012 1.065195 4
1726849614150 10.925107 4
1726849614288 7.204498 4
1726849614427 0.494986 4
1726849614569 1.195414 4
1726849614718 2.555422 4
1726849614863 1.012112 4
1726849615010 0.985359 4
1726849615155 2.191263 8
1726849615297 2.547635 8
1726849615438 1.498502 8
1726849615581 0.776541 8
1726849619659 5.510608 0
1726849619853 1.580823 0
1726849620029 0.525318 0
1726849620195 1.801504 0
1726849620361 1.620971 0
1726849620521 0.934544 0
1726849620677 1.308871 0
1726849620831 6.064597 0
1726849620986 0.441116 0
1726849621139 1.676561 0
1726849621290 1.825354 5
1726849621440 1.395389 5
1726849621590 1.215267 5
1726849621739 2.999773 5
1726849621887 1.94267 5
1726849622031 0.796407 5
1726849622174 1.85378 5
1726849622324 3.030803 5
1726849622481 1.305101 5
1726849622661 2.178612 5
1726849622872 11.877253 10
1726849623062 1.676748 10
1726849623242 3.730943 10
1726849623424 1.19633 10
1726849627609 0.854027 0
1726849627802 2.119643 0
1726849627977 0.468111 0
1726849628139 8.681302 0
1726849628291 1.728698 0
1726849628444 0.335076 0
1726849628603 0.339821 0
1726849628765 2.005692 0
1726849628918 0.21329 0
1726849629063 3.352175 0
1726849629207 4.441271 6
1726849629350 2.187925 6
1726849629490 0.831079 6
1726849629631 3.729403 6
1726849629771 3.466633 6
1726849629914 1.040884 6
1726849630056 1.457195 6
1726849630199 2.413569 6
1726849630341 2.128973 6
1726849630489 4.986355 6
1726849630643 2.598602 12
1726849630801 3.97142 12
1726849630953 1.902529 12
1726849631102 0.960002 12
1726849635073 4.567693 0
1726849635265 1.842987 0
1726849635443 5.061463 0
1726849635614 3.759453 0
1726849635779 2.418581 0
1726849635947 0.244645 0
1726849636102 0.60526 0
1726849636250 1.100374 0
1726849636391 0.439658 0
1726849636529 3.417952 0
1726849636669 5.185991 7
1726849636807 2.30514 7
1726849636945 1.151794 7
1726849637082 10.982911 7
1726849637219 2.21024 7
1726849637354 0.485883 7
1726849637489 1.502521 7
1726849637624 1.969164 7
1726849637762 1.309303 7
1726849637900 5.227227 7
1726849638038 3.309949 14
1726849638178 4.00413 14
1726849638319 1.772108 14
1726849638457 1.603319 14
1726849642390 1.873727 0
1726849642575 4.856354 0
1726849642759 0.911672 0
1726849642947 2.442258 0
1726849643131 1.415025 0
1726849643294 0.842743 0
1726849643448 0.723309 0
1726849643605 1.493934 0
1726849643770 0.219341 0
1726849643928 1.427927 0
1726849644078 5.054285 8
1726849644222 1.176601 8
1726849644368 0.932986 8
1726849644513 7.127959 8
1726849644654 12.033232 8
1726849644793 0.517012 8
1726849644933 0.789818 8
1726849645074 285.554291 8
1726849645217 1.252029 8
1726849645357 2.223022 8
1726849645494 3.288542 16
1726849645629 1.727468 16
1726849645765 2.752643 16
1726849645907 1.105145 16
1726849650025 1.646633 0
1726849650214 2.171947 0
1726849650389 1.940578 0
1726849650547 2.541324 0
1726849650694 2.466294 0
1726849650837 0.314083 0
1726849650978 0.491255 0
1726849651121 0.900864 0
1726849651268 0.291423 0
1726849651420 1.978141 0
1726849651569 1.833127 9
1726849651714 1.055144 9
1726849651854 0.784203 9
1726849651989 3.541119 9
1726849652127 5.550243 9
1726849652264 0.749116 9
1726849652400 1.111033 9
1726849652538 2.23553 9
1726849652683 1.536845 9
1726849652829 1.067 9
1726849652979 3.006578 18
1726849653135 2.10032 18
1726849653285 2.295249 18
1726849653430 0.910489 18
1726849657272 1.533375 0
1726849657460 1.004222 0
1726849657640 0.549402 0
1726849657812 2.846352 0
1726849657973 2.684161 0
1726849658128 0.495113 0
1726849658278 0.46331 0
1726849658428 1.269148 0
1726849658574 0.202122 0
1726849658720 1.339444 0
1726849658866 4.191274 10
1726849659011 0.982324 10
1726849659157 1.738074 10
1726849659305 2.571193 10
1726849659451 2.011611 10
1726849659597 0.451527 10
1726849659746 0.988795 10
1726849659892 1.670312 10
1726849660037 1.177131 10
1726849660176 4.98034 10
1726849660313 3.062747 20
1726849660449 1.269372 20
1726849660587 4.212558 20
1726849660728 0.601105 20
