1726823615822 2.487527 0
1726823615964 0.784044 0
1726823616109 0.713806 0
1726823616271 0.571198 0
1726823616433 1.263825 0
1726823616569 0.247804 0
1726823616696 0.174413 0
1726823616821 0.1315 0
1726823616947 0.286264 0
1726823617080 0.137336 0
1726823617220 0.070142 1
1726823617376 0.093349 1
1726823617543 1.233047 1
1726823617716 0.604687 1
1726823617870 1.651539 1
1726823618016 0.544708 1
1726823618166 0.971753 1
1726823618313 0.394489 1
1726823618469 0.336655 1
1726823618621 0.268936 1
1726823621168 0.692337 0
1726823621305 0.418925 0
1726823621443 0.521314 0
1726823621588 0.283303 0
1726823621730 1.238965 0
1726823621862 0.076574 0
1726823621991 0.187858 0
1726823622113 0.122106 0
1726823622235 0.297231 0
1726823622358 0.134392 0
1726823622480 0.085783 2
1726823622605 0.088316 2
1726823622738 0.902513 2
1726823622883 0.57726 2
1726823623029 1.600912 2
1726823623171 0.590255 2
1726823623302 0.969653 2
1726823623426 0.393447 2
1726823623554 0.298485 2
1726823623691 0.096874 2
1726823626175 0.801484 0
1726823626312 0.428702 0
1726823626447 0.520673 0
1726823626585 0.255414 0
1726823626717 1.096093 0
1726823626843 0.088092 0
1726823626970 0.120319 0
1726823627095 0.118535 0
1726823627222 0.282648 0
1726823627354 0.179637 0
1726823627489 0.072535 3
1726823627634 0.086864 3
1726823627778 0.767985 3
1726823627910 0.578235 3
1726823628036 1.560306 3
1726823628164 0.347836 3
1726823628289 0.977774 3
1726823628414 0.388505 3
1726823628541 0.311834 3
1726823628677 0.205355 3
1726823631211 0.660708 0
1726823631352 0.516001 0
1726823631496 0.514075 0
1726823631651 0.275289 0
1726823631810 1.091222 0
1726823631963 0.078605 0
1726823632103 0.127114 0
1726823632235 0.120367 0
1726823632373 0.231359 0
1726823632507 0.126362 0
1726823632639 0.069868 4
1726823632776 0.076925 4
1726823632912 0.797942 4
1726823633048 0.563813 4
1726823633179 1.592157 4
1726823633303 0.291896 4
1726823633434 0.962141 4
1726823633573 0.326166 4
1726823633718 0.299764 4
1726823633866 0.087645 4
1726823636382 1.010226 0
1726823636519 0.480707 0
1726823636655 0.533792 0
1726823636792 0.245042 0
1726823636922 1.264522 0
1726823637045 0.099149 0
1726823637168 0.10803 0
1726823637302 0.123873 0
1726823637446 0.240107 0
1726823637589 0.166008 0
1726823637728 0.072051 5
1726823637868 0.080771 5
1726823638007 0.845128 5
1726823638141 0.552074 5
1726823638269 1.555573 5
1726823638398 0.298473 5
1726823638520 0.97355 5
1726823638643 0.350777 5
1726823638769 0.299664 5
1726823638914 0.179517 5
