1726783793833 71.057945 0
1726783793932 4.162461 0
1726783794026 7.898827 0
1726783794120 7.624519 0
1726783794214 1.126241 0
1726783794309 4.33377 0
1726783794402 3.001117 0
1726783794496 5.78848 0
1726783794589 2.544349 0
1726783794683 4.840664 0
1726783794777 6.54864 1
1726783794872 1.884715 1
1726783794965 2.881648 1
1726783795061 3.231193 1
1726783795156 1.381534 1
1726783795256 1.79853 1
1726783795354 1.170619 1
1726783795454 1.938065 1
1726783795549 0.470081 1
1726783795643 0.918232 1
1726783795745 1.296487 2
1726783795840 0.577851 2
1726783796983 5.917295 0
1726783797087 1.682544 0
1726783797183 1.008496 0
1726783797277 3.169893 0
1726783797372 414.858124 0
1726783797475 3.294719 0
1726783797569 5.866417 0
1726783797663 15.559755 0
1726783797756 3.070159 0
1726783797850 3.694115 0
1726783797944 3.173441 2
1726783798037 1.325557 2
1726783798131 3.393235 2
1726783798225 5.098589 2
1726783798318 1.244408 2
1726783798411 1.694172 2
1726783798504 1.96861 2
1726783798597 2.300915 2
1726783798691 0.445883 2
1726783798786 1.025747 2
1726783798881 1.125548 4
1726783798975 0.442923 4
1726783800145 3.23058 0
1726783800248 1.475703 0
1726783800344 0.753388 0
1726783800438 1.250927 0
1726783800532 1.868046 0
1726783800626 2.819565 0
1726783800720 4.343886 0
1726783800813 3.841592 0
1726783800906 3.437971 0
1726783801001 2.915547 0
1726783801095 3.408236 3
1726783801190 2.05339 3
1726783801285 1.402216 3
1726783801380 3.322332 3
1726783801475 2.674305 3
1726783801576 4.561475 3
1726783801672 1.391304 3
1726783801774 1.565256 3
1726783801871 1.255894 3
1726783801965 0.978038 3
1726783802060 5.227703 6
1726783802156 0.54456 6
1726783803283 1.479292 0
1726783803386 2.998298 0
1726783803484 1.294508 0
1726783803587 2.146267 0
1726783803687 0.894896 0
1726783803782 7.019071 0
1726783803879 3.158837 0
1726783803973 14.824774 0
1726783804067 3.200646 0
1726783804162 18.836153 0
1726783804258 7.340573 4
1726783804353 1.34437 4
1726783804448 4.07757 4
1726783804543 10.598803 4
1726783804637 1.561072 4
1726783804732 1.21613 4
1726783804826 1.077845 4
1726783804920 1.101623 4
1726783805013 0.645549 4
1726783805110 3.394096 4
1726783805205 1.165226 8
1726783805300 0.52264 8
