1727106263006 0.525337 0
1727106263138 0.432493 0
1727106263263 0.386233 0
1727106263389 0.596532 0
1727106263512 0.487132 0
1727106263641 0.19635 0
1727106263773 0.203773 0
1727106263906 0.099582 0
1727106264031 0.173702 0
1727106264165 0.06426 0
1727106264297 0.134479 1
1727106265049 0.125189 0
1727106265178 0.185281 0
1727106265299 0.048929 0
1727106265430 0.136338 0
1727106265556 0.360447 0
1727106265688 0.097689 0
1727106265822 0.202993 0
1727106265955 0.10965 0
1727106266085 0.109095 0
1727106266214 0.043414 0
1727106266348 0.063646 2
1727106267043 0.164601 0
1727106267166 0.184794 0
1727106267290 0.042468 0
1727106267415 0.102551 0
1727106267548 0.343611 0
1727106267681 0.110381 0
1727106267811 0.12012 0
1727106267940 0.090852 0
1727106268066 0.090153 0
1727106268197 0.031703 0
1727106268323 0.042788 3
1727106268976 0.226146 0
1727106269103 0.268383 0
1727106269232 0.092548 0
1727106269360 0.058988 0
1727106269493 0.321926 0
1727106269623 0.138559 0
1727106269753 0.06766 0
1727106269883 0.051162 0
1727106270009 0.062009 0
1727106270143 0.024253 0
1727106270266 0.035909 4
1727106270944 0.351838 0
1727106271068 0.330324 0
1727106271192 0.060945 0
1727106271318 0.028033 0
1727106271443 0.314314 0
1727106271573 0.169832 0
1727106271699 0.042485 0
1727106271827 0.037526 0
1727106271954 0.061424 0
1727106272083 0.026333 0
1727106272208 0.057395 5
1727106272872 0.303859 0
1727106272996 0.321628 0
1727106273121 0.040396 0
1727106273252 0.024396 0
1727106273383 0.292884 0
1727106273509 0.13515 0
1727106273632 0.034147 0
1727106273759 0.02991 0
1727106273891 0.046563 0
1727106274019 0.020612 0
1727106274149 0.057442 6
1727106274819 0.204405 0
1727106274944 0.325947 0
1727106275075 0.040252 0
1727106275199 0.029156 0
1727106275320 0.242538 0
1727106275451 0.125981 0
1727106275572 0.02771 0
1727106275699 0.023837 0
1727106275830 0.039893 0
1727106275964 0.022619 0
1727106276097 0.056262 7
