1726836768404 0.0 0
1726836768544 10.0 0
1726836768682 20.0 0
1726836768816 30.0 0
1726836768948 40.0 0
1726836769081 50.0 0
1726836769214 60.0 0
1726836769347 70.0 0
1726836769480 80.0 0
1726836769612 90.0 0
1726836770443 0.0 0
1726836770578 10.0 0
1726836770712 20.0 0
1726836770844 30.0 0
1726836770977 40.0 0
1726836771108 50.0 0
1726836771241 60.0 0
1726836771372 70.0 0
1726836771504 80.0 0
1726836771636 90.0 0
1726836772423 0.0 0
1726836772557 10.0 0
1726836772691 20.0 0
1726836772826 30.0 0
1726836772958 40.0 0
1726836773090 50.0 0
1726836773222 60.0 0
1726836773356 70.0 0
1726836773493 80.0 0
1726836773626 90.0 0
1726836774413 0.0 0
1726836774547 10.0 0
1726836774686 20.0 0
1726836774820 30.0 0
1726836774953 40.0 0
1726836775085 50.0 0
1726836775217 60.0 0
1726836775349 70.0 0
1726836775482 80.0 0
1726836775614 90.0 0
1726836776400 0.0 0
1726836776532 10.0 0
1726836776665 20.0 0
1726836776800 30.0 0
1726836776933 40.0 0
1726836777066 50.0 0
1726836777199 60.0 0
1726836777331 70.0 0
1726836777464 80.0 0
1726836777597 90.0 0
1726836778386 0.0 0
1726836778520 10.0 0
1726836778654 20.0 0
1726836778786 30.0 0
1726836778921 40.0 0
1726836779053 50.0 0
1726836779185 60.0 0
1726836779318 70.0 0
1726836779450 80.0 0
1726836779583 90.0 0
1726836780369 0.0 0
1726836780503 10.0 0
1726836780635 20.0 0
1726836780768 30.0 0
1726836780903 40.0 0
1726836781037 50.0 0
1726836781169 60.0 0
1726836781302 70.0 0
1726836781434 80.0 0
1726836781568 90.0 0
1726836782355 0.0 0
1726836782490 10.0 0
1726836782623 20.0 0
1726836782756 30.0 0
1726836782889 40.0 0
1726836783025 50.0 0
1726836783159 60.0 0
1726836783292 70.0 0
1726836783426 80.0 0
1726836783560 90.0 0
1726836784345 0.0 0
1726836784478 10.0 0
1726836784612 20.0 0
1726836784745 30.0 0
1726836784878 40.0 0
1726836785010 50.0 0
1726836785143 60.0 0
1726836785276 70.0 0
1726836785410 80.0 0
1726836785542 90.0 0
1726836786324 0.0 0
1726836786458 10.0 0
1726836786593 20.0 0
1726836786725 30.0 0
1726836786858 40.0 0
1726836786995 50.0 0
1726836787128 60.0 0
1726836787261 70.0 0
1726836787396 80.0 0
1726836787529 90.0 0
