1726908598824 0.0 0
1726908598967 10.0 0
1726908599109 20.0 0
1726908599253 30.0 0
1726908599398 40.0 0
1726908599541 50.0 0
1726908599683 60.0 0
1726908599825 70.0 0
1726908599966 80.0 0
1726908600110 90.0 0
1726908600253 100.0 1
1726908601169 0.0 0
1726908601314 10.0 0
1726908601456 20.0 0
1726908601598 30.0 0
1726908601739 40.0 0
1726908601881 50.0 0
1726908602023 60.0 0
1726908602167 70.0 0
1726908602313 80.0 0
1726908602456 90.0 0
1726908602599 100.0 2
1726908603521 0.0 0
1726908603665 10.0 0
1726908603806 20.0 0
1726908603948 30.0 0
1726908604090 40.0 0
1726908604232 50.0 0
1726908604374 60.0 0
1726908604518 70.0 0
1726908604660 80.0 0
1726908604801 90.0 0
1726908604947 100.0 3
1726908605864 0.0 0
1726908606009 10.0 0
1726908606151 20.0 0
1726908606292 30.0 0
1726908606433 40.0 0
1726908606578 50.0 0
1726908606721 60.0 0
1726908606863 70.0 0
1726908607009 80.0 0
1726908607151 90.0 0
1726908607292 100.0 4
1726908608198 0.0 0
1726908608342 10.0 0
1726908608483 20.0 0
1726908608627 30.0 0
1726908608768 40.0 0
1726908608910 50.0 0
1726908609054 60.0 0
1726908609197 70.0 0
1726908609340 80.0 0
1726908609482 90.0 0
1726908609623 100.0 5
