1726893826804 0.0 0
1726893826943 10.0 0
1726893827082 20.0 0
1726893827223 30.0 0
1726893827360 40.0 0
1726893827499 50.0 0
1726893827638 60.0 0
1726893827776 70.0 0
1726893827919 80.0 0
1726893828058 90.0 0
1726893828199 100.0 1
1726893828338 110.0 1
1726893828478 120.0 1
1726893828617 130.0 1
1726893828755 140.0 1
1726893828895 150.0 1
1726893829033 160.0 1
1726893829176 170.0 1
1726893829314 180.0 1
1726893829453 190.0 1
1726893829591 200.0 2
1726893829732 210.0 2
1726893831294 0.0 0
1726893831434 10.0 0
1726893831572 20.0 0
1726893831710 30.0 0
1726893831849 40.0 0
1726893831991 50.0 0
1726893832132 60.0 0
1726893832271 70.0 0
1726893832416 80.0 0
1726893832558 90.0 0
1726893832696 100.0 2
1726893832835 110.0 2
1726893832974 120.0 2
1726893833113 130.0 2
1726893833252 140.0 2
1726893833391 150.0 2
1726893833529 160.0 2
1726893833669 170.0 2
1726893833807 180.0 2
1726893833946 190.0 2
1726893834088 200.0 4
1726893834227 210.0 4
1726893835705 0.0 0
1726893835845 10.0 0
1726893835986 20.0 0
1726893836127 30.0 0
1726893836266 40.0 0
1726893836406 50.0 0
1726893836546 60.0 0
1726893836685 70.0 0
1726893836824 80.0 0
1726893836964 90.0 0
1726893837105 100.0 3
1726893837245 110.0 3
1726893837383 120.0 3
1726893837522 130.0 3
1726893837662 140.0 3
1726893837800 150.0 3
1726893837939 160.0 3
1726893838080 170.0 3
1726893838223 180.0 3
1726893838364 190.0 3
1726893838502 200.0 6
1726893838641 210.0 6
1726893840134 0.0 0
1726893840282 10.0 0
1726893840421 20.0 0
1726893840560 30.0 0
1726893840699 40.0 0
1726893840838 50.0 0
1726893840984 60.0 0
1726893841124 70.0 0
1726893841264 80.0 0
1726893841402 90.0 0
1726893841543 100.0 4
1726893841683 110.0 4
1726893841822 120.0 4
1726893841963 130.0 4
1726893842103 140.0 4
1726893842246 150.0 4
1726893842386 160.0 4
1726893842526 170.0 4
1726893842665 180.0 4
1726893842804 190.0 4
1726893842945 200.0 8
1726893843083 210.0 8
1726893844578 0.0 0
1726893844718 10.0 0
1726893844857 20.0 0
1726893844997 30.0 0
1726893845136 40.0 0
1726893845275 50.0 0
1726893845414 60.0 0
1726893845553 70.0 0
1726893845692 80.0 0
1726893845831 90.0 0
1726893845970 100.0 5
1726893846109 110.0 5
1726893846248 120.0 5
1726893846391 130.0 5
1726893846531 140.0 5
1726893846670 150.0 5
1726893846809 160.0 5
1726893846948 170.0 5
1726893847088 180.0 5
1726893847227 190.0 5
1726893847366 200.0 10
1726893847504 210.0 10
1726893848992 0.0 0
1726893849141 10.0 0
1726893849280 20.0 0
1726893849422 30.0 0
1726893849561 40.0 0
1726893849700 50.0 0
1726893849838 60.0 0
1726893849978 70.0 0
1726893850116 80.0 0
1726893850255 90.0 0
1726893850396 100.0 6
1726893850538 110.0 6
1726893850678 120.0 6
1726893850817 130.0 6
1726893850955 140.0 6
1726893851094 150.0 6
1726893851233 160.0 6
1726893851372 170.0 6
1726893851512 180.0 6
1726893851649 190.0 6
1726893851787 200.0 12
1726893851926 210.0 12
1726893853422 0.0 0
1726893853564 10.0 0
1726893853703 20.0 0
1726893853841 30.0 0
1726893853978 40.0 0
1726893854116 50.0 0
1726893854254 60.0 0
1726893854436 70.0 0
1726893854578 80.0 0
1726893854716 90.0 0
1726893854855 100.0 7
1726893854999 110.0 7
1726893855137 120.0 7
1726893855275 130.0 7
1726893855415 140.0 7
1726893855553 150.0 7
1726893855691 160.0 7
1726893855831 170.0 7
1726893855970 180.0 7
1726893856109 190.0 7
1726893856248 200.0 14
1726893856388 210.0 14
1726893857884 0.0 0
1726893858026 10.0 0
1726893858165 20.0 0
1726893858303 30.0 0
1726893858442 40.0 0
1726893858583 50.0 0
1726893858723 60.0 0
1726893858862 70.0 0
1726893859002 80.0 0
1726893859140 90.0 0
1726893859279 100.0 8
1726893859427 110.0 8
1726893859566 120.0 8
1726893859705 130.0 8
1726893859845 140.0 8
1726893859983 150.0 8
1726893860121 160.0 8
1726893860259 170.0 8
1726893860397 180.0 8
1726893860536 190.0 8
1726893860680 200.0 16
1726893860818 210.0 16
1726893862314 0.0 0
1726893862454 10.0 0
1726893862595 20.0 0
1726893862737 30.0 0
1726893862877 40.0 0
1726893863017 50.0 0
1726893863156 60.0 0
1726893863293 70.0 0
1726893863431 80.0 0
1726893863569 90.0 0
1726893863706 100.0 9
1726893863844 110.0 9
1726893863982 120.0 9
1726893864120 130.0 9
1726893864258 140.0 9
1726893864395 150.0 9
1726893864533 160.0 9
1726893864672 170.0 9
1726893864816 180.0 9
1726893864955 190.0 9
1726893865095 200.0 18
1726893865233 210.0 18
1726893866716 0.0 0
1726893866863 10.0 0
1726893867000 20.0 0
1726893867141 30.0 0
1726893867280 40.0 0
1726893867418 50.0 0
1726893867556 60.0 0
1726893867694 70.0 0
1726893867832 80.0 0
1726893867970 90.0 0
1726893868109 100.0 10
1726893868249 110.0 10
1726893868387 120.0 10
1726893868525 130.0 10
1726893868662 140.0 10
1726893868805 150.0 10
1726893868948 160.0 10
1726893869087 170.0 10
1726893869228 180.0 10
1726893869365 190.0 10
1726893869504 200.0 20
1726893869642 210.0 20
