1726751919282 35.271763 0
1726751919445 6.631118 0
1726751919588 2.766814 0
1726751919722 1.542311 0
1726751919860 1.324098 0
1726751920003 2.948097 0
1726751920151 1.417882 0
1726751920308 1.86903 0
1726751920466 1.12208 0
1726751920628 4.399538 0
1726751920792 125.050133 1
1726751920939 0.879725 1
1726751921072 0.568568 1
1726751921195 0.760778 1
1726751921315 1.716842 1
1726751921430 0.880796 1
1726751923830 0.902716 0
1726751923992 0.808626 0
1726751924140 3.626987 0
1726751924280 4.41916 0
1726751924414 1.48282 0
1726751924540 2.200544 0
1726751924661 0.940252 0
1726751924777 4.422513 0
1726751924892 2.001101 0
1726751925007 2.379323 0
1726751925121 1.902731 2
1726751925238 0.978401 2
1726751925352 0.718011 2
1726751925465 1.820085 2
1726751925578 0.866793 2
1726751925692 1.990777 2
1726751927945 2.741129 0
1726751928098 0.504269 0
1726751928237 2.429954 0
1726751928366 0.55039 0
1726751928486 0.578246 0
1726751928601 2.264231 0
1726751928714 1.519213 0
1726751928826 1.180511 0
1726751928940 2.176969 0
1726751929053 7.336304 0
1726751929166 14.693838 3
1726751929280 2.018228 3
1726751929393 1.405838 3
1726751929506 1.687519 3
1726751929620 1.732612 3
1726751929733 1.729661 3
1726751931934 0.882264 0
1726751932097 1.910623 0
1726751932245 3.251862 0
1726751932379 0.671352 0
1726751932504 0.854243 0
1726751932623 1.120543 0
1726751932737 4.595228 0
1726751932851 4.652397 0
1726751932965 2.06426 0
1726751933079 1.070881 0
1726751933192 1.525822 4
1726751933306 2.462942 4
1726751933418 1.894708 4
1726751933532 1.882354 4
1726751933645 7.291077 4
1726751933758 1.404542 4
1726751936031 1.43187 0
1726751936196 1.059101 0
1726751936346 1.741927 0
1726751936475 1.312301 0
1726751936593 2.01539 0
1726751936708 1.358324 0
1726751936822 1.75314 0
1726751936936 1.706932 0
1726751937054 2.22848 0
1726751937168 0.748367 0
1726751937281 3.972913 5
1726751937395 0.609528 5
1726751937507 0.555953 5
1726751937622 0.877669 5
1726751937736 5.479246 5
1726751937851 1.272096 5
1726751940164 1.903705 0
1726751940323 1.784524 0
1726751940467 4.283022 0
1726751940604 0.531779 0
1726751940739 1.178654 0
1726751940879 4.550254 0
1726751941012 1.000287 0
1726751941135 1.814159 0
1726751941252 1.253827 0
1726751941368 2.246591 0
1726751941483 4.853994 6
1726751941600 0.651393 6
1726751941717 0.539226 6
1726751941834 0.670597 6
1726751941952 1.143957 6
1726751942070 0.714462 6
1726751944602 0.84203 0
1726751944770 0.755401 0
1726751944922 2.438701 0
1726751945069 0.630484 0
1726751945204 6.745952 0
1726751945327 9.729735 0
1726751945447 0.960354 0
1726751945563 4.361716 0
1726751945678 4.838427 0
1726751945793 1.035615 0
1726751945908 3.516718 7
1726751946023 0.509793 7
1726751946136 0.507802 7
1726751946252 0.788941 7
1726751946368 1.172188 7
1726751946483 0.83996 7
1726751949046 1.044034 0
1726751949213 0.685654 0
1726751949355 2.61972 0
1726751949486 0.991681 0
1726751949613 0.894718 0
1726751949733 0.904073 0
1726751949848 1.319725 0
1726751949961 4.07491 0
1726751950074 1.267131 0
1726751950188 0.980483 0
1726751950301 4.863842 8
1726751950417 0.609586 8
1726751950530 0.564411 8
1726751950644 1.279357 8
1726751950760 1.565236 8
1726751950873 2.402088 8
1726751953050 1.498939 0
1726751953204 0.903534 0
1726751953355 11.144865 0
1726751953494 0.453932 0
1726751953625 1.367356 0
1726751953750 1.033677 0
1726751953870 1.191599 0
1726751953990 11.799608 0
1726751954116 6.332539 0
1726751954242 1.496557 0
1726751954376 41.847992 9
1726751954518 0.480484 9
1726751954665 0.575891 9
1726751954799 1.171434 9
1726751954924 3.741748 9
1726751955046 0.879021 9
1726751957416 0.721622 0
1726751957588 1.042948 0
1726751957742 16.737637 0
1726751957873 0.584992 0
1726751957992 3.828727 0
1726751958106 0.469454 0
1726751958222 0.918839 0
1726751958335 0.687727 0
1726751958448 3.43486 0
1726751958562 0.809672 0
1726751958677 5.529926 10
1726751958790 0.430169 10
1726751958903 0.544384 10
1726751959017 1.099697 10
1726751959129 1.12514 10
1726751959243 1.945584 10
