1726878877996 0.358704 0
1726878878132 0.315542 0
1726878878267 0.183349 0
1726878878404 0.28131 0
1726878878540 0.190691 0
1726878878676 0.100413 0
1726878878811 0.129153 0
1726878878948 0.429973 0
1726878879084 0.129316 0
1726878879223 0.45469 0
1726878879360 0.299868 1
1726878879497 0.273549 1
1726878879632 0.083035 1
1726878879768 0.173762 1
1726878879903 0.358648 1
1726878880039 0.230275 1
1726878880174 0.364507 1
1726878880309 0.17448 1
1726878880450 0.206889 1
1726878880586 0.132996 1
1726878880721 0.271987 2
1726878880857 0.183687 2
1726878880992 0.128287 2
1726878881127 0.270416 2
1726878881266 0.107597 2
1726878882965 0.260777 0
1726878883103 0.049747 0
1726878883238 0.04051 0
1726878883382 0.327703 0
1726878883518 0.09857 0
1726878883654 0.074972 0
1726878883790 0.111912 0
1726878883926 0.208431 0
1726878884061 0.10121 0
1726878884197 0.296468 0
1726878884332 0.096058 2
1726878884467 0.200976 2
1726878884603 0.060186 2
1726878884738 0.121439 2
1726878884873 0.365487 2
1726878885009 0.196489 2
1726878885144 0.203255 2
1726878885279 0.06283 2
1726878885420 0.140986 2
1726878885557 0.098257 2
1726878885693 0.287941 4
1726878885828 0.115899 4
1726878885963 0.152229 4
1726878886099 0.175196 4
1726878886244 0.068652 4
1726878887938 0.730767 0
1726878888075 0.039849 0
1726878888212 0.055869 0
1726878888348 0.270418 0
1726878888483 0.098472 0
1726878888619 0.067077 0
1726878888755 0.080574 0
1726878888891 0.144812 0
1726878889027 0.093234 0
1726878889162 0.274709 0
1726878889299 0.041669 3
1726878889437 0.196195 3
1726878889578 0.040576 3
1726878889713 0.138969 3
1726878889848 0.373814 3
1726878889985 0.179526 3
1726878890120 0.173255 3
1726878890255 0.06765 3
1726878890391 0.132283 3
1726878890526 0.085716 3
1726878890663 0.318142 6
1726878890798 0.122464 6
1726878890934 0.167826 6
1726878891070 0.193476 6
1726878891206 0.080452 6
1726878892890 0.416439 0
1726878893028 0.114414 0
1726878893163 0.038332 0
1726878893298 0.24397 0
1726878893435 0.101912 0
1726878893572 0.23103 0
1726878893710 0.1506 0
1726878893846 0.148566 0
1726878893981 0.115496 0
1726878894116 0.293012 0
1726878894252 0.118723 4
1726878894388 0.333367 4
1726878894523 0.071478 4
1726878894659 0.09491 4
1726878894795 0.424998 4
1726878894931 0.220844 4
1726878895066 0.265483 4
1726878895202 0.352014 4
1726878895337 0.200055 4
1726878895474 0.107685 4
1726878895612 0.306633 8
1726878895748 0.105317 8
1726878895884 0.137607 8
1726878896019 0.274919 8
1726878896155 0.11117 8
1726878897843 0.09857 0
1726878897981 0.038953 0
1726878898116 0.042241 0
1726878898252 0.211076 0
1726878898388 0.111864 0
1726878898523 0.056542 0
1726878898658 0.0729 0
1726878898793 0.123634 0
1726878898928 0.07552 0
1726878899065 0.309857 0
1726878899200 0.031388 5
1726878899335 0.177663 5
1726878899470 0.066434 5
1726878899606 0.07834 5
1726878899747 0.39484 5
1726878899883 0.188157 5
1726878900018 0.147903 5
1726878900154 0.159428 5
1726878900289 0.159381 5
1726878900425 0.08849 5
1726878900561 0.273172 10
1726878900700 0.104287 10
1726878900836 0.118963 10
1726878900972 0.251498 10
1726878901108 0.102867 10
1726878902991 0.103204 0
1726878903130 0.03296 0
1726878903265 0.036563 0
1726878903401 0.223069 0
1726878903535 0.096414 0
1726878903671 0.059791 0
1726878903808 0.070915 0
1726878903945 0.132669 0
1726878904080 0.080405 0
1726878904216 0.290011 0
1726878904351 0.042909 6
1726878904487 0.172708 6
1726878904623 0.063105 6
1726878904758 0.076106 6
1726878904894 0.385872 6
1726878905029 0.183369 6
1726878905164 0.132387 6
1726878905299 0.108887 6
1726878905436 0.143159 6
1726878905571 0.085677 6
1726878905706 0.26286 12
1726878905846 0.105048 12
1726878905982 0.113388 12
1726878906118 0.21305 12
1726878906254 0.088362 12
1726878907939 0.104375 0
1726878908080 0.031076 0
1726878908216 0.036733 0
1726878908352 0.224463 0
1726878908487 0.092869 0
1726878908622 0.056548 0
1726878908757 0.066739 0
1726878908893 0.123843 0
1726878909028 0.083489 0
1726878909163 0.280353 0
1726878909298 0.042331 7
1726878909434 0.16781 7
1726878909568 0.057728 7
1726878909703 0.070828 7
1726878909840 0.37942 7
1726878909981 0.177049 7
1726878910117 0.127758 7
1726878910253 0.090038 7
1726878910391 0.143913 7
1726878910526 0.079062 7
1726878910662 0.25799 14
1726878910798 0.095947 14
1726878910934 0.112994 14
1726878911069 0.185868 14
1726878911204 0.089056 14
1726878912880 0.099314 0
1726878913019 0.033429 0
1726878913155 0.036363 0
1726878913292 0.228285 0
1726878913427 0.094656 0
1726878913564 0.055595 0
1726878913700 0.068732 0
1726878913836 0.124124 0
1726878913972 0.08999 0
1726878914111 0.282658 0
1726878914247 0.040299 8
1726878914384 0.167741 8
1726878914521 0.057977 8
1726878914658 0.069063 8
1726878914795 0.378957 8
1726878914936 0.181977 8
1726878915073 0.128213 8
1726878915210 0.090731 8
1726878915347 0.1421 8
1726878915484 0.07923 8
1726878915620 0.260888 16
1726878915757 0.09988 16
1726878915893 0.117194 16
1726878916029 0.183524 16
1726878916169 0.090088 16
1726878917838 0.104745 0
1726878917975 0.031228 0
1726878918114 0.035559 0
1726878918253 0.231221 0
1726878918389 0.092919 0
1726878918525 0.054639 0
1726878918662 0.068404 0
1726878918797 0.125355 0
1726878918933 0.088864 0
1726878919068 0.284019 0
1726878919204 0.040934 9
1726878919340 0.16232 9
1726878919477 0.055826 9
1726878919613 0.072335 9
1726878919750 0.38054 9
1726878919886 0.181546 9
1726878920023 0.12875 9
1726878920160 0.086574 9
1726878920300 0.140982 9
1726878920436 0.080718 9
1726878920573 0.254858 18
1726878920709 0.096267 18
1726878920850 0.112959 18
1726878920987 0.186096 18
1726878921122 0.088088 18
1726878922850 0.102421 0
1726878922989 0.032833 0
1726878923125 0.035998 0
1726878923262 0.227525 0
1726878923398 0.090545 0
1726878923534 0.056033 0
1726878923670 0.066318 0
1726878923806 0.126979 0
1726878923943 0.086143 0
1726878924078 0.282397 0
1726878924214 0.042548 10
1726878924354 0.164821 10
1726878924490 0.057275 10
1726878924626 0.073648 10
1726878924762 0.383625 10
1726878924898 0.184358 10
1726878925035 0.125042 10
1726878925171 0.083434 10
1726878925307 0.140738 10
1726878925444 0.079078 10
1726878925580 0.259097 20
1726878925724 0.09628 20
1726878925861 0.115346 20
1726878925997 0.183947 20
1726878926133 0.085784 20
