1726850443096 2.373234 0
1726850443266 0.785845 0
1726850443424 0.589728 0
1726850443575 1.922057 0
1726850443725 0.936496 0
1726850443877 0.293065 0
1726850444024 0.542654 0
1726850444174 0.124403 0
1726850444320 0.124842 0
1726850444466 0.557559 0
1726850446082 0.542728 0
1726850446267 0.625499 0
1726850446455 0.525095 0
1726850446636 2.038371 0
1726850446807 0.917953 0
1726850446964 0.355535 0
1726850447112 0.602621 0
1726850447254 0.269435 0
1726850447396 0.215897 0
1726850447538 0.701619 0
1726850448936 1.287687 0
1726850449125 0.701527 0
1726850449324 0.602683 0
1726850449502 1.915209 0
1726850449662 0.909451 0
1726850449813 0.397561 0
1726850449956 0.539763 0
1726850450095 0.69833 0
1726850450231 0.13881 0
1726850450365 0.567978 0
1726850451754 1.183924 0
1726850451936 0.601058 0
1726850452120 0.543928 0
1726850452297 1.927296 0
1726850452461 0.871484 0
1726850452621 0.378066 0
1726850452780 0.522068 0
1726850452935 0.105968 0
1726850453084 0.124102 0
1726850453227 0.580957 0
