1726767085389 0.0 0
1726767085500 10.0 0
1726767085606 20.0 0
1726767085711 30.0 0
1726767085814 40.0 0
1726767085921 50.0 0
1726767086024 60.0 0
1726767086129 70.0 0
1726767086233 80.0 0
1726767086335 90.0 0
1726767086440 100.0 1
1726767086542 110.0 1
1726767086644 120.0 1
1726767086750 130.0 1
1726767086861 140.0 1
1726767086963 150.0 1
1726767087067 160.0 1
1726767087173 170.0 1
1726767087276 180.0 1
1726767087381 190.0 1
1726767087485 200.0 2
1726767088690 0.0 0
1726767088803 10.0 0
1726767088909 20.0 0
1726767089016 30.0 0
1726767089125 40.0 0
1726767089231 50.0 0
1726767089336 60.0 0
1726767089440 70.0 0
1726767089541 80.0 0
1726767089644 90.0 0
1726767089745 100.0 2
1726767089850 110.0 2
1726767089954 120.0 2
1726767090057 130.0 2
1726767090160 140.0 2
1726767090261 150.0 2
1726767090366 160.0 2
1726767090467 170.0 2
1726767090569 180.0 2
1726767090670 190.0 2
1726767090779 200.0 4
1726767092101 0.0 0
1726767092216 10.0 0
1726767092319 20.0 0
1726767092421 30.0 0
1726767092526 40.0 0
1726767092628 50.0 0
1726767092731 60.0 0
1726767092834 70.0 0
1726767092939 80.0 0
1726767093044 90.0 0
1726767093148 100.0 3
1726767093250 110.0 3
1726767093352 120.0 3
1726767093457 130.0 3
1726767093560 140.0 3
1726767093663 150.0 3
1726767093770 160.0 3
1726767093875 170.0 3
1726767093977 180.0 3
1726767094083 190.0 3
1726767094185 200.0 6
1726767095476 0.0 0
1726767095598 10.0 0
1726767095705 20.0 0
1726767095808 30.0 0
1726767095908 40.0 0
1726767096014 50.0 0
1726767096122 60.0 0
1726767096226 70.0 0
1726767096330 80.0 0
1726767096439 90.0 0
1726767096546 100.0 4
1726767096651 110.0 4
1726767096759 120.0 4
1726767096861 130.0 4
1726767096964 140.0 4
1726767097073 150.0 4
1726767097179 160.0 4
1726767097283 170.0 4
1726767097385 180.0 4
1726767097488 190.0 4
1726767097590 200.0 8
1726767098783 0.0 0
1726767098897 10.0 0
1726767098999 20.0 0
1726767099104 30.0 0
1726767099216 40.0 0
1726767099321 50.0 0
1726767099423 60.0 0
1726767099526 70.0 0
1726767099627 80.0 0
1726767099732 90.0 0
1726767099838 100.0 5
1726767099945 110.0 5
1726767100049 120.0 5
1726767100150 130.0 5
1726767100253 140.0 5
1726767100358 150.0 5
1726767100463 160.0 5
1726767100570 170.0 5
1726767100675 180.0 5
1726767100782 190.0 5
1726767100883 200.0 10
1726767102208 0.0 0
1726767102311 10.0 0
1726767102414 20.0 0
1726767102520 30.0 0
1726767102623 40.0 0
1726767102729 50.0 0
1726767102838 60.0 0
1726767102941 70.0 0
1726767103045 80.0 0
1726767103154 90.0 0
1726767103262 100.0 6
1726767103364 110.0 6
1726767103472 120.0 6
1726767103581 130.0 6
1726767103688 140.0 6
1726767103792 150.0 6
1726767103895 160.0 6
1726767103999 170.0 6
1726767104102 180.0 6
1726767104207 190.0 6
1726767104310 200.0 12
