1726831883465 0.0 0
1726831883599 10.0 0
1726831883725 20.0 0
1726831883851 30.0 0
1726831883977 40.0 0
1726831884103 50.0 0
1726831884229 60.0 0
1726831884355 70.0 0
1726831884483 80.0 0
1726831884610 90.0 0
1726831884736 100.0 1
1726831885602 0.0 0
1726831885730 10.0 0
1726831885856 20.0 0
1726831885982 30.0 0
1726831886110 40.0 0
1726831886237 50.0 0
1726831886364 60.0 0
1726831886490 70.0 0
1726831886618 80.0 0
1726831886749 90.0 0
1726831886911 100.0 2
1726831887743 0.0 0
1726831887870 10.0 0
1726831887996 20.0 0
1726831888123 30.0 0
1726831888250 40.0 0
1726831888377 50.0 0
1726831888504 60.0 0
1726831888630 70.0 0
1726831888756 80.0 0
1726831888882 90.0 0
1726831889009 100.0 3
1726831889847 0.0 0
1726831889974 10.0 0
1726831890118 20.0 0
1726831890245 30.0 0
1726831890371 40.0 0
1726831890498 50.0 0
1726831890633 60.0 0
1726831890760 70.0 0
1726831890887 80.0 0
1726831891014 90.0 0
1726831891142 100.0 4
1726831892002 0.0 0
1726831892136 10.0 0
1726831892263 20.0 0
1726831892390 30.0 0
1726831892517 40.0 0
1726831892648 50.0 0
1726831892775 60.0 0
1726831892901 70.0 0
1726831893029 80.0 0
1726831893159 90.0 0
1726831893286 100.0 5
1726831894138 0.0 0
1726831894265 10.0 0
1726831894394 20.0 0
1726831894523 30.0 0
1726831894652 40.0 0
1726831894779 50.0 0
1726831894907 60.0 0
1726831895047 70.0 0
1726831895175 80.0 0
1726831895302 90.0 0
1726831895430 100.0 6
1726831896277 0.0 0
1726831896406 10.0 0
1726831896534 20.0 0
1726831896664 30.0 0
1726831896795 40.0 0
1726831896923 50.0 0
1726831897052 60.0 0
1726831897181 70.0 0
1726831897309 80.0 0
1726831897436 90.0 0
1726831897572 100.0 7
1726831898416 0.0 0
1726831898543 10.0 0
1726831898671 20.0 0
1726831898797 30.0 0
1726831898926 40.0 0
1726831899052 50.0 0
1726831899178 60.0 0
1726831899305 70.0 0
1726831899433 80.0 0
1726831899561 90.0 0
1726831899691 100.0 8
1726831900522 0.0 0
1726831900651 10.0 0
1726831900778 20.0 0
1726831900906 30.0 0
1726831901033 40.0 0
1726831901160 50.0 0
1726831901289 60.0 0
1726831901418 70.0 0
1726831901545 80.0 0
1726831901671 90.0 0
1726831901801 100.0 9
1726831902635 0.0 0
1726831902762 10.0 0
1726831902890 20.0 0
1726831903021 30.0 0
1726831903150 40.0 0
1726831903279 50.0 0
1726831903407 60.0 0
1726831903534 70.0 0
1726831903666 80.0 0
1726831903798 90.0 0
1726831903929 100.0 10
