1726758632359 0.0 0
1726758632454 10.0 0
1726758632547 20.0 0
1726758632643 30.0 0
1726758632735 40.0 0
1726758632830 50.0 0
1726758632924 60.0 0
1726758633020 70.0 0
1726758633113 80.0 0
1726758633205 90.0 0
1726758633294 100.0 1
1726758633391 110.0 1
1726758633482 120.0 1
1726758633578 130.0 1
1726758633677 140.0 1
1726758633768 150.0 1
1726758633879 160.0 1
1726758633975 170.0 1
1726758634071 180.0 1
1726758634168 190.0 1
1726758634266 200.0 2
1726758634358 210.0 2
1726758634447 220.0 2
1726758634539 230.0 2
1726758634632 240.0 2
1726758634728 250.0 2
1726758634819 260.0 2
1726758634911 270.0 2
1726758635003 280.0 2
1726758635095 290.0 2
1726758635186 300.0 3
1726758635276 310.0 3
1726758635379 320.0 3
1726758635474 330.0 3
1726758635570 340.0 3
1726758635662 350.0 3
1726758635752 360.0 3
1726758635849 370.0 3
1726758635948 380.0 3
1726758636041 390.0 3
1726758636133 400.0 4
1726758636237 410.0 4
1726758636330 420.0 4
1726758636422 430.0 4
1726758638672 0.0 0
1726758638777 10.0 0
1726758638873 20.0 0
1726758638965 30.0 0
1726758639064 40.0 0
1726758639158 50.0 0
1726758639253 60.0 0
1726758639344 70.0 0
1726758639435 80.0 0
1726758639526 90.0 0
1726758639616 100.0 2
1726758639708 110.0 2
1726758639798 120.0 2
1726758639891 130.0 2
1726758639982 140.0 2
1726758640076 150.0 2
1726758640172 160.0 2
1726758640263 170.0 2
1726758640363 180.0 2
1726758640455 190.0 2
1726758640546 200.0 4
1726758640638 210.0 4
1726758640730 220.0 4
1726758640822 230.0 4
1726758640913 240.0 4
1726758641011 250.0 4
1726758641104 260.0 4
1726758641194 270.0 4
1726758641283 280.0 4
1726758641375 290.0 4
1726758641464 300.0 6
1726758641560 310.0 6
1726758641652 320.0 6
1726758641743 330.0 6
1726758641836 340.0 6
1726758641926 350.0 6
1726758642020 360.0 6
1726758642111 370.0 6
1726758642201 380.0 6
1726758642291 390.0 6
1726758642392 400.0 8
1726758642486 410.0 8
1726758642579 420.0 8
1726758642672 430.0 8
1726758644890 0.0 0
1726758644997 10.0 0
1726758645092 20.0 0
1726758645184 30.0 0
1726758645278 40.0 0
1726758645371 50.0 0
1726758645464 60.0 0
1726758645555 70.0 0
1726758645647 80.0 0
1726758645738 90.0 0
1726758645830 100.0 3
1726758645922 110.0 3
1726758646013 120.0 3
1726758646105 130.0 3
1726758646197 140.0 3
1726758646289 150.0 3
1726758646385 160.0 3
1726758646486 170.0 3
1726758646577 180.0 3
1726758646669 190.0 3
1726758646758 200.0 6
1726758646848 210.0 6
1726758646944 220.0 6
1726758647038 230.0 6
1726758647130 240.0 6
1726758647221 250.0 6
1726758647314 260.0 6
1726758647405 270.0 6
1726758647497 280.0 6
1726758647591 290.0 6
1726758647689 300.0 9
1726758647780 310.0 9
1726758647872 320.0 9
1726758647965 330.0 9
1726758648060 340.0 9
1726758648156 350.0 9
1726758648250 360.0 9
1726758648349 370.0 9
1726758648443 380.0 9
1726758648548 390.0 9
1726758648641 400.0 12
1726758648736 410.0 12
1726758648830 420.0 12
1726758648923 430.0 12
1726758651082 0.0 0
1726758651181 10.0 0
1726758651271 20.0 0
1726758651365 30.0 0
1726758651457 40.0 0
1726758651549 50.0 0
1726758651641 60.0 0
1726758651731 70.0 0
1726758651823 80.0 0
1726758651914 90.0 0
1726758652005 100.0 4
1726758652097 110.0 4
1726758652188 120.0 4
1726758652280 130.0 4
1726758652374 140.0 4
1726758652467 150.0 4
1726758652561 160.0 4
1726758652664 170.0 4
1726758652764 180.0 4
1726758652864 190.0 4
1726758652961 200.0 8
1726758653058 210.0 8
1726758653152 220.0 8
1726758653243 230.0 8
1726758653339 240.0 8
1726758653438 250.0 8
1726758653530 260.0 8
1726758653622 270.0 8
1726758653713 280.0 8
1726758653805 290.0 8
1726758653897 300.0 12
1726758653989 310.0 12
1726758654080 320.0 12
1726758654172 330.0 12
1726758654264 340.0 12
1726758654355 350.0 12
1726758654446 360.0 12
1726758654538 370.0 12
1726758654634 380.0 12
1726758654730 390.0 12
1726758654826 400.0 16
1726758654918 410.0 16
1726758655012 420.0 16
1726758655103 430.0 16
1726758657310 0.0 0
1726758657411 10.0 0
1726758657514 20.0 0
1726758657608 30.0 0
1726758657703 40.0 0
1726758657795 50.0 0
1726758657884 60.0 0
1726758657978 70.0 0
1726758658069 80.0 0
1726758658161 90.0 0
1726758658251 100.0 5
1726758658343 110.0 5
1726758658439 120.0 5
1726758658530 130.0 5
1726758658622 140.0 5
1726758658719 150.0 5
1726758658819 160.0 5
1726758658911 170.0 5
1726758659005 180.0 5
1726758659098 190.0 5
1726758659191 200.0 10
1726758659286 210.0 10
1726758659379 220.0 10
1726758659473 230.0 10
1726758659565 240.0 10
1726758659659 250.0 10
1726758659752 260.0 10
1726758659850 270.0 10
1726758659941 280.0 10
1726758660036 290.0 10
1726758660131 300.0 15
1726758660227 310.0 15
1726758660322 320.0 15
1726758660414 330.0 15
1726758660509 340.0 15
1726758660601 350.0 15
1726758660694 360.0 15
1726758660793 370.0 15
1726758660888 380.0 15
1726758660981 390.0 15
1726758661075 400.0 20
1726758661167 410.0 20
1726758661260 420.0 20
1726758661355 430.0 20
1726758663523 0.0 0
1726758663635 10.0 0
1726758663731 20.0 0
1726758663829 30.0 0
1726758663928 40.0 0
1726758664024 50.0 0
1726758664122 60.0 0
1726758664222 70.0 0
1726758664314 80.0 0
1726758664411 90.0 0
1726758664504 100.0 6
1726758664604 110.0 6
1726758664695 120.0 6
1726758664788 130.0 6
1726758664895 140.0 6
1726758664995 150.0 6
1726758665086 160.0 6
1726758665177 170.0 6
1726758665269 180.0 6
1726758665364 190.0 6
1726758665459 200.0 12
1726758665549 210.0 12
1726758665640 220.0 12
1726758665739 230.0 12
1726758665835 240.0 12
1726758665932 250.0 12
1726758666028 260.0 12
1726758666118 270.0 12
1726758666214 280.0 12
1726758666305 290.0 12
1726758666397 300.0 18
1726758666490 310.0 18
1726758666581 320.0 18
1726758666673 330.0 18
1726758666764 340.0 18
1726758666855 350.0 18
1726758666956 360.0 18
1726758667048 370.0 18
1726758667141 380.0 18
1726758667232 390.0 18
1726758667325 400.0 24
1726758667419 410.0 24
1726758667517 420.0 24
1726758667608 430.0 24
1726758669766 0.0 0
1726758669872 10.0 0
1726758669967 20.0 0
1726758670058 30.0 0
1726758670154 40.0 0
1726758670244 50.0 0
1726758670337 60.0 0
1726758670430 70.0 0
1726758670528 80.0 0
1726758670624 90.0 0
1726758670715 100.0 7
1726758670814 110.0 7
1726758670913 120.0 7
1726758671017 130.0 7
1726758671111 140.0 7
1726758671202 150.0 7
1726758671298 160.0 7
1726758671393 170.0 7
1726758671489 180.0 7
1726758671582 190.0 7
1726758671682 200.0 14
1726758671773 210.0 14
1726758671866 220.0 14
1726758671961 230.0 14
1726758672056 240.0 14
1726758672151 250.0 14
1726758672242 260.0 14
1726758672335 270.0 14
1726758672429 280.0 14
1726758672525 290.0 14
1726758672620 300.0 21
1726758672712 310.0 21
1726758672803 320.0 21
1726758672894 330.0 21
1726758672988 340.0 21
1726758673094 350.0 21
1726758673191 360.0 21
1726758673284 370.0 21
1726758673377 380.0 21
1726758673469 390.0 21
1726758673561 400.0 28
1726758673653 410.0 28
1726758673743 420.0 28
1726758673837 430.0 28
1726758676015 0.0 0
1726758676119 10.0 0
1726758676212 20.0 0
1726758676306 30.0 0
1726758676398 40.0 0
1726758676490 50.0 0
1726758676584 60.0 0
1726758676676 70.0 0
1726758676770 80.0 0
1726758676861 90.0 0
1726758676951 100.0 8
1726758677049 110.0 8
1726758677150 120.0 8
1726758677247 130.0 8
1726758677343 140.0 8
1726758677434 150.0 8
1726758677526 160.0 8
1726758677619 170.0 8
1726758677711 180.0 8
1726758677802 190.0 8
1726758677894 200.0 16
1726758677985 210.0 16
1726758678079 220.0 16
1726758678173 230.0 16
1726758678267 240.0 16
1726758678359 250.0 16
1726758678453 260.0 16
1726758678547 270.0 16
1726758678642 280.0 16
1726758678731 290.0 16
1726758678822 300.0 24
1726758678914 310.0 24
1726758679010 320.0 24
1726758679104 330.0 24
1726758679206 340.0 24
1726758679306 350.0 24
1726758679399 360.0 24
1726758679492 370.0 24
1726758679588 380.0 24
1726758679683 390.0 24
1726758679775 400.0 32
1726758679867 410.0 32
1726758679961 420.0 32
1726758680051 430.0 32
1726758682211 0.0 0
1726758682314 10.0 0
1726758682408 20.0 0
1726758682501 30.0 0
1726758682599 40.0 0
1726758682694 50.0 0
1726758682786 60.0 0
1726758682877 70.0 0
1726758682969 80.0 0
1726758683059 90.0 0
1726758683158 100.0 9
1726758683260 110.0 9
1726758683354 120.0 9
1726758683447 130.0 9
1726758683539 140.0 9
1726758683636 150.0 9
1726758683730 160.0 9
1726758683822 170.0 9
1726758683915 180.0 9
1726758684008 190.0 9
1726758684101 200.0 18
1726758684194 210.0 18
1726758684290 220.0 18
1726758684383 230.0 18
1726758684477 240.0 18
1726758684570 250.0 18
1726758684664 260.0 18
1726758684756 270.0 18
1726758684850 280.0 18
1726758684947 290.0 18
1726758685040 300.0 27
1726758685136 310.0 27
1726758685228 320.0 27
1726758685328 330.0 27
1726758685421 340.0 27
1726758685513 350.0 27
1726758685608 360.0 27
1726758685700 370.0 27
1726758685792 380.0 27
1726758685883 390.0 27
1726758685978 400.0 36
1726758686069 410.0 36
1726758686162 420.0 36
1726758686255 430.0 36
1726758688955 0.0 0
1726758689063 10.0 0
1726758689156 20.0 0
1726758689249 30.0 0
1726758689343 40.0 0
1726758689442 50.0 0
1726758689536 60.0 0
1726758689631 70.0 0
1726758689726 80.0 0
1726758689824 90.0 0
1726758689919 100.0 10
1726758690017 110.0 10
1726758690114 120.0 10
1726758690218 130.0 10
1726758690313 140.0 10
1726758690405 150.0 10
1726758690496 160.0 10
1726758690588 170.0 10
1726758690680 180.0 10
1726758690774 190.0 10
1726758690869 200.0 20
1726758690961 210.0 20
1726758691051 220.0 20
1726758691144 230.0 20
1726758691234 240.0 20
1726758691329 250.0 20
1726758691422 260.0 20
1726758691523 270.0 20
1726758691619 280.0 20
1726758691714 290.0 20
1726758691806 300.0 30
1726758691897 310.0 30
1726758691990 320.0 30
1726758692088 330.0 30
1726758692182 340.0 30
1726758692274 350.0 30
1726758692368 360.0 30
1726758692462 370.0 30
1726758692555 380.0 30
1726758692647 390.0 30
1726758692741 400.0 40
1726758692841 410.0 40
1726758692935 420.0 40
1726758693027 430.0 40
