1726893175297 6.734571 0
1726893175420 7.63733 0
1726893175538 1.204443 0
1726893175661 1.323716 0
1726893175780 2.0109 0
1726893175897 1.776183 0
1726893176017 2.587299 0
1726893176136 0.554187 0
1726893176264 0.2957 0
1726893176381 0.80038 0
1726893176503 4.951213 1
1726893176626 3.425549 1
1726893176745 2.953868 1
1726893176861 1.746424 1
1726893176978 9.412604 1
1726893177100 2.641039 1
1726893177221 1.943959 1
1726893177347 3.529201 1
1726893177468 1.022219 1
1726893177586 1.612472 1
1726893177705 2.632466 2
1726893177824 2.431414 2
1726893177944 0.529304 2
1726893178065 3.06162 2
1726893178184 1.264072 2
1726893178302 2.21505 2
1726893178418 1.439411 2
1726893178537 2.051791 2
1726893178655 4.082545 2
1726893178771 0.843322 2
1726893178889 3.301605 3
1726893179007 0.782312 3
1726893179125 0.277079 3
1726893179243 1.909193 3
1726893179371 0.742369 3
1726893179492 1.045974 3
1726893179615 0.447707 3
1726893179734 308.782501 3
1726893179854 2.197579 3
1726893179973 0.459048 3
1726893180092 0.468614 4
1726893180214 0.609998 4
1726893180331 0.538992 4
1726893182463 3.68612 0
1726893182582 6.38303 0
1726893182704 4.291242 0
1726893182823 1.999371 0
1726893182942 0.632981 0
1726893183061 1.326031 0
1726893183178 2.042252 0
1726893183297 0.377027 0
1726893183426 3.774168 0
1726893183546 0.535352 0
1726893183668 22.555651 2
1726893183793 2.285907 2
1726893183910 2.316041 2
1726893184028 2.623335 2
1726893184145 1.403298 2
1726893184261 1.193772 2
1726893184379 1.57119 2
1726893184495 1.430832 2
1726893184613 2.147351 2
1726893184730 1.901579 2
1726893184847 0.618997 4
1726893184963 1.422947 4
1726893185094 0.410845 4
1726893185222 1.385717 4
1726893185342 1.003255 4
1726893185467 2.133897 4
1726893185587 4.916432 4
1726893185704 1.362356 4
1726893185824 1.151519 4
1726893185946 1.186641 4
1726893186065 1.238009 6
1726893186188 0.636067 6
1726893186309 0.297282 6
1726893186428 1.213558 6
1726893186545 0.711563 6
1726893186663 1.344185 6
1726893186780 0.400724 6
1726893186900 1.176975 6
1726893187018 1.839773 6
1726893187136 0.484464 6
1726893187256 0.684619 8
1726893187377 1.435654 8
1726893187501 0.634058 8
1726893189618 0.223034 0
1726893189737 1.152671 0
1726893189855 0.750951 0
1726893189974 1.635357 0
1726893190093 0.505408 0
1726893190211 2.118111 0
1726893190328 0.710546 0
1726893190448 0.241932 0
1726893190566 0.578019 0
1726893190684 0.422755 0
1726893190802 111.010422 3
1726893190920 2.686464 3
1726893191043 0.987885 3
1726893191161 3.447515 3
1726893191285 1.405861 3
1726893191405 1.639421 3
1726893191527 1.262654 3
1726893191654 1.629508 3
1726893191773 9.110831 3
1726893191893 1.098431 3
1726893192014 0.809812 6
1726893192134 1.447207 6
1726893192251 0.423005 6
1726893192370 4.18017 6
1726893192490 1.336391 6
1726893192614 2.274084 6
1726893192740 7.239367 6
1726893192862 1.143612 6
1726893192982 0.981501 6
1726893193108 0.969705 6
1726893193227 1.263083 9
1726893193345 0.653992 9
1726893193462 0.310866 9
1726893193582 1.143182 9
1726893193709 0.788595 9
1726893193829 1.16533 9
1726893193948 0.430455 9
1726893194066 0.87988 9
1726893194189 1.283766 9
1726893194306 0.488396 9
1726893194425 1.487439 12
1726893194544 1.22534 12
1726893194664 0.816661 12
1726893197261 0.469085 0
1726893197382 30.645018 0
1726893197501 0.611335 0
1726893197620 0.950459 0
1726893197742 0.313658 0
1726893197870 2.266409 0
1726893197991 0.77637 0
1726893198108 0.21261 0
1726893198228 0.701542 0
1726893198352 0.48024 0
1726893198472 7.798357 4
1726893198592 6.854756 4
1726893198713 1.000838 4
1726893198835 12.674722 4
1726893198953 1.764072 4
1726893199071 1.76259 4
1726893199193 1.032181 4
1726893199315 2.34042 4
1726893199435 2.77236 4
1726893199552 1.102736 4
1726893199672 2.20795 8
1726893199793 1.668085 8
1726893199920 0.442347 8
1726893200039 2.100504 8
1726893200159 1.327843 8
1726893200278 1.86026 8
1726893200398 5.903766 8
1726893200515 1.166283 8
1726893200633 7.296807 8
1726893200750 1.489868 8
1726893200870 1.237559 12
1726893200992 0.547122 12
1726893201113 0.297194 12
1726893201231 1.234364 12
1726893201350 0.773271 12
1726893201470 117.333038 12
1726893201588 0.446008 12
1726893201707 0.912383 12
1726893201824 2.835963 12
1726893201951 0.450895 12
1726893202071 0.380525 16
1726893202189 0.475955 16
1726893202306 0.692528 16
1726893204392 0.330538 0
1726893204512 16.340328 0
1726893204631 0.402361 0
1726893204968 0.607244 0
1726893205098 0.353372 0
1726893205219 1.794221 0
1726893205340 1.671521 0
1726893205464 0.298023 0
1726893205585 0.413692 0
1726893205772 0.651745 0
1726893205892 3.522529 5
1726893206014 4.597839 5
1726893206139 0.935273 5
1726893206262 2.924304 5
1726893206379 1.840586 5
1726893206497 1.476477 5
1726893206616 1.59552 5
1726893206734 1.513566 5
1726893206852 10.426707 5
1726893206970 1.854732 5
1726893207088 2.239549 10
1726893207209 2.48356 10
1726893207327 0.463831 10
1726893207450 1.885201 10
1726893207567 1.467793 10
1726893207688 1.877672 10
1726893207808 3.733451 10
1726893207927 1.411166 10
1726893208049 1.181346 10
1726893208172 0.809719 10
1726893208292 1.232108 15
1726893208412 0.511537 15
1726893208530 0.276519 15
1726893208650 1.427532 15
1726893208769 0.588989 15
1726893208886 2.171061 15
1726893209004 0.470322 15
1726893209121 1.417681 15
1726893209241 1.408383 15
1726893209359 0.471549 15
1726893209478 0.324288 20
1726893209596 0.566786 20
1726893209716 0.510544 20
