1726818687893 21.726307 0
1726818688026 9.897942 0
1726818688150 4.127594 0
1726818688281 11.006491 0
1726818688414 9.301317 0
1726818688544 0.592219 0
1726818688672 0.178126 0
1726818688805 1.84054 0
1726818688944 1.120263 0
1726818689083 2.313767 0
1726818689226 1.1388 1
1726818689368 2.62768 1
1726818689513 3.144861 1
1726818689649 1.246633 1
1726818689780 3.41045 1
1726818689915 2.690668 1
1726818690042 0.845483 1
1726818690168 1.865569 1
1726818690293 0.382101 1
1726818690425 4.108448 1
1726818690564 3.000849 2
1726818690709 0.552858 2
1726818693605 1.802274 0
1726818693738 1.921527 0
1726818693860 9.802994 0
1726818693983 2.095948 0
1726818694109 2.264384 0
1726818694233 1.003571 0
1726818694362 0.116774 0
1726818694491 2.102314 0
1726818694613 2.924783 0
1726818694731 3.541638 0
1726818694846 1.17084 2
1726818694965 2.880365 2
1726818695091 17.644812 2
1726818695220 2.030301 2
1726818695347 1.173843 2
1726818695480 4.085957 2
1726818695613 1.116943 2
1726818695742 1.243355 2
1726818695863 11.364916 2
1726818695985 9.940581 2
1726818696112 0.914725 4
1726818696239 0.524519 4
1726818699107 2.639263 0
1726818699232 2.061885 0
1726818699360 3.414356 0
1726818699484 1.560465 0
1726818699613 2.06761 0
1726818699743 0.754361 0
1726818699866 0.122933 0
1726818699984 9.309722 0
1726818700105 11.612226 0
1726818700225 6.122091 0
1726818700350 2.937029 3
1726818700484 2.493942 3
1726818700614 1.069066 3
1726818700743 12.573386 3
1726818700877 0.949251 3
1726818701025 1.326932 3
1726818701183 0.725603 3
1726818701323 0.90436 3
1726818701447 0.418517 3
1726818701569 5.624255 3
1726818701693 0.577183 6
1726818701820 0.50312 6
1726818704541 0.87569 0
1726818704676 1.063345 0
1726818704809 1.716587 0
1726818704935 1.423892 0
1726818705060 1.471177 0
1726818705191 1.065962 0
1726818705327 0.40197 0
1726818705459 2.189951 0
1726818705584 1.954243 0
1726818705714 1.888405 0
1726818705837 3.430123 4
1726818705954 1.969939 4
1726818706071 2.914074 4
1726818706191 2.36126 4
1726818706313 2.201793 4
1726818706438 1.352226 4
1726818706569 0.693556 4
1726818706697 0.807432 4
1726818706818 2.127925 4
1726818706939 2.448301 4
1726818707059 2.133428 8
1726818707183 0.639612 8
1726818709985 3.433031 0
1726818710144 1.9716 0
1726818710269 3.170141 0
1726818710395 5.694311 0
1726818710525 1.739785 0
1726818710658 0.804496 0
1726818710803 0.296729 0
1726818710958 12.845757 0
1726818711101 1.790796 0
1726818711236 2.659148 0
1726818711362 2.06137 5
1726818711487 2.534499 5
1726818711611 0.811365 5
1726818711735 6.593456 5
1726818711867 1.544046 5
1726818712020 1.344158 5
1726818712177 1.321037 5
1726818712321 1.042775 5
1726818712463 0.347605 5
1726818712604 4.741987 5
1726818712730 1.157729 10
1726818712849 0.469232 10
1726818715537 3.23371 0
1726818715677 1.914295 0
1726818715835 4.826264 0
1726818716019 8.847058 0
1726818716196 1.353137 0
1726818716394 0.617342 0
1726818716575 0.349277 0
1726818716734 2.130626 0
1726818716976 1.854919 0
1726818717149 1.439469 0
1726818717279 4.443574 6
1726818717403 2.405937 6
1726818717527 1.143767 6
1726818717654 1.911446 6
1726818717787 1.067623 6
1726818717928 3.004537 6
1726818718073 0.996256 6
1726818718234 0.808353 6
1726818718410 0.423293 6
1726818718568 4.493186 6
1726818718711 0.964424 12
1726818718840 0.562312 12
1726818721731 3.126381 0
1726818721863 5.445612 0
1726818721988 2.075271 0
1726818722109 21.015711 0
1726818722233 2.719815 0
1726818722373 0.933053 0
1726818722521 0.19769 0
1726818722660 1.912442 0
1726818722792 2.285517 0
1726818722925 1.81459 0
1726818723073 0.708756 7
1726818723248 1.504782 7
1726818723435 0.706305 7
1726818723615 3.067449 7
1726818723747 1.505895 7
1726818723887 10.22095 7
1726818724019 1.309269 7
1726818724146 0.963841 7
1726818724268 0.347632 7
1726818724396 77.102974 7
1726818724523 0.544334 14
1726818724647 0.474214 14
1726818727170 4.099295 0
1726818727304 1.469609 0
1726818727436 1.979607 0
1726818727571 1.809699 0
1726818727703 1.687793 0
1726818727828 0.799905 0
1726818727954 0.330907 0
1726818728086 2.307027 0
1726818728224 1.0844 0
1726818728368 3.740518 0
1726818728523 1.189103 8
1726818728671 3.028916 8
1726818728808 0.857581 8
1726818728932 8.320553 8
1726818729050 1.583791 8
1726818729167 3.776171 8
1726818729292 0.688342 8
1726818729421 0.97388 8
1726818729552 0.316779 8
1726818729681 4.614576 8
1726818729814 0.552334 16
1726818729942 0.504286 16
1726818732752 5.662704 0
1726818732910 1.322689 0
1726818733033 2.100822 0
1726818733156 2.079037 0
1726818733273 1.570224 0
1726818733395 0.712899 0
1726818733524 0.358106 0
1726818733668 2.663 0
1726818733811 1.084764 0
1726818733955 1.962936 0
1726818734098 1.688645 9
1726818734230 3.454013 9
1726818734357 1.263107 9
1726818734479 9.457874 9
1726818734599 2.430682 9
1726818734717 5.544837 9
1726818734837 0.805954 9
1726818734956 0.81676 9
1726818735075 0.328415 9
1726818735202 2.279928 9
1726818735327 0.534989 18
1726818735458 0.508404 18
1726818738242 3.332255 0
1726818738373 1.189074 0
1726818738500 2.615213 0
1726818738635 1.139754 0
1726818738762 1.460678 0
1726818738881 0.671474 0
1726818738996 0.286564 0
1726818739112 2.466137 0
1726818739227 0.97764 0
1726818739351 3.280102 0
1726818739478 6.417822 10
1726818739607 4.296983 10
1726818739728 1.569176 10
1726818739847 7.238386 10
1726818739967 2.071411 10
1726818740092 2.218325 10
1726818740226 0.697482 10
1726818740360 1.782733 10
1726818740496 0.302449 10
1726818740625 2.016957 10
1726818740747 0.571229 20
1726818740864 2.319201 20
