1727269609554 0.0 0
1727269609681 10.0 0
1727269609809 20.0 0
1727269609942 30.0 0
1727269610072 40.0 0
1727269610205 50.0 0
1727269610330 60.0 0
1727269610458 70.0 0
1727269610586 80.0 0
1727269610720 90.0 0
1727269610849 100.0 1
1727269610973 110.0 1
1727269611092 120.0 1
1727269611221 130.0 1
1727269611354 140.0 1
1727269611485 150.0 1
1727269611624 160.0 1
1727269611758 170.0 1
1727269611890 180.0 1
1727269612809 0.0 0
1727269612943 10.0 0
1727269613075 20.0 0
1727269613201 30.0 0
1727269613331 40.0 0
1727269613467 50.0 0
1727269613590 60.0 0
1727269613717 70.0 0
1727269613840 80.0 0
1727269613976 90.0 0
1727269614107 100.0 2
1727269614240 110.0 2
1727269614366 120.0 2
1727269614500 130.0 2
1727269614639 140.0 2
1727269614784 150.0 2
1727269614923 160.0 2
1727269615062 170.0 2
1727269615199 180.0 2
1727269616071 0.0 0
1727269616199 10.0 0
1727269616318 20.0 0
1727269616441 30.0 0
1727269616565 40.0 0
1727269616685 50.0 0
1727269616807 60.0 0
1727269616935 70.0 0
1727269617064 80.0 0
1727269617184 90.0 0
1727269617310 100.0 3
1727269617445 110.0 3
1727269617575 120.0 3
1727269617693 130.0 3
1727269617808 140.0 3
1727269617931 150.0 3
1727269618051 160.0 3
1727269618163 170.0 3
1727269618288 180.0 3
1727269619161 0.0 0
1727269619298 10.0 0
1727269619434 20.0 0
1727269619560 30.0 0
1727269619686 40.0 0
1727269619809 50.0 0
1727269619933 60.0 0
1727269620057 70.0 0
1727269620180 80.0 0
1727269620296 90.0 0
1727269620440 100.0 4
1727269620571 110.0 4
1727269620717 120.0 4
1727269620864 130.0 4
1727269621003 140.0 4
1727269621147 150.0 4
1727269621289 160.0 4
1727269621426 170.0 4
1727269621572 180.0 4
1727269622555 0.0 0
1727269622695 10.0 0
1727269622835 20.0 0
1727269622972 30.0 0
1727269623118 40.0 0
1727269623268 50.0 0
1727269623417 60.0 0
1727269623565 70.0 0
1727269623705 80.0 0
1727269623840 90.0 0
1727269623979 100.0 5
1727269624115 110.0 5
1727269624251 120.0 5
1727269624389 130.0 5
1727269624529 140.0 5
1727269624668 150.0 5
1727269624800 160.0 5
1727269624930 170.0 5
1727269625076 180.0 5
1727269626067 0.0 0
1727269626216 10.0 0
1727269626356 20.0 0
1727269626505 30.0 0
1727269626663 40.0 0
1727269626813 50.0 0
1727269626956 60.0 0
1727269627103 70.0 0
1727269627244 80.0 0
1727269627391 90.0 0
1727269627523 100.0 6
1727269627668 110.0 6
1727269627808 120.0 6
1727269627939 130.0 6
1727269628064 140.0 6
1727269628193 150.0 6
1727269628326 160.0 6
1727269628459 170.0 6
1727269628597 180.0 6
1727269629549 0.0 0
1727269629679 10.0 0
1727269629817 20.0 0
1727269629959 30.0 0
1727269630103 40.0 0
1727269630236 50.0 0
1727269630373 60.0 0
1727269630513 70.0 0
1727269630640 80.0 0
1727269630778 90.0 0
1727269630916 100.0 7
1727269631051 110.0 7
1727269631193 120.0 7
1727269631336 130.0 7
1727269631476 140.0 7
1727269631614 150.0 7
1727269631755 160.0 7
1727269631892 170.0 7
1727269632026 180.0 7
1727269633058 0.0 0
1727269633209 10.0 0
1727269633341 20.0 0
1727269633493 30.0 0
1727269633616 40.0 0
1727269633752 50.0 0
1727269633877 60.0 0
1727269634015 70.0 0
1727269634150 80.0 0
1727269634285 90.0 0
1727269634422 100.0 8
1727269634560 110.0 8
1727269634700 120.0 8
1727269634828 130.0 8
1727269634952 140.0 8
1727269635085 150.0 8
1727269635216 160.0 8
1727269635347 170.0 8
1727269635475 180.0 8
1727269636417 0.0 0
1727269636539 10.0 0
1727269636678 20.0 0
1727269636810 30.0 0
1727269636941 40.0 0
1727269637073 50.0 0
1727269637210 60.0 0
1727269637341 70.0 0
1727269637477 80.0 0
1727269637612 90.0 0
1727269637742 100.0 9
1727269637885 110.0 9
1727269638019 120.0 9
1727269638163 130.0 9
1727269638303 140.0 9
1727269638445 150.0 9
1727269638581 160.0 9
1727269638716 170.0 9
1727269638849 180.0 9
1727269640009 0.0 0
1727269640144 10.0 0
1727269640286 20.0 0
1727269640416 30.0 0
1727269640545 40.0 0
1727269640677 50.0 0
1727269640820 60.0 0
1727269640959 70.0 0
1727269641092 80.0 0
1727269641225 90.0 0
1727269641351 100.0 10
1727269641506 110.0 10
1727269641630 120.0 10
1727269641758 130.0 10
1727269641907 140.0 10
1727269642047 150.0 10
1727269642175 160.0 10
1727269642307 170.0 10
1727269642437 180.0 10
