1726800439993 0.561377 0
1726800440096 0.380525 0
1726800440196 0.368158 0
1726800440296 0.278053 0
1726800440396 0.989561 0
1726800440495 1.069356 0
1726800440593 0.642051 0
1726800440693 0.453683 0
1726800440797 1.908267 0
1726800440897 0.860633 0
1726800440998 0.320085 1
1726800441096 0.217116 1
1726800441196 0.35463 1
1726800441304 0.233244 1
1726800441403 0.991296 1
1726800441502 0.231928 1
1726800441603 1.695298 1
1726800441704 0.827855 1
1726800441805 0.747559 1
1726800441902 0.169341 1
1726800442005 0.145384 2
1726800442104 0.185799 2
1726800442201 0.337774 2
1726800443449 0.230812 0
1726800443553 0.238531 0
1726800443651 0.133756 0
1726800443753 0.235336 0
1726800443851 0.411057 0
1726800443949 0.457411 0
1726800444049 0.531344 0
1726800444148 0.330819 0
1726800444249 1.77502 0
1726800444348 0.447988 0
1726800444448 0.341832 2
1726800444547 0.186471 2
1726800444648 0.339879 2
1726800444748 0.228941 2
1726800444845 0.817978 2
1726800444955 0.268243 2
1726800445056 1.193504 2
1726800445155 0.716141 2
1726800445252 0.596633 2
1726800445350 0.17613 2
1726800445464 0.157358 4
1726800445564 0.164797 4
1726800445664 0.360567 4
1726800446881 0.128707 0
1726800446988 0.232349 0
1726800447087 0.151083 0
1726800447188 0.202892 0
1726800447287 0.424618 0
1726800447385 0.439953 0
1726800447494 0.553368 0
1726800447595 0.288537 0
1726800447703 1.614295 0
1726800447805 0.419749 0
1726800447906 0.370743 3
1726800448006 0.187176 3
1726800448107 0.369705 3
1726800448208 0.232335 3
1726800448308 0.617918 3
1726800448408 0.281113 3
1726800448506 1.08533 3
1726800448604 0.618651 3
1726800448706 0.604048 3
1726800448807 0.174943 3
1726800448909 0.149508 6
1726800449012 0.170665 6
1726800449114 0.337632 6
1726800450360 0.081366 0
1726800450463 0.258944 0
1726800450562 0.147715 0
1726800450660 0.198472 0
1726800450761 0.452383 0
1726800450861 0.437654 0
1726800450960 0.509237 0
1726800451059 0.300684 0
1726800451157 1.553644 0
1726800451257 0.363187 0
1726800451357 0.392754 4
1726800451455 0.166488 4
1726800451563 0.358802 4
1726800451664 0.2228 4
1726800451766 0.61683 4
1726800451864 0.289994 4
1726800451965 1.066014 4
1726800452067 0.616706 4
1726800452167 0.565613 4
1726800452267 0.168238 4
1726800452372 0.157696 8
1726800452475 0.184437 8
1726800452578 0.318429 8
1726800453799 0.113783 0
1726800453903 0.204431 0
1726800454001 0.150757 0
1726800454100 0.208966 0
1726800454200 0.446582 0
1726800454300 0.449105 0
1726800454401 0.522541 0
1726800454501 0.259171 0
1726800454603 1.447706 0
1726800454706 0.348528 0
1726800454806 0.41618 5
1726800454906 0.171923 5
1726800455004 0.375248 5
1726800455101 0.235913 5
1726800455198 0.615663 5
1726800455298 0.303854 5
1726800455397 1.040468 5
1726800455495 0.579517 5
1726800455598 0.561605 5
1726800455701 0.196585 5
1726800455800 0.155018 10
1726800455899 0.182477 10
1726800455998 0.326526 10
