1726877355281 0.0 0
1726877355435 10.0 0
1726877355586 20.0 0
1726877355737 30.0 0
1726877355888 40.0 0
1726877356451 0.0 0
1726877356603 10.0 0
1726877356752 20.0 0
1726877356902 30.0 0
1726877357051 40.0 0
1726877357563 0.0 0
1726877357712 10.0 0
1726877357864 20.0 0
1726877358015 30.0 0
1726877358166 40.0 0
1726877358673 0.0 0
1726877358823 10.0 0
1726877358971 20.0 0
1726877359122 30.0 0
1726877359271 40.0 0
1726877359780 0.0 0
1726877359931 10.0 0
1726877360082 20.0 0
1726877360234 30.0 0
1726877360387 40.0 0
1726877360894 0.0 0
1726877361044 10.0 0
1726877361192 20.0 0
1726877361343 30.0 0
1726877361496 40.0 0
1726877362016 0.0 0
1726877362168 10.0 0
1726877362318 20.0 0
1726877362473 30.0 0
1726877362621 40.0 0
1726877363127 0.0 0
1726877363278 10.0 0
1726877363425 20.0 0
1726877363575 30.0 0
1726877363724 40.0 0
1726877364233 0.0 0
1726877364384 10.0 0
1726877364536 20.0 0
1726877364684 30.0 0
1726877364833 40.0 0
