1727267950947 0.159364 0
1727267951135 0.73502 0
1727267951319 0.093094 0
1727267951505 0.010364 0
1727267951702 0.018015 0
1727267951909 0.112241 0
1727267952098 0.009783 0
1727267952293 0.019844 0
1727267952483 0.011434 0
1727267952679 0.536431 0
1727267952870 0.092511 1
1727267953062 0.014661 1
1727267953253 0.192757 1
1727267953444 0.894609 1
1727267953633 0.037295 1
1727267953826 0.356054 1
1727267954018 0.038995 1
1727267954205 1.109194 1
1727267954398 0.032249 1
1727267954594 3.146038 1
1727267954791 0.033248 2
1727267954985 0.151878 2
1727267955184 0.047949 2
1727267955370 0.698035 2
1727267955558 0.427628 2
1727267955749 0.421213 2
1727267955938 0.07183 2
1727267956137 0.034066 2
1727267956329 0.045294 2
1727267956511 0.76119 2
1727267956714 0.03886 3
1727267956972 0.134425 3
1727267957172 0.021864 3
1727267957373 0.025715 3
1727267957570 0.454786 3
1727267957768 0.151932 3
1727267957969 2.116505 3
1727267958161 0.184427 3
1727267958351 0.12986 3
1727267958533 0.316376 3
1727267958724 0.844757 4
1727267958930 0.327871 4
1727267959120 0.15459 4
1727267959311 0.141532 4
1727267959500 0.148154 4
1727267959698 0.253343 4
1727267959893 0.01793 4
1727267960084 0.01635 4
1727267960263 0.060616 4
1727267960447 0.336251 4
1727267960632 1.975049 5
1727267965197 0.066225 0
1727267965378 0.088106 0
1727267965554 0.55858 0
1727267965736 0.0074 0
1727267965920 0.014564 0
1727267966117 0.116968 0
1727267966313 0.009079 0
1727267966516 0.014966 0
1727267966702 0.013992 0
1727267966891 0.302439 0
1727267967088 0.087585 2
1727267967292 0.011332 2
1727267967490 0.120322 2
1727267967672 0.980385 2
1727267967849 0.02188 2
1727267968035 0.273927 2
1727267968205 0.035163 2
1727267968388 1.209604 2
1727267968562 0.056548 2
1727267968792 0.901898 2
1727267968971 0.03656 4
1727267969144 0.09848 4
1727267969322 0.023529 4
1727267969501 0.578176 4
1727267969679 0.342024 4
1727267969852 0.237551 4
1727267970033 0.045505 4
1727267970227 0.018498 4
1727267970416 0.05881 4
1727267970601 0.650799 4
1727267970798 0.067374 6
1727267970982 0.148164 6
1727267971177 0.020648 6
1727267971354 0.008823 6
1727267971551 0.415059 6
1727267971741 0.150587 6
1727267971937 1.916498 6
1727267972137 0.192597 6
1727267972341 0.159097 6
1727267972533 0.334047 6
1727267972726 0.84302 8
1727267972928 0.370977 8
1727267973131 0.139959 8
1727267973305 0.15342 8
1727267973482 0.138562 8
1727267973653 0.236695 8
1727267973837 0.025541 8
1727267974016 0.018592 8
1727267974204 0.058375 8
1727267974393 0.454583 8
1727267974586 1.99184 10
1727267979796 0.129305 0
1727267979971 0.024053 0
1727267980153 0.437454 0
1727267980339 0.017823 0
1727267980517 0.011853 0
1727267980688 0.067964 0
1727267980868 0.00756 0
1727267981058 0.016656 0
1727267981245 0.012767 0
1727267981442 0.34283 0
1727267981624 0.081056 3
1727267981805 0.007622 3
1727267981986 0.113047 3
1727267982165 0.873344 3
1727267982348 0.024934 3
1727267982536 0.245661 3
1727267982711 0.035361 3
1727267982896 1.229268 3
1727267983067 0.065187 3
1727267983250 0.975613 3
1727267983432 0.035671 6
1727267983606 0.128246 6
1727267983778 0.0289 6
1727267983953 0.567592 6
1727267984134 0.40761 6
1727267984311 0.243016 6
1727267984505 0.036942 6
1727267984696 0.019272 6
1727267984890 0.022162 6
1727267985123 0.625163 6
1727267985310 0.07339 9
1727267985510 0.15741 9
1727267985702 0.028396 9
1727267985893 0.012207 9
1727267986084 0.52962 9
1727267986256 0.175084 9
1727267986435 1.852068 9
1727267986608 0.262962 9
1727267986778 0.075453 9
1727267986947 0.292806 9
1727267987122 0.805381 12
1727267987290 0.368466 12
1727267987463 0.116552 12
1727267987628 0.167778 12
1727267987794 0.110193 12
1727267987962 0.226046 12
1727267988126 0.021648 12
1727267988292 0.025551 12
1727267988456 0.059403 12
1727267988624 0.398899 12
1727267988796 1.928447 15
1727267993275 0.167661 0
1727267993455 0.025737 0
1727267993632 0.237329 0
1727267993803 0.013409 0
1727267993981 0.010391 0
1727267994188 0.044695 0
1727267994365 0.010594 0
1727267994545 0.018991 0
1727267994717 0.016684 0
1727267994898 0.233448 0
1727267995078 0.11231 4
1727267995265 0.0256 4
1727267995435 0.129506 4
1727267995620 0.800961 4
1727267995793 0.024138 4
1727267995971 0.228457 4
1727267996144 0.083315 4
1727267996324 1.115288 4
1727267996504 0.034037 4
1727267996685 1.301095 4
1727267996872 0.048461 8
1727267997050 0.113921 8
1727267997221 0.034111 8
1727267997395 0.45001 8
1727267997584 0.441386 8
1727267997763 0.102624 8
1727267997950 0.062016 8
1727267998142 0.027166 8
1727267998316 0.045837 8
1727267998515 0.662366 8
1727267998703 0.038194 12
1727267998883 0.10569 12
1727267999052 0.019932 12
1727267999232 0.022236 12
1727267999406 0.287456 12
1727267999570 0.181658 12
1727267999749 1.150214 12
1727267999916 0.432042 12
1727268000078 0.073789 12
1727268000246 0.279357 12
1727268000412 0.613855 16
1727268000580 0.388874 16
1727268000747 0.21572 16
1727268000912 0.242699 16
1727268001077 0.141558 16
1727268001250 0.160465 16
1727268001462 0.030817 16
1727268001644 0.015496 16
1727268001823 0.035646 16
1727268001998 0.53449 16
1727268002168 1.712826 20
1727268005906 0.041967 0
1727268006097 0.036898 0
1727268006267 0.436689 0
1727268006454 0.014791 0
1727268006626 0.011278 0
1727268006815 0.043326 0
1727268007008 0.011415 0
1727268007185 0.023939 0
1727268007362 0.01312 0
1727268007532 0.240036 0
1727268007731 0.093631 5
1727268007910 0.009683 5
1727268008085 0.125165 5
1727268008266 0.762963 5
1727268008447 0.020407 5
1727268008629 0.206761 5
1727268008810 0.193177 5
1727268008998 0.792953 5
1727268009186 0.034588 5
1727268009377 1.165002 5
1727268009558 0.054694 10
1727268009735 0.134489 10
1727268009916 0.020029 10
1727268010086 0.623022 10
1727268010259 0.435903 10
1727268010426 0.123633 10
1727268010591 0.050581 10
1727268010757 0.016085 10
1727268010927 0.029376 10
1727268011101 0.579197 10
1727268011268 0.046424 15
1727268011432 0.122628 15
1727268011598 0.022827 15
1727268011770 0.024333 15
1727268011942 0.267776 15
1727268012105 0.162491 15
1727268012274 0.858947 15
1727268012449 0.363515 15
1727268012619 0.067988 15
1727268012787 0.28536 15
1727268012957 0.590347 20
1727268013124 0.358558 20
1727268013301 0.229112 20
1727268013465 0.230419 20
1727268013632 0.122154 20
1727268013803 0.17968 20
1727268013975 0.042687 20
1727268014155 0.017856 20
1727268014333 0.042076 20
1727268014515 0.458586 20
1727268014712 1.691143 25
1727268019474 0.040491 0
1727268019655 0.074981 0
1727268019834 0.323053 0
1727268020016 0.028292 0
1727268020194 0.014258 0
1727268020369 0.06252 0
1727268020564 0.010161 0
1727268020740 0.022357 0
1727268020911 0.015108 0
1727268021090 0.260509 0
1727268021272 0.072965 6
1727268021448 0.018608 6
1727268021627 0.145551 6
1727268021809 0.778302 6
1727268021990 0.015575 6
1727268022180 0.195679 6
1727268022363 0.204144 6
1727268022545 0.671323 6
1727268022722 0.04535 6
1727268022904 0.818826 6
1727268023081 0.053435 12
1727268023254 0.161525 12
1727268023426 0.031342 12
1727268023592 0.658985 12
1727268023758 0.35223 12
1727268023926 0.143203 12
1727268024105 0.051052 12
1727268024300 0.027503 12
1727268024476 0.033359 12
1727268024654 0.468618 12
1727268024839 0.040327 18
1727268025017 0.127876 18
1727268025225 0.020569 18
1727268025426 0.013966 18
1727268025604 0.295166 18
1727268025779 0.178409 18
1727268025959 0.611804 18
1727268026138 0.32508 18
1727268026312 0.079097 18
1727268026500 0.259006 18
1727268026676 0.516795 24
1727268026856 0.348309 24
1727268027031 0.241814 24
1727268027204 0.241301 24
1727268027380 0.129653 24
1727268027561 0.233056 24
1727268027739 0.020163 24
1727268027917 0.032182 24
1727268028088 0.034992 24
1727268028268 0.440038 24
1727268028446 1.912224 30
1727268033109 0.029353 0
1727268033284 0.036125 0
1727268033466 0.118954 0
1727268033638 0.012114 0
1727268033816 0.014323 0
1727268033984 0.043458 0
1727268034156 0.010606 0
1727268034333 0.009626 0
1727268034508 0.016413 0
1727268034679 0.276097 0
1727268034849 0.090676 7
1727268035013 0.026192 7
1727268035182 0.145096 7
1727268035348 0.738419 7
1727268035529 0.018557 7
1727268035713 0.259412 7
1727268035886 0.498896 7
1727268036052 0.399096 7
1727268036228 0.037692 7
1727268036400 1.057931 7
1727268036572 0.049562 14
1727268036752 0.1437 14
1727268036918 0.02217 14
1727268037084 0.731936 14
1727268037249 0.293523 14
1727268037422 0.142452 14
1727268037602 0.074321 14
1727268037789 0.021824 14
1727268037970 0.043926 14
1727268038140 0.497369 14
1727268038318 0.014033 21
1727268038506 0.133263 21
1727268038679 0.012636 21
1727268038853 0.013009 21
1727268039024 0.290525 21
1727268039198 0.201971 21
1727268039371 0.257319 21
1727268039555 0.289576 21
1727268039735 0.071058 21
1727268039910 0.271778 21
1727268040083 0.404563 28
1727268040265 0.294714 28
1727268040441 0.267059 28
1727268040614 0.338801 28
1727268040798 0.159493 28
1727268040980 0.361644 28
1727268041153 0.022572 28
1727268041324 0.021576 28
1727268041501 0.036258 28
1727268041682 0.474383 28
1727268041863 1.929822 35
1727268046343 0.026835 0
1727268046519 0.043079 0
1727268046697 0.174562 0
1727268046866 0.013767 0
1727268047035 0.012445 0
1727268047205 0.04338 0
1727268047374 0.010934 0
1727268047544 0.01384 0
1727268047715 0.015063 0
1727268047888 0.242312 0
1727268048058 0.114955 8
1727268048226 0.02475 8
1727268048393 0.177293 8
1727268048569 0.73438 8
1727268048739 0.028205 8
1727268048910 0.220018 8
1727268049073 0.386235 8
1727268049241 0.379102 8
1727268049409 0.029984 8
1727268049580 0.687413 8
1727268049754 0.05099 16
1727268049929 0.106635 16
1727268050100 0.014592 16
1727268050269 0.719874 16
1727268050443 0.262124 16
1727268050613 0.136066 16
1727268050783 0.080136 16
1727268050946 0.01077 16
1727268051113 0.021882 16
1727268051278 0.511762 16
1727268051448 0.018145 24
1727268051613 0.132089 24
1727268051784 0.013187 24
1727268051951 0.018015 24
1727268052120 0.30793 24
1727268052293 0.210923 24
1727268052460 0.241527 24
1727268052635 0.294322 24
1727268052802 0.064023 24
1727268052971 0.285984 24
1727268053139 0.443218 32
1727268053304 0.303235 32
1727268053474 0.194566 32
1727268053644 0.265054 32
1727268053814 0.166648 32
1727268053983 0.430604 32
1727268054148 0.029646 32
1727268054315 0.02142 32
1727268054488 0.031454 32
1727268054660 0.486193 32
1727268054843 1.868808 40
