1726876368571 0.0 0
1726876368730 10.0 0
1726876368882 20.0 0
1726876369034 30.0 0
1726876369191 40.0 0
1726876369347 50.0 0
1726876369503 60.0 0
1726876369659 70.0 0
1726876369811 80.0 0
1726876369964 90.0 0
1726876370115 100.0 1
1726876370270 110.0 1
1726876371279 0.0 0
1726876371439 10.0 0
1726876371592 20.0 0
1726876371744 30.0 0
1726876371897 40.0 0
1726876372052 50.0 0
1726876372204 60.0 0
1726876372356 70.0 0
1726876372507 80.0 0
1726876372658 90.0 0
1726876372812 100.0 2
1726876372965 110.0 2
1726876373923 0.0 0
1726876374075 10.0 0
1726876374225 20.0 0
1726876374381 30.0 0
1726876374536 40.0 0
1726876374690 50.0 0
1726876374843 60.0 0
1726876374997 70.0 0
1726876375149 80.0 0
1726876375299 90.0 0
1726876375455 100.0 3
1726876375603 110.0 3
1726876376564 0.0 0
1726876376716 10.0 0
1726876376868 20.0 0
1726876377022 30.0 0
1726876377182 40.0 0
1726876377336 50.0 0
1726876377488 60.0 0
1726876377641 70.0 0
1726876377793 80.0 0
1726876377941 90.0 0
1726876378094 100.0 4
1726876378248 110.0 4
1726876379212 0.0 0
1726876379362 10.0 0
1726876379514 20.0 0
1726876379666 30.0 0
1726876379819 40.0 0
1726876379971 50.0 0
1726876380124 60.0 0
1726876380280 70.0 0
1726876380433 80.0 0
1726876380586 90.0 0
1726876380736 100.0 5
1726876380889 110.0 5
1726876381878 0.0 0
1726876382034 10.0 0
1726876382185 20.0 0
1726876382336 30.0 0
1726876382490 40.0 0
1726876382642 50.0 0
1726876382791 60.0 0
1726876382955 70.0 0
1726876383105 80.0 0
1726876383261 90.0 0
1726876383412 100.0 6
1726876383564 110.0 6
1726876384526 0.0 0
1726876384678 10.0 0
1726876384829 20.0 0
1726876384981 30.0 0
1726876385137 40.0 0
1726876385290 50.0 0
1726876385443 60.0 0
1726876385598 70.0 0
1726876385749 80.0 0
1726876385903 90.0 0
1726876386057 100.0 7
1726876386211 110.0 7
