1726888572409 4.701527 0
1726888572548 4.934466 0
1726888572685 74.393318 0
1726888572822 0.814537 0
1726888572958 0.900344 0
1726888573095 3.252166 0
1726888573234 4.012874 0
1726888573372 2.542386 0
1726888573509 1.55642 0
1726888573648 0.563857 0
1726888573785 2.218928 1
1726888573922 8.34683 1
1726888574819 1.574549 0
1726888574958 5.487291 0
1726888575094 0.828644 0
1726888575232 0.886856 0
1726888575371 2.91106 0
1726888575509 13.294875 0
1726888575647 88.645882 0
1726888575783 22.52652 0
1726888575922 5.457292 0
1726888576059 1.409939 0
1726888576196 5.06898 2
1726888576333 2.311125 2
1726888577199 0.422038 0
1726888577339 1.448443 0
1726888577478 181.724472 0
1726888577617 1.709208 0
1726888577754 1.325049 0
1726888577891 1.7551 0
1726888578028 1.336644 0
1726888578165 3.719668 0
1726888578302 3.578894 0
1726888578441 0.748783 0
1726888578578 1.54471 3
1726888578715 1.258368 3
1726888579584 4.646045 0
1726888579724 13.029604 0
1726888579862 1.166825 0
1726888580000 0.688738 0
1726888580137 1.499245 0
1726888580274 2.683355 0
1726888580410 3.044407 0
1726888580547 1.688371 0
1726888580684 2.968399 0
1726888580823 2.453825 0
1726888580961 4.024925 4
1726888581098 5.990704 4
1726888581966 81.77298 0
1726888582104 3.45203 0
1726888582241 1.331969 0
1726888582378 1.010578 0
1726888582515 1.300303 0
1726888582652 4.479613 0
1726888582789 12.084069 0
1726888582927 0.911569 0
1726888583064 0.95972 0
1726888583202 0.553002 0
1726888583341 6.250316 5
1726888583480 11.742861 5
1726888584344 2.459278 0
1726888584482 1.485267 0
1726888584619 3.35404 0
1726888584756 1.710903 0
1726888584893 1.608022 0
1726888585030 2.015442 0
1726888585168 2.989747 0
1726888585305 1.355808 0
1726888585443 0.711922 0
1726888585581 0.892337 0
1726888585719 2.375741 6
1726888585855 6.87764 6
1726888586715 19.120995 0
1726888586852 3.134413 0
1726888586989 0.620603 0
1726888587125 0.806194 0
1726888587266 1.853597 0
1726888587403 2.492662 0
1726888587543 11.367004 0
1726888587683 1.443857 0
1726888587820 0.740926 0
1726888587956 0.839088 0
1726888588094 5.3117 7
1726888588232 3.359013 7
1726888589093 0.932015 0
1726888589230 2.136828 0
1726888589367 0.664709 0
1726888589505 0.726858 0
1726888589642 4.046595 0
1726888589781 1.868771 0
1726888589917 4.542566 0
1726888590055 5.765353 0
1726888590193 1.39486 0
1726888590332 0.829146 0
1726888590470 6.915686 8
1726888590608 3.336184 8
1726888591475 0.803373 0
1726888591614 6.960867 0
1726888591754 0.672156 0
1726888591893 0.966284 0
1726888592031 0.843993 0
1726888592169 2.015215 0
1726888592308 4.747912 0
1726888592448 2.30473 0
1726888592586 1.251957 0
1726888592725 8.254824 0
1726888592863 3.702254 9
1726888593000 2.530764 9
