1726911233976 0.0 0
1726911234119 10.0 0
1726911234262 20.0 0
1726911234406 30.0 0
1726911234550 40.0 0
1726911234692 50.0 0
1726911234834 60.0 0
1726911234977 70.0 0
1726911235119 80.0 0
1726911235262 90.0 0
1726911236168 0.0 0
1726911236314 10.0 0
1726911236461 20.0 0
1726911236606 30.0 0
1726911236749 40.0 0
1726911236890 50.0 0
1726911237032 60.0 0
1726911237174 70.0 0
1726911237317 80.0 0
1726911237460 90.0 0
1726911238278 0.0 0
1726911238425 10.0 0
1726911238567 20.0 0
1726911238708 30.0 0
1726911238851 40.0 0
1726911238993 50.0 0
1726911239136 60.0 0
1726911239279 70.0 0
1726911239422 80.0 0
1726911239564 90.0 0
1726911240383 0.0 0
1726911240533 10.0 0
1726911240676 20.0 0
1726911240820 30.0 0
1726911240962 40.0 0
1726911241108 50.0 0
1726911241252 60.0 0
1726911241395 70.0 0
1726911241537 80.0 0
1726911241678 90.0 0
1726911242502 0.0 0
1726911242645 10.0 0
1726911242787 20.0 0
1726911242929 30.0 0
1726911243071 40.0 0
1726911243212 50.0 0
1726911243354 60.0 0
1726911243495 70.0 0
1726911243636 80.0 0
1726911243779 90.0 0
1726911244606 0.0 0
1726911244753 10.0 0
1726911244895 20.0 0
1726911245039 30.0 0
1726911245189 40.0 0
1726911245332 50.0 0
1726911245475 60.0 0
1726911245618 70.0 0
1726911245763 80.0 0
1726911245905 90.0 0
1726911246719 0.0 0
1726911246863 10.0 0
1726911247005 20.0 0
1726911247147 30.0 0
1726911247290 40.0 0
1726911247432 50.0 0
1726911247573 60.0 0
1726911247715 70.0 0
1726911247858 80.0 0
1726911248001 90.0 0
1726911248820 0.0 0
1726911248962 10.0 0
1726911249104 20.0 0
1726911249246 30.0 0
1726911249388 40.0 0
1726911249529 50.0 0
1726911249670 60.0 0
1726911249812 70.0 0
1726911249954 80.0 0
1726911250096 90.0 0
1726911250925 0.0 0
1726911251072 10.0 0
1726911251214 20.0 0
1726911251356 30.0 0
1726911251499 40.0 0
1726911251642 50.0 0
1726911251784 60.0 0
1726911251926 70.0 0
1726911252068 80.0 0
1726911252211 90.0 0
1726911253034 0.0 0
1726911253187 10.0 0
1726911253331 20.0 0
1726911253472 30.0 0
1726911253620 40.0 0
1726911253764 50.0 0
1726911253906 60.0 0
1726911254049 70.0 0
1726911254192 80.0 0
1726911254333 90.0 0
