1726754212440 0.0 0
1726754212534 10.0 0
1726754212624 20.0 0
1726754212712 30.0 0
1726754212803 40.0 0
1726754212894 50.0 0
1726754212984 60.0 0
1726754213072 70.0 0
1726754213161 80.0 0
1726754213251 90.0 0
1726754213341 100.0 1
1726754213438 110.0 1
1726754213529 120.0 1
1726754214254 0.0 0
1726754214358 10.0 0
1726754214449 20.0 0
1726754214540 30.0 0
1726754214629 40.0 0
1726754214722 50.0 0
1726754214815 60.0 0
1726754214905 70.0 0
1726754214993 80.0 0
1726754215085 90.0 0
1726754215175 100.0 2
1726754215267 110.0 2
1726754215363 120.0 2
1726754215990 0.0 0
1726754216092 10.0 0
1726754216189 20.0 0
1726754216282 30.0 0
1726754216377 40.0 0
1726754216468 50.0 0
1726754216558 60.0 0
1726754216649 70.0 0
1726754216744 80.0 0
1726754216834 90.0 0
1726754216923 100.0 3
1726754217012 110.0 3
1726754217102 120.0 3
1726754217741 0.0 0
1726754217843 10.0 0
1726754217935 20.0 0
1726754218026 30.0 0
1726754218117 40.0 0
1726754218208 50.0 0
1726754218299 60.0 0
1726754218388 70.0 0
1726754218477 80.0 0
1726754218566 90.0 0
1726754218654 100.0 4
1726754218749 110.0 4
1726754218843 120.0 4
1726754219492 0.0 0
1726754219600 10.0 0
1726754219691 20.0 0
1726754219781 30.0 0
1726754219869 40.0 0
1726754219959 50.0 0
1726754220047 60.0 0
1726754220138 70.0 0
1726754220227 80.0 0
1726754220316 90.0 0
1726754220405 100.0 5
1726754220495 110.0 5
1726754220587 120.0 5
1726754221386 0.0 0
1726754221494 10.0 0
1726754221598 20.0 0
1726754221691 30.0 0
1726754221782 40.0 0
1726754221875 50.0 0
1726754221969 60.0 0
1726754222069 70.0 0
1726754222176 80.0 0
1726754222280 90.0 0
1726754222371 100.0 6
1726754222463 110.0 6
1726754222554 120.0 6
1726754223202 0.0 0
1726754223304 10.0 0
1726754223396 20.0 0
1726754223486 30.0 0
1726754223575 40.0 0
1726754223673 50.0 0
1726754223776 60.0 0
1726754223877 70.0 0
1726754223975 80.0 0
1726754224070 90.0 0
1726754224162 100.0 7
1726754224254 110.0 7
1726754224345 120.0 7
