1726754212444 34.53994 0
1726754212538 5.002321 0
1726754212628 70.802048 0
1726754212716 56.598534 0
1726754212807 24.213579 0
1726754212898 17.698643 0
1726754212988 3.381751 0
1726754213075 117.798645 0
1726754213165 6.183388 0
1726754213255 9.347004 0
1726754213345 5.221591 1
1726754213442 3.889146 1
1726754213533 6.644011 1
1726754214258 2.397049 0
1726754214362 1.208673 0
1726754214453 8.597085 0
1726754214544 154.674316 0
1726754214633 6.416226 0
1726754214727 18.105728 0
1726754214819 4.165438 0
1726754214909 2.889124 0
1726754214997 2.701012 0
1726754215090 2.716549 0
1726754215179 2.944404 2
1726754215271 3.74362 2
1726754215367 17.431702 2
1726754215994 2.232357 0
1726754216096 1.058916 0
1726754216193 10.988064 0
1726754216286 14.4898 0
1726754216381 4.116682 0
1726754216473 3.601013 0
1726754216561 4.261133 0
1726754216653 3.841324 0
1726754216748 2.264027 0
1726754216838 2.025043 0
1726754216928 2.938686 3
1726754217017 4.704924 3
1726754217106 5.701352 3
1726754217744 2.057866 0
1726754217846 0.999703 0
1726754217939 15.52453 0
1726754218030 13.140213 0
1726754218121 7.530866 0
1726754218213 4.328923 0
1726754218303 3.152575 0
1726754218391 2.124835 0
1726754218481 2.405287 0
1726754218570 1.910967 0
1726754218658 2.333196 4
1726754218753 2.654713 4
1726754218847 8.436438 4
1726754219496 1.981853 0
1726754219604 1.018308 0
1726754219695 11.283184 0
1726754219785 22.924339 0
1726754219873 4.331601 0
1726754219963 11.110626 0
1726754220051 20.054024 0
1726754220141 2.36881 0
1726754220231 2.147434 0
1726754220320 1.908702 0
1726754220409 2.220898 5
1726754220500 3.870787 5
1726754220591 6.157557 5
1726754221391 2.005683 0
1726754221498 0.990248 0
1726754221603 8.675392 0
1726754221695 12.194392 0
1726754221786 130.091751 0
1726754221879 3.877649 0
1726754221973 4.64587 0
1726754222073 2.474973 0
1726754222181 2.412451 0
1726754222285 1.943428 0
1726754222375 2.457502 6
1726754222467 3.907523 6
1726754222558 10.99686 6
1726754223206 1.870365 0
1726754223308 1.066546 0
1726754223400 13.220113 0
1726754223490 23.255354 0
1726754223579 4.481277 0
1726754223677 4.725618 0
1726754223780 4.190528 0
1726754223882 2.049743 0
1726754223980 3.097872 0
1726754224074 1.861924 0
1726754224166 2.427511 7
1726754224258 3.362797 7
1726754224349 8.38284 7
