1727088479532 0.0 0
1727088479630 10.0 0
1727088479728 20.0 0
1727088479824 30.0 0
1727088479925 40.0 0
1727088480022 50.0 0
1727088480113 60.0 0
1727088480209 70.0 0
1727088480303 80.0 0
1727088480403 90.0 0
1727088480509 100.0 1
1727088480603 110.0 1
1727088480707 120.0 1
1727088480801 130.0 1
1727088480894 140.0 1
1727088481565 0.0 0
1727088481663 10.0 0
1727088481757 20.0 0
1727088481859 30.0 0
1727088481957 40.0 0
1727088482052 50.0 0
1727088482150 60.0 0
1727088482246 70.0 0
1727088482339 80.0 0
1727088482432 90.0 0
1727088482534 100.0 2
1727088482630 110.0 2
1727088482732 120.0 2
1727088482830 130.0 2
1727088482927 140.0 2
1727088483600 0.0 0
1727088483709 10.0 0
1727088483808 20.0 0
1727088483903 30.0 0
1727088484004 40.0 0
1727088484101 50.0 0
1727088484204 60.0 0
1727088484309 70.0 0
1727088484414 80.0 0
1727088484521 90.0 0
1727088484620 100.0 3
1727088484721 110.0 3
1727088484814 120.0 3
1727088484908 130.0 3
1727088485010 140.0 3
1727088485650 0.0 0
1727088485754 10.0 0
1727088485849 20.0 0
1727088485941 30.0 0
1727088486040 40.0 0
1727088486132 50.0 0
1727088486228 60.0 0
1727088486325 70.0 0
1727088486422 80.0 0
1727088486515 90.0 0
1727088486608 100.0 4
1727088486712 110.0 4
1727088486807 120.0 4
1727088486906 130.0 4
1727088487001 140.0 4
