1726869491762 0.0 0
1726869491898 10.0 0
1726869492033 20.0 0
1726869492167 30.0 0
1726869492300 40.0 0
1726869492434 50.0 0
1726869492567 60.0 0
1726869492701 70.0 0
1726869492836 80.0 0
1726869493496 0.0 0
1726869493632 10.0 0
1726869493773 20.0 0
1726869493908 30.0 0
1726869494043 40.0 0
1726869494177 50.0 0
1726869494312 60.0 0
1726869494456 70.0 0
1726869494594 80.0 0
1726869495240 0.0 0
1726869495375 10.0 0
1726869495520 20.0 0
1726869495667 30.0 0
1726869495803 40.0 0
1726869495938 50.0 0
1726869496073 60.0 0
1726869496207 70.0 0
1726869496342 80.0 0
1726869497001 0.0 0
1726869497138 10.0 0
1726869497274 20.0 0
1726869497409 30.0 0
1726869497543 40.0 0
1726869497679 50.0 0
1726869497814 60.0 0
1726869497950 70.0 0
1726869498085 80.0 0
1726869498730 0.0 0
1726869498866 10.0 0
1726869499001 20.0 0
1726869499136 30.0 0
1726869499272 40.0 0
1726869499410 50.0 0
1726869499546 60.0 0
1726869499680 70.0 0
1726869499815 80.0 0
1726869500456 0.0 0
1726869500594 10.0 0
1726869500728 20.0 0
1726869500862 30.0 0
1726869500997 40.0 0
1726869501130 50.0 0
1726869501268 60.0 0
1726869501404 70.0 0
1726869501541 80.0 0
1726869502178 0.0 0
1726869502313 10.0 0
1726869502447 20.0 0
1726869502580 30.0 0
1726869502714 40.0 0
1726869502850 50.0 0
1726869503003 60.0 0
1726869503141 70.0 0
1726869503279 80.0 0
