1726888626870 0.0 0
1726888627010 10.0 0
1726888627148 20.0 0
1726888627286 30.0 0
1726888627424 40.0 0
1726888627563 50.0 0
1726888627737 60.0 0
1726888628254 0.0 0
1726888628394 10.0 0
1726888628532 20.0 0
1726888628673 30.0 0
1726888628810 40.0 0
1726888628948 50.0 0
1726888629085 60.0 0
1726888629597 0.0 0
1726888629735 10.0 0
1726888629873 20.0 0
1726888630009 30.0 0
1726888630147 40.0 0
1726888630284 50.0 0
1726888630421 60.0 0
1726888630940 0.0 0
1726888631080 10.0 0
1726888631219 20.0 0
1726888631356 30.0 0
1726888631493 40.0 0
1726888631630 50.0 0
1726888631766 60.0 0
