1726846186137 82.212921 0
1726846186312 182.310623 0
1726846186491 29.987976 0
1726846186661 52.056473 0
1726846186828 9.027122 0
1726846186990 10.645828 0
1726846187150 6.820452 0
1726846187305 13.057258 0
1726846187454 4.031356 0
1726846187598 16.904903 0
1726846187742 14.523476 1
1726846187891 3.687737 1
1726846188043 1.714317 1
1726846188195 1.666901 1
1726846188345 7.037969 1
1726846188497 1.299259 1
1726846188649 4.710406 1
1726846188798 1.538438 1
1726846188947 1.836866 1
1726846189097 0.693232 1
1726846189250 0.80146 2
1726846189402 1.203306 2
1726846189552 0.624045 2
1726846189703 0.722985 2
1726846189851 1.13607 2
1726846193959 1.115831 0
1726846194159 1.073966 0
1726846194354 0.704682 0
1726846194527 1.911399 0
1726846194687 2.841545 0
1726846194842 1.699352 0
1726846194993 0.963073 0
1726846195146 1.05118 0
1726846195316 0.823372 0
1726846195516 0.555851 0
1726846195717 1.402926 2
1726846195910 3.318273 2
1726846196101 1.11848 2
1726846196299 3.839707 2
1726846196474 2.026443 2
1726846196645 3.404996 2
1726846196818 2.681625 2
1726846196996 1.839694 2
1726846197197 1.707711 2
1726846197397 0.473892 2
1726846197560 1.145741 4
1726846197717 0.459929 4
1726846197874 0.552817 4
1726846198031 1.377984 4
1726846198192 0.657137 4
1726846202727 1.303989 0
1726846202924 1.07103 0
1726846203112 2.289368 0
1726846203296 1.527826 0
1726846203482 1.782767 0
1726846203678 1.033642 0
1726846203866 1.021285 0
1726846204067 1.597058 0
1726846204251 0.520377 0
1726846204414 0.946738 0
1726846204572 1.451351 3
1726846204734 5.44425 3
1726846204895 1.241367 3
1726846205061 2.750934 3
1726846205229 5.140038 3
1726846205405 2.643505 3
1726846205573 1.521683 3
1726846205733 1.308323 3
1726846205891 2.517931 3
1726846206050 0.874182 3
1726846206202 1.883428 6
1726846206348 0.446098 6
1726846206494 0.445949 6
1726846206642 1.455636 6
1726846206793 1.754863 6
1726846211262 1.372381 0
1726846211450 0.92955 0
1726846211643 0.665457 0
1726846211831 1.888349 0
1726846212035 1.451035 0
1726846212208 152.514923 0
1726846212372 0.68364 0
1726846212532 1.120103 0
1726846212685 0.97532 0
1726846212840 0.508559 0
1726846212993 1.254532 4
1726846213147 6.106775 4
1726846213302 1.730356 4
1726846213453 2.799596 4
1726846213601 2.727227 4
1726846213747 3.363795 4
1726846213891 1.12227 4
1726846214035 3.813842 4
1726846214181 1.466342 4
1726846214330 0.619012 4
1726846214482 1.029709 8
1726846214633 0.489655 8
1726846214786 0.504462 8
1726846214942 66.606186 8
1726846215094 0.451831 8
1726846219159 1.212641 0
1726846219349 1.145817 0
1726846219545 1.628094 0
1726846219729 1.854028 0
1726846219900 1.074516 0
1726846220059 0.963516 0
1726846220219 0.731538 0
1726846220378 0.920543 0
1726846220541 1.215949 0
1726846220699 0.6022 0
1726846220852 1.659298 5
1726846221003 3.741711 5
1726846221151 0.860947 5
1726846221296 7.107 5
1726846221442 15.756565 5
1726846221590 1.938315 5
1726846221737 2.147381 5
1726846221883 2.465148 5
1726846222027 3.026486 5
1726846222172 0.395087 5
1726846222319 2.655289 10
1726846222465 0.452697 10
1726846222612 0.390165 10
1726846222764 0.644144 10
1726846222920 0.454376 10
1726846227365 2.444914 0
1726846227565 0.8002 0
1726846227765 1.55953 0
1726846227931 3.973476 0
1726846228083 0.8161 0
1726846228234 0.90161 0
1726846228386 1.618573 0
1726846228539 2.338385 0
1726846228692 0.530798 0
1726846228842 0.942485 0
1726846228992 2.530407 6
1726846229151 4.734297 6
1726846229312 0.932898 6
1726846229482 3.589625 6
1726846229653 1.626222 6
1726846229821 19.029518 6
1726846229983 0.780975 6
1726846230140 22.691887 6
1726846230294 5.867496 6
1726846230447 1.201308 6
1726846230597 1.431151 12
1726846230751 0.410506 12
1726846230911 0.577114 12
1726846231065 0.68825 12
1726846231216 0.425261 12
1726846235613 2.390144 0
1726846235813 0.754261 0
1726846236015 0.634939 0
1726846236178 2.475096 0
1726846236332 0.901526 0
1726846236489 0.939389 0
1726846236648 0.964736 0
1726846236809 1.446077 0
1726846236969 0.496116 0
1726846237127 1.446232 0
1726846237284 12.889392 7
1726846237441 2.079122 7
1726846237593 0.635105 7
1726846237741 10.261868 7
1726846237889 1.405426 7
1726846238033 11.499499 7
1726846238176 1.235703 7
1726846238318 5.465466 7
1726846238463 1.597758 7
1726846238611 0.690592 7
1726846238764 1.119945 14
1726846238929 0.794917 14
1726846239111 0.584181 14
1726846239300 0.944605 14
1726846239495 0.624874 14
1726846243881 1.519295 0
1726846244083 1.022659 0
1726846244279 0.716964 0
1726846244464 16.652029 0
1726846244644 1.616432 0
1726846244821 0.984971 0
1726846244985 1.132494 0
1726846245144 1.207778 0
1726846245300 0.454449 0
1726846245455 1.070578 0
1726846245603 2.872181 8
1726846245752 1.452289 8
1726846245900 0.594143 8
1726846246046 3.309883 8
1726846246191 1.895422 8
1726846246341 3.588632 8
1726846246493 0.917966 8
1726846246642 1.815526 8
1726846246797 2.068829 8
1726846246951 0.354471 8
1726846247106 1.998113 16
1726846247260 0.558128 16
1726846247415 0.548585 16
1726846247572 0.637337 16
1726846247726 0.735388 16
1726846252080 1.654665 0
1726846252273 0.646513 0
1726846252464 0.808311 0
1726846252641 2.713706 0
1726846252811 0.846808 0
1726846252976 1.004954 0
1726846253135 1.090978 0
1726846253289 1.058844 0
1726846253443 0.544869 0
1726846253591 0.591343 0
1726846253742 0.792093 9
1726846253891 1.496592 9
1726846254039 0.904911 9
1726846254182 2.589428 9
1726846254321 1.294418 9
1726846254457 3.26696 9
1726846254593 3.02917 9
1726846254729 2.487024 9
1726846254867 2.323467 9
1726846255003 0.362254 9
1726846255142 1.346983 18
1726846255284 0.655437 18
1726846255428 1.814587 18
1726846255574 2.091644 18
1726846255721 0.957887 18
1726846259815 2.190911 0
1726846260013 0.515287 0
1726846260217 1.044716 0
1726846260400 3.959316 0
1726846260567 0.74784 0
1726846260725 0.76455 0
1726846260879 0.811188 0
1726846261036 1.008934 0
1726846261195 0.559626 0
1726846261356 0.717021 0
1726846261529 0.759928 10
1726846261711 1.009403 10
1726846261898 0.632726 10
1726846262100 2.676441 10
1726846262296 1.67843 10
1726846262459 1.068358 10
1726846262609 0.659781 10
1726846262755 1.641753 10
1726846262894 75.40126 10
1726846263032 0.356369 10
1726846263169 1.218313 20
1726846263306 1.389883 20
1726846263445 0.334871 20
1726846263586 1.447737 20
1726846263728 0.619768 20
