1727100020632 0.289212 0
1727100020847 0.103043 0
1727100021041 0.067057 0
1727100021654 0.168802 0
1727100021839 0.108087 0
1727100022021 0.043653 0
1727100022515 0.140691 0
1727100022704 0.09238 0
1727100022888 0.06773 0
1727100023395 0.206455 0
1727100023580 0.106964 0
1727100023768 0.062871 0
1727100024272 0.201955 0
1727100024453 0.159436 0
1727100024635 0.052572 0
1727100025213 0.198402 0
1727100025395 0.107563 0
1727100025578 0.062066 0
1727100026086 0.183182 0
1727100026269 0.118518 0
1727100026448 0.07155 0
