1726906062364 0.0 0
1726906062508 10.0 0
1726906062649 20.0 0
1726906063203 0.0 0
1726906063350 10.0 0
1726906063492 20.0 0
1726906063896 0.0 0
1726906064041 10.0 0
1726906064182 20.0 0
1726906064589 0.0 0
1726906064732 10.0 0
1726906064873 20.0 0
1726906065270 0.0 0
1726906065415 10.0 0
1726906065561 20.0 0
1726906065957 0.0 0
1726906066100 10.0 0
1726906066240 20.0 0
1726906066637 0.0 0
1726906066781 10.0 0
1726906066922 20.0 0
1726906067308 0.0 0
1726906067450 10.0 0
1726906067590 20.0 0
1726906067982 0.0 0
1726906068125 10.0 0
1726906068267 20.0 0
1726906068687 0.0 0
1726906068833 10.0 0
1726906068974 20.0 0
