1727129218896 0.844278 0
1727129219136 0.202168 0
1727129219376 0.177885 0
1727129219617 0.032375 0
1727129219857 0.048996 0
1727129220098 0.144408 0
1727129220338 0.814611 0
1727129220580 0.191355 0
1727129220821 0.202816 0
1727129222275 0.056938 0
1727129222552 0.142032 0
1727129222791 0.179936 0
1727129223031 0.057672 0
1727129223272 0.111323 0
1727129223512 0.09998 0
1727129223752 0.760202 0
1727129223992 0.298791 0
1727129224231 0.263458 0
1727129225783 0.059017 0
1727129226043 0.137085 0
1727129226284 0.168352 0
1727129226524 0.100744 0
1727129226765 0.064731 0
1727129227006 0.089079 0
1727129227246 0.705416 0
1727129227490 0.196573 0
1727129227731 0.26528 0
1727129229145 0.070928 0
1727129229390 0.180057 0
1727129229631 0.162129 0
1727129229872 0.066635 0
1727129230113 0.055025 0
1727129230354 0.056312 0
1727129230594 0.72321 0
1727129230836 0.19149 0
1727129231075 0.193926 0
