1726866985904 0.0 0
1726866986039 10.0 0
1726866986172 20.0 0
1726866986305 30.0 0
1726866986438 40.0 0
1726866986573 50.0 0
1726866986706 60.0 0
1726866987309 0.0 0
1726866987444 10.0 0
1726866987585 20.0 0
1726866987722 30.0 0
1726866987857 40.0 0
1726866987991 50.0 0
1726866988126 60.0 0
1726866988696 0.0 0
1726866988831 10.0 0
1726866988965 20.0 0
1726866989100 30.0 0
1726866989234 40.0 0
1726866989368 50.0 0
1726866989501 60.0 0
1726866990068 0.0 0
1726866990203 10.0 0
1726866990336 20.0 0
1726866990470 30.0 0
1726866990604 40.0 0
1726866990742 50.0 0
1726866990876 60.0 0
1726866991541 0.0 0
1726866991677 10.0 0
1726866991811 20.0 0
1726866991945 30.0 0
1726866992078 40.0 0
1726866992212 50.0 0
1726866992347 60.0 0
1726866992914 0.0 0
1726866993048 10.0 0
1726866993182 20.0 0
1726866993316 30.0 0
1726866993449 40.0 0
1726866993583 50.0 0
1726866993717 60.0 0
1726866994279 0.0 0
1726866994416 10.0 0
1726866994549 20.0 0
1726866994683 30.0 0
1726866994820 40.0 0
1726866994954 50.0 0
1726866995092 60.0 0
1726866995671 0.0 0
1726866995807 10.0 0
1726866995943 20.0 0
1726866996083 30.0 0
1726866996219 40.0 0
1726866996356 50.0 0
1726866996492 60.0 0
1726866997062 0.0 0
1726866997197 10.0 0
1726866997345 20.0 0
1726866997481 30.0 0
1726866997617 40.0 0
1726866997766 50.0 0
1726866997902 60.0 0
1726866998485 0.0 0
1726866998623 10.0 0
1726866998760 20.0 0
1726866998898 30.0 0
1726866999034 40.0 0
1726866999169 50.0 0
1726866999304 60.0 0
