1726866985914 0.386086 0
1726866986049 0.175105 0
1726866986181 0.377598 0
1726866986314 0.271219 0
1726866986447 0.324079 0
1726866986582 3.667912 0
1726866986715 0.510604 0
1726866987320 0.398 0
1726866987454 0.225112 0
1726866987595 0.248513 0
1726866987732 0.501678 0
1726866987866 0.33018 0
1726866988001 2.120887 0
1726866988135 0.504104 0
1726866988706 0.150319 0
1726866988841 0.191986 0
1726866988975 0.611841 0
1726866989110 0.29068 0
1726866989244 0.470282 0
1726866989377 2.680268 0
1726866989511 0.549271 0
1726866990078 0.560145 0
1726866990212 0.468222 0
1726866990346 0.809856 0
1726866990480 0.598481 0
1726866990614 0.340541 0
1726866990752 2.068249 0
1726866990886 0.497322 0
1726866991551 0.194495 0
1726866991687 0.211498 0
1726866991821 0.208719 0
1726866991954 0.284228 0
1726866992088 0.305729 0
1726866992222 1.997709 0
1726866992357 0.483735 0
1726866992924 0.154507 0
1726866993058 0.193125 0
1726866993192 0.221115 0
1726866993326 0.286857 0
1726866993459 0.326858 0
1726866993593 1.957733 0
1726866993727 0.471589 0
1726866994289 0.155032 0
1726866994425 0.186984 0
1726866994559 0.20123 0
1726866994692 0.280192 0
1726866994830 0.324701 0
1726866994964 1.957865 0
1726866995102 0.475471 0
1726866995681 0.152773 0
1726866995817 0.180203 0
1726866995953 0.199181 0
1726866996092 0.284259 0
1726866996229 0.331613 0
1726866996366 1.928306 0
1726866996501 0.472052 0
1726866997072 0.156707 0
1726866997207 0.18217 0
1726866997355 0.19542 0
1726866997491 0.28248 0
1726866997627 0.329042 0
1726866997776 1.929591 0
1726866997912 0.468486 0
1726866998496 0.152085 0
1726866998633 0.179916 0
1726866998770 0.198184 0
1726866998908 0.283855 0
1726866999044 0.324109 0
1726866999178 1.922571 0
1726866999313 0.469434 0
