1726804385872 0.001956 0
1726804385973 0.000906 0
1726804386083 0.000581 0
1726804386184 0.000583 0
1726804386286 0.000304 0
1726804386388 0.000322 0
1726804386488 0.000512 0
1726804386590 0.000798 0
1726804386697 0.000646 0
1726804386798 0.000637 0
1726804386901 7.9e-05 1
1726804387498 0.011176 0
1726804387605 0.001007 0
1726804387703 0.001239 0
1726804387805 0.00058 0
1726804387906 0.000364 0
1726804388006 0.000208 0
1726804388106 0.000336 0
1726804388205 0.000411 0
1726804388305 0.000445 0
1726804388405 0.000629 0
1726804388505 0.000166 2
1726804389176 0.00201 0
1726804389280 0.000498 0
1726804389379 0.000731 0
1726804389477 0.000354 0
1726804389579 0.000341 0
1726804389678 0.000248 0
1726804389777 0.000434 0
1726804389876 0.000505 0
1726804389976 0.000384 0
1726804390076 0.00047 0
1726804390183 8.8e-05 3
1726804390870 0.002025 0
1726804390981 0.00046 0
1726804391079 0.000593 0
1726804391178 0.000668 0
1726804391277 0.000557 0
1726804391376 0.001371 0
1726804391477 0.000237 0
1726804391576 0.000639 0
1726804391677 0.000622 0
1726804391777 0.000408 0
1726804391877 9.9e-05 4
