1726886024015 24.472809 0
1726886024155 7.205108 0
1726886024292 40.730251 0
1726886024486 113.785049 0
1726886024624 7.615353 0
1726886024761 9.513298 0
1726886024901 6.342456 0
1726886025039 17.102505 0
1726886025178 13.452591 0
1726886025317 9.857265 0
1726886025459 4.036565 1
1726886026966 7.420738 0
1726886027111 3.936965 0
1726886027251 7.052553 0
1726886027439 3.562589 0
1726886027576 12.628069 0
1726886027714 23.672686 0
1726886027851 2.497932 0
1726886027991 28.932861 0
1726886028128 3.369138 0
1726886028266 2.334386 0
1726886028402 5.301406 2
1726886029295 3.533106 0
1726886029434 3.250751 0
1726886029570 3.122877 0
1726886029706 2.12658 0
1726886029843 1.875891 0
1726886029982 2.904186 0
1726886030122 2.306021 0
1726886030259 3.348869 0
1726886030396 3.400418 0
1726886030534 2.347035 0
1726886030671 1.021342 3
1726886031570 5.298704 0
1726886031710 4.683813 0
1726886031848 5.886881 0
1726886031988 1.904659 0
1726886032130 2.480692 0
1726886032267 5.16854 0
1726886032403 5.644898 0
1726886032541 5.344682 0
1726886032678 1.355581 0
1726886032814 2.789948 0
1726886032950 1.150015 4
1726886033847 2.482896 0
1726886033986 4.165487 0
1726886034125 16.71332 0
1726886034261 0.846662 0
1726886034396 2.004929 0
1726886034534 3.117138 0
1726886034671 5.544427 0
1726886034807 10.01654 0
1726886034944 1.981268 0
1726886035083 3.905045 0
1726886035219 5.360038 5
1726886036131 2.015336 0
1726886036270 2.654756 0
1726886036408 3.779333 0
1726886036544 0.959347 0
1726886036681 1.779903 0
1726886036818 2.217534 0
1726886036954 4.308423 0
1726886037092 7.700557 0
1726886037236 1.328409 0
1726886037373 2.102556 0
1726886037510 0.747402 6
1726886038413 3.074095 0
1726886038552 6.523221 0
1726886038689 19.74675 0
1726886038826 1.737025 0
1726886038962 2.287309 0
1726886039100 2.264751 0
1726886039239 7.367452 0
1726886039375 4.155089 0
1726886039512 1.374708 0
1726886039649 2.942173 0
1726886039786 0.993085 7
1726886040691 1.983075 0
1726886040828 7.237766 0
1726886040967 3.164953 0
1726886041105 1.000487 0
1726886041242 2.184118 0
1726886041379 3.869758 0
1726886041516 6.170802 0
1726886041653 4.601412 0
1726886041790 1.474793 0
1726886041928 3.294913 0
1726886042065 1.532696 8
1726886042970 3.582823 0
1726886043108 4.67849 0
1726886043246 3.382726 0
1726886043384 1.009554 0
1726886043522 1.801587 0
1726886043658 2.999608 0
1726886043795 9.04811 0
1726886043931 4.771245 0
1726886044068 1.080945 0
1726886044204 3.64917 0
1726886044344 0.747656 9
1726886045252 4.082206 0
1726886045392 4.016405 0
1726886045529 2.460862 0
1726886045666 0.981953 0
1726886045803 12.086855 0
1726886045941 2.674631 0
1726886046078 5.841726 0
1726886046214 9.077409 0
1726886046364 2.282978 0
1726886046503 1.653984 0
1726886046640 0.848991 10
