1726757645244 0.0 0
1726757645360 10.0 0
1726757645475 20.0 0
1726757645590 30.0 0
1726757645705 40.0 0
1726757646093 0.0 0
1726757646207 10.0 0
1726757646323 20.0 0
1726757646437 30.0 0
1726757646553 40.0 0
1726757646929 0.0 0
1726757647044 10.0 0
1726757647158 20.0 0
1726757647273 30.0 0
1726757647390 40.0 0
1726757647766 0.0 0
1726757647880 10.0 0
1726757647996 20.0 0
1726757648110 30.0 0
1726757648225 40.0 0
1726757648599 0.0 0
1726757648714 10.0 0
1726757648828 20.0 0
1726757648942 30.0 0
1726757649057 40.0 0
1726757649440 0.0 0
1726757649556 10.0 0
1726757649670 20.0 0
1726757649784 30.0 0
1726757649899 40.0 0
