1726789680391 14.480442 0
1726789680495 0.35217 0
1726789680596 1.67136 0
1726789680693 1.881541 0
1726789680791 1.483121 0
1726789680889 0.532707 0
1726789680985 1.018727 0
1726789681081 6.669175 0
1726789681183 2.734056 0
1726789681280 0.19915 0
1726789681382 0.66391 1
1726789681478 0.966255 1
1726789681576 1.744789 1
1726789681674 1.762309 1
1726789681773 0.526818 1
1726789681871 0.196101 1
1726789681967 3.441676 1
1726789682064 1.502802 1
1726789682162 5.705641 1
1726789682261 2.102356 1
1726789682358 9.048217 2
1726789682465 1.825033 2
1726789682571 0.379313 2
1726789682672 1.920763 2
1726789682770 3.598289 2
1726789682866 1.362404 2
1726789682963 4.861704 2
1726789683058 0.642365 2
1726789683156 1.273799 2
1726789683256 0.692152 2
1726789683356 1.177942 3
1726789683454 1.656035 3
1726789683551 0.547897 3
1726789683648 2.252369 3
1726789683746 0.943322 3
1726789683845 0.773284 3
1726789683948 3.128601 3
1726789684048 0.552075 3
1726789684145 3.157922 3
1726789684247 0.554377 3
1726789684343 0.815055 4
1726789684440 4.403294 4
1726789684543 1.995782 4
1726789684642 1.530901 4
1726789686836 4.216145 0
1726789686936 0.338202 0
1726789687031 0.591888 0
1726789687130 32.012383 0
1726789687229 8.09939 0
1726789687326 0.568132 0
1726789687427 0.419677 0
1726789687526 3.320271 0
1726789687623 2.725948 0
1726789687720 0.207844 0
1726789687818 0.425371 2
1726789687917 0.592627 2
1726789688014 2.775077 2
1726789688111 1.15985 2
1726789688207 0.479532 2
1726789688302 0.222616 2
1726789688398 3.184824 2
1726789688493 1.962396 2
1726789688590 2.676274 2
1726789688696 14.785824 2
1726789688796 1.83623 4
1726789688894 1.392959 4
1726789688991 0.394434 4
1726789689089 2.150328 4
1726789689185 3.112422 4
1726789689281 0.693488 4
1726789689376 4.207262 4
1726789689477 0.67272 4
1726789689575 1.071256 4
1726789689672 0.776513 4
1726789689768 0.979977 6
1726789689863 1.170476 6
1726789689958 0.623077 6
1726789690054 3.108378 6
1726789690151 0.910416 6
1726789690250 0.854306 6
1726789690347 2.454675 6
1726789690454 0.448884 6
1726789690557 3.713229 6
1726789690656 0.540981 6
1726789690762 0.784539 8
1726789690864 3.931007 8
1726789690964 3.050687 8
1726789691060 1.533507 8
1726789693250 0.846242 0
1726789693355 1.225606 0
1726789693453 3.771764 0
1726789693552 2.611172 0
1726789693649 2.238407 0
1726789693745 0.409808 0
1726789693843 0.296354 0
1726789693940 4.446034 0
1726789694039 2.089553 0
1726789694136 0.21625 0
1726789694233 0.714894 3
1726789694329 1.357082 3
1726789694425 3.540298 3
1726789694521 1.063005 3
1726789694617 0.375864 3
1726789694712 0.223878 3
1726789694819 1.225123 3
1726789694917 4.842652 3
1726789695015 4.535292 3
1726789695114 3.164781 3
1726789695210 1.386733 6
1726789695310 0.948818 6
1726789695408 0.404231 6
1726789695507 1.848722 6
1726789695604 1.326116 6
1726789695699 3.580088 6
1726789695795 5.210028 6
1726789695890 0.625267 6
1726789695986 8.113957 6
1726789696081 1.503445 6
1726789696179 0.694787 9
1726789696279 1.775111 9
1726789696381 0.535569 9
1726789696479 1.606441 9
1726789696577 4.971074 9
1726789696674 0.705364 9
1726789696769 1.139576 9
1726789696876 0.485702 9
1726789696974 2.78413 9
1726789697071 0.529799 9
1726789697168 6.068611 12
1726789697264 2.651344 12
1726789697364 2.390244 12
1726789697461 1.81951 12
1726789699601 8.516846 0
1726789699699 0.988898 0
1726789699796 0.233185 0
1726789699895 12.924571 0
1726789699993 0.54538 0
1726789700091 0.556606 0
1726789700190 0.775537 0
1726789700287 11.814327 0
1726789700384 1.230555 0
1726789700481 2.817205 0
1726789700577 0.466279 4
1726789700675 0.586776 4
1726789700771 1.010376 4
1726789700867 1.057253 4
1726789700974 0.449527 4
1726789701071 0.322145 4
1726789701169 1.144358 4
1726789701266 1.797826 4
1726789701363 13.644481 4
1726789701464 1.020913 4
1726789701561 1.342979 8
1726789701658 1.221824 8
1726789701757 0.386882 8
1726789701853 93.761978 8
1726789701949 3.4477 8
1726789702047 0.702327 8
1726789702142 4.570895 8
1726789702243 0.673936 8
1726789702341 0.951869 8
1726789702437 0.870739 8
1726789702533 1.45364 12
1726789702631 1.252793 12
1726789702727 0.530358 12
1726789702823 15.895372 12
1726789702920 1.419052 12
1726789703027 0.84364 12
1726789703124 2.224195 12
1726789703221 0.535883 12
1726789703318 2.280227 12
1726789703415 0.517183 12
1726789703512 1.033339 16
1726789703609 3.209626 16
1726789703707 1.418735 16
1726789703807 12.006216 16
