1726793040952 42.29377 0
1726793041058 0.316551 0
1726793041157 30.93811 0
1726793041254 0.488055 0
1726793041353 12.920247 0
1726793041451 1.077289 0
1726793041548 4.282267 0
1726793041643 1.420115 0
1726793041741 1.856619 0
1726793041840 0.641616 0
1726793041941 1.232705 1
1726793042041 0.309197 1
1726793042137 1.856128 1
1726793042234 6.307472 1
1726793042332 0.604965 1
1726793042427 1.570912 1
1726793042525 1.140146 1
1726793042624 2.88691 1
1726793042731 1.674969 1
1726793042828 2.383341 1
1726793042925 2.59893 2
1726793043027 10.338063 2
1726793043127 0.469362 2
1726793043228 1.690052 2
1726793043326 6.513546 2
1726793043423 3.92432 2
1726793043518 0.621231 2
1726793043614 1.421975 2
1726793043710 6.287094 2
1726793043806 1.590755 2
1726793043903 0.534045 3
1726793044002 0.518316 3
1726793044100 0.615474 3
1726793044198 0.56623 3
1726793044293 1.239307 3
1726793044389 0.93958 3
1726793044484 0.326816 3
1726793044579 3.367733 3
1726793044676 3.775646 3
1726793044774 1.132975 3
1726793044871 1.188341 4
1726793044967 2.788971 4
1726793045066 0.380019 4
1726793045180 2.995122 4
1726793045277 5.601517 4
1726793045372 0.596542 4
1726793045468 1.244823 4
1726793045563 1.601172 4
1726793045660 1.43205 4
1726793045760 1.173583 4
1726793045856 7.001859 5
1726793045952 1.461934 5
1726793046050 30.245749 5
1726793046147 1.791553 5
1726793046242 2.074158 5
1726793046336 1.291429 5
1726793046435 1.471046 5
1726793046531 0.462014 5
1726793046626 2.423302 5
1726793046722 0.743237 5
1726793046817 1.31571 6
1726793046918 0.601129 6
1726793047019 1.704467 6
1726793047121 1.302999 6
1726793047219 0.516264 6
1726793047315 0.644262 6
1726793047412 0.745905 6
1726793047512 2.896479 6
1726793047607 0.723698 6
1726793047706 2.380854 6
1726793047802 1.644299 7
1726793047898 1.016521 7
1726793047997 2.786834 7
1726793048093 1.142809 7
1726793048193 2.560875 7
1726793048289 1.257919 7
1726793048385 1.893311 7
1726793048482 1.372148 7
1726793048578 0.48962 7
1726793048674 1.62837 7
1726793048768 1.179606 8
1726793048864 1.139301 8
1726793048961 1.199812 8
1726793049063 1.522734 8
1726793049165 43.232929 8
1726793052775 5.644797 0
1726793052872 5.582433 0
1726793052967 0.480321 0
1726793053063 0.437808 0
1726793053161 7.742706 0
1726793053264 0.75383 0
1726793053363 1.054311 0
1726793053459 0.884209 0
1726793053554 2.393255 0
1726793053651 0.828916 0
1726793053748 1.234058 2
1726793053850 0.347507 2
1726793053947 0.846386 2
1726793054045 1.607916 2
1726793054142 0.754203 2
1726793054239 1.119383 2
1726793054338 0.951786 2
1726793054439 1.310028 2
1726793054537 1.331088 2
1726793054634 1.697047 2
1726793054731 2.839314 4
1726793054828 4.976933 4
1726793054925 0.463463 4
1726793055020 13.467212 4
1726793055116 1.108263 4
1726793055212 2.062587 4
1726793055316 0.63661 4
1726793055413 0.904656 4
1726793055512 6.973026 4
1726793055609 4.114455 4
1726793055706 0.461045 6
1726793055802 0.697061 6
1726793055901 0.588277 6
1726793056000 0.529383 6
1726793056096 1.139412 6
1726793056191 1.402886 6
1726793056290 0.316959 6
1726793056386 1.665454 6
1726793056484 1.052255 6
1726793056581 7.286246 6
1726793056676 1.274185 8
1726793056772 5.64481 8
1726793056867 0.324529 8
1726793056964 1.009659 8
1726793057064 2.135598 8
1726793057161 0.546759 8
1726793057259 0.407165 8
1726793057366 1.451019 8
1726793057462 1.06361 8
1726793057558 0.769939 8
1726793057654 1.798102 10
1726793057750 1.329198 10
1726793057845 13.187297 10
1726793057939 2.869221 10
1726793058033 2.482642 10
1726793058126 0.577922 10
1726793058221 1.35068 10
1726793058317 0.516932 10
1726793058411 0.834916 10
1726793058509 0.697091 10
1726793058604 1.854358 12
1726793058698 0.551669 12
1726793058795 1.389346 12
1726793058891 0.91674 12
1726793058985 0.44184 12
1726793059078 0.539702 12
1726793059172 22.192963 12
1726793059267 8.844425 12
1726793059367 0.843338 12
1726793059467 1.2191 12
1726793059562 1.615104 14
1726793059660 1.672662 14
1726793059756 2.25612 14
1726793059852 1.734677 14
1726793059948 1.575827 14
1726793060045 0.747726 14
1726793060142 2.079187 14
1726793060242 1.308967 14
1726793060338 0.57497 14
1726793060435 1.452779 14
1726793060533 1.315515 16
1726793060632 2.039952 16
1726793060728 1.266554 16
1726793060826 0.921146 16
1726793060921 3.289188 16
1726793064583 2.705277 0
1726793064684 1.635312 0
1726793064778 0.450922 0
1726793064873 0.369755 0
1726793064970 4.44637 0
1726793065089 0.835627 0
1726793065193 1.048568 0
1726793065291 0.801336 0
1726793065387 4.941411 0
1726793065485 1.152051 0
1726793065587 0.989914 3
1726793065687 0.514631 3
1726793065783 1.161532 3
1726793065881 1.822707 3
1726793065981 7.540337 3
1726793066080 1.55691 3
1726793066176 0.652298 3
1726793066276 1.073934 3
1726793066372 1.965365 3
1726793066472 9.020653 3
1726793066569 2.736385 6
1726793066664 10.790283 6
1726793066759 0.230727 6
1726793066855 20.455605 6
1726793066950 0.78921 6
1726793067046 1.465318 6
1726793067140 0.715985 6
1726793067248 2.748405 6
1726793067349 4.706929 6
1726793067444 3.722459 6
1726793067543 0.525006 9
1726793067642 0.769871 9
1726793067739 0.679811 9
1726793067837 0.553858 9
1726793067933 1.929304 9
1726793068030 3.086494 9
1726793068134 0.316254 9
1726793068232 1.212093 9
1726793068330 3.782145 9
1726793068428 3.778182 9
1726793068527 2.127259 12
1726793068624 1.271743 12
1726793068720 0.382984 12
1726793068816 5.009993 12
1726793068910 0.703671 12
1726793069009 0.773547 12
1726793069105 0.379101 12
1726793069201 2.010673 12
1726793069296 1.370403 12
1726793069392 0.915834 12
1726793069487 1.620464 15
1726793069588 1.760769 15
1726793069687 13.537059 15
1726793069784 2.247814 15
1726793069880 1.975192 15
1726793069976 0.533456 15
1726793070072 2.532167 15
1726793070168 1.158479 15
1726793070266 1.671692 15
1726793070368 1.070782 15
1726793070463 1.405575 18
1726793070557 0.482328 18
1726793070654 1.53434 18
1726793070750 7.777808 18
1726793070844 0.480456 18
1726793070940 0.526076 18
1726793071035 0.788464 18
1726793071130 2.859001 18
1726793071228 1.821167 18
1726793071326 2.722275 18
1726793071422 2.35013 21
1726793071517 0.94786 21
1726793071614 1.424243 21
1726793071712 3.703874 21
1726793071809 24.809544 21
1726793071907 1.012427 21
1726793072001 1.621166 21
1726793072096 31.793821 21
1726793072192 0.487298 21
1726793072288 4.084494 21
1726793072386 2.444499 24
1726793072485 16.394386 24
1726793072583 0.958291 24
1726793072678 9.990916 24
1726793072774 2.898008 24
1726793076388 3.37727 0
1726793076485 17.050406 0
1726793076578 0.801112 0
1726793076672 0.408035 0
1726793076767 4.684948 0
1726793076862 0.785648 0
1726793076957 0.941774 0
1726793077053 0.808725 0
1726793077149 1.058066 0
1726793077245 0.987125 0
1726793077342 3.473008 4
1726793077442 0.884652 4
1726793077539 0.729108 4
1726793077634 1.206646 4
1726793077729 2.719546 4
1726793077834 1.398871 4
1726793077930 0.919985 4
1726793078026 2.494627 4
1726793078123 1.90163 4
1726793078218 1.282526 4
1726793078314 3.078181 8
1726793078410 18.082008 8
1726793078505 0.336869 8
1726793078601 6.952123 8
1726793078697 0.614596 8
1726793078792 2.589989 8
1726793078892 0.648677 8
1726793078989 2.007552 8
1726793079086 0.948181 8
1726793079185 3.452317 8
1726793079283 0.53501 12
1726793079378 0.807271 12
1726793079476 3.697457 12
1726793079570 1.098433 12
1726793079667 1.649395 12
1726793079762 2.214411 12
1726793079868 0.365607 12
1726793079966 6.637714 12
1726793080062 2.836164 12
1726793080161 19.350512 12
1726793080258 2.304362 16
1726793080355 0.501371 16
1726793080455 0.359132 16
1726793080552 1.060783 16
1726793080649 0.945277 16
1726793080745 0.494792 16
1726793080842 0.342176 16
1726793080937 94.955559 16
1726793081033 0.795507 16
1726793081129 0.696387 16
1726793081227 5.272448 20
1726793081325 1.365343 20
1726793081424 3.404268 20
1726793081522 2.263201 20
1726793081617 1.963393 20
1726793081717 0.566607 20
1726793081814 1.619302 20
1726793081919 1.049997 20
1726793082017 4.583777 20
1726793082113 1.206153 20
1726793082211 2.173462 24
1726793082308 0.522129 24
1726793082407 21.646538 24
1726793082505 1.226454 24
1726793082601 0.592424 24
1726793082699 0.547915 24
1726793082796 0.825127 24
1726793082892 2.636014 24
1726793082991 5.647547 24
1726793083091 1.675856 24
1726793083189 1.890985 28
1726793083289 0.788813 28
1726793083385 1.358328 28
1726793083482 6.666286 28
1726793083579 1.450757 28
1726793083678 0.750055 28
1726793083776 1.099099 28
1726793083872 1.096466 28
1726793083977 0.447196 28
1726793084074 1.559287 28
1726793084175 1.17834 32
1726793084274 2.331179 32
1726793084370 0.827156 32
1726793084467 1.162142 32
1726793084564 2.025426 32
1726793088190 2.026105 0
1726793088292 1.165043 0
1726793088388 1.328922 0
1726793088489 0.390664 0
1726793088585 4.628169 0
1726793088681 2.01399 0
1726793088777 1.655591 0
1726793088874 0.866924 0
1726793088970 1.289607 0
1726793089070 2.749473 0
1726793089167 1.033062 5
1726793089271 0.326695 5
1726793089369 0.654269 5
1726793089467 0.744606 5
1726793089563 2.680153 5
1726793089658 1.745636 5
1726793089756 0.590551 5
1726793089852 0.636908 5
1726793089950 1.717355 5
1726793090050 1.392833 5
1726793090150 16.026342 10
1726793090246 4.036042 10
1726793090342 0.432596 10
1726793090437 6.003208 10
1726793090533 0.851778 10
1726793090629 1.950802 10
1726793090724 0.713801 10
1726793090825 1.950002 10
1726793090922 1.274071 10
1726793091017 3.76135 10
1726793091113 0.503547 15
1726793091208 0.639196 15
1726793091305 3.37216 15
1726793091400 0.848196 15
1726793091498 2.034783 15
1726793091599 1.909035 15
1726793091702 0.318202 15
1726793091800 4.269123 15
1726793091897 14.495245 15
1726793091997 48.609779 15
1726793092099 1.318903 20
1726793092196 0.601553 20
1726793092292 0.389378 20
1726793092398 0.974732 20
1726793092502 0.905865 20
1726793092602 0.603629 20
1726793092700 0.348726 20
1726793092801 1.492229 20
1726793092897 0.760284 20
1726793092992 0.649803 20
1726793093088 6.810658 25
1726793093184 1.285544 25
1726793093294 78.846588 25
1726793093393 1.830785 25
1726793093492 25.506903 25
1726793093589 0.632162 25
1726793093685 2.873559 25
1726793093781 2.990334 25
1726793093880 1.370521 25
1726793093975 1.542493 25
1726793094071 2.92083 30
1726793094174 0.619562 30
1726793094271 5.839964 30
1726793094368 1.526981 30
1726793094463 1.614411 30
1726793094559 0.589164 30
1726793094655 0.747869 30
1726793094750 1.844233 30
1726793094846 3.216534 30
1726793094942 5.156571 30
1726793095039 2.260385 35
1726793095136 0.585281 35
1726793095234 1.171267 35
1726793095331 4.343162 35
1726793095427 5.510847 35
1726793095524 0.603366 35
1726793095621 1.250506 35
1726793095717 1.13558 35
1726793095812 0.445722 35
1726793095910 1.348467 35
1726793096007 1.074686 40
1726793096103 4.758367 40
1726793096207 0.767162 40
1726793096304 1.223338 40
1726793096403 1.97723 40
1726793100179 1.979487 0
1726793100286 1.06129 0
1726793100383 0.877129 0
1726793100478 0.379786 0
1726793100576 2.640502 0
1726793100671 4.384516 0
1726793100768 1.407255 0
1726793100867 1.514862 0
1726793100963 1.674922 0
1726793101061 1.824097 0
1726793101158 1.159764 6
1726793101259 0.46144 6
1726793101356 0.650465 6
1726793101452 0.700801 6
1726793101552 3.86324 6
1726793101650 4.864712 6
1726793101749 0.512419 6
1726793101846 0.544729 6
1726793101942 1.268433 6
1726793102042 1.088772 6
1726793102139 2.959871 12
1726793102235 3.835543 12
1726793102339 0.322268 12
1726793102436 8.381949 12
1726793102535 0.721598 12
1726793102634 1.61783 12
1726793102729 0.718831 12
1726793102829 1.520343 12
1726793102925 1.203192 12
1726793103022 4.453124 12
1726793103118 0.453915 18
1726793103216 0.676263 18
1726793103314 1.423092 18
1726793103411 1.238579 18
1726793103508 2.714146 18
1726793103609 3.018431 18
1726793103708 0.313961 18
1726793103808 286.753784 18
1726793103905 2.601059 18
1726793104004 1.735141 18
1726793104101 1.82899 24
1726793104197 0.541142 24
1726793104292 0.373813 24
1726793104397 1.060941 24
1726793104494 0.882243 24
1726793104591 0.544706 24
1726793104687 0.331011 24
1726793104783 1.0196 24
1726793104878 0.733562 24
1726793104980 0.802874 24
1726793105077 21.69857 30
1726793105178 3.419528 30
1726793105276 3.640659 30
1726793105372 2.15535 30
1726793105469 2.299248 30
1726793105566 0.653765 30
1726793105662 2.470996 30
1726793105758 2.089752 30
1726793105854 1.35065 30
1726793105950 4.704146 30
1726793106046 2.150355 36
1726793106144 0.592844 36
1726793106241 9.404823 36
1726793106337 6.007277 36
1726793106440 0.822985 36
1726793106536 0.606288 36
1726793106634 0.774665 36
1726793106729 1.924969 36
1726793106825 3.78694 36
1726793106920 2.276986 36
1726793107017 3.474474 42
1726793107116 0.570149 42
1726793107217 1.304806 42
1726793107315 2.323901 42
1726793107411 1.548199 42
1726793107509 1.335572 42
1726793107604 2.02212 42
1726793107703 0.988922 42
1726793107802 0.427805 42
1726793107900 1.899258 42
1726793107996 0.671949 48
1726793108092 3.493898 48
1726793108186 0.762141 48
1726793108283 1.651653 48
1726793108380 1.865427 48
1726793111961 2.556275 0
1726793112058 1.406803 0
1726793112153 0.6341 0
1726793112256 0.420492 0
1726793112361 14.238156 0
1726793112463 1.609328 0
1726793112568 1.694554 0
1726793112666 0.954171 0
1726793112762 1.318975 0
1726793112860 2.815779 0
1726793112958 0.926209 7
1726793113058 0.393276 7
1726793113154 0.673434 7
1726793113252 0.841306 7
1726793113349 4.892557 7
1726793113447 1.879689 7
1726793113543 0.525284 7
1726793113637 0.483638 7
1726793113731 1.053149 7
1726793113824 1.216884 7
1726793113919 2.422048 14
1726793114015 47.87854 14
1726793114109 0.277154 14
1726793114204 3.56445 14
1726793114299 0.655594 14
1726793114394 1.632483 14
1726793114489 0.664146 14
1726793114592 2.385878 14
1726793114691 1.156607 14
1726793114790 4.536886 14
1726793114888 0.45308 21
1726793114984 0.58277 21
1726793115079 1.085277 21
1726793115176 0.857139 21
1726793115274 1.518002 21
1726793115371 1.86165 21
1726793115467 0.331704 21
1726793115564 4.86465 21
1726793115660 1.956507 21
1726793115757 2.184227 21
1726793115852 1.684876 28
1726793115949 0.586354 28
1726793116045 0.390223 28
1726793116141 18.473822 28
1726793116240 0.807718 28
1726793116336 0.521813 28
1726793116433 0.31555 28
1726793116529 1.063615 28
1726793116631 0.706536 28
1726793116732 0.680915 28
1726793116829 3.720574 35
1726793116926 1.499353 35
1726793117025 2.769313 35
1726793117122 1.308229 35
1726793117219 3.90477 35
1726793117318 0.65909 35
1726793117415 1.984722 35
1726793117515 4.55881 35
1726793117612 1.478296 35
1726793117710 1.208814 35
1726793117809 89.512222 42
1726793117905 0.58759 42
1726793118002 1.822127 42
1726793118103 4.748786 42
1726793118201 0.67829 42
1726793118301 0.584871 42
1726793118397 0.657503 42
1726793118492 1.619497 42
1726793118588 2.146851 42
1726793118692 3.897794 42
1726793118795 6.542676 49
1726793118893 0.513347 49
1726793118990 1.972383 49
1726793119085 2.463047 49
1726793119180 1.733455 49
1726793119276 0.738034 49
1726793119372 1.906402 49
1726793119467 1.19289 49
1726793119571 0.396601 49
1726793119670 19.235237 49
1726793119768 0.680159 56
1726793119866 3.04752 56
1726793119960 0.745006 56
1726793120060 1.713595 56
1726793120169 1.677076 56
1726793123737 2.449192 0
1726793123834 1.247612 0
1726793123931 0.608623 0
1726793124027 0.396517 0
1726793124125 31.345295 0
1726793124224 5.454295 0
1726793124319 1.344906 0
1726793124415 2.157527 0
1726793124510 1.327846 0
1726793124608 1.720918 0
1726793124704 0.87379 8
1726793124810 1.018152 8
1726793124908 0.673311 8
1726793125005 0.766503 8
1726793125100 1.625233 8
1726793125196 2.156033 8
1726793125292 0.568305 8
1726793125386 0.523654 8
1726793125485 0.97252 8
1726793125584 1.23487 8
1726793125688 2.147022 16
1726793125788 4.127369 16
1726793125885 0.216948 16
1726793125985 6.47731 16
1726793126081 0.653055 16
1726793126175 2.407847 16
1726793126270 0.632255 16
1726793126366 3.122542 16
1726793126462 0.94656 16
1726793126556 24.305662 16
1726793126651 0.469217 24
1726793126746 0.591428 24
1726793126845 3.787742 24
1726793126942 0.753364 24
1726793127039 4.062486 24
1726793127134 8.632144 24
1726793127229 0.318046 24
1726793127325 11.518846 24
1726793127420 3.364935 24
1726793127513 4.760789 24
1726793127608 1.479248 32
1726793127703 0.645553 32
1726793127797 0.363302 32
1726793127891 2.371357 32
1726793127984 1.395275 32
1726793128078 0.501024 32
1726793128173 0.300399 32
1726793128268 1.156605 32
1726793128361 0.672992 32
1726793128456 0.641812 32
1726793128550 3.931124 40
1726793128647 2.314564 40
1726793128742 5.060377 40
1726793128838 1.659415 40
1726793128942 2.665335 40
1726793129037 0.666938 40
1726793129131 2.622795 40
1726793129225 3.01711 40
1726793129320 2.514429 40
1726793129413 1.530363 40
1726793129506 2.244342 48
1726793129599 0.57033 48
1726793129693 1.846895 48
1726793129786 82.992485 48
1726793129880 0.609717 48
1726793129974 0.585886 48
1726793130067 0.647704 48
1726793130161 1.615357 48
1726793130257 6.573868 48
1726793130352 2.584455 48
1726793130446 2.041687 56
1726793130539 0.547195 56
1726793130634 2.155887 56
1726793130728 1.789242 56
1726793130820 1.671077 56
1726793130920 0.888545 56
1726793131017 1.761262 56
1726793131110 0.831212 56
1726793131205 0.432275 56
1726793131298 2.419565 56
1726793131395 0.885353 64
1726793131491 8.497877 64
1726793131586 0.740594 64
1726793131680 1.222226 64
1726793131774 1.423945 64
1726793135329 4.946572 0
1726793135432 3.241315 0
1726793135528 0.693635 0
1726793135625 0.390746 0
1726793135724 3.728976 0
1726793135823 2.274937 0
1726793135924 1.310888 0
1726793136022 1.379152 0
1726793136118 1.859709 0
1726793136217 16.466318 0
1726793136315 0.785822 9
1726793136417 1.493602 9
1726793136514 0.718015 9
1726793136610 0.826278 9
1726793136710 18.809258 9
1726793136808 4.514812 9
1726793136907 0.529745 9
1726793137006 0.498769 9
1726793137112 4.933624 9
1726793137208 1.140332 9
1726793137305 2.293226 18
1726793137400 2.527782 18
1726793137498 0.269159 18
1726793137594 2.91882 18
1726793137691 0.619241 18
1726793137788 1.489426 18
1726793137884 0.648092 18
1726793137979 1.936646 18
1726793138075 0.980316 18
1726793138170 8.205125 18
1726793138267 0.486111 27
1726793138364 0.597391 27
1726793138458 0.890791 27
1726793138554 0.696476 27
1726793138651 2.226254 27
1726793138747 12.794158 27
1726793138843 0.291561 27
1726793138938 841.521484 27
1726793139033 2.762102 27
1726793139137 2.774382 27
1726793139234 1.396353 36
1726793139330 0.603952 36
1726793139427 0.396798 36
1726793139528 1.141178 36
1726793139628 0.87133 36
1726793139724 0.502578 36
1726793139820 0.301973 36
1726793139916 1.117637 36
1726793140010 0.707109 36
1726793140106 0.614615 36
1726793140202 6.125141 45
1726793140297 1.275482 45
1726793140392 3.084712 45
1726793140486 1.265277 45
1726793140580 1.805086 45
1726793140675 0.687079 45
1726793140769 2.140116 45
1726793140864 0.994375 45
1726793140958 3.269819 45
1726793141052 1.153726 45
1726793141153 10.838866 54
1726793141250 0.579804 54
1726793141346 2.592026 54
1726793141443 1.659602 54
1726793141539 0.770724 54
1726793141636 0.589946 54
1726793141731 0.649141 54
1726793141826 3.090133 54
1726793141921 4.309658 54
1726793142014 3.157001 54
1726793142110 2.618952 63
1726793142209 0.556145 63
1726793142309 1.52265 63
1726793142405 3.305201 63
1726793142499 1.484271 63
1726793142594 0.672943 63
1726793142691 1.229265 63
1726793142785 1.01641 63
1726793142880 0.42291 63
1726793142974 1.381436 63
1726793143068 0.647123 72
1726793143162 3.574559 72
1726793143265 0.727637 72
1726793143361 1.480187 72
1726793143458 1.847892 72
1726793147010 8.994765 0
1726793147111 0.942111 0
1726793147208 0.609991 0
1726793147311 0.404157 0
1726793147412 2.80916 0
1726793147509 1.167011 0
1726793147606 6.38322 0
1726793147701 0.982292 0
1726793147799 3.451981 0
1726793147895 3.155495 0
1726793147991 1.637337 10
1726793148094 0.903623 10
1726793148192 0.712075 10
1726793148288 0.987 10
1726793148385 2.903237 10
1726793148485 3.045982 10
1726793148583 0.602731 10
1726793148689 0.592178 10
1726793148786 1.194534 10
1726793148883 1.284352 10
1726793148978 3.307842 20
1726793149075 8.971275 20
1726793149171 0.276719 20
1726793149268 31.941912 20
1726793149375 0.664366 20
1726793149472 2.367661 20
1726793149568 0.667273 20
1726793149666 1.537051 20
1726793149765 0.868723 20
1726793149862 6.824395 20
1726793149958 0.457364 30
1726793150056 0.537819 30
1726793150153 1.121638 30
1726793150262 0.734233 30
1726793150367 3.091219 30
1726793150464 5.287802 30
1726793150560 0.332875 30
1726793150657 6.661148 30
1726793150753 2.256351 30
1726793150850 1.831037 30
1726793150946 1.327861 40
1726793151041 0.585254 40
1726793151138 0.394955 40
1726793151233 1.143547 40
1726793151331 0.892525 40
1726793151437 0.568593 40
1726793151534 0.311624 40
1726793151631 1.138041 40
1726793151728 0.695682 40
1726793151825 0.55444 40
1726793151922 8.182185 50
1726793152018 4.913804 50
1726793152114 11.754107 50
1726793152211 2.624017 50
1726793152308 1.719944 50
1726793152405 0.679194 50
1726793152502 3.44868 50
1726793152602 0.946802 50
1726793152704 1.797336 50
1726793152803 0.772368 50
1726793152902 1.611258 60
1726793153000 0.606544 60
1726793153096 1.953792 60
1726793153192 9.192354 60
1726793153287 0.708272 60
1726793153384 0.577604 60
1726793153488 0.641657 60
1726793153584 1.766173 60
1726793153679 1.613061 60
1726793153775 4.869708 60
1726793153870 2.453785 70
1726793153965 0.53084 70
1726793154062 1.300455 70
1726793154158 3.11922 70
1726793154257 1.647449 70
1726793154353 0.627526 70
1726793154452 1.596771 70
1726793154550 0.867955 70
1726793154650 0.422043 70
1726793154747 1.437456 70
1726793154844 0.755343 80
1726793154943 2.147022 80
1726793155038 0.72267 80
1726793155138 1.17154 80
1726793155235 1.572494 80
