1726853047416 0.861829 0
1726853047578 1.678171 0
1726853047736 0.1929 0
1726853047888 0.244203 0
1726853048035 0.304974 0
1726853048178 0.217665 0
1726853048316 0.270718 0
1726853048452 0.243185 0
1726853048587 0.135069 0
1726853048724 0.230174 0
1726853048865 0.610431 1
1726853050410 0.568629 0
1726853050586 0.888883 0
1726853050745 0.208216 0
1726853050892 0.216293 0
1726853051033 0.254741 0
1726853051169 0.210313 0
1726853051303 0.256313 0
1726853051435 0.272316 0
1726853051567 0.14866 0
1726853051708 0.196887 0
1726853051853 0.605017 2
1726853053608 0.117397 0
1726853053795 1.168098 0
1726853053956 0.318119 0
1726853054102 0.267809 0
1726853054240 0.265085 0
1726853054378 0.297421 0
1726853054514 0.248832 0
1726853054654 0.274915 0
1726853054799 0.127136 0
1726853054940 0.298407 0
1726853055078 0.506788 3
1726853056624 0.605065 0
1726853056818 0.824946 0
1726853056992 0.201249 0
1726853057156 0.32175 0
1726853057316 0.279961 0
1726853057463 0.220256 0
1726853057605 0.231133 0
1726853057746 0.236036 0
1726853057884 0.204597 0
1726853058020 0.174119 0
1726853058151 0.57495 4
1726853059444 0.215219 0
1726853059626 0.674406 0
1726853059795 0.144012 0
1726853059963 0.159317 0
1726853060121 0.300743 0
1726853060271 0.202161 0
1726853060420 0.233405 0
1726853060563 0.234623 0
1726853060704 0.130078 0
1726853060844 0.174988 0
1726853060982 0.506868 5
1726853062432 0.235505 0
1726853062628 0.615316 0
1726853062794 0.15817 0
1726853062947 0.180237 0
1726853063091 0.239171 0
1726853063232 0.19386 0
1726853063371 0.256326 0
1726853063510 0.246232 0
1726853063647 0.113169 0
1726853063783 0.178307 0
1726853063918 0.455179 6
