1726892817937 0.0 0
1726892818056 10.0 0
1726892818173 20.0 0
1726892818293 30.0 0
1726892818411 40.0 0
1726892818531 50.0 0
1726892818648 60.0 0
1726892818765 70.0 0
1726892818886 80.0 0
1726892819010 90.0 0
1726892819128 100.0 1
1726892819248 110.0 1
1726892819370 120.0 1
1726892819499 130.0 1
1726892819622 140.0 1
1726892819740 150.0 1
1726892819859 160.0 1
1726892819977 170.0 1
1726892820096 180.0 1
1726892820217 190.0 1
1726892820337 200.0 2
1726892820455 210.0 2
1726892820575 220.0 2
1726892820696 230.0 2
1726892820817 240.0 2
1726892820936 250.0 2
1726892821059 260.0 2
1726892821180 270.0 2
1726892821301 280.0 2
1726892821423 290.0 2
1726892821550 300.0 3
1726892821671 310.0 3
1726892821792 320.0 3
1726892821910 330.0 3
1726892822028 340.0 3
1726892822146 350.0 3
1726892822263 360.0 3
1726892822384 370.0 3
1726892822501 380.0 3
1726892822621 390.0 3
1726892822740 400.0 4
1726892822869 410.0 4
1726892822989 420.0 4
1726892823106 430.0 4
1726892825388 0.0 0
1726892825510 10.0 0
1726892825637 20.0 0
1726892825756 30.0 0
1726892825874 40.0 0
1726892825995 50.0 0
1726892826114 60.0 0
1726892826233 70.0 0
1726892826352 80.0 0
1726892826470 90.0 0
1726892826592 100.0 2
1726892826711 110.0 2
1726892826834 120.0 2
1726892826956 130.0 2
1726892827078 140.0 2
1726892827195 150.0 2
1726892827315 160.0 2
1726892827432 170.0 2
1726892827555 180.0 2
1726892827684 190.0 2
1726892827810 200.0 4
1726892827932 210.0 4
1726892828054 220.0 4
1726892828172 230.0 4
1726892828289 240.0 4
1726892828409 250.0 4
1726892828529 260.0 4
1726892828649 270.0 4
1726892828765 280.0 4
1726892828888 290.0 4
1726892829010 300.0 6
1726892829128 310.0 6
1726892829244 320.0 6
1726892829361 330.0 6
1726892829477 340.0 6
1726892829595 350.0 6
1726892829724 360.0 6
1726892829846 370.0 6
1726892829965 380.0 6
1726892830084 390.0 6
1726892830201 400.0 8
1726892830320 410.0 8
1726892830442 420.0 8
1726892830563 430.0 8
1726892832667 0.0 0
1726892832786 10.0 0
1726892832901 20.0 0
1726892833021 30.0 0
1726892833139 40.0 0
1726892833261 50.0 0
1726892833382 60.0 0
1726892833501 70.0 0
1726892833621 80.0 0
1726892833743 90.0 0
1726892833869 100.0 3
1726892833998 110.0 3
1726892834115 120.0 3
1726892834235 130.0 3
1726892834354 140.0 3
1726892834474 150.0 3
1726892834592 160.0 3
1726892834711 170.0 3
1726892834832 180.0 3
1726892834957 190.0 3
1726892835080 200.0 6
1726892835199 210.0 6
1726892835316 220.0 6
1726892835434 230.0 6
1726892835551 240.0 6
1726892835671 250.0 6
1726892835793 260.0 6
1726892835919 270.0 6
1726892836040 280.0 6
1726892836160 290.0 6
1726892836279 300.0 9
1726892836400 310.0 9
1726892836518 320.0 9
1726892836635 330.0 9
1726892836757 340.0 9
1726892836875 350.0 9
1726892836998 360.0 9
1726892837120 370.0 9
1726892837239 380.0 9
1726892837357 390.0 9
1726892837474 400.0 12
1726892837592 410.0 12
1726892837711 420.0 12
1726892837831 430.0 12
1726892840036 0.0 0
1726892840157 10.0 0
1726892840282 20.0 0
1726892840401 30.0 0
1726892840520 40.0 0
1726892840638 50.0 0
1726892840760 60.0 0
1726892840885 70.0 0
1726892841005 80.0 0
1726892841129 90.0 0
1726892841251 100.0 4
1726892841369 110.0 4
1726892841487 120.0 4
1726892841603 130.0 4
1726892841721 140.0 4
1726892841839 150.0 4
1726892841964 160.0 4
1726892842086 170.0 4
1726892842207 180.0 4
1726892842331 190.0 4
1726892842451 200.0 8
1726892842570 210.0 8
1726892842687 220.0 8
1726892842805 230.0 8
1726892842923 240.0 8
1726892843051 250.0 8
1726892843177 260.0 8
1726892843300 270.0 8
1726892843418 280.0 8
1726892843539 290.0 8
1726892843660 300.0 12
1726892843778 310.0 12
1726892843897 320.0 12
1726892844023 330.0 12
1726892844140 340.0 12
1726892844261 350.0 12
1726892844381 360.0 12
1726892844498 370.0 12
1726892844615 380.0 12
1726892844731 390.0 12
1726892844850 400.0 16
1726892844969 410.0 16
1726892845088 420.0 16
1726892845207 430.0 16
