1726900132127 0.489129 0
1726900132269 0.350581 0
1726900132409 0.281949 0
1726900132559 0.234339 0
1726900132700 0.584445 0
1726900133262 0.235851 0
1726900133405 0.231635 0
1726900133544 0.167282 0
1726900133684 0.119893 0
1726900133824 0.369681 0
1726900134305 0.192426 0
1726900134448 0.192976 0
1726900134587 0.165768 0
1726900134727 0.110121 0
1726900134867 0.266544 0
1726900135344 0.198649 0
1726900135486 0.181363 0
1726900135626 0.171374 0
1726900135766 0.10785 0
1726900135905 0.246129 0
1726900136391 0.203315 0
1726900136532 0.178605 0
1726900136672 0.164243 0
1726900136812 0.103522 0
1726900136952 0.236098 0
1726900137443 0.181994 0
1726900137584 0.171713 0
1726900137723 0.163832 0
1726900137863 0.105697 0
1726900138002 0.219126 0
