1726848884945 58.116386 0
1726848885100 4.55909 0
1726848885249 8.653706 0
1726848885385 8.921606 0
1726848885521 2.421626 0
1726848885657 2.341562 0
1726848886735 2.873757 0
1726848886914 5.087351 0
1726848887090 2.168426 0
1726848887261 4.646945 0
1726848887422 12.20825 0
1726848887573 2.977972 0
1726848888291 0.822807 0
1726848888470 4.357125 0
1726848888629 0.424355 0
1726848888776 2.912552 0
1726848888918 6.486692 0
1726848889062 2.108023 0
1726848889748 1.48179 0
1726848889925 4.750372 0
1726848890097 15.230529 0
1726848890256 7.446696 0
1726848890411 1.580461 0
1726848890558 1.981922 0
1726848891215 1.435609 0
1726848891410 6.625967 0
1726848891576 0.372466 0
1726848891729 8.336397 0
1726848891876 3.413168 0
1726848892026 1.142156 0
1726848892820 2.858204 0
1726848893005 3.91455 0
1726848893183 0.976519 0
1726848893348 4.750246 0
1726848893495 3.711314 0
1726848893638 6.084895 0
1726848894422 1.039736 0
1726848894584 9.858235 0
1726848894750 1.242999 0
1726848894903 4.22408 0
1726848895048 1.853416 0
1726848895189 1.715636 0
