1726807509374 0.0 0
1726807509477 10.0 0
1726807509579 20.0 0
1726807509679 30.0 0
1726807509779 40.0 0
1726807509880 50.0 0
1726807509990 60.0 0
1726807510092 70.0 0
1726807510195 80.0 0
1726807510300 90.0 0
1726807510406 100.0 1
1726807510511 110.0 1
1726807510613 120.0 1
1726807510718 130.0 1
1726807510819 140.0 1
1726807510919 150.0 1
1726807511021 160.0 1
1726807511121 170.0 1
1726807511221 180.0 1
1726807511321 190.0 1
1726807511422 200.0 2
1726807511524 210.0 2
1726807511627 220.0 2
1726807511731 230.0 2
1726807511833 240.0 2
1726807511933 250.0 2
1726807512044 260.0 2
1726807512146 270.0 2
1726807512247 280.0 2
1726807512346 290.0 2
1726807512446 300.0 3
1726807512548 310.0 3
1726807512651 320.0 3
1726807512751 330.0 3
1726807512852 340.0 3
1726807512951 350.0 3
1726807513050 360.0 3
1726807513150 370.0 3
1726807513252 380.0 3
1726807513354 390.0 3
1726807513454 400.0 4
1726807513554 410.0 4
1726807513654 420.0 4
1726807513755 430.0 4
1726807513854 440.0 4
1726807513955 450.0 4
1726807514065 460.0 4
1726807516478 0.0 0
1726807516587 10.0 0
1726807516687 20.0 0
1726807516788 30.0 0
1726807516888 40.0 0
1726807516987 50.0 0
1726807517089 60.0 0
1726807517191 70.0 0
1726807517293 80.0 0
1726807517393 90.0 0
1726807517493 100.0 2
1726807517592 110.0 2
1726807517692 120.0 2
1726807517793 130.0 2
1726807517894 140.0 2
1726807517994 150.0 2
1726807518101 160.0 2
1726807518204 170.0 2
1726807518305 180.0 2
1726807518407 190.0 2
1726807518507 200.0 4
1726807518608 210.0 4
1726807518710 220.0 4
1726807518809 230.0 4
1726807518909 240.0 4
1726807519008 250.0 4
1726807519107 260.0 4
1726807519206 270.0 4
1726807519308 280.0 4
1726807519407 290.0 4
1726807519505 300.0 6
1726807519608 310.0 6
1726807519710 320.0 6
1726807519811 330.0 6
1726807519910 340.0 6
1726807520010 350.0 6
1726807520110 360.0 6
1726807520221 370.0 6
1726807520328 380.0 6
1726807520432 390.0 6
1726807520536 400.0 8
1726807520641 410.0 8
1726807520746 420.0 8
1726807520846 430.0 8
1726807520947 440.0 8
1726807521047 450.0 8
1726807521146 460.0 8
1726807523538 0.0 0
1726807523652 10.0 0
1726807523755 20.0 0
1726807523859 30.0 0
1726807523964 40.0 0
1726807524067 50.0 0
1726807524167 60.0 0
1726807524280 70.0 0
1726807524382 80.0 0
1726807524483 90.0 0
1726807524584 100.0 3
1726807524685 110.0 3
1726807524787 120.0 3
1726807524888 130.0 3
1726807524989 140.0 3
1726807525088 150.0 3
1726807525189 160.0 3
1726807525290 170.0 3
1726807525396 180.0 3
1726807525499 190.0 3
1726807525601 200.0 6
1726807525702 210.0 6
1726807525803 220.0 6
1726807525903 230.0 6
1726807526004 240.0 6
1726807526108 250.0 6
1726807526209 260.0 6
1726807526320 270.0 6
1726807526422 280.0 6
1726807526525 290.0 6
1726807526628 300.0 9
1726807526729 310.0 9
1726807526832 320.0 9
1726807526934 330.0 9
1726807527035 340.0 9
1726807527135 350.0 9
1726807527236 360.0 9
1726807527337 370.0 9
1726807527438 380.0 9
1726807527540 390.0 9
1726807527643 400.0 12
1726807527747 410.0 12
1726807527849 420.0 12
1726807527951 430.0 12
1726807528052 440.0 12
1726807528153 450.0 12
1726807528255 460.0 12
1726807530676 0.0 0
1726807530778 10.0 0
1726807530882 20.0 0
1726807530984 30.0 0
1726807531087 40.0 0
1726807531191 50.0 0
1726807531293 60.0 0
1726807531393 70.0 0
1726807531496 80.0 0
1726807531597 90.0 0
1726807531701 100.0 4
1726807531802 110.0 4
1726807531901 120.0 4
1726807532000 130.0 4
1726807532099 140.0 4
1726807532200 150.0 4
1726807532299 160.0 4
1726807532408 170.0 4
1726807532510 180.0 4
1726807532612 190.0 4
1726807532713 200.0 8
1726807532817 210.0 8
1726807532920 220.0 8
1726807533021 230.0 8
1726807533121 240.0 8
1726807533221 250.0 8
1726807533321 260.0 8
1726807533423 270.0 8
1726807533525 280.0 8
1726807533625 290.0 8
1726807533725 300.0 12
1726807533827 310.0 12
1726807533927 320.0 12
1726807534029 330.0 12
1726807534131 340.0 12
1726807534246 350.0 12
1726807534357 360.0 12
1726807534466 370.0 12
1726807534568 380.0 12
1726807534668 390.0 12
1726807534767 400.0 16
1726807534867 410.0 16
1726807534966 420.0 16
1726807535066 430.0 16
1726807535172 440.0 16
1726807535276 450.0 16
1726807535379 460.0 16
1726807537781 0.0 0
1726807537887 10.0 0
1726807537988 20.0 0
1726807538088 30.0 0
1726807538189 40.0 0
1726807538289 50.0 0
1726807538392 60.0 0
1726807538494 70.0 0
1726807538607 80.0 0
1726807538710 90.0 0
1726807538815 100.0 5
1726807538921 110.0 5
1726807539022 120.0 5
1726807539123 130.0 5
1726807539224 140.0 5
1726807539328 150.0 5
1726807539433 160.0 5
1726807539537 170.0 5
1726807539639 180.0 5
1726807539739 190.0 5
1726807539838 200.0 10
1726807539940 210.0 10
1726807540041 220.0 10
1726807540142 230.0 10
1726807540240 240.0 10
1726807540340 250.0 10
1726807540442 260.0 10
1726807540546 270.0 10
1726807540657 280.0 10
1726807540759 290.0 10
1726807540858 300.0 15
1726807540959 310.0 15
1726807541059 320.0 15
1726807541159 330.0 15
1726807541259 340.0 15
1726807541359 350.0 15
1726807541462 360.0 15
1726807541564 370.0 15
1726807541665 380.0 15
1726807541766 390.0 15
1726807541869 400.0 20
1726807541971 410.0 20
1726807542073 420.0 20
1726807542175 430.0 20
1726807542279 440.0 20
1726807542381 450.0 20
1726807542481 460.0 20
1726807544901 0.0 0
1726807545004 10.0 0
1726807545107 20.0 0
1726807545208 30.0 0
1726807545311 40.0 0
1726807545415 50.0 0
1726807545519 60.0 0
1726807545622 70.0 0
1726807545721 80.0 0
1726807545822 90.0 0
1726807545928 100.0 6
1726807546030 110.0 6
1726807546131 120.0 6
1726807546233 130.0 6
1726807546333 140.0 6
1726807546433 150.0 6
1726807546533 160.0 6
1726807546632 170.0 6
1726807546739 180.0 6
1726807546842 190.0 6
1726807546943 200.0 12
1726807547045 210.0 12
1726807547148 220.0 12
1726807547250 230.0 12
1726807547351 240.0 12
1726807547451 250.0 12
1726807547549 260.0 12
1726807547648 270.0 12
1726807547748 280.0 12
1726807547849 290.0 12
1726807547948 300.0 18
1726807548049 310.0 18
1726807548150 320.0 18
1726807548249 330.0 18
1726807548350 340.0 18
1726807548453 350.0 18
1726807548558 360.0 18
1726807548660 370.0 18
1726807548762 380.0 18
1726807548868 390.0 18
1726807548970 400.0 24
1726807549070 410.0 24
1726807549170 420.0 24
1726807549273 430.0 24
1726807549373 440.0 24
1726807549474 450.0 24
1726807549584 460.0 24
1726807551975 0.0 0
1726807552079 10.0 0
1726807552179 20.0 0
1726807552280 30.0 0
1726807552380 40.0 0
1726807552483 50.0 0
1726807552584 60.0 0
1726807552687 70.0 0
1726807552788 80.0 0
1726807552897 90.0 0
1726807553002 100.0 7
1726807553105 110.0 7
1726807553204 120.0 7
1726807553304 130.0 7
1726807553406 140.0 7
1726807553508 150.0 7
1726807553607 160.0 7
1726807553709 170.0 7
1726807553812 180.0 7
1726807553914 190.0 7
1726807554015 200.0 14
1726807554116 210.0 14
1726807554216 220.0 14
1726807554317 230.0 14
1726807554418 240.0 14
1726807554518 250.0 14
1726807554617 260.0 14
1726807554717 270.0 14
1726807554819 280.0 14
1726807554929 290.0 14
1726807555030 300.0 21
1726807555131 310.0 21
1726807555232 320.0 21
1726807555335 330.0 21
1726807555438 340.0 21
1726807555538 350.0 21
1726807555638 360.0 21
1726807555738 370.0 21
1726807555838 380.0 21
1726807555938 390.0 21
1726807556037 400.0 28
1726807556137 410.0 28
1726807556237 420.0 28
1726807556338 430.0 28
1726807556438 440.0 28
1726807556540 450.0 28
1726807556641 460.0 28
1726807559067 0.0 0
1726807559171 10.0 0
1726807559273 20.0 0
1726807559376 30.0 0
1726807559477 40.0 0
1726807559578 50.0 0
1726807559679 60.0 0
1726807559779 70.0 0
1726807559878 80.0 0
1726807559980 90.0 0
1726807560084 100.0 8
1726807560187 110.0 8
1726807560288 120.0 8
1726807560388 130.0 8
1726807560488 140.0 8
1726807560588 150.0 8
1726807560689 160.0 8
1726807560792 170.0 8
1726807560896 180.0 8
1726807561001 190.0 8
1726807561110 200.0 16
1726807561211 210.0 16
1726807561312 220.0 16
1726807561413 230.0 16
1726807561513 240.0 16
1726807561613 250.0 16
1726807561714 260.0 16
1726807561815 270.0 16
1726807561914 280.0 16
1726807562015 290.0 16
1726807562115 300.0 24
1726807562215 310.0 24
1726807562326 320.0 24
1726807562428 330.0 24
1726807562530 340.0 24
1726807562630 350.0 24
1726807562729 360.0 24
1726807562829 370.0 24
1726807562929 380.0 24
1726807563030 390.0 24
1726807563138 400.0 32
1726807563239 410.0 32
1726807563340 420.0 32
1726807563440 430.0 32
1726807563540 440.0 32
1726807563639 450.0 32
1726807563739 460.0 32
1726807566200 0.0 0
1726807566304 10.0 0
1726807566405 20.0 0
1726807566509 30.0 0
1726807566611 40.0 0
1726807566713 50.0 0
1726807566813 60.0 0
1726807566913 70.0 0
1726807567017 80.0 0
1726807567123 90.0 0
1726807567235 100.0 9
1726807567342 110.0 9
1726807567444 120.0 9
1726807567547 130.0 9
1726807567647 140.0 9
1726807567747 150.0 9
1726807567848 160.0 9
1726807567948 170.0 9
1726807568050 180.0 9
1726807568153 190.0 9
1726807568255 200.0 18
1726807568356 210.0 18
1726807568456 220.0 18
1726807568560 230.0 18
1726807568662 240.0 18
1726807568763 250.0 18
1726807568863 260.0 18
1726807568963 270.0 18
1726807569065 280.0 18
1726807569164 290.0 18
1726807569273 300.0 27
1726807569374 310.0 27
1726807569474 320.0 27
1726807569576 330.0 27
1726807569677 340.0 27
1726807569779 350.0 27
1726807569882 360.0 27
1726807569983 370.0 27
1726807570082 380.0 27
1726807570182 390.0 27
1726807570284 400.0 36
1726807570385 410.0 36
1726807570486 420.0 36
1726807570588 430.0 36
1726807570688 440.0 36
1726807570787 450.0 36
1726807570892 460.0 36
1726807573307 0.0 0
1726807573415 10.0 0
1726807573517 20.0 0
1726807573620 30.0 0
1726807573723 40.0 0
1726807573824 50.0 0
1726807573924 60.0 0
1726807574025 70.0 0
1726807574124 80.0 0
1726807574225 90.0 0
1726807574331 100.0 10
1726807574433 110.0 10
1726807574532 120.0 10
1726807574636 130.0 10
1726807574737 140.0 10
1726807574839 150.0 10
1726807574940 160.0 10
1726807575038 170.0 10
1726807575137 180.0 10
1726807575238 190.0 10
1726807575344 200.0 20
1726807575453 210.0 20
1726807575557 220.0 20
1726807575658 230.0 20
1726807575758 240.0 20
1726807575857 250.0 20
1726807575958 260.0 20
1726807576058 270.0 20
1726807576157 280.0 20
1726807576260 290.0 20
1726807576364 300.0 30
1726807576465 310.0 30
1726807576565 320.0 30
1726807576667 330.0 30
1726807576767 340.0 30
1726807576868 350.0 30
1726807576970 360.0 30
1726807577070 370.0 30
1726807577171 380.0 30
1726807577271 390.0 30
1726807577372 400.0 40
1726807577480 410.0 40
1726807577580 420.0 40
1726807577681 430.0 40
1726807577786 440.0 40
1726807577889 450.0 40
1726807577992 460.0 40
