1726888303684 17.491325 0
1726888303822 0.71073 0
1726888303961 1.113893 0
1726888304098 2.161931 0
1726888304235 3.864503 0
1726888304373 1.519141 0
1726888304511 1.498005 0
1726888304648 0.87996 0
1726888304785 1.260144 0
1726888304922 0.843157 0
1726888305061 0.643686 1
1726888305199 4.891968 1
1726888305338 0.420484 1
1726888305475 1.622793 1
1726888305612 0.756553 1
1726888305749 1.42423 1
1726888305886 0.474799 1
1726888306024 2.297075 1
1726888306161 0.937641 1
1726888306299 0.432373 1
1726888306437 0.593921 2
1726888306575 4.444381 2
1726888306712 0.401349 2
1726888306849 0.342073 2
1726888306986 0.639349 2
1726888308851 0.982715 0
1726888308994 1.03475 0
1726888309134 0.781652 0
1726888309271 2.159745 0
1726888309409 0.950027 0
1726888309549 0.73952 0
1726888309688 0.857375 0
1726888309825 1.730935 0
1726888309962 0.572737 0
1726888310100 0.783013 0
1726888310237 0.345856 2
1726888310374 1.523602 2
1726888310512 0.343483 2
1726888310648 0.612072 2
1726888310786 0.616409 2
1726888310923 1.423526 2
1726888311060 1.721348 2
1726888311199 2.282343 2
1726888311336 3.202751 2
1726888311476 0.604204 2
1726888311613 0.431967 4
1726888311751 4.741545 4
1726888311888 0.51158 4
1726888312037 0.475078 4
1726888312174 0.463453 4
1726888313971 1.561734 0
1726888314111 2.357574 0
1726888314251 1.033964 0
1726888314388 2.357279 0
1726888314526 0.881023 0
1726888314663 1.260325 0
1726888314799 1.10531 0
1726888314937 0.470407 0
1726888315073 3.742175 0
1726888315212 0.407695 0
1726888315350 0.324441 3
1726888315490 1.163495 3
1726888315629 0.325843 3
1726888315766 1.852663 3
1726888315905 0.95159 3
1726888316041 7.00975 3
1726888316179 0.98663 3
1726888316317 1.701067 3
1726888316454 1.806367 3
1726888316593 0.723088 3
1726888316730 0.554498 6
1726888316867 0.865642 6
1726888317004 0.694532 6
1726888317143 6.286336 6
1726888317282 0.435286 6
1726888319072 2.635888 0
1726888319212 0.554795 0
1726888319349 3.797289 0
1726888319486 2.27315 0
1726888319626 1.050883 0
1726888319763 1.233957 0
1726888319899 1.14063 0
1726888320036 0.594646 0
1726888320173 0.946162 0
1726888320310 0.51007 0
1726888320447 0.422264 4
1726888320585 2.54657 4
1726888320723 0.379188 4
1726888320860 1.256697 4
1726888321008 1.509328 4
1726888321146 0.888445 4
1726888321283 0.739381 4
1726888321422 2.213955 4
1726888321560 1.715483 4
1726888321699 0.619066 4
1726888321836 0.765987 8
1726888321974 2.269759 8
1726888322112 0.352728 8
1726888322249 0.429195 8
1726888322385 0.998989 8
