1726881687244 5.720531 0
1726881687368 25.597713 0
1726881687485 1.829287 0
1726881687601 9.532069 0
1726881687717 21.088108 0
1726881687831 21.123205 0
1726881687946 9.61949 0
1726881688065 7.119057 0
1726881688188 3.885606 0
1726881688302 8.190555 0
1726881688421 3.124217 1
1726881688545 2.964396 1
1726881688662 1.309894 1
1726881688777 1.117329 1
1726881688909 5.095131 1
1726881689027 0.592286 1
1726881689144 7.944734 1
1726881689264 3.205812 1
1726881689379 2.816035 1
1726881689497 5.053435 1
1726881689615 3.265618 2
1726881689731 1.808747 2
1726881689846 2.048119 2
1726881689962 0.661317 2
1726881690076 1.259493 2
1726881690192 0.333338 2
1726881690313 0.446522 2
1726881690429 1.279122 2
1726881690550 3.582006 2
1726881690673 0.34097 2
1726881690791 0.788811 3
1726881690910 3.046442 3
1726881691029 0.584952 3
1726881691143 0.969098 3
1726881691261 2.806594 3
1726881691377 0.670216 3
1726881691494 0.662943 3
1726881693393 0.919541 0
1726881693512 2.52167 0
1726881693632 1.803073 0
1726881693750 5.406821 0
1726881693867 5.209991 0
1726881693982 41.011833 0
1726881694101 5.462804 0
1726881694217 3.179461 0
1726881694333 2.78082 0
1726881694453 1.561257 0
1726881694570 3.171209 2
1726881694694 1.521172 2
1726881694811 0.645557 2
1726881694927 1.260393 2
1726881695044 1.281449 2
1726881695161 1.208092 2
1726881695275 3.755569 2
1726881695393 1.718374 2
1726881695510 4.550794 2
1726881695628 2.984006 2
1726881695746 1.494891 4
1726881695861 1.608727 4
1726881695975 2.496029 4
1726881696092 0.556078 4
1726881696208 1.158542 4
1726881696323 0.318708 4
1726881696442 0.460696 4
1726881696558 0.654573 4
1726881696676 3.166274 4
1726881696798 0.40062 4
1726881696915 0.61743 6
1726881697029 2.717601 6
1726881697150 0.733496 6
1726881697268 1.001518 6
1726881697385 2.57306 6
1726881697502 0.705871 6
1726881697618 0.388069 6
1726881699542 0.815797 0
1726881699663 0.785474 0
1726881699780 7.652328 0
1726881699897 3.191414 0
1726881700012 2.725797 0
1726881700130 7.336337 0
1726881700247 4.283298 0
1726881700362 6.204876 0
1726881700477 2.370924 0
1726881700593 3.905503 0
1726881700709 6.04787 3
1726881700836 0.582126 3
1726881700952 0.261588 3
1726881701065 1.658337 3
1726881701180 0.762459 3
1726881701299 2.984437 3
1726881701418 2.043201 3
1726881701533 1.724195 3
1726881701654 1.879577 3
1726881701772 3.311834 3
1726881701893 11.942504 6
1726881702016 11.593369 6
1726881702133 3.135943 6
1726881702249 0.522292 6
1726881702366 5.698511 6
1726881702482 0.36455 6
1726881702598 0.497638 6
1726881702716 0.60267 6
1726881702838 3.398987 6
1726881702957 0.304687 6
1726881703074 0.651848 9
1726881703194 2.201086 9
1726881703308 2.941517 9
1726881703424 4.680758 9
1726881703545 2.973766 9
1726881703665 1.105991 9
1726881703786 0.540684 9
1726881705667 6.211154 0
1726881705785 1.649849 0
1726881705901 1.290448 0
1726881706022 2.348638 0
1726881706137 3.832156 0
1726881706251 3.498346 0
1726881706369 3.801512 0
1726881706486 2.934338 0
1726881706600 4.684132 0
1726881706718 6.864977 0
1726881706837 2.266436 4
1726881706964 1.181453 4
1726881707082 0.270096 4
1726881707198 2.971643 4
1726881707313 3.708557 4
1726881707428 0.671423 4
1726881707543 0.548235 4
1726881707662 2.463844 4
1726881707778 7.231886 4
1726881707895 3.686326 4
1726881708014 2.711055 8
1726881708130 7.618045 8
1726881708249 3.983389 8
1726881708365 0.469916 8
1726881708481 4.402962 8
1726881708598 0.88137 8
1726881708714 1.637613 8
1726881708835 4.600429 8
1726881708959 2.786264 8
1726881709080 0.394199 8
1726881709199 1.371516 12
1726881709319 1.429584 12
1726881709438 1.076615 12
1726881709556 2.013017 12
1726881709673 2.090333 12
1726881709788 0.780036 12
1726881709908 0.360958 12
1726881711774 2.634789 0
1726881711893 2.073017 0
1726881712009 2.83186 0
1726881712129 1.995115 0
1726881712245 2.323727 0
1726881712363 10.88201 0
1726881712479 6.731336 0
1726881712598 3.071397 0
1726881712715 8.291247 0
1726881712834 4.627443 0
1726881712951 2.538447 5
1726881713075 2.576845 5
1726881713200 0.815006 5
1726881713319 0.895153 5
1726881713437 0.959199 5
1726881713553 1.595783 5
1726881713669 22.935993 5
1726881713783 2.819281 5
1726881713899 6.855136 5
1726881714015 23.524225 5
1726881714132 0.722277 10
1726881714251 1.034353 10
1726881714365 4.973363 10
1726881714481 5.541455 10
1726881714597 1.586484 10
1726881714714 0.338464 10
1726881714829 0.622763 10
1726881714944 1.102883 10
1726881715059 6.39357 10
1726881715188 0.302241 10
1726881715306 3.343151 15
1726881715421 2.324807 15
1726881715536 1.117954 15
1726881715651 1.84198 15
1726881715766 1.33358 15
1726881715882 0.664156 15
1726881715998 0.352879 15
1726881717950 3.632077 0
1726881718067 1.734431 0
1726881718182 3.343607 0
1726881718300 1.703844 0
1726881718418 3.98565 0
1726881718533 12.444498 0
1726881718649 4.224337 0
1726881718763 4.120078 0
1726881718879 1.202353 0
1726881718997 2.086951 0
1726881719114 2.454705 6
1726881719239 2.353796 6
1726881719358 4.910072 6
1726881719475 0.974348 6
1726881719591 2.670152 6
1726881719707 3.906879 6
1726881719825 8.16094 6
1726881719958 2.000586 6
1726881720088 4.711098 6
1726881720219 5.204981 6
1726881720337 1.134198 12
1726881720458 1.663609 12
1726881720574 9.202336 12
1726881720692 1.755087 12
1726881720811 1.057422 12
1726881720926 0.343237 12
1726881721041 0.671617 12
1726881721158 0.871437 12
1726881721282 58.196739 12
1726881721410 0.300467 12
1726881721527 0.734772 18
1726881721642 1.462918 18
1726881721758 1.074014 18
1726881721873 1.770926 18
1726881721992 11.849976 18
1726881722110 0.711812 18
1726881722226 0.349304 18
1726881724285 1.620809 0
1726881724404 9.449429 0
1726881724523 4.298116 0
1726881724640 1.911192 0
1726881724758 2.169958 0
1726881724876 21.645988 0
1726881724993 20.208672 0
1726881725108 5.80765 0
1726881725225 1.124419 0
1726881725353 2.084349 0
1726881725471 13.23325 7
1726881725594 1.69331 7
1726881725715 2.201106 7
1726881725831 1.241098 7
1726881725948 2.52136 7
1726881726065 1.8344 7
1726881726181 2.005293 7
1726881726298 1.644106 7
1726881726415 3.099544 7
1726881726533 11.929518 7
1726881726654 1.410741 14
1726881726771 9.36014 14
1726881726890 1.765926 14
1726881727011 0.891446 14
1726881727127 0.974891 14
1726881727243 0.339519 14
1726881727360 0.732276 14
1726881727486 1.167607 14
1726881727603 7.773763 14
1726881727723 0.294425 14
1726881727841 0.719906 21
1726881727957 1.966362 21
1726881728073 1.021168 21
1726881728189 1.616576 21
1726881728305 1.674006 21
1726881728420 0.692655 21
1726881728535 0.336535 21
1726881730391 4.412351 0
1726881730508 1.859648 0
1726881730623 2.437791 0
1726881730746 4.123582 0
1726881730862 2.81708 0
1726881730979 15.177091 0
1726881731094 8.961101 0
1726881731210 2.940869 0
1726881731327 1.235714 0
1726881731448 5.198741 0
1726881731569 2.212362 8
1726881731683 1.425306 8
1726881731804 0.543 8
1726881731923 1.078521 8
1726881732040 1.892769 8
1726881732157 2.138895 8
1726881732273 27.789364 8
1726881732390 2.27766 8
1726881732509 6.562236 8
1726881732626 2.752406 8
1726881732741 1.482066 16
1726881732861 3.015297 16
1726881732982 1.88118 16
1726881733098 0.712452 16
1726881733214 1.460099 16
1726881733331 0.34625 16
1726881733446 0.720007 16
1726881733570 2.384509 16
1726881733690 7.235308 16
1726881733808 0.300525 16
1726881733932 0.923137 24
1726881734051 1.378178 24
1726881734167 2.812896 24
1726881734282 3.102242 24
1726881734396 1.947697 24
1726881734510 0.709417 24
1726881734624 0.351929 24
1726881736557 3.61323 0
1726881736674 1.562514 0
1726881736789 3.897293 0
1726881736905 1.881043 0
1726881737025 2.237836 0
1726881737141 4.361573 0
1726881737255 5.681749 0
1726881737374 5.452618 0
1726881737490 0.969704 0
1726881737616 2.794232 0
1726881737736 2.221782 9
1726881737855 2.088196 9
1726881737978 0.487206 9
1726881738096 11.792822 9
1726881738210 1.193319 9
1726881738329 2.146397 9
1726881738446 22.960442 9
1726881738561 14.080469 9
1726881738677 3.152931 9
1726881738793 3.80121 9
1726881738919 1.677622 18
1726881739039 1.829096 18
1726881739155 2.349146 18
1726881739271 0.913034 18
1726881739387 0.986637 18
1726881739503 0.374733 18
1726881739621 0.82414 18
1726881739740 2.021389 18
1726881739854 5.733247 18
1726881739973 0.303679 18
1726881740095 0.81483 27
1726881740212 1.376893 27
1726881740327 1.189018 27
1726881740443 2.050827 27
1726881740559 1.795739 27
1726881740675 0.692498 27
1726881740791 0.344426 27
1726881742757 6.442991 0
1726881742875 2.591472 0
1726881742989 2.074025 0
1726881743107 1.93479 0
1726881743226 11.877694 0
1726881743343 4.468322 0
1726881743458 6.667483 0
1726881743573 7.341914 0
1726881743689 0.980827 0
1726881743817 2.022123 0
1726881743933 7.361184 10
1726881744048 1.448478 10
1726881744170 0.694008 10
1726881744290 1.557593 10
1726881744406 7.103747 10
1726881744523 2.051174 10
1726881744639 3.554068 10
1726881744753 2.217444 10
1726881744872 3.727308 10
1726881744989 43.596138 10
1726881745105 1.823343 20
1726881745221 3.038039 20
1726881745339 1.5019 20
1726881745454 0.910638 20
1726881745568 1.237239 20
1726881745682 0.332483 20
1726881745805 0.715784 20
1726881745923 1.061494 20
1726881746040 3.419929 20
1726881746156 0.330082 20
1726881746276 0.814446 30
1726881746393 18.771921 30
1726881746507 0.903739 30
1726881746622 13.806595 30
1726881746738 1.64105 30
1726881746852 0.691865 30
1726881746967 0.34648 30
