1726820964540 0.479341 0
1726820964661 0.164361 0
1726820964784 0.5349 0
1726820964913 0.504417 0
1726820965051 0.464941 0
1726820965182 0.238714 0
1726820965309 1.748551 0
1726820965430 0.517155 0
1726820965550 0.309573 0
1726820965671 1.266195 0
1726820967364 0.218255 0
1726820967529 0.103082 0
1726820967653 0.387299 0
1726820967774 0.417938 0
1726820967903 0.418903 0
1726820968041 0.236344 0
1726820968184 0.983193 0
1726820968320 0.567948 0
1726820968445 0.521501 0
1726820968567 1.106814 0
1726820969771 0.122606 0
1726820969905 0.095969 0
1726820970032 0.407614 0
1726820970158 0.321242 0
1726820970281 0.373606 0
1726820970398 0.210909 0
1726820970517 1.04835 0
1726820970637 0.522415 0
1726820970759 0.389333 0
1726820970885 1.104812 0
1726820972055 0.194871 0
1726820972188 0.135385 0
1726820972317 0.393768 0
1726820972448 0.292644 0
1726820972574 0.387755 0
1726820972699 0.214978 0
1726820972830 1.012037 0
1726820972967 0.533157 0
1726820973101 0.443073 0
1726820973236 1.093303 0
1726820974338 0.088063 0
1726820974462 0.097205 0
1726820974588 0.376694 0
1726820974722 0.293722 0
1726820974857 0.381673 0
1726820974990 0.22036 0
1726820975121 1.003804 0
1726820975253 0.527671 0
1726820975689 0.392054 0
1726820975842 1.06603 0
1726820977085 0.101059 0
1726820977238 0.11787 0
1726820977358 0.375764 0
1726820977491 0.294085 0
1726820977634 0.380552 0
1726820977776 0.210824 0
1726820977910 1.008515 0
1726820978034 0.499519 0
1726820978150 0.355894 0
1726820978270 1.063179 0
1726820979397 0.087088 0
1726820979529 0.092148 0
1726820979653 0.381172 0
1726820979772 0.301307 0
1726820979888 0.410835 0
1726820980002 0.218526 0
1726820980121 1.009617 0
1726820980245 0.505993 0
1726820980373 0.370302 0
1726820980502 1.035715 0
