1726765284185 0.0 0
1726765284299 10.0 0
1726765284414 20.0 0
1726765284529 30.0 0
1726765284643 40.0 0
1726765284758 50.0 0
1726765284873 60.0 0
1726765284988 70.0 0
1726765285105 80.0 0
1726765285219 90.0 0
1726765285333 100.0 1
1726765286105 0.0 0
1726765286220 10.0 0
1726765286334 20.0 0
1726765286479 30.0 0
1726765286594 40.0 0
1726765286708 50.0 0
1726765286823 60.0 0
1726765286939 70.0 0
1726765287053 80.0 0
1726765287168 90.0 0
1726765287283 100.0 2
1726765288041 0.0 0
1726765288155 10.0 0
1726765288270 20.0 0
1726765288384 30.0 0
1726765288499 40.0 0
1726765288613 50.0 0
1726765288728 60.0 0
1726765288843 70.0 0
1726765288957 80.0 0
1726765289072 90.0 0
1726765289187 100.0 3
1726765289941 0.0 0
1726765290055 10.0 0
1726765290171 20.0 0
1726765290285 30.0 0
1726765290406 40.0 0
1726765290521 50.0 0
1726765290638 60.0 0
1726765290753 70.0 0
1726765290868 80.0 0
1726765290983 90.0 0
1726765291098 100.0 4
1726765291854 0.0 0
1726765291969 10.0 0
1726765292084 20.0 0
1726765292199 30.0 0
1726765292314 40.0 0
1726765292429 50.0 0
1726765292544 60.0 0
1726765292659 70.0 0
1726765292774 80.0 0
1726765292889 90.0 0
1726765293003 100.0 5
