1726749923702 0.533116 0
1726749923839 0.174873 0
1726749923929 0.129954 0
1726749924013 0.231948 0
1726749924097 0.413459 0
1726749924183 1.009911 0
1726749924283 0.39381 0
1726749924394 0.228755 0
1726749924505 0.588315 0
1726749924606 0.349376 0
1726749924706 0.183537 1
1726749924805 0.20884 1
1726749924902 2.083472 1
1726749924998 2.244556 1
1726749925096 0.509428 1
1726749925193 0.329725 1
1726749925289 0.429124 1
1726749925385 4.573888 1
1726749925480 0.795445 1
1726749925577 0.598578 1
1726749927406 0.202499 0
1726749927539 0.174277 0
1726749927637 0.141286 0
1726749927734 0.187912 0
1726749927833 0.199086 0
1726749927931 0.59647 0
1726749928034 0.40928 0
1726749928136 0.24498 0
1726749928235 0.456772 0
1726749928335 0.445047 0
1726749928428 0.195662 2
1726749928524 0.224111 2
1726749928621 1.412151 2
1726749928721 1.317933 2
1726749928827 0.531727 2
1726749928930 0.342091 2
1726749929031 0.432992 2
1726749929134 3.670835 2
1726749929228 0.790091 2
1726749929319 0.495037 2
1726749931027 0.127002 0
1726749931135 0.149985 0
1726749931228 0.140105 0
1726749931328 0.183083 0
1726749931427 0.193809 0
1726749931525 0.634298 0
1726749931620 0.194947 0
1726749931713 0.243681 0
1726749931807 0.526871 0
1726749931899 0.448035 0
1726749931994 0.169088 3
1726749932087 0.19855 3
1726749932185 1.330133 3
1726749932286 1.265327 3
1726749932391 0.536398 3
1726749932493 0.352152 3
1726749932590 0.423508 3
1726749932683 3.517447 3
1726749932771 0.744945 3
1726749932857 0.437384 3
1726749934610 0.131836 0
1726749934725 0.125005 0
1726749934819 0.139829 0
1726749934919 0.196527 0
1726749935022 0.202646 0
1726749935125 0.678919 0
1726749935220 0.172688 0
1726749935306 0.227323 0
1726749935391 0.522832 0
1726749935477 0.440916 0
1726749935566 0.163154 4
1726749935657 0.182261 4
1726749935752 1.310739 4
1726749935850 1.269419 4
1726749935943 0.523905 4
1726749936034 0.360673 4
1726749936126 0.40951 4
1726749936221 3.155046 4
1726749936318 0.719705 4
1726749936417 0.367028 4
1726749938072 0.086734 0
1726749938198 0.132071 0
1726749938303 0.152692 0
1726749938411 0.188258 0
1726749938521 0.182958 0
1726749938631 0.649671 0
1726749938744 0.155888 0
1726749938866 0.229385 0
1726749938992 0.574854 0
1726749939127 0.442295 0
1726749939242 0.172138 5
1726749939339 0.183634 5
1726749939427 1.310396 5
1726749939516 1.393904 5
1726749939606 0.505329 5
1726749939697 0.361353 5
1726749939789 0.400893 5
1726749939889 2.921041 5
1726749940002 0.642898 5
1726749940108 0.354467 5
1726749941761 0.107333 0
1726749941865 0.122112 0
1726749941963 0.152031 0
1726749942061 0.192619 0
1726749942162 0.178387 0
1726749942261 0.600509 0
1726749942357 0.152789 0
1726749942452 0.23418 0
1726749942549 0.62239 0
1726749942645 0.399533 0
1726749942744 0.163829 6
1726749942845 0.186802 6
1726749942953 1.328532 6
1726749943059 1.3657 6
1726749943154 0.493855 6
1726749943244 0.357198 6
1726749943340 0.385299 6
1726749943431 2.825068 6
1726749943528 0.712721 6
1726749943631 0.322599 6
1726749945482 0.10309 0
1726749945610 0.113026 0
1726749945716 0.144079 0
1726749945828 0.192302 0
1726749945936 0.176447 0
1726749946041 0.647635 0
1726749946148 0.14461 0
1726749946254 0.230373 0
1726749946361 0.62416 0
1726749946461 0.378787 0
1726749946558 0.174071 7
1726749946669 0.204343 7
1726749946760 1.289682 7
1726749946847 1.409768 7
1726749946938 0.480546 7
1726749947024 0.38698 7
1726749947117 0.398362 7
1726749947221 2.952397 7
1726749947336 0.57841 7
1726749947457 0.326947 7
1726749949455 0.10661 0
1726749949594 0.120861 0
1726749949685 0.150225 0
1726749949782 0.195499 0
1726749949883 0.185083 0
1726749949980 0.652967 0
1726749950074 0.14626 0
1726749950168 0.233113 0
1726749950269 0.62415 0
1726749950373 0.392275 0
1726749950472 0.176133 8
1726749950569 0.205837 8
1726749950669 1.305212 8
1726749950772 1.437074 8
1726749950876 0.478681 8
1726749950974 0.396989 8
1726749951076 0.395567 8
1726749951177 2.673107 8
1726749951281 0.593703 8
1726749951380 0.323335 8
1726749953169 0.107452 0
1726749953299 0.116302 0
1726749953390 0.151575 0
1726749953485 0.197817 0
1726749953589 0.186361 0
1726749953699 0.596988 0
1726749953800 0.148087 0
1726749953895 0.236546 0
1726749953986 0.634 0
1726749954080 0.391766 0
1726749954175 0.171664 9
1726749954271 0.206014 9
1726749954370 1.338473 9
1726749954470 1.517916 9
1726749954571 0.47476 9
1726749954677 0.37858 9
1726749954785 0.398286 9
1726749954889 2.73271 9
1726749955001 0.586994 9
1726749955108 0.316901 9
1726749956958 0.113122 0
1726749957066 0.107314 0
1726749957174 0.151136 0
1726749957284 0.193518 0
1726749957410 0.182872 0
1726749957548 0.577237 0
1726749957684 0.147436 0
1726749957816 0.228361 0
1726749957958 0.620156 0
1726749958086 0.384015 0
1726749958209 0.173969 10
1726749958339 0.205714 10
1726749958461 1.342228 10
1726749958588 1.454802 10
1726749958714 0.498385 10
1726749958823 0.374181 10
1726749958934 0.421795 10
1726749959042 2.620085 10
1726749959149 0.5693 10
1726749959261 0.307795 10
