1726887629137 25.568237 0
1726887629277 13.945884 0
1726887629415 14.846186 0
1726887629552 4.802293 0
1726887629690 14.556253 0
1726887629828 2.874535 0
1726887629965 7.513367 0
1726887630102 11.070857 0
1726887630242 10.604509 0
1726887630380 6.399971 0
1726887630519 7.307349 1
1726887631388 5.730944 0
1726887631526 2.965244 0
1726887631664 4.015432 0
1726887631802 9.939831 0
1726887631940 2.26698 0
1726887632078 2.25648 0
1726887632217 3.394488 0
1726887632356 0.810811 0
1726887632493 1.85076 0
1726887632630 0.792202 0
1726887632768 1.113881 2
1726887633639 2.530313 0
1726887633779 1.739121 0
1726887633917 1.513073 0
1726887634054 2.343578 0
1726887634190 2.401649 0
1726887634329 2.027162 0
1726887634466 3.792602 0
1726887634603 2.823662 0
1726887634740 1.476013 0
1726887634876 1.308841 0
1726887635012 1.130376 3
1726887635929 8.765772 0
1726887636067 1.889413 0
1726887636204 1.969259 0
1726887636344 8.121199 0
1726887636481 1.713306 0
1726887636619 4.539058 0
1726887636756 7.541581 0
1726887636894 4.854284 0
1726887637031 1.737755 0
1726887637168 5.603603 0
1726887637306 0.98419 4
1726887638183 2.192945 0
1726887638321 5.123036 0
1726887638460 2.962619 0
1726887638597 5.007051 0
1726887638734 2.072047 0
1726887638871 2.925319 0
1726887639008 3.809147 0
1726887639145 2.183714 0
1726887639281 2.31227 0
1726887639418 1.616857 0
1726887639555 0.762127 5
1726887640441 2.21487 0
1726887640579 3.288963 0
1726887640716 2.529397 0
1726887640853 107.550995 0
1726887640990 1.66081 0
1726887641126 2.939169 0
1726887641263 3.110314 0
1726887641400 2.244333 0
1726887641538 2.843243 0
1726887641674 1.386798 0
1726887641811 0.743443 6
1726887642688 2.400156 0
1726887642825 2.656478 0
1726887642962 2.427 0
1726887643103 4.311124 0
1726887643241 1.561807 0
1726887643377 3.20791 0
1726887643514 2.827567 0
1726887643651 2.367635 0
1726887643787 3.366895 0
1726887643926 1.27788 0
1726887644064 0.734451 7
1726887644946 1.993148 0
1726887645085 2.450818 0
1726887645221 2.405016 0
1726887645358 4.027186 0
1726887645495 1.528479 0
1726887645631 3.604186 0
1726887645768 3.173258 0
1726887645904 2.375702 0
1726887646042 3.55975 0
1726887646179 1.480186 0
1726887646317 0.737441 8
1726887647196 2.383944 0
1726887647335 2.443005 0
1726887647472 2.550945 0
1726887647609 3.991343 0
1726887647746 1.548946 0
1726887647882 3.56124 0
1726887648020 2.764493 0
1726887648157 2.402948 0
1726887648294 3.547975 0
1726887648430 1.247664 0
1726887648567 0.728168 9
