1726765498842 0.0 0
1726765498957 10.0 0
1726765499079 20.0 0
1726765499195 30.0 0
1726765499309 40.0 0
1726765499424 50.0 0
1726765499538 60.0 0
1726765499653 70.0 0
1726765499768 80.0 0
1726765499883 90.0 0
1726765499997 100.0 1
1726765500112 110.0 1
1726765500896 0.0 0
1726765501010 10.0 0
1726765501125 20.0 0
1726765501241 30.0 0
1726765501356 40.0 0
1726765501471 50.0 0
1726765501585 60.0 0
1726765501700 70.0 0
1726765501815 80.0 0
1726765501930 90.0 0
1726765502045 100.0 2
1726765502160 110.0 2
1726765502912 0.0 0
1726765503026 10.0 0
1726765503141 20.0 0
1726765503256 30.0 0
1726765503371 40.0 0
1726765503486 50.0 0
1726765503600 60.0 0
1726765503716 70.0 0
1726765503831 80.0 0
1726765503945 90.0 0
1726765504060 100.0 3
1726765504175 110.0 3
1726765504926 0.0 0
1726765505041 10.0 0
1726765505156 20.0 0
1726765505271 30.0 0
1726765505385 40.0 0
1726765505500 50.0 0
1726765505615 60.0 0
1726765505730 70.0 0
1726765505845 80.0 0
1726765505960 90.0 0
1726765506075 100.0 4
1726765506190 110.0 4
1726765506940 0.0 0
1726765507054 10.0 0
1726765507169 20.0 0
1726765507285 30.0 0
1726765507399 40.0 0
1726765507514 50.0 0
1726765507629 60.0 0
1726765507744 70.0 0
1726765507859 80.0 0
1726765507974 90.0 0
1726765508089 100.0 5
1726765508204 110.0 5
1726765508957 0.0 0
1726765509071 10.0 0
1726765509185 20.0 0
1726765509300 30.0 0
1726765509415 40.0 0
1726765509530 50.0 0
1726765509644 60.0 0
1726765509759 70.0 0
1726765509875 80.0 0
1726765509989 90.0 0
1726765510105 100.0 6
1726765510220 110.0 6
1726765510971 0.0 0
1726765511084 10.0 0
1726765511199 20.0 0
1726765511314 30.0 0
1726765511429 40.0 0
1726765511544 50.0 0
1726765511659 60.0 0
1726765511777 70.0 0
1726765511893 80.0 0
1726765512008 90.0 0
1726765512123 100.0 7
1726765512238 110.0 7
1726765512989 0.0 0
1726765513104 10.0 0
1726765513219 20.0 0
1726765513333 30.0 0
1726765513448 40.0 0
1726765513562 50.0 0
1726765513677 60.0 0
1726765513792 70.0 0
1726765513907 80.0 0
1726765514021 90.0 0
1726765514137 100.0 8
1726765514252 110.0 8
1726765515005 0.0 0
1726765515119 10.0 0
1726765515234 20.0 0
1726765515349 30.0 0
1726765515465 40.0 0
1726765515580 50.0 0
1726765515696 60.0 0
1726765515811 70.0 0
1726765515925 80.0 0
1726765516041 90.0 0
1726765516156 100.0 9
1726765516271 110.0 9
1726765517024 0.0 0
1726765517138 10.0 0
1726765517254 20.0 0
1726765517369 30.0 0
1726765517484 40.0 0
1726765517598 50.0 0
1726765517713 60.0 0
1726765517828 70.0 0
1726765517942 80.0 0
1726765518059 90.0 0
1726765518174 100.0 10
1726765518289 110.0 10
