1726765498845 0.54139 0
1726765498960 0.098502 0
1726765499083 0.568249 0
1726765499198 0.329172 0
1726765499313 0.493618 0
1726765499427 0.507809 0
1726765499542 0.444308 0
1726765499656 0.568735 0
1726765499772 0.229954 0
1726765499886 0.491358 0
1726765500001 0.564593 1
1726765500116 0.379669 1
1726765500900 0.357531 0
1726765501013 0.099154 0
1726765501129 0.329087 0
1726765501245 0.309939 0
1726765501359 0.388574 0
1726765501474 0.268865 0
1726765501589 0.422646 0
1726765501704 1.161475 0
1726765501818 0.427839 0
1726765501933 0.713443 0
1726765502048 0.26767 2
1726765502163 0.372358 2
1726765502915 0.312539 0
1726765503030 0.094226 0
1726765503145 0.952974 0
1726765503259 0.332813 0
1726765503374 0.449245 0
1726765503489 0.330218 0
1726765503604 0.451676 0
1726765503719 0.742552 0
1726765503834 0.190185 0
1726765503948 0.617857 0
1726765504063 0.191123 3
1726765504178 0.319089 3
1726765504929 0.264861 0
1726765505044 0.352023 0
1726765505159 0.50696 0
1726765505274 0.427359 0
1726765505389 0.432462 0
1726765505504 0.264924 0
1726765505618 0.450093 0
1726765505734 0.458897 0
1726765505848 0.177872 0
1726765505964 0.407203 0
1726765506078 0.194025 4
1726765506193 0.291257 4
1726765506943 0.132199 0
1726765507058 0.093741 0
1726765507173 0.376759 0
1726765507288 0.342311 0
1726765507403 0.404259 0
1726765507517 0.305619 0
1726765507633 0.497614 0
1726765507747 0.42415 0
1726765507863 0.17413 0
1726765507977 0.424825 0
1726765508092 0.212618 5
1726765508207 0.295432 5
1726765508960 0.128356 0
1726765509075 0.090223 0
1726765509189 0.341919 0
1726765509303 0.315114 0
1726765509418 0.436601 0
1726765509533 0.294498 0
1726765509648 0.501568 0
1726765509762 0.429447 0
1726765509878 0.190135 0
1726765509993 0.428143 0
1726765510108 0.201757 6
1726765510223 0.29444 6
1726765510974 0.129981 0
1726765511088 0.097223 0
1726765511202 0.337809 0
1726765511317 0.316234 0
1726765511432 0.4311 0
1726765511547 0.293367 0
1726765511662 0.515441 0
1726765511781 0.455826 0
1726765511896 0.218908 0
1726765512011 0.445671 0
1726765512127 0.180544 7
1726765512241 0.284841 7
1726765512993 0.127647 0
1726765513107 0.094203 0
1726765513222 0.334293 0
1726765513337 0.303787 0
1726765513451 0.444928 0
1726765513566 0.290464 0
1726765513681 0.505181 0
1726765513796 0.432668 0
1726765513910 0.213996 0
1726765514024 0.442247 0
1726765514140 0.177166 8
1726765514255 0.280225 8
1726765515008 0.12679 0
1726765515123 0.094145 0
1726765515238 0.319787 0
1726765515353 0.305245 0
1726765515468 0.435591 0
1726765515584 0.282305 0
1726765515699 0.487742 0
1726765515814 0.431217 0
1726765515929 0.21168 0
1726765516044 0.443634 0
1726765516159 0.178335 9
1726765516274 0.277871 9
1726765517027 0.124841 0
1726765517141 0.092959 0
1726765517257 0.323772 0
1726765517372 0.30085 0
1726765517488 0.447325 0
1726765517602 0.276337 0
1726765517716 0.493885 0
1726765517831 0.428014 0
1726765517945 0.213773 0
1726765518062 0.43638 0
1726765518177 0.17028 10
1726765518292 0.2809 10
