1727111493207 10.978115 0
1727111493337 24.551559 0
1727111493475 5.874836 0
1727111493609 2.418657 0
1727111493746 4.189994 0
1727111493880 1.635487 0
1727111494009 2.481046 0
1727111494641 1.845672 0
1727111494777 1.792007 0
1727111494915 0.584785 0
1727111495054 0.706655 0
1727111495189 0.693434 0
1727111495320 0.726912 0
1727111495452 0.578459 0
1727111496024 0.281533 0
1727111496156 0.373736 0
1727111496296 0.389805 0
1727111496432 0.66917 0
1727111496568 0.618121 0
1727111496705 0.774426 0
1727111496837 0.396639 0
1727111497410 0.128605 0
1727111497545 0.278102 0
1727111497679 0.483161 0
1727111497816 0.672432 0
1727111497950 0.604085 0
1727111498086 0.814473 0
1727111498227 0.364199 0
1727111498800 0.146513 0
1727111498934 0.168244 0
1727111499067 0.60427 0
1727111499200 0.702864 0
1727111499336 0.651068 0
1727111499471 0.800794 0
1727111499602 0.385264 0
1727111500194 0.162041 0
1727111500333 0.140922 0
1727111500472 0.616335 0
1727111500609 0.741774 0
1727111500751 0.844143 0
1727111500890 0.865002 0
1727111501031 0.42233 0
