1726840759449 0.0 0
1726840759582 10.0 0
1726840759713 20.0 0
1726840759847 30.0 0
1726840759984 40.0 0
1726840760131 50.0 0
1726840760844 0.0 0
1726840760982 10.0 0
1726840761114 20.0 0
1726840761246 30.0 0
1726840761377 40.0 0
1726840761508 50.0 0
1726840762104 0.0 0
1726840762235 10.0 0
1726840762366 20.0 0
1726840762499 30.0 0
1726840762631 40.0 0
1726840762771 50.0 0
1726840763395 0.0 0
1726840763547 10.0 0
1726840763678 20.0 0
1726840763809 30.0 0
1726840763947 40.0 0
1726840764079 50.0 0
1726840764655 0.0 0
1726840764790 10.0 0
1726840764935 20.0 0
1726840765091 30.0 0
1726840765237 40.0 0
1726840765373 50.0 0
1726840766020 0.0 0
1726840766157 10.0 0
1726840766290 20.0 0
1726840766425 30.0 0
1726840766557 40.0 0
1726840766691 50.0 0
1726840767339 0.0 0
1726840767475 10.0 0
1726840767607 20.0 0
1726840767739 30.0 0
1726840767872 40.0 0
1726840768005 50.0 0
1726840768600 0.0 0
1726840768733 10.0 0
1726840768868 20.0 0
1726840769001 30.0 0
1726840769142 40.0 0
1726840769298 50.0 0
1726840769949 0.0 0
1726840770080 10.0 0
1726840770220 20.0 0
1726840770353 30.0 0
1726840770490 40.0 0
1726840770623 50.0 0
1726840771202 0.0 0
1726840771335 10.0 0
1726840771467 20.0 0
1726840771599 30.0 0
1726840771730 40.0 0
1726840771862 50.0 0
