1727096423262 5.288456 0
1727096423367 0.635109 0
1727096423467 4.448707 0
1727096423559 0.71469 0
1727096423657 7.258379 0
1727096423758 0.98982 0
1727096423859 12.174845 0
1727096423959 2.005843 0
1727096424059 0.602062 0
1727096424162 2.631254 0
1727096424262 0.417068 1
1727096424362 0.293474 1
1727096424463 7.895255 1
1727096424563 6.81528 1
1727096424664 2.246964 1
1727096424763 1.462 1
1727096424864 20.732027 1
1727096424969 2.399812 1
1727096425068 3.868088 1
1727096425169 1.204436 1
1727096425269 2.192651 2
1727096425371 2.07406 2
1727096425471 12.157882 2
1727096425571 3.130728 2
1727096425672 2.068586 2
1727096425773 1.536708 2
1727096426765 13.332965 0
1727096426865 1.599076 0
1727096426969 3.992215 0
1727096427072 0.885906 0
1727096427175 5.18681 0
1727096427275 0.544322 0
1727096427376 3.028625 0
1727096427474 2.397704 0
1727096427572 1.125614 0
1727096427671 1.69119 0
1727096427769 1.028655 2
1727096427871 0.363211 2
1727096427974 1.99455 2
1727096428073 2.629091 2
1727096428172 11.697242 2
1727096428271 3.516441 2
1727096428374 11.839293 2
1727096428474 1.664621 2
1727096428573 1.477135 2
1727096428666 1.419048 2
1727096428764 8.267349 4
1727096428864 2.712957 4
1727096428965 1.951935 4
1727096429066 2.437638 4
1727096429165 6.286993 4
1727096429267 1.245956 4
1727096430252 2.184019 0
1727096430350 4.135573 0
1727096430453 1.577949 0
1727096430554 7.568883 0
1727096430659 4.220175 0
1727096430764 0.687625 0
1727096430863 5.380215 0
1727096430964 3.020104 0
1727096431068 0.830357 0
1727096431170 18.805504 0
1727096431272 0.932791 3
1727096431378 0.275314 3
1727096431480 2.044299 3
1727096431584 1.179141 3
1727096431685 10.942322 3
1727096431784 5.499541 3
1727096431886 6.794353 3
1727096431992 1.576612 3
1727096432096 1.288769 3
1727096432201 2.597814 3
1727096432306 1.652284 6
1727096432408 9.311077 6
1727096432515 66.763092 6
1727096432619 1.316309 6
1727096432717 2.322635 6
1727096432821 1.417124 6
1727096433870 3.615702 0
1727096433976 3.628404 0
1727096434080 2.34923 0
1727096434244 1.323663 0
1727096434351 2.648799 0
1727096434454 0.972177 0
1727096434556 2.932765 0
1727096434673 0.55662 0
1727096434815 0.492143 0
1727096434931 4.952086 0
1727096435041 2.260355 4
1727096435150 0.28803 4
1727096435254 1.092814 4
1727096435357 1.493796 4
1727096435457 2.249448 4
1727096435564 4.482447 4
1727096435669 13.871202 4
1727096435773 6.988829 4
1727096435875 1.254543 4
1727096435980 3.911157 4
1727096436085 2.194188 8
1727096436190 5.638558 8
1727096436293 4.225779 8
1727096436397 1.220065 8
1727096436510 2.234738 8
1727096436616 1.458524 8
