1726806252294 0.455536 0
1726806252398 0.43472 0
1726806252502 0.289564 0
1726806252602 0.231916 0
1726806252704 0.674825 0
1726806252809 0.515162 0
1726806252914 0.715129 0
1726806253016 0.366053 0
1726806253118 1.774153 0
1726806253219 0.726102 0
1726806253321 0.463694 1
1726806253422 0.163893 1
1726806253523 0.357915 1
1726806253624 0.257507 1
1726806253723 0.877412 1
1726806253822 0.339749 1
1726806253922 1.416634 1
1726806254025 0.732978 1
1726806254125 0.664501 1
1726806254237 0.368085 1
1726806254340 0.171619 2
1726806254445 0.200308 2
1726806254546 0.317939 2
1726806255766 0.285918 0
1726806255874 0.251114 0
1726806255974 0.211499 0
1726806256074 0.184008 0
1726806256175 0.387353 0
1726806256285 0.480987 0
1726806256387 0.532376 0
1726806256488 0.319542 0
1726806256589 1.554325 0
1726806256706 0.429718 0
1726806256812 0.371939 2
1726806256911 0.169169 2
1726806257011 0.358113 2
1726806257112 0.224294 2
1726806257211 0.845043 2
1726806257315 0.260393 2
1726806257417 1.065094 2
1726806257517 0.692724 2
1726806257616 0.563756 2
1726806257715 0.193501 2
1726806257815 0.171251 4
1726806257915 0.151744 4
1726806258015 0.383178 4
1726806259291 0.230742 0
1726806259395 0.189397 0
1726806259494 0.144466 0
1726806259595 0.22492 0
1726806259697 0.411664 0
1726806259797 0.432939 0
1726806259896 0.51166 0
1726806259994 0.298366 0
1726806260094 1.483629 0
1726806260194 0.431644 0
1726806260307 0.417036 3
1726806260421 0.197833 3
1726806260521 0.346269 3
1726806260619 0.226238 3
1726806260719 0.820107 3
1726806260819 0.264477 3
1726806260919 0.97501 3
1726806261023 0.666364 3
1726806261125 0.535646 3
1726806261225 0.173554 3
1726806261325 0.16855 6
1726806261427 0.168812 6
1726806261533 0.35338 6
1726806262805 0.104161 0
1726806262909 0.210657 0
1726806263011 0.183579 0
1726806263110 0.193773 0
1726806263210 0.584855 0
1726806263314 0.449032 0
1726806263416 0.492992 0
1726806263519 0.293701 0
1726806263622 1.466899 0
1726806263723 0.357568 0
1726806263822 0.419302 4
1726806263923 0.198003 4
1726806264025 0.410283 4
1726806264127 0.23172 4
1726806264227 0.72319 4
1726806264327 0.3171 4
1726806264435 1.045279 4
1726806264536 0.626395 4
1726806264635 0.57617 4
1726806264734 0.17905 4
1726806264834 0.160654 8
1726806264933 0.15217 8
1726806265031 0.378042 8
1726806266278 0.11228 0
1726806266380 0.198488 0
1726806266489 0.1649 0
1726806266590 0.205657 0
1726806266698 0.482436 0
1726806266797 0.415944 0
1726806266898 0.501316 0
1726806266998 0.268243 0
1726806267098 1.42888 0
1726806267198 0.352918 0
1726806267301 0.406029 5
1726806267406 0.195106 5
1726806267505 0.414557 5
1726806267603 0.232873 5
1726806267703 0.629858 5
1726806267802 0.289103 5
1726806267903 0.915588 5
1726806268002 0.631184 5
1726806268102 0.513033 5
1726806268202 0.183369 5
1726806268302 0.163466 10
1726806268402 0.161682 10
1726806268506 0.349982 10
1726806269731 0.102041 0
1726806269844 0.183974 0
1726806269944 0.169065 0
1726806270047 0.194198 0
1726806270146 0.550131 0
1726806270245 0.446027 0
1726806270343 0.504454 0
1726806270443 0.272088 0
1726806270547 1.403553 0
1726806270651 0.342863 0
1726806270752 0.403594 6
1726806270854 0.193986 6
1726806270954 0.442129 6
1726806271054 0.233709 6
1726806271153 0.654753 6
1726806271265 0.292452 6
1726806271369 0.913126 6
1726806271471 0.609547 6
1726806271572 0.492247 6
1726806271675 0.171536 6
1726806271779 0.168258 12
1726806271879 0.154157 12
1726806271982 0.350403 12
1726806273240 0.100352 0
1726806273344 0.175688 0
1726806273449 0.156884 0
1726806273553 0.189656 0
1726806273654 0.4955 0
1726806273754 0.448874 0
1726806273855 0.513846 0
1726806273985 0.283288 0
1726806274091 1.356928 0
1726806274193 0.345761 0
1726806274300 0.411706 7
1726806274402 0.180901 7
1726806274506 0.456279 7
1726806274607 0.235445 7
1726806274715 0.650192 7
1726806274820 0.301487 7
1726806274921 0.867391 7
1726806275023 0.576623 7
1726806275123 0.49387 7
1726806275222 0.205183 7
1726806275324 0.164493 14
1726806275426 0.146744 14
1726806275529 0.347926 14
1726806276773 0.104032 0
1726806276884 0.180131 0
1726806276990 0.155062 0
1726806277089 0.193627 0
1726806277189 0.460085 0
1726806277288 0.440316 0
1726806277386 0.502895 0
1726806277486 0.268091 0
1726806277584 1.381713 0
1726806277684 0.341352 0
1726806277786 0.407405 8
1726806277886 0.171613 8
1726806277987 0.417046 8
1726806278086 0.227926 8
1726806278186 0.663893 8
1726806278287 0.304409 8
1726806278387 0.860498 8
1726806278487 0.593893 8
1726806278586 0.487997 8
1726806278686 0.204838 8
1726806278794 0.172548 16
1726806278896 0.15298 16
1726806279001 0.348726 16
1726806280213 0.103887 0
1726806280318 0.177224 0
1726806280421 0.155032 0
1726806280521 0.215136 0
1726806280621 0.456324 0
1726806280719 0.42567 0
1726806280828 0.514882 0
1726806280931 0.285543 0
1726806281032 1.302102 0
1726806281132 0.334391 0
1726806281232 0.398176 9
1726806281342 0.165631 9
1726806281445 0.412012 9
1726806281550 0.226433 9
1726806281650 0.626222 9
1726806281756 0.301641 9
1726806281856 0.835035 9
1726806281955 0.568334 9
1726806282056 0.501156 9
1726806282155 0.212077 9
1726806282255 0.174623 18
1726806282355 0.150483 18
1726806282456 0.353964 18
1726806283704 0.097831 0
1726806283809 0.179536 0
1726806283910 0.152547 0
1726806284010 0.210538 0
1726806284114 0.459415 0
1726806284213 0.44327 0
1726806284313 0.527177 0
1726806284414 0.277309 0
1726806284514 1.358225 0
1726806284614 0.333108 0
1726806284714 0.404759 10
1726806284813 0.168983 10
1726806284922 0.412839 10
1726806285021 0.221406 10
1726806285123 0.644428 10
1726806285224 0.29805 10
1726806285325 0.86703 10
1726806285425 0.578594 10
1726806285524 0.493045 10
1726806285625 0.213854 10
1726806285723 0.173951 20
1726806285824 0.148924 20
1726806285928 0.348421 20
