1726766383852 12.647553 0
1726766383946 3.404056 0
1726766384041 1.374212 0
1726766384138 20.889755 0
1726766384236 5.679168 0
1726766384328 9.344629 0
1726766384419 4.355669 0
1726766384510 11.223925 0
1726766384600 7.769176 0
1726766384697 2.825622 0
1726766384788 10.04648 1
1726766384887 1.765676 1
1726766384978 6.398446 1
1726766385082 0.917572 1
1726766385172 1.712461 1
1726766385262 1.129865 1
1726766385352 4.760071 1
1726766385444 6.352289 1
1726766385533 1.655472 1
1726766385623 1.15436 1
1726766385713 0.839103 2
1726766385802 1.227282 2
1726766385893 1.244071 2
1726766385983 1.013713 2
1726766386072 1.2894 2
1726766386170 2.19072 2
1726766386266 0.661914 2
1726766386359 2.152597 2
1726766386452 3.069744 2
1726766386545 6.948827 2
1726766386637 3.243861 3
1726766386727 1.120155 3
1726766386818 1.067864 3
1726766386909 1.182847 3
1726766386999 6.193897 3
1726766387091 3.500421 3
1726766387181 1.809889 3
1726766387272 8.177494 3
1726766387362 0.614801 3
1726766387452 0.84837 3
1726766389521 3.456948 0
1726766389615 1.124358 0
1726766389706 4.152909 0
1726766389798 3.515497 0
1726766389896 5.261119 0
1726766389987 2.852245 0
1726766390079 2.357509 0
1726766390169 3.113602 0
1726766390266 3.101246 0
1726766390366 1.695907 0
1726766390459 1.457412 2
1726766390549 0.636114 2
1726766390643 1.445882 2
1726766390736 5.265088 2
1726766390826 2.799181 2
1726766390918 2.191993 2
1726766391009 13.876649 2
1726766391105 4.01339 2
1726766391196 3.755756 2
1726766391287 0.585583 2
1726766391377 0.821095 4
1726766391469 2.310173 4
1726766391567 1.306485 4
1726766391660 1.457577 4
1726766391752 2.922381 4
1726766391842 1.920918 4
1726766391934 3.518924 4
1726766392024 2.289875 4
1726766392115 5.253046 4
1726766392208 0.846126 4
1726766392306 3.475425 6
1726766392403 1.718508 6
1726766392495 1.139497 6
1726766392590 3.016668 6
1726766392682 2.65822 6
1726766392772 2.061439 6
1726766392862 1.372118 6
1726766392953 4.087074 6
1726766393045 0.618136 6
1726766393135 2.211168 6
1726766395213 0.704698 0
1726766395316 1.304603 0
1726766395407 3.28253 0
1726766395498 8.659469 0
1726766395589 6.980826 0
1726766395680 41.609524 0
1726766395780 2.939619 0
1726766395876 1.807505 0
1726766395968 12.04845 0
1726766396059 2.088701 0
1726766396150 1.82253 3
1726766396241 0.867719 3
1726766396332 19.111902 3
1726766396472 3.402923 3
1726766396566 2.781069 3
1726766396656 1.43938 3
1726766396747 2.235101 3
1726766396837 3.123806 3
1726766396928 2.133819 3
1726766397023 0.632946 3
1726766397117 0.818071 6
1726766397208 2.20675 6
1726766397299 2.598958 6
1726766397389 1.026799 6
1726766397479 1.750177 6
1726766397571 1.549401 6
1726766397662 0.740357 6
1726766397754 4.059518 6
1726766397845 6.175692 6
1726766397936 0.827167 6
1726766398027 0.94823 9
1726766398121 4.134687 9
1726766398212 1.053659 9
1726766398302 0.768482 9
1726766398395 5.14985 9
1726766398493 2.20112 9
1726766398590 1.410412 9
1726766398682 3.057585 9
1726766398774 0.888649 9
1726766398866 1.594442 9
1726766400926 8.703926 0
1726766401028 41.459942 0
1726766401120 5.172621 0
1726766401212 14.066611 0
1726766401303 2.801621 0
1726766401394 8.526754 0
1726766401485 2.11299 0
1726766401574 2.410709 0
1726766401663 4.857514 0
1726766401754 1.815522 0
1726766401845 4.447313 4
1726766401936 2.384332 4
1726766402030 1.435551 4
1726766402121 0.999526 4
1726766402213 4.724486 4
1726766402304 1.15995 4
1726766402396 5.639394 4
1726766402491 6.7358 4
1726766402584 1.354955 4
1726766402679 0.969942 4
1726766402769 0.93727 8
1726766402860 2.506912 8
1726766402951 1.594695 8
1726766403044 1.143595 8
1726766403137 2.048919 8
1726766403227 1.727023 8
1726766403317 1.257384 8
1726766403408 1.928209 8
1726766403498 2.705095 8
1726766403589 0.8957 8
1726766403679 0.712038 12
1726766403771 1.522979 12
1726766403862 1.332691 12
1726766403954 0.817381 12
1726766404045 3.059201 12
1726766404135 1.078835 12
1726766404226 2.002105 12
1726766404317 2.35736 12
1726766404406 0.647396 12
1726766404496 1.330926 12
1726766406532 4.491676 0
1726766406633 2.036474 0
1726766406730 60.62096 0
1726766406825 6.287312 0
1726766406916 8.353555 0
1726766407008 5.07399 0
1726766407099 4.835162 0
1726766407190 4.819829 0
1726766407280 2.771186 0
1726766407371 3.62593 0
1726766407462 1.92487 5
1726766407552 2.98483 5
1726766407643 1.252257 5
1726766407733 1.505065 5
1726766407823 2.967385 5
1726766407913 1.724558 5
1726766408003 3.845098 5
1726766408094 2.726272 5
1726766408185 2.651482 5
1726766408275 0.640936 5
1726766408364 0.704693 10
1726766408457 2.523635 10
1726766408549 1.564215 10
1726766408645 0.697099 10
1726766408740 1.384854 10
1726766408833 1.554595 10
1726766408926 0.805824 10
1726766409016 10.477909 10
1726766409107 5.176463 10
1726766409198 1.530586 10
1726766409289 2.041076 15
1726766409379 2.502669 15
1726766409470 0.919176 15
1726766409561 0.888317 15
1726766409652 25.992683 15
1726766409741 1.939839 15
1726766409833 4.452564 15
1726766409933 17.71138 15
1726766410026 0.510803 15
1726766410122 1.404564 15
1726766412101 4.718286 0
1726766412204 1.439572 0
1726766412304 3.517244 0
1726766412398 4.155671 0
1726766412490 11.263145 0
1726766412581 8.781708 0
1726766412674 2.999424 0
1726766412782 7.880957 0
1726766412880 4.291666 0
1726766412972 2.785228 0
1726766413063 5.896003 6
1726766413154 1.816391 6
1726766413244 6.542743 6
1726766413336 2.384605 6
1726766413430 3.271306 6
1726766413527 1.584748 6
1726766413619 1.532939 6
1726766413712 1.914735 6
1726766413803 2.049397 6
1726766413894 0.612979 6
1726766413985 1.029614 12
1726766414078 2.484062 12
1726766414170 5.418018 12
1726766414260 0.722498 12
1726766414352 3.289289 12
1726766414443 1.513446 12
1726766414536 0.771598 12
1726766414629 3.629503 12
1726766414719 4.617435 12
1726766414820 0.891821 12
1726766414923 0.79384 18
1726766415017 1.262243 18
1726766415109 1.113119 18
1726766415204 0.980977 18
1726766415298 5.116902 18
1726766415396 10.683588 18
1726766415488 1.96736 18
1726766415581 3.188085 18
1726766415672 0.748731 18
1726766415765 3.380795 18
