1726810202029 0.704645 0
1726810202136 0.594352 0
1726810202236 0.450811 0
1726810202335 0.399451 0
1726810202436 0.480146 0
1726810202543 0.758986 0
1726810202645 0.298351 0
1726810202746 1.364829 0
1726810202845 0.256696 0
1726810202946 0.231534 0
1726810203047 0.365573 1
1726810203148 0.219413 1
1726810203249 0.287299 1
1726810203352 0.3154 1
1726810203453 0.257273 1
1726810203554 0.188676 1
1726810203662 0.129631 1
1726810203768 0.129998 1
1726810203870 0.138918 1
1726810203973 0.379614 1
1726810205027 0.538189 0
1726810205131 0.42186 0
1726810205237 0.267926 0
1726810205339 0.344259 0
1726810205439 0.454212 0
1726810205541 0.495259 0
1726810205641 0.246995 0
1726810205752 0.844189 0
1726810205856 0.274076 0
1726810205962 0.187003 0
1726810206068 0.27919 2
1726810206169 0.205333 2
1726810206269 0.237312 2
1726810206372 0.368868 2
1726810206486 0.151014 2
1726810206589 0.192249 2
1726810206692 0.121576 2
1726810206793 0.132321 2
1726810206893 0.120696 2
1726810206994 0.25734 2
1726810208129 0.531204 0
1726810208232 0.432427 0
1726810208334 0.140931 0
1726810208434 0.312433 0
1726810208534 0.461045 0
1726810208634 0.448593 0
1726810208734 0.232277 0
1726810208834 0.784601 0
1726810208934 0.285854 0
1726810209034 0.212946 0
1726810209133 0.27814 3
1726810209233 0.211399 3
1726810209335 0.232114 3
1726810209434 0.368525 3
1726810209535 0.174073 3
1726810209635 0.166328 3
1726810209735 0.137771 3
1726810209844 0.151394 3
1726810209946 0.125192 3
1726810210046 0.242056 3
1726810211084 0.45424 0
1726810211199 0.489776 0
1726810211300 0.11024 0
1726810211399 0.290141 0
1726810211502 0.459679 0
1726810211603 0.449038 0
1726810211703 0.219224 0
1726810211803 0.750779 0
1726810211912 0.244715 0
1726810212012 0.190386 0
1726810212112 0.25697 4
1726810212213 0.202669 4
1726810212314 0.213562 4
1726810212413 0.379068 4
1726810212522 0.163579 4
1726810212627 0.166733 4
1726810212728 0.133883 4
1726810212830 0.145187 4
1726810212936 0.136148 4
1726810213038 0.232656 4
1726810214093 0.48939 0
1726810214198 0.481542 0
1726810214300 0.100092 0
1726810214401 0.286028 0
1726810214501 0.448194 0
1726810214610 0.413391 0
1726810214713 0.27847 0
1726810214815 0.718923 0
1726810214918 0.232218 0
1726810215018 0.181112 0
1726810215118 0.261338 5
1726810215219 0.207585 5
1726810215321 0.212281 5
1726810215425 0.40506 5
1726810215528 0.150143 5
1726810215630 0.186578 5
1726810215731 0.119473 5
1726810215833 0.125578 5
1726810215942 0.154798 5
1726810216044 0.216375 5
1726810217104 0.487184 0
1726810217206 0.421886 0
1726810217313 0.12512 0
1726810217418 0.276051 0
1726810217521 0.439303 0
1726810217625 0.43921 0
1726810217725 0.306351 0
1726810217827 0.704128 0
1726810217929 0.248832 0
1726810218038 0.172239 0
1726810218139 0.246805 6
1726810218242 0.204414 6
1726810218345 0.207352 6
1726810218447 0.342579 6
1726810218550 0.160849 6
1726810218650 0.161198 6
1726810218751 0.129335 6
1726810218853 0.139404 6
1726810218954 0.132336 6
1726810219053 0.198476 6
1726810220109 0.522762 0
1726810220214 0.49584 0
1726810220319 0.104818 0
1726810220424 0.276346 0
1726810220527 0.438611 0
1726810220628 0.379886 0
1726810220727 0.221656 0
1726810220828 0.737332 0
1726810220928 0.197323 0
1726810221032 0.180164 0
1726810221132 0.247526 7
1726810221232 0.198507 7
1726810221332 0.19436 7
1726810221431 0.350552 7
1726810221533 0.151495 7
1726810221634 0.168924 7
1726810221733 0.113272 7
1726810221833 0.127007 7
1726810221932 0.139935 7
1726810222031 0.201299 7
1726810223112 0.493579 0
1726810223214 0.474204 0
1726810223315 0.098518 0
1726810223415 0.276028 0
1726810223516 0.434689 0
1726810223616 0.355802 0
1726810223719 0.246336 0
1726810223818 0.67111 0
1726810223921 0.207386 0
1726810224021 0.200704 0
1726810224128 0.22815 8
1726810224229 0.203342 8
1726810224329 0.203425 8
1726810224430 0.35981 8
1726810224529 0.143229 8
1726810224632 0.218283 8
1726810224733 0.116375 8
1726810224832 0.127542 8
1726810224932 0.154472 8
1726810225032 0.210235 8
1726810226038 0.487901 0
1726810226153 0.417846 0
1726810226258 0.157449 0
1726810226358 0.253857 0
1726810226461 0.422835 0
1726810226561 0.51783 0
1726810226662 0.212659 0
1726810226800 0.656567 0
1726810226899 0.214445 0
1726810226999 0.213058 0
1726810227097 0.232086 9
1726810227201 0.199231 9
1726810227304 0.190688 9
1726810227402 0.332388 9
1726810227503 0.163766 9
1726810227608 0.158335 9
1726810227714 0.142519 9
1726810227815 0.147016 9
1726810227920 0.146909 9
1726810228023 0.182056 9
1726810229096 0.465773 0
1726810229199 0.600633 0
1726810229301 0.124387 0
1726810229401 0.257001 0
1726810229501 0.439573 0
1726810229602 0.371123 0
1726810229703 0.197582 0
1726810229804 0.60095 0
1726810229905 0.197548 0
1726810230008 0.162991 0
1726810230112 0.232065 10
1726810230225 0.189361 10
1726810230332 0.218567 10
1726810230437 0.373258 10
1726810230539 0.15972 10
1726810230645 0.217995 10
1726810230745 0.121712 10
1726810230846 0.120759 10
1726810230949 0.189151 10
1726810231049 0.301489 10
