1726786637706 0.0 0
1726786637809 10.0 0
1726786637904 20.0 0
1726786637999 30.0 0
1726786638095 40.0 0
1726786638191 50.0 0
1726786638287 60.0 0
1726786638383 70.0 0
1726786638478 80.0 0
1726786638572 90.0 0
1726786638666 100.0 1
1726786638770 110.0 1
1726786638866 120.0 1
1726786638961 130.0 1
1726786639056 140.0 1
1726786639150 150.0 1
1726786639245 160.0 1
1726786639341 170.0 1
1726786639436 180.0 1
1726786639531 190.0 1
1726786639627 200.0 2
1726786639722 210.0 2
1726786639818 220.0 2
1726786639912 230.0 2
1726786640006 240.0 2
1726786640100 250.0 2
1726786640195 260.0 2
1726786641608 0.0 0
1726786641707 10.0 0
1726786641802 20.0 0
1726786641898 30.0 0
1726786641992 40.0 0
1726786642087 50.0 0
1726786642185 60.0 0
1726786642285 70.0 0
1726786642382 80.0 0
1726786642478 90.0 0
1726786642573 100.0 2
1726786642669 110.0 2
1726786642768 120.0 2
1726786642877 130.0 2
1726786642973 140.0 2
1726786643072 150.0 2
1726786643169 160.0 2
1726786643265 170.0 2
1726786643362 180.0 2
1726786643458 190.0 2
1726786643552 200.0 4
1726786643653 210.0 4
1726786643753 220.0 4
1726786643852 230.0 4
1726786643951 240.0 4
1726786644049 250.0 4
1726786644144 260.0 4
1726786645569 0.0 0
1726786645676 10.0 0
1726786645771 20.0 0
1726786645867 30.0 0
1726786645963 40.0 0
1726786646058 50.0 0
1726786646157 60.0 0
1726786646255 70.0 0
1726786646350 80.0 0
1726786646445 90.0 0
1726786646540 100.0 3
1726786646636 110.0 3
1726786646733 120.0 3
1726786646829 130.0 3
1726786646932 140.0 3
1726786647030 150.0 3
1726786647125 160.0 3
1726786647221 170.0 3
1726786647316 180.0 3
1726786647413 190.0 3
1726786647508 200.0 6
1726786647606 210.0 6
1726786647705 220.0 6
1726786647803 230.0 6
1726786647899 240.0 6
1726786647996 250.0 6
1726786648092 260.0 6
1726786649519 0.0 0
1726786649626 10.0 0
1726786649721 20.0 0
1726786649816 30.0 0
1726786649911 40.0 0
1726786650006 50.0 0
1726786650102 60.0 0
1726786650197 70.0 0
1726786650292 80.0 0
1726786650390 90.0 0
1726786650486 100.0 4
1726786650581 110.0 4
1726786650677 120.0 4
1726786650772 130.0 4
1726786650867 140.0 4
1726786650963 150.0 4
1726786651068 160.0 4
1726786651164 170.0 4
1726786651264 180.0 4
1726786651362 190.0 4
1726786651463 200.0 8
1726786651559 210.0 8
1726786651657 220.0 8
1726786651757 230.0 8
1726786651854 240.0 8
1726786651949 250.0 8
1726786652045 260.0 8
1726786653485 0.0 0
1726786653591 10.0 0
1726786653690 20.0 0
1726786653788 30.0 0
1726786653886 40.0 0
1726786653984 50.0 0
1726786654081 60.0 0
1726786654180 70.0 0
1726786654278 80.0 0
1726786654378 90.0 0
1726786654476 100.0 5
1726786654572 110.0 5
1726786654667 120.0 5
1726786654763 130.0 5
1726786654862 140.0 5
1726786654961 150.0 5
1726786655058 160.0 5
1726786655162 170.0 5
1726786655263 180.0 5
1726786655361 190.0 5
1726786655458 200.0 10
1726786655555 210.0 10
1726786655650 220.0 10
1726786655746 230.0 10
1726786655842 240.0 10
1726786655941 250.0 10
1726786656039 260.0 10
1726786657441 0.0 0
1726786657545 10.0 0
1726786657642 20.0 0
1726786657737 30.0 0
1726786657839 40.0 0
1726786657937 50.0 0
1726786658035 60.0 0
1726786658134 70.0 0
1726786658235 80.0 0
1726786658334 90.0 0
1726786658430 100.0 6
1726786658525 110.0 6
1726786658621 120.0 6
1726786658717 130.0 6
1726786658812 140.0 6
1726786658906 150.0 6
1726786659001 160.0 6
1726786659098 170.0 6
1726786659197 180.0 6
1726786659298 190.0 6
1726786659395 200.0 12
1726786659490 210.0 12
1726786659586 220.0 12
1726786659683 230.0 12
1726786659779 240.0 12
1726786659875 250.0 12
1726786659971 260.0 12
1726786661376 0.0 0
1726786661485 10.0 0
1726786661583 20.0 0
1726786661681 30.0 0
1726786661778 40.0 0
1726786661876 50.0 0
1726786661970 60.0 0
1726786662065 70.0 0
1726786662162 80.0 0
1726786662261 90.0 0
1726786662356 100.0 7
1726786662451 110.0 7
1726786662547 120.0 7
1726786662642 130.0 7
1726786662736 140.0 7
1726786662837 150.0 7
1726786662932 160.0 7
1726786663028 170.0 7
1726786663123 180.0 7
1726786663219 190.0 7
1726786663323 200.0 14
1726786663420 210.0 14
1726786663515 220.0 14
1726786663613 230.0 14
1726786663709 240.0 14
1726786663805 250.0 14
1726786663901 260.0 14
1726786665271 0.0 0
1726786665384 10.0 0
1726786665479 20.0 0
1726786665574 30.0 0
1726786665673 40.0 0
1726786665771 50.0 0
1726786665869 60.0 0
1726786665967 70.0 0
1726786666063 80.0 0
1726786666162 90.0 0
1726786666258 100.0 8
1726786666354 110.0 8
1726786666450 120.0 8
1726786666545 130.0 8
1726786666641 140.0 8
1726786666739 150.0 8
1726786666837 160.0 8
1726786666933 170.0 8
1726786667029 180.0 8
1726786667123 190.0 8
1726786667220 200.0 16
1726786667315 210.0 16
1726786667435 220.0 16
1726786667534 230.0 16
1726786667629 240.0 16
1726786667726 250.0 16
1726786667827 260.0 16
1726786669218 0.0 0
1726786669329 10.0 0
1726786669426 20.0 0
1726786669531 30.0 0
1726786669628 40.0 0
1726786669726 50.0 0
1726786669824 60.0 0
1726786669920 70.0 0
1726786670020 80.0 0
1726786670117 90.0 0
1726786670218 100.0 9
1726786670314 110.0 9
1726786670413 120.0 9
1726786670511 130.0 9
1726786670606 140.0 9
1726786670704 150.0 9
1726786670801 160.0 9
1726786670900 170.0 9
1726786670996 180.0 9
1726786671092 190.0 9
1726786671189 200.0 18
1726786671287 210.0 18
1726786671382 220.0 18
1726786671481 230.0 18
1726786671581 240.0 18
1726786671678 250.0 18
1726786671777 260.0 18
1726786673207 0.0 0
1726786673317 10.0 0
1726786673413 20.0 0
1726786673511 30.0 0
1726786673616 40.0 0
1726786673713 50.0 0
1726786673811 60.0 0
1726786673910 70.0 0
1726786674008 80.0 0
1726786674105 90.0 0
1726786674203 100.0 10
1726786674302 110.0 10
1726786674398 120.0 10
1726786674495 130.0 10
1726786674592 140.0 10
1726786674690 150.0 10
1726786674789 160.0 10
1726786674887 170.0 10
1726786674983 180.0 10
1726786675079 190.0 10
1726786675179 200.0 20
1726786675280 210.0 20
1726786675380 220.0 20
1726786675480 230.0 20
1726786675582 240.0 20
1726786675683 250.0 20
1726786675781 260.0 20
