1726794040971 0.0 0
1726794041073 10.0 0
1726794041175 20.0 0
1726794041273 30.0 0
1726794041370 40.0 0
1726794041468 50.0 0
1726794041566 60.0 0
1726794041664 70.0 0
1726794041761 80.0 0
1726794041859 90.0 0
1726794041957 100.0 1
1726794042058 110.0 1
1726794042155 120.0 1
1726794042253 130.0 1
1726794042350 140.0 1
1726794042447 150.0 1
1726794042545 160.0 1
1726794042641 170.0 1
1726794042737 180.0 1
1726794042833 190.0 1
1726794042931 200.0 2
1726794043029 210.0 2
1726794043135 220.0 2
1726794043243 230.0 2
1726794043341 240.0 2
1726794043441 250.0 2
1726794043537 260.0 2
1726794043635 270.0 2
1726794043734 280.0 2
1726794043831 290.0 2
1726794043928 300.0 3
1726794044027 310.0 3
1726794044124 320.0 3
1726794044221 330.0 3
1726794044318 340.0 3
1726794044415 350.0 3
1726794044515 360.0 3
1726794044612 370.0 3
1726794044707 380.0 3
1726794044804 390.0 3
1726794044900 400.0 4
1726794044996 410.0 4
1726794045092 420.0 4
1726794045195 430.0 4
1726794045293 440.0 4
1726794045388 450.0 4
1726794045484 460.0 4
1726794045579 470.0 4
1726794045672 480.0 4
1726794045766 490.0 4
1726794047897 0.0 0
1726794047992 10.0 0
1726794048088 20.0 0
1726794048184 30.0 0
1726794048280 40.0 0
1726794048377 50.0 0
1726794048473 60.0 0
1726794048569 70.0 0
1726794048665 80.0 0
1726794048762 90.0 0
1726794048858 100.0 2
1726794048963 110.0 2
1726794049063 120.0 2
1726794049162 130.0 2
1726794049264 140.0 2
1726794049362 150.0 2
1726794049470 160.0 2
1726794049572 170.0 2
1726794049671 180.0 2
1726794049767 190.0 2
1726794049863 200.0 4
1726794049959 210.0 4
1726794050055 220.0 4
1726794050151 230.0 4
1726794050246 240.0 4
1726794050342 250.0 4
1726794050437 260.0 4
1726794050532 270.0 4
1726794050627 280.0 4
1726794050723 290.0 4
1726794050818 300.0 6
1726794050914 310.0 6
1726794051011 320.0 6
1726794051106 330.0 6
1726794051205 340.0 6
1726794051316 350.0 6
1726794051414 360.0 6
1726794051511 370.0 6
1726794051607 380.0 6
1726794051703 390.0 6
1726794051798 400.0 8
1726794051895 410.0 8
1726794051991 420.0 8
1726794052087 430.0 8
1726794052182 440.0 8
1726794052279 450.0 8
1726794052377 460.0 8
1726794052477 470.0 8
1726794052575 480.0 8
1726794052673 490.0 8
1726794054828 0.0 0
1726794054927 10.0 0
1726794055023 20.0 0
1726794055122 30.0 0
1726794055220 40.0 0
1726794055322 50.0 0
1726794055429 60.0 0
1726794055526 70.0 0
1726794055622 80.0 0
1726794055719 90.0 0
1726794055817 100.0 3
1726794055918 110.0 3
1726794056014 120.0 3
1726794056110 130.0 3
1726794056205 140.0 3
1726794056305 150.0 3
1726794056403 160.0 3
1726794056498 170.0 3
1726794056596 180.0 3
1726794056692 190.0 3
1726794056787 200.0 6
1726794056883 210.0 6
1726794056978 220.0 6
1726794057073 230.0 6
1726794057170 240.0 6
1726794057264 250.0 6
1726794057361 260.0 6
1726794057466 270.0 6
1726794057562 280.0 6
1726794057658 290.0 6
1726794057753 300.0 9
1726794057848 310.0 9
1726794057943 320.0 9
1726794058038 330.0 9
1726794058133 340.0 9
1726794058231 350.0 9
1726794058328 360.0 9
1726794058427 370.0 9
1726794058525 380.0 9
1726794058622 390.0 9
1726794058718 400.0 12
1726794058813 410.0 12
1726794058907 420.0 12
1726794059001 430.0 12
1726794059096 440.0 12
1726794059190 450.0 12
1726794059287 460.0 12
1726794059383 470.0 12
1726794059484 480.0 12
1726794059585 490.0 12
1726794061717 0.0 0
1726794061818 10.0 0
1726794061914 20.0 0
1726794062011 30.0 0
1726794062106 40.0 0
1726794062209 50.0 0
1726794062309 60.0 0
1726794062409 70.0 0
1726794062506 80.0 0
1726794062604 90.0 0
1726794062704 100.0 4
1726794062804 110.0 4
1726794062900 120.0 4
1726794062996 130.0 4
1726794063095 140.0 4
1726794063192 150.0 4
1726794063292 160.0 4
1726794063389 170.0 4
1726794063487 180.0 4
1726794063590 190.0 4
1726794063689 200.0 8
1726794063787 210.0 8
1726794063885 220.0 8
1726794063985 230.0 8
1726794064085 240.0 8
1726794064183 250.0 8
1726794064279 260.0 8
1726794064377 270.0 8
1726794064476 280.0 8
1726794064572 290.0 8
1726794064671 300.0 12
1726794064770 310.0 12
1726794064866 320.0 12
1726794064962 330.0 12
1726794065059 340.0 12
1726794065155 350.0 12
1726794065254 360.0 12
1726794065350 370.0 12
1726794065446 380.0 12
1726794065541 390.0 12
1726794065646 400.0 16
1726794065742 410.0 16
1726794065838 420.0 16
1726794065933 430.0 16
1726794066028 440.0 16
1726794066125 450.0 16
1726794066222 460.0 16
1726794066320 470.0 16
1726794066416 480.0 16
1726794066512 490.0 16
1726794068633 0.0 0
1726794068730 10.0 0
1726794068827 20.0 0
1726794068924 30.0 0
1726794069020 40.0 0
1726794069119 50.0 0
1726794069218 60.0 0
1726794069312 70.0 0
1726794069410 80.0 0
1726794069508 90.0 0
1726794069604 100.0 5
1726794069710 110.0 5
1726794069813 120.0 5
1726794069909 130.0 5
1726794070007 140.0 5
1726794070103 150.0 5
1726794070198 160.0 5
1726794070295 170.0 5
1726794070395 180.0 5
1726794070494 190.0 5
1726794070591 200.0 10
1726794070687 210.0 10
1726794070782 220.0 10
1726794070878 230.0 10
1726794070974 240.0 10
1726794071072 250.0 10
1726794071168 260.0 10
1726794071264 270.0 10
1726794071359 280.0 10
1726794071454 290.0 10
1726794071549 300.0 15
1726794071645 310.0 15
1726794071741 320.0 15
1726794071841 330.0 15
1726794071937 340.0 15
1726794072034 350.0 15
1726794072129 360.0 15
1726794072225 370.0 15
1726794072321 380.0 15
1726794072416 390.0 15
1726794072512 400.0 20
1726794072606 410.0 20
1726794072701 420.0 20
1726794072796 430.0 20
1726794072890 440.0 20
1726794072984 450.0 20
1726794073079 460.0 20
1726794073173 470.0 20
1726794073268 480.0 20
1726794073362 490.0 20
1726794075481 0.0 0
1726794075577 10.0 0
1726794075675 20.0 0
1726794075772 30.0 0
1726794075876 40.0 0
1726794075975 50.0 0
1726794076076 60.0 0
1726794076174 70.0 0
1726794076271 80.0 0
1726794076371 90.0 0
1726794076469 100.0 6
1726794076570 110.0 6
1726794076667 120.0 6
1726794076763 130.0 6
1726794076858 140.0 6
1726794076955 150.0 6
1726794077051 160.0 6
1726794077146 170.0 6
1726794077251 180.0 6
1726794077350 190.0 6
1726794077448 200.0 12
1726794077545 210.0 12
1726794077643 220.0 12
1726794077750 230.0 12
1726794077846 240.0 12
1726794077951 250.0 12
1726794078052 260.0 12
1726794078150 270.0 12
1726794078248 280.0 12
1726794078345 290.0 12
1726794078441 300.0 18
1726794078539 310.0 18
1726794078636 320.0 18
1726794078732 330.0 18
1726794078829 340.0 18
1726794078927 350.0 18
1726794079026 360.0 18
1726794079121 370.0 18
1726794079219 380.0 18
1726794079316 390.0 18
1726794079412 400.0 24
1726794079509 410.0 24
1726794079606 420.0 24
1726794079703 430.0 24
1726794079800 440.0 24
1726794079895 450.0 24
1726794080001 460.0 24
1726794080097 470.0 24
1726794080197 480.0 24
1726794080296 490.0 24
1726794082394 0.0 0
1726794082492 10.0 0
1726794082589 20.0 0
1726794082686 30.0 0
1726794082781 40.0 0
1726794082878 50.0 0
1726794082976 60.0 0
1726794083075 70.0 0
1726794083172 80.0 0
1726794083269 90.0 0
1726794083365 100.0 7
1726794083465 110.0 7
1726794083562 120.0 7
1726794083658 130.0 7
1726794083753 140.0 7
1726794083848 150.0 7
1726794083946 160.0 7
1726794084050 170.0 7
1726794084148 180.0 7
1726794084245 190.0 7
1726794084341 200.0 14
1726794084437 210.0 14
1726794084532 220.0 14
1726794084629 230.0 14
1726794084726 240.0 14
1726794084825 250.0 14
1726794084922 260.0 14
1726794085020 270.0 14
1726794085116 280.0 14
1726794085212 290.0 14
1726794085310 300.0 21
1726794085406 310.0 21
1726794085503 320.0 21
1726794085598 330.0 21
1726794085696 340.0 21
1726794085792 350.0 21
1726794085887 360.0 21
1726794085982 370.0 21
1726794086084 380.0 21
1726794086182 390.0 21
1726794086281 400.0 28
1726794086379 410.0 28
1726794086478 420.0 28
1726794086577 430.0 28
1726794086724 440.0 28
1726794086820 450.0 28
1726794086915 460.0 28
1726794087014 470.0 28
1726794087109 480.0 28
1726794087203 490.0 28
