1726857357025 18.814426 0
1726857357184 10.884354 0
1726857357343 44.683174 0
1726857357491 16.849352 0
1726857357633 9.869116 0
1726857357775 19.833519 0
1726857357919 7.898954 0
1726857358736 0.801512 0
1726857358905 17.907154 0
1726857359062 4.431385 0
1726857359214 2.176661 0
1726857359357 5.503714 0
1726857359499 7.419278 0
1726857359646 6.18323 0
1726857360632 5.397905 0
1726857360818 8.267532 0
1726857360987 0.867001 0
1726857361149 33.169205 0
1726857361303 11.270947 0
1726857361447 1.831344 0
1726857361591 8.302401 0
1726857362623 1.834318 0
1726857362814 113.820473 0
1726857362982 5.045312 0
1726857363140 6.673397 0
1726857363295 2.118877 0
1726857363449 2.306329 0
1726857363602 3.824758 0
1726857364565 1.545598 0
1726857364739 2.578299 0
1726857364904 2.96665 0
1726857365064 1.102542 0
1726857365222 10.359857 0
1726857365375 10.967951 0
1726857365520 16.594709 0
1726857366317 7.69288 0
1726857366489 11.150875 0
1726857366664 10.6234 0
1726857366827 10.941389 0
1726857366984 3.862928 0
1726857367138 11.179598 0
1726857367292 3.210818 0
