1726808426194 0.0 0
1726808426307 10.0 0
1726808426410 20.0 0
1726808426513 30.0 0
1726808426613 40.0 0
1726808426712 50.0 0
1726808426811 60.0 0
1726808426911 70.0 0
1726808427011 80.0 0
1726808427111 90.0 0
1726808427211 100.0 1
1726808427310 110.0 1
1726808427413 120.0 1
1726808427520 130.0 1
1726808427620 140.0 1
1726808427720 150.0 1
1726808427820 160.0 1
1726808427918 170.0 1
1726808428981 0.0 0
1726808429085 10.0 0
1726808429185 20.0 0
1726808429285 30.0 0
1726808429385 40.0 0
1726808429485 50.0 0
1726808429585 60.0 0
1726808429685 70.0 0
1726808429787 80.0 0
1726808429889 90.0 0
1726808429987 100.0 2
1726808430087 110.0 2
1726808430188 120.0 2
1726808430289 130.0 2
1726808430396 140.0 2
1726808430495 150.0 2
1726808430595 160.0 2
1726808430693 170.0 2
1726808431639 0.0 0
1726808431749 10.0 0
1726808431850 20.0 0
1726808431952 30.0 0
1726808432051 40.0 0
1726808432153 50.0 0
1726808432251 60.0 0
1726808432350 70.0 0
1726808432458 80.0 0
1726808432559 90.0 0
1726808432659 100.0 3
1726808432759 110.0 3
1726808432859 120.0 3
1726808432963 130.0 3
1726808433074 140.0 3
1726808433175 150.0 3
1726808433275 160.0 3
1726808433375 170.0 3
1726808434327 0.0 0
1726808434440 10.0 0
1726808434547 20.0 0
1726808434648 30.0 0
1726808434748 40.0 0
1726808434847 50.0 0
1726808434948 60.0 0
1726808435050 70.0 0
1726808435150 80.0 0
1726808435250 90.0 0
1726808435350 100.0 4
1726808435450 110.0 4
1726808435552 120.0 4
1726808435652 130.0 4
1726808435751 140.0 4
1726808435852 150.0 4
1726808435953 160.0 4
1726808436053 170.0 4
1726808437044 0.0 0
1726808437146 10.0 0
1726808437245 20.0 0
1726808437345 30.0 0
1726808437455 40.0 0
1726808437558 50.0 0
1726808437658 60.0 0
1726808437758 70.0 0
1726808437858 80.0 0
1726808437958 90.0 0
1726808438062 100.0 5
1726808438161 110.0 5
1726808438263 120.0 5
1726808438364 130.0 5
1726808438463 140.0 5
1726808438569 150.0 5
1726808438674 160.0 5
1726808438775 170.0 5
1726808439788 0.0 0
1726808439892 10.0 0
1726808439997 20.0 0
1726808440101 30.0 0
1726808440202 40.0 0
1726808440304 50.0 0
1726808440405 60.0 0
1726808440504 70.0 0
1726808440611 80.0 0
1726808440714 90.0 0
1726808440812 100.0 6
1726808440909 110.0 6
1726808441012 120.0 6
1726808441114 130.0 6
1726808441216 140.0 6
1726808441316 150.0 6
1726808441416 160.0 6
1726808441516 170.0 6
1726808442481 0.0 0
1726808442585 10.0 0
1726808442694 20.0 0
1726808442794 30.0 0
1726808442894 40.0 0
1726808442996 50.0 0
1726808443101 60.0 0
1726808443201 70.0 0
1726808443303 80.0 0
1726808443405 90.0 0
1726808443506 100.0 7
1726808443606 110.0 7
1726808443706 120.0 7
1726808443806 130.0 7
1726808443905 140.0 7
1726808444006 150.0 7
1726808444105 160.0 7
1726808444205 170.0 7
1726808445261 0.0 0
1726808445364 10.0 0
1726808445465 20.0 0
1726808445565 30.0 0
1726808445665 40.0 0
1726808445766 50.0 0
1726808445866 60.0 0
1726808445966 70.0 0
1726808446066 80.0 0
1726808446165 90.0 0
1726808446270 100.0 8
1726808446374 110.0 8
1726808446474 120.0 8
1726808446575 130.0 8
1726808446675 140.0 8
1726808446784 150.0 8
1726808446886 160.0 8
1726808446988 170.0 8
1726808447935 0.0 0
1726808448056 10.0 0
1726808448158 20.0 0
1726808448258 30.0 0
1726808448357 40.0 0
1726808448460 50.0 0
1726808448563 60.0 0
1726808448662 70.0 0
1726808448764 80.0 0
1726808448873 90.0 0
1726808448975 100.0 9
1726808449081 110.0 9
1726808449183 120.0 9
1726808449285 130.0 9
1726808449386 140.0 9
1726808449487 150.0 9
1726808449587 160.0 9
1726808449687 170.0 9
1726808450642 0.0 0
1726808450755 10.0 0
1726808450863 20.0 0
1726808450966 30.0 0
1726808451069 40.0 0
1726808451175 50.0 0
1726808451278 60.0 0
1726808451380 70.0 0
1726808451484 80.0 0
1726808451585 90.0 0
1726808451687 100.0 10
1726808451787 110.0 10
1726808451889 120.0 10
1726808451991 130.0 10
1726808452094 140.0 10
1726808452197 150.0 10
1726808452300 160.0 10
1726808452403 170.0 10
