1726796354722 47.110573 0
1726796354843 1.907531 0
1726796354965 15.997796 0
1726796355085 1.054622 0
1726796355207 2.218374 0
1726796355327 13.554497 0
1726796355448 1.379808 0
1726796355568 1.355814 0
1726796355688 3.592722 0
1726796355809 1.310465 0
1726796355929 2.926369 1
1726796356769 2.198724 0
1726796356890 1.287262 0
1726796357012 2.097506 0
1726796357133 1.110273 0
1726796357253 2.090149 0
1726796357374 18.36311 0
1726796357495 1.395684 0
1726796357615 1.300105 0
1726796357736 2.119505 0
1726796357856 1.297566 0
1726796357977 2.701292 2
1726796358817 2.175871 0
1726796358937 275.335236 0
1726796359059 12.441844 0
1726796359180 1.735674 0
1726796359300 0.974774 0
1726796359422 1.777636 0
1726796359542 81.252808 0
1726796359664 2.186693 0
1726796359785 2.873609 0
1726796359909 1.7992 0
1726796360029 1.954261 3
1726796360884 5.193986 0
1726796361005 5.461702 0
1726796361127 61.172623 0
1726796361247 1.587727 0
1726796361368 0.981583 0
1726796361489 1.941228 0
1726796361609 51.676746 0
1726796361730 2.306043 0
1726796361850 2.79464 0
1726796361970 1.761518 0
1726796362090 1.837913 4
1726796362932 5.231549 0
1726796363053 55.571541 0
1726796363175 103.87587 0
1726796363295 4.768225 0
1726796363417 1.627901 0
1726796363537 1.180662 0
1726796363658 1.354045 0
1726796363779 2.624282 0
1726796363899 41.302437 0
1726796364020 35.033512 0
1726796364140 26.005821 5
1726796364982 5.892564 0
1726796365103 15.115364 0
1726796365225 77.288513 0
1726796365346 4.310695 0
1726796365467 1.604424 0
1726796365587 1.157096 0
1726796365707 1.385085 0
1726796365828 2.737984 0
1726796365947 29.989363 0
1726796366067 36.226593 0
1726796366188 22.219677 6
1726796367029 5.641367 0
1726796367151 6.918186 0
1726796367274 14.543875 0
1726796367415 8.742983 0
1726796367537 3.661371 0
1726796367658 2.403048 0
1726796367779 1.625522 0
1726796367899 1.711814 0
1726796368021 2.216857 0
1726796368141 2.384581 0
1726796368262 2.577002 7
1726796369106 4.205162 0
1726796369228 4.910779 0
1726796369349 11.344179 0
1726796369469 7.737019 0
1726796369590 3.561672 0
1726796369711 2.337208 0
1726796369832 1.607438 0
1726796369952 1.708138 0
1726796370073 2.262977 0
1726796370193 2.346399 0
1726796370314 2.646373 8
