1727262730413 2.256444 0
1727262730561 3.939634 0
1727262730708 1.049449 0
1727262730859 1.491349 0
1727262731016 1.47197 0
1727262731172 6.300513 0
1727262731319 5.043993 0
1727262731463 1.966118 0
1727262731608 0.618111 0
1727262731774 1.286013 0
1727262731926 2.772704 1
1727262732072 5.559902 1
1727262732218 0.696025 1
1727262732363 0.652751 1
1727262732518 1.57262 1
1727262732666 0.8725 1
1727262732819 1.266194 1
1727262732968 0.594648 1
1727262733119 4.76486 1
1727262733279 0.636165 1
1727262733434 0.815967 2
1727262733583 0.868465 2
1727262733734 2.094381 2
1727262733882 0.573725 2
1727262734026 1.00751 2
1727262734172 1.911678 2
1727262734310 1.404043 2
1727262734451 1.853651 2
1727262734604 1.666934 2
1727262734746 0.890449 2
1727262734890 1.044453 3
1727262735044 1.299823 3
1727262735194 1.724744 3
1727262735339 0.84083 3
1727262735482 0.841683 3
1727262735645 0.286889 3
1727262735790 1.041366 3
1727262735944 0.752217 3
1727262736087 0.383759 3
1727262736247 0.831808 3
1727262736410 0.985887 4
1727262736581 1.03152 4
1727262738722 0.925632 0
1727262738862 4.286007 0
1727262739006 0.684967 0
1727262739157 0.494577 0
1727262739322 0.916403 0
1727262739475 0.497929 0
1727262739637 0.987056 0
1727262739801 2.62377 0
1727262739951 4.538159 0
1727262740113 12.974073 0
1727262740272 0.673008 2
1727262740419 2.226423 2
1727262740567 0.822811 2
1727262740724 0.379049 2
1727262740873 1.42334 2
1727262741012 1.019236 2
1727262741160 1.712005 2
1727262741308 0.741326 2
1727262741452 1.452687 2
1727262741591 3.066431 2
1727262741742 4.167749 4
1727262741894 1.563672 4
1727262742055 1.86647 4
1727262742211 0.68965 4
1727262742362 1.394779 4
1727262742523 5.186572 4
1727262742687 1.557816 4
1727262742843 2.099188 4
1727262742998 1.773952 4
1727262743171 1.231061 4
1727262743332 1.873915 6
1727262743481 5.657267 6
1727262743634 1.431239 6
1727262743785 0.784699 6
1727262743951 0.425261 6
1727262744109 0.254696 6
1727262744279 3.292626 6
1727262744442 0.651071 6
1727262744610 0.642676 6
1727262744764 0.450502 6
1727262744921 0.951959 8
1727262745063 0.906689 8
1727262747408 1.129856 0
1727262747571 1.716826 0
1727262747741 0.444924 0
1727262747896 0.449238 0
1727262748050 1.518568 0
1727262748208 0.500735 0
1727262748362 0.646136 0
1727262748511 2.233912 0
1727262748658 1.341467 0
1727262748808 1.202229 0
1727262748952 0.759033 3
1727262749097 1.537587 3
1727262749244 1.22256 3
1727262749394 0.304452 3
1727262749554 0.99883 3
1727262749717 0.82596 3
1727262749876 2.516939 3
1727262750050 0.625362 3
1727262750199 8.524057 3
1727262750356 0.765729 3
1727262750512 1.715156 6
1727262750674 2.080782 6
1727262750872 2.279035 6
1727262751038 0.669291 6
1727262751195 1.649242 6
1727262751341 2.962973 6
1727262751495 1.101691 6
1727262751650 362.590271 6
1727262751815 1.817855 6
1727262751977 0.763371 6
1727262752133 1.291584 9
1727262752296 1.678472 9
1727262752452 3.029619 9
1727262752616 0.811148 9
1727262752784 0.401749 9
1727262752943 0.482877 9
1727262753096 1.444047 9
1727262753258 0.631023 9
1727262753419 0.443209 9
1727262753577 0.331108 9
1727262753727 1.104703 12
1727262753881 4.128243 12
1727262756137 1.257205 0
1727262756288 1.642153 0
1727262756440 1.052444 0
1727262756589 0.478463 0
1727262756727 0.899161 0
1727262756880 0.530288 0
1727262757039 0.65094 0
1727262757201 3.311123 0
1727262757357 2.408118 0
1727262757514 1.51632 0
1727262757668 0.666748 4
1727262757822 1.247365 4
1727262757982 1.678941 4
1727262758130 0.373525 4
1727262758300 2.504987 4
1727262758443 2.558975 4
1727262758597 2.05903 4
1727262758750 1.019221 4
1727262758896 0.459101 4
1727262759047 49.839081 4
1727262759204 1.224808 8
1727262759341 1.540892 8
1727262759489 2.84006 8
1727262759651 0.920303 8
1727262759824 1.072693 8
1727262759980 21.920507 8
1727262760129 0.789389 8
1727262760278 1.955478 8
1727262760426 9.126733 8
1727262760567 0.941652 8
1727262760722 1.548162 12
1727262760870 1.078424 12
1727262761024 1.99782 12
1727262761177 1.35269 12
1727262761335 1.29962 12
1727262761483 0.329514 12
1727262761642 1.577885 12
1727262761794 0.643334 12
1727262761943 0.311256 12
1727262762104 0.517857 12
1727262762263 1.296454 16
1727262762417 1.541799 16
