1727098536267 0.640213 0
1727098536364 0.410652 0
1727098536462 0.730922 0
1727098536552 0.332511 0
1727098536650 1.457053 0
1727098536744 0.515094 0
1727098536839 0.647409 0
1727098536935 3.381851 0
1727098537025 0.521886 0
1727098537115 0.616894 0
1727098537210 0.239975 1
1727098537304 1.010493 1
1727098537401 2.245027 1
1727098537494 1.170084 1
1727098537585 0.579961 1
1727098537677 0.60842 1
1727098537770 0.178317 1
1727098537865 0.229987 1
1727098537962 0.321501 1
1727098538062 0.433633 1
1727098538159 0.230985 2
1727098538260 0.286105 2
1727098538355 0.306677 2
1727098538451 1.920119 2
1727098538559 0.860793 2
1727098538659 0.646342 2
1727098538756 6.868996 2
1727098538859 0.239161 2
1727098538958 6.442696 2
1727098539049 1.492996 2
1727098539141 0.960004 3
1727098539232 0.439198 3
1727098539320 0.295712 3
1727098539407 0.223013 3
1727098539496 0.228775 3
1727098539588 0.130655 3
1727098540805 0.432996 0
1727098540895 0.180722 0
1727098540986 0.635178 0
1727098541075 0.30043 0
1727098541164 1.101071 0
1727098541253 0.398552 0
1727098541342 0.636063 0
1727098541434 4.439896 0
1727098541525 0.430902 0
1727098541615 0.435911 0
1727098541706 0.272422 2
1727098541834 1.228693 2
1727098541928 1.314115 2
1727098542020 1.044391 2
1727098542115 0.590679 2
1727098542204 0.665384 2
1727098542292 0.266962 2
1727098542384 0.289492 2
1727098542477 0.385104 2
1727098542565 0.45258 2
1727098542653 0.226969 4
1727098542743 0.280321 4
1727098542832 0.34058 4
1727098542920 2.007624 4
1727098543006 1.012652 4
1727098543095 0.558702 4
1727098543186 5.791803 4
1727098543276 0.297651 4
1727098543368 5.697956 4
1727098543458 0.705932 4
1727098543548 1.0748 6
1727098543640 0.437586 6
1727098543729 0.252613 6
1727098543818 0.188778 6
1727098543907 0.273651 6
1727098543996 0.127559 6
1727098545135 0.66595 0
1727098545225 0.19714 0
1727098545314 0.651456 0
1727098545402 0.315258 0
1727098545491 1.060188 0
1727098545581 0.435753 0
1727098545675 0.596048 0
1727098545765 3.735021 0
1727098545863 0.455249 0
1727098545955 0.422623 0
1727098546042 0.24465 3
1727098546132 1.407225 3
1727098546224 0.879335 3
1727098546313 1.166704 3
1727098546401 0.595748 3
1727098546491 0.734379 3
1727098546579 0.31273 3
1727098546668 0.328554 3
1727098546756 0.469141 3
1727098546847 0.546627 3
1727098546938 0.240421 6
1727098547026 0.28352 6
1727098547115 0.329521 6
1727098547207 2.042446 6
1727098547296 1.086333 6
1727098547384 0.447194 6
1727098547471 6.094242 6
1727098547557 0.239695 6
1727098547644 5.377808 6
1727098547732 0.594625 6
1727098547819 1.100098 9
1727098547910 0.393771 9
1727098547999 0.247239 9
1727098548086 0.173606 9
1727098548176 0.256326 9
1727098548269 0.130458 9
1727098549392 0.761186 0
1727098549482 0.199772 0
1727098549570 0.645549 0
1727098549657 0.316777 0
1727098549747 1.004826 0
1727098549835 0.487361 0
1727098549922 0.561328 0
1727098550008 3.104599 0
1727098550095 0.430723 0
1727098550182 0.418028 0
1727098550275 0.254731 4
1727098550363 1.458429 4
1727098550451 0.890665 4
1727098550538 1.141513 4
1727098550625 0.639063 4
1727098550713 0.780834 4
1727098550802 0.406678 4
1727098550892 0.391683 4
1727098550982 0.501535 4
1727098551071 0.546126 4
1727098551159 0.248102 8
1727098551246 0.273251 8
1727098551334 0.291557 8
1727098551424 1.93642 8
1727098551511 1.063818 8
1727098551599 0.425928 8
1727098551691 6.197456 8
1727098551778 0.210992 8
1727098551865 5.144673 8
1727098551954 0.613235 8
1727098552041 0.91676 12
1727098552127 0.37716 12
1727098552216 0.246667 12
1727098552310 0.182889 12
1727098552402 0.236122 12
1727098552491 0.160326 12
1727098553615 0.6156 0
1727098553706 0.205579 0
1727098553794 0.616882 0
1727098553884 0.324658 0
1727098553970 0.9443 0
1727098554059 0.496903 0
1727098554149 0.540593 0
1727098554240 2.715572 0
1727098554336 0.431672 0
1727098554424 0.396121 0
1727098554512 0.275224 5
1727098554600 1.427574 5
1727098554688 0.812984 5
1727098554775 1.174788 5
1727098554864 0.579256 5
1727098554951 0.667886 5
1727098555038 0.39178 5
1727098555125 0.418035 5
1727098555213 0.569856 5
1727098555300 0.617242 5
1727098555388 0.258432 10
1727098555475 0.289536 10
1727098555561 0.291986 10
1727098555651 1.862117 10
1727098555739 1.067286 10
1727098555827 0.455804 10
1727098555915 6.075675 10
1727098556003 0.210381 10
1727098556091 5.358165 10
1727098556179 0.538109 10
1727098556267 0.960111 15
1727098556360 0.347843 15
1727098556454 0.250523 15
1727098556543 0.175636 15
1727098556631 0.227492 15
1727098556719 0.196189 15
1727098557842 0.605805 0
1727098557932 0.222987 0
1727098558021 0.582618 0
1727098558109 0.337679 0
1727098558199 0.939106 0
1727098558288 0.497011 0
1727098558377 0.585528 0
1727098558469 2.053226 0
1727098558558 0.408596 0
1727098558651 0.402623 0
1727098558739 0.248591 6
1727098558832 1.356225 6
1727098558921 0.746882 6
1727098559008 1.197408 6
1727098559094 0.658561 6
1727098559183 0.551883 6
1727098559270 0.433291 6
1727098559357 0.566569 6
1727098559444 0.621525 6
1727098559533 0.646051 6
1727098559620 0.309814 12
1727098559707 0.281082 12
1727098559796 0.267517 12
1727098559883 1.696887 12
1727098559970 1.056772 12
1727098560058 0.420328 12
1727098560144 5.850376 12
1727098560233 0.299667 12
1727098560323 5.188822 12
1727098560413 0.692716 12
1727098560504 0.562108 18
1727098560592 0.346171 18
1727098560680 0.218981 18
1727098560769 0.197499 18
1727098560855 0.224332 18
1727098560944 0.269777 18
