1727126756954 48.210564 0
1727126757081 0.398788 0
1727126757241 0.657854 0
1727126757375 0.414835 0
1727126757506 2.132684 0
1727126757637 0.270848 0
1727126757768 0.221602 0
1727126757900 0.223673 0
1727126758033 0.444598 0
1727126758165 0.733511 0
1727126758296 0.343632 1
1727126759131 0.2647 0
1727126759255 0.282249 0
1727126759382 0.590563 0
1727126759516 0.458358 0
1727126759647 0.177691 0
1727126759779 0.57585 0
1727126759911 0.18469 0
1727126760046 0.23838 0
1727126760176 0.428147 0
1727126760311 3.07962 0
1727126760446 0.212759 2
1727126761272 0.685983 0
1727126761392 0.22736 0
1727126761521 0.578336 0
1727126761650 0.298613 0
1727126761780 0.259827 0
1727126761911 0.228036 0
1727126762042 0.217227 0
1727126762171 0.207651 0
1727126762301 0.218291 0
1727126762434 1.633713 0
1727126762564 0.324079 3
1727126763368 0.919073 0
1727126763494 0.248072 0
1727126763624 1.837067 0
1727126763756 0.31782 0
1727126763887 0.188363 0
1727126764015 0.325811 0
1727126764145 0.100558 0
1727126764275 0.1722 0
1727126764405 0.204648 0
1727126764536 0.952017 0
1727126764666 0.221953 4
1727126765397 0.464604 0
1727126765520 0.244545 0
1727126765649 0.758551 0
1727126765778 0.744252 0
1727126765909 0.175999 0
1727126766039 0.319473 0
1727126766168 0.159498 0
1727126766297 0.205223 0
1727126766428 0.279071 0
1727126766561 1.355627 0
1727126766691 0.182046 5
