1727100908753 0.0 0
1727100908893 10.0 0
1727100909125 20.0 0
1727100909527 0.0 0
1727100909673 10.0 0
1727100909803 20.0 0
1727100910147 0.0 0
1727100910288 10.0 0
1727100910414 20.0 0
1727100910755 0.0 0
1727100910888 10.0 0
1727100911008 20.0 0
1727100911357 0.0 0
1727100911501 10.0 0
1727100911640 20.0 0
1727100911989 0.0 0
1727100912123 10.0 0
1727100912254 20.0 0
1727100912603 0.0 0
1727100912756 10.0 0
1727100912888 20.0 0
1727100913246 0.0 0
1727100913395 10.0 0
1727100913547 20.0 0
1727100913889 0.0 0
1727100914031 10.0 0
1727100914166 20.0 0
1727100914521 0.0 0
1727100914657 10.0 0
1727100914790 20.0 0
