1727117368987 0.353128 0
1727117369090 0.187017 0
1727117369191 0.210576 0
1727117369292 0.339555 0
1727117369396 0.036215 0
1727117369498 0.209887 0
1727117369603 0.039037 0
1727117369704 0.152119 0
1727117369807 0.788162 0
1727117369910 0.354212 0
1727117370011 0.437856 1
1727117370115 0.184667 1
1727117370216 0.234184 1
1727117370317 0.246253 1
1727117370417 0.251395 1
1727117370520 0.3037 1
1727117370621 0.140885 1
1727117370722 0.68013 1
1727117370823 0.199904 1
1727117370924 0.092865 1
1727117371026 0.540819 2
1727117371126 0.675186 2
1727117371227 0.099145 2
1727117371328 0.39486 2
1727117371434 0.357963 2
1727117371536 2.065254 2
1727117371640 0.300031 2
1727117371741 0.809054 2
1727117371842 0.189636 2
1727117371942 1.675502 2
1727117372042 0.53603 3
1727117373140 3.764255 0
1727117373241 0.118374 0
1727117373346 0.025077 0
1727117373449 0.908576 0
1727117373554 0.083848 0
1727117373663 0.17441 0
1727117373764 0.054124 0
1727117373873 0.152673 0
1727117373977 0.56823 0
1727117374075 0.127585 0
1727117374174 0.362953 2
1727117374332 0.20212 2
1727117374433 0.164186 2
1727117374534 0.206395 2
1727117374635 0.192644 2
1727117374749 0.351833 2
1727117374854 0.145624 2
1727117374955 0.652124 2
1727117375055 0.199611 2
1727117375156 0.206398 2
1727117375259 0.583697 4
1727117375360 0.830196 4
1727117375460 0.111674 4
1727117375564 0.374141 4
1727117375669 0.48781 4
1727117375775 0.83303 4
1727117375876 0.290322 4
1727117375977 0.776468 4
1727117376081 0.202599 4
1727117376184 1.440768 4
1727117376284 0.427709 6
1727117377360 1.424987 0
1727117377461 0.143612 0
1727117377572 0.007277 0
1727117377676 0.09898 0
1727117377782 0.059775 0
1727117377883 0.184409 0
1727117377987 0.025492 0
1727117378087 0.135019 0
1727117378189 0.443917 0
1727117378289 0.153214 0
1727117378391 0.312408 3
1727117378490 0.186632 3
1727117378592 0.152961 3
1727117378694 0.234764 3
1727117378796 0.219215 3
1727117378902 0.361031 3
1727117379004 0.163349 3
1727117379108 0.748077 3
1727117379210 0.239023 3
1727117379312 0.246283 3
1727117379410 0.589764 6
1727117379510 0.79674 6
1727117379615 0.130057 6
1727117379721 0.341547 6
1727117379825 0.490191 6
1727117379926 0.670832 6
1727117380029 0.300258 6
1727117380135 0.818234 6
1727117380243 0.257644 6
1727117380351 1.491997 6
1727117380452 0.46265 9
1727117381518 0.48018 0
1727117381625 0.081895 0
1727117381729 0.009361 0
1727117381834 0.017395 0
1727117381938 0.034201 0
1727117382042 0.200464 0
1727117382143 0.055552 0
1727117382242 0.136428 0
1727117382342 0.619631 0
1727117382443 0.104915 0
1727117382544 0.296569 4
1727117382645 0.192813 4
1727117382745 0.123781 4
1727117382846 0.226675 4
1727117382948 0.169272 4
1727117383048 0.356694 4
1727117383150 0.15678 4
1727117383250 0.700083 4
1727117383350 0.241968 4
1727117383453 0.290467 4
1727117383554 0.519725 8
1727117383656 0.780705 8
1727117383759 0.130685 8
1727117383866 0.363763 8
1727117383972 0.421879 8
1727117384074 0.479286 8
1727117384175 0.305405 8
1727117384275 0.923794 8
1727117384377 0.251433 8
1727117384479 1.539195 8
1727117384580 0.448255 12
1727117385648 0.080468 0
1727117385753 0.065995 0
1727117385855 0.037394 0
1727117385957 0.048303 0
1727117386058 0.038399 0
1727117386158 0.184985 0
1727117386262 0.039806 0
1727117386366 0.130768 0
1727117386464 0.597309 0
1727117386565 0.095268 0
1727117386665 0.275033 5
1727117386765 0.191235 5
1727117386871 0.120444 5
1727117386973 0.227489 5
1727117387076 0.147795 5
1727117387177 0.351615 5
1727117387281 0.1312 5
1727117387383 0.709396 5
1727117387483 0.260439 5
1727117387584 0.31545 5
1727117387684 0.477593 10
1727117387792 0.705556 10
1727117387893 0.134139 10
1727117387998 0.429718 10
1727117388103 0.385188 10
1727117388205 0.440826 10
1727117388305 0.309665 10
1727117388404 0.853956 10
1727117388505 0.220603 10
1727117388608 1.524917 10
1727117388710 0.448591 15
1727117389864 0.088337 0
1727117389970 0.065851 0
1727117390071 0.038421 0
1727117390171 0.241285 0
1727117390272 0.056002 0
1727117390372 0.173358 0
1727117390472 0.036527 0
1727117390572 0.127831 0
1727117390671 0.538721 0
1727117390772 0.100471 0
1727117390874 0.285446 6
1727117390973 0.212393 6
1727117391072 0.117106 6
1727117391173 0.205675 6
1727117391276 0.15462 6
1727117391376 0.329082 6
1727117391477 0.123645 6
1727117391578 0.686514 6
1727117391677 0.273759 6
1727117391780 0.346217 6
1727117391884 0.429054 12
1727117391984 0.676793 12
1727117392086 0.129345 12
1727117392186 0.455299 12
1727117392299 0.402659 12
1727117392412 0.467728 12
1727117392515 0.307115 12
1727117392616 0.862425 12
1727117392718 0.218516 12
1727117392829 1.442844 12
1727117392939 0.428556 18
1727117394009 0.111893 0
1727117394113 0.082241 0
1727117394213 0.008213 0
1727117394313 0.330045 0
1727117394413 0.108119 0
1727117394512 0.185754 0
1727117394613 0.042627 0
1727117394713 0.131167 0
1727117394815 0.629585 0
1727117394917 0.086897 0
1727117395045 0.302254 7
1727117395181 0.187153 7
1727117395316 0.134364 7
1727117395452 0.22017 7
1727117395586 0.140601 7
1727117395690 0.307891 7
1727117395790 0.121455 7
1727117395889 0.633118 7
1727117395993 0.248168 7
1727117396099 0.485223 7
1727117396198 0.455017 14
1727117396298 0.656829 14
1727117396398 0.150981 14
1727117396499 0.46282 14
1727117396598 0.370847 14
1727117396698 0.385229 14
1727117396798 0.306789 14
1727117396898 0.898304 14
1727117396999 0.200881 14
1727117397098 1.344543 14
1727117397206 0.469256 21
