1726817639323 48.974533 0
1726817639435 1.379283 0
1726817639543 4.529382 0
1726817639650 1.882041 0
1726817639757 1.126818 0
1726817639864 5.196892 0
1726817639973 0.892366 0
1726817640088 1.770866 0
1726817640197 0.875128 0
1726817640312 0.998737 0
1726817640422 3.760822 1
1726817640533 7.280574 1
1726817640641 16.752296 1
1726817640749 1.192776 1
1726817640857 48.51527 1
1726817640964 0.789139 1
1726817641070 0.469664 1
1726817641176 0.39811 1
1726817641286 0.736028 1
1726817641399 0.413141 1
1726817641506 0.349721 2
1726817641619 43.373356 2
1726817641730 1.050208 2
1726817641837 1.589845 2
1726817641946 0.207324 2
1726817642052 0.846659 2
1726817642166 0.393136 2
1726817642273 1.01343 2
1726817642383 0.891814 2
1726817642495 1.337386 2
1726817642604 1.047685 3
1726817642714 0.62906 3
1726817642823 1.418251 3
1726817642929 0.721506 3
1726817643036 1.823655 3
1726817643144 0.309838 3
1726817643251 2.776042 3
1726817643359 0.525475 3
1726817643467 0.397253 3
1726817643577 0.524937 3
1726817643684 1.42312 4
1726817643791 0.678552 4
1726817643897 1.87905 4
1726817644009 0.496542 4
1726817644119 0.655308 4
1726817644231 0.647452 4
1726817644343 0.565354 4
1726817644451 0.285554 4
1726817644559 0.398413 4
1726817644665 0.92512 4
1726817647374 2.092795 0
1726817647486 1.345315 0
1726817647597 1.974859 0
1726817647706 0.746357 0
1726817647821 0.590619 0
1726817647931 1.169649 0
1726817648040 0.310251 0
1726817648148 1.390672 0
1726817648262 1.271465 0
1726817648368 3.654859 0
1726817648478 2.201577 2
1726817648587 12.56667 2
1726817648695 0.780263 2
1726817648801 1.032409 2
1726817648907 1.01626 2
1726817649013 0.661693 2
1726817649118 0.916081 2
1726817649225 1.896893 2
1726817649330 0.427619 2
1726817649436 2.625169 2
1726817649543 0.468933 4
1726817649652 0.807512 4
1726817649763 0.695887 4
1726817649870 2.361923 4
1726817649980 0.192416 4
1726817650091 4.014795 4
1726817650198 0.322727 4
1726817650316 1.486997 4
1726817650424 0.526405 4
1726817650534 4.354525 4
1726817650641 6.714241 6
1726817650749 3.18188 6
1726817650855 0.591416 6
1726817650962 0.929093 6
1726817651073 1.36165 6
1726817651179 0.338386 6
1726817651290 1.146013 6
1726817651413 0.445241 6
1726817651519 0.660608 6
1726817651629 0.539797 6
1726817651739 0.439061 8
1726817651851 0.663226 8
1726817651959 0.918854 8
1726817652066 0.324302 8
1726817652176 0.630097 8
1726817652284 0.724297 8
1726817652399 0.548638 8
1726817652509 0.308718 8
1726817652620 0.368324 8
1726817652733 0.290202 8
1726817655308 2.557445 0
1726817655422 1.233136 0
1726817655531 162.320587 0
1726817655638 1.175892 0
1726817655747 0.470494 0
1726817655852 1.665158 0
1726817655962 0.29114 0
1726817656070 1.382927 0
1726817656178 1.666501 0
1726817656285 1.313825 0
1726817656405 0.869214 3
1726817656515 3.051971 3
1726817656624 0.608874 3
1726817656732 2.83377 3
1726817656838 0.607279 3
1726817656947 0.665609 3
1726817657054 0.487867 3
1726817657162 0.632033 3
1726817657271 0.438116 3
1726817657384 0.468874 3
1726817657492 0.345559 6
1726817657600 2.122745 6
1726817657708 0.774946 6
1726817657820 0.631411 6
1726817657928 0.204495 6
1726817658037 0.541762 6
1726817658146 0.297306 6
1726817658257 0.656218 6
1726817658368 0.383021 6
1726817658483 1.580554 6
1726817658589 0.428867 9
1726817658702 1.010057 9
1726817658810 0.506386 9
1726817658915 2.079973 9
1726817659022 1.814714 9
1726817659129 1.11654 9
1726817659235 1.123286 9
1726817659340 0.609736 9
1726817659445 0.68941 9
1726817659553 0.549334 9
1726817659665 0.502477 12
1726817659771 0.594091 12
1726817659881 1.471694 12
1726817659987 0.417933 12
1726817660092 0.501025 12
1726817660202 59.072163 12
1726817660310 0.553073 12
1726817660415 0.301526 12
1726817660530 0.333072 12
1726817660641 0.280867 12
1726817663247 2.336069 0
1726817663362 0.533814 0
1726817663468 0.913133 0
1726817663576 0.560467 0
1726817663686 0.538871 0
1726817663792 0.838832 0
1726817663900 0.316053 0
1726817664008 0.797994 0
1726817664117 0.631445 0
1726817664228 2.65261 0
1726817664339 1.386809 4
1726817664449 1.41227 4
1726817664559 0.323736 4
1726817664670 1.480592 4
1726817664776 0.776318 4
1726817664883 0.452467 4
1726817664991 22.000801 4
1726817665100 0.355272 4
1726817665208 0.632504 4
1726817665313 0.792308 4
1726817665420 0.559171 8
1726817665531 10.90274 8
1726817665643 1.50262 8
1726817665750 0.610505 8
1726817665855 0.221176 8
1726817665965 1.155319 8
1726817666074 1.844021 8
1726817666182 0.796398 8
1726817666287 3.215609 8
1726817666393 0.546629 8
1726817666504 0.616206 12
1726817666619 0.69745 12
1726817666734 0.519861 12
1726817666843 0.409593 12
1726817666949 0.756475 12
1726817667059 0.779544 12
1726817667169 0.992439 12
1726817667278 0.374362 12
1726817667387 0.432838 12
1726817667495 0.547139 12
1726817667604 1.035985 16
1726817667713 0.574105 16
1726817667829 0.827014 16
1726817667936 0.51655 16
1726817668048 0.605447 16
1726817668156 0.587124 16
1726817668264 0.451918 16
1726817668375 0.630282 16
1726817668482 0.358233 16
1726817668590 0.315027 16
1726817671215 1.768241 0
1726817671329 0.41126 0
1726817671437 0.701165 0
1726817671545 0.897964 0
1726817671654 0.734576 0
1726817671762 1.081387 0
1726817671870 0.312551 0
1726817671981 3.241743 0
1726817672093 0.684018 0
1726817672201 1.70545 0
1726817672314 0.834172 5
1726817672421 24.718317 5
1726817672531 0.431737 5
1726817672637 1.628238 5
1726817672747 0.555629 5
1726817672855 0.418374 5
1726817672961 0.477147 5
1726817673069 0.313043 5
1726817673179 0.531644 5
1726817673284 0.66587 5
1726817673394 0.363154 10
1726817673500 1.484221 10
1726817673608 1.890403 10
1726817673718 0.579592 10
1726817673827 0.285699 10
1726817673933 3.980162 10
1726817674038 1.033991 10
1726817674145 1.19468 10
1726817674251 0.908353 10
1726817674358 0.585457 10
1726817674463 0.398138 15
1726817674574 1.562088 15
1726817674691 0.468941 15
1726817674805 0.438409 15
1726817674916 0.685562 15
1726817675025 0.37407 15
1726817675135 2.053603 15
1726817675244 0.793086 15
1726817675355 5.57036 15
1726817675468 0.505955 15
1726817675576 0.952742 20
1726817675683 0.574355 20
1726817675788 0.898033 20
1726817675898 2.970183 20
1726817676005 0.510075 20
1726817676111 0.86125 20
1726817676218 0.417532 20
1726817676324 0.301123 20
1726817676436 0.350787 20
1726817676545 0.802576 20
1726817679252 5.812336 0
1726817679361 0.435979 0
1726817679469 0.582127 0
1726817679581 0.709961 0
1726817679687 1.625039 0
1726817679798 1.538119 0
1726817679905 0.324436 0
1726817680017 64.714897 0
1726817680129 0.814113 0
1726817680237 1.018219 0
1726817680349 1.065723 6
1726817680455 2.136278 6
1726817680568 0.340868 6
1726817680675 4.458549 6
1726817680783 1.138114 6
1726817680892 0.571469 6
1726817681008 0.537025 6
1726817681117 0.283558 6
1726817681224 0.602989 6
1726817681332 0.6231 6
1726817681442 3.931467 12
1726817681575 1.2998 12
1726817681687 1.185797 12
1726817681799 0.619963 12
1726817681908 0.203631 12
1726817682015 2.038682 12
1726817682121 1.324757 12
1726817682228 1.727564 12
1726817682339 2.477519 12
1726817682449 0.648217 12
1726817682562 0.360236 18
1726817682669 0.64823 18
1726817682778 0.510591 18
1726817682886 0.643762 18
1726817683005 0.903891 18
1726817683115 0.471304 18
1726817683226 2.249619 18
1726817683340 2.174623 18
1726817683451 0.497398 18
1726817683563 0.575293 18
1726817683675 1.533641 24
1726817683783 0.550598 24
1726817683895 1.245229 24
1726817684004 2.292766 24
1726817684118 0.384315 24
1726817684229 0.71504 24
1726817684338 0.309755 24
1726817684444 0.336581 24
1726817684556 0.397435 24
1726817684663 0.271209 24
1726817687456 9.511398 0
1726817687568 0.762128 0
1726817687676 0.678096 0
1726817687781 1.065748 0
1726817687890 0.437429 0
1726817687998 6.33147 0
1726817688104 0.592746 0
1726817688212 0.518532 0
1726817688319 0.696056 0
1726817688427 1.575249 0
1726817688542 2.471395 7
1726817688651 1.751898 7
1726817688758 0.372097 7
1726817688865 1.744718 7
1726817688973 0.550817 7
1726817689078 0.491961 7
1726817689193 0.637675 7
1726817689299 0.33311 7
1726817689406 0.466551 7
1726817689518 0.626581 7
1726817689628 0.419668 14
1726817689734 0.653412 14
1726817689840 1.2816 14
1726817689951 9.848136 14
1726817690062 0.190598 14
1726817690173 2.246153 14
1726817690282 0.824985 14
1726817690387 1.838613 14
1726817690497 0.834983 14
1726817690604 1.170044 14
1726817690713 0.274116 21
1726817690820 0.880318 21
1726817690928 0.669862 21
1726817691036 0.643599 21
1726817691150 0.996492 21
1726817691269 0.45413 21
1726817691377 1.100009 21
1726817691488 0.406145 21
1726817691596 0.361497 21
1726817691705 0.67874 21
1726817691811 1.010344 28
1726817691918 1.335961 28
1726817692025 0.876894 28
1726817692132 0.376087 28
1726817692241 0.397008 28
1726817692351 0.993284 28
1726817692458 0.325641 28
1726817692564 3.752146 28
1726817692670 0.500432 28
1726817692778 0.264841 28
1726817695508 2.304363 0
1726817695621 0.411751 0
1726817695730 0.671749 0
1726817695840 74.261009 0
1726817695950 0.839592 0
1726817696058 1.622563 0
1726817696167 0.607495 0
1726817696277 0.544275 0
1726817696384 0.737924 0
1726817696508 1.066953 0
1726817696622 2.152749 8
1726817696750 1.982947 8
1726817696919 0.416583 8
1726817697025 2.642011 8
1726817697134 0.695741 8
1726817697244 0.75207 8
1726817697362 0.634182 8
1726817697472 0.348981 8
1726817697580 0.478893 8
1726817697689 0.691015 8
1726817697796 0.41008 16
1726817697905 0.96829 16
1726817698016 0.847353 16
1726817698126 0.917523 16
1726817698235 0.178159 16
1726817698345 2.0755 16
1726817698454 0.919926 16
1726817698562 2.566365 16
1726817698685 0.535298 16
1726817698793 1.139058 16
1726817698903 0.259659 24
1726817699010 0.490252 24
1726817699115 0.61139 24
1726817699227 0.585129 24
1726817699336 0.851742 24
1726817699450 0.515753 24
1726817699556 1.526219 24
1726817699668 0.437737 24
1726817699776 0.750172 24
1726817699882 0.681526 24
1726817699992 0.920111 32
1726817700104 0.750888 32
1726817700209 1.398334 32
1726817700321 0.27612 32
1726817700432 0.404882 32
1726817700539 1.005375 32
1726817700644 0.358234 32
1726817700753 0.867088 32
1726817700864 0.540652 32
1726817700971 0.256369 32
1726817703594 1.764996 0
1726817703718 0.365095 0
1726817703829 0.699023 0
1726817703939 1.451471 0
1726817704048 1.722976 0
1726817704158 1.611322 0
1726817704266 1.301412 0
1726817704374 0.563177 0
1726817704483 0.784328 0
1726817704590 3.270934 0
1726817704701 1.164617 9
1726817704808 1.267918 9
1726817704917 0.412579 9
1726817705024 9.138343 9
1726817705132 0.790616 9
1726817705246 1.447636 9
1726817705363 0.643295 9
1726817705476 0.380567 9
1726817705588 0.516948 9
1726817705701 0.452964 9
1726817705810 0.281875 18
1726817705920 0.519037 18
1726817706033 1.045602 18
1726817706142 0.592655 18
1726817706249 0.186266 18
1726817706358 1.007792 18
1726817706467 0.560497 18
1726817706574 1.701595 18
1726817706681 0.645699 18
1726817706787 0.924657 18
1726817706896 0.262135 27
1726817707009 0.500091 27
1726817707117 0.688681 27
1726817707223 3.395132 27
1726817707330 0.812458 27
1726817707437 0.775869 27
1726817707554 1.755291 27
1726817707665 0.602397 27
1726817707771 0.330032 27
1726817707876 1.209826 27
1726817707984 1.423997 36
1726817708090 0.786398 36
1726817708197 4.206228 36
1726817708307 0.269297 36
1726817708416 0.392967 36
1726817708528 1.048076 36
1726817708640 0.407583 36
1726817708747 0.442749 36
1726817708854 0.520975 36
1726817708962 0.244406 36
1726817711613 5.601756 0
1726817711727 0.378436 0
1726817711837 0.554708 0
1726817711947 0.962091 0
1726817712055 0.536889 0
1726817712161 1.094254 0
1726817712266 0.905334 0
1726817712375 0.780835 0
1726817712483 1.683153 0
1726817712587 1.124048 0
1726817712699 2.678777 10
1726817712810 1.26971 10
1726817712920 0.692089 10
1726817713028 41.817814 10
1726817713137 0.672637 10
1726817713244 2.035526 10
1726817713350 0.578436 10
1726817713459 0.389514 10
1726817713566 0.499078 10
1726817713679 0.573841 10
1726817713786 0.449167 20
1726817713894 0.947567 20
1726817714007 0.903123 20
1726817714115 0.811975 20
1726817714221 0.192429 20
1726817714330 0.93171 20
1726817714441 1.395105 20
1726817714548 2.921662 20
1726817714657 0.587789 20
1726817714764 1.763782 20
1726817714869 0.318984 30
1726817714973 1.628274 30
1726817715083 0.47117 30
1726817715190 2.088629 30
1726817715299 1.127331 30
1726817715410 1.558586 30
1726817715517 19.519661 30
1726817715624 0.659505 30
1726817715738 0.339289 30
1726817715847 1.002542 30
1726817715954 0.677221 40
1726817716062 0.501711 40
1726817716175 1.283897 40
1726817716285 0.299091 40
1726817716390 0.40748 40
1726817716497 0.843121 40
1726817716603 0.328794 40
1726817716711 0.515516 40
1726817716819 0.611373 40
1726817716927 0.240296 40
