1726878482475 0.0 0
1726878482612 10.0 0
1726878482749 20.0 0
1726878482885 30.0 0
1726878483021 40.0 0
1726878483157 50.0 0
1726878483294 60.0 0
1726878483886 0.0 0
1726878484026 10.0 0
1726878484163 20.0 0
1726878484302 30.0 0
1726878484440 40.0 0
1726878484577 50.0 0
1726878484713 60.0 0
1726878485302 0.0 0
1726878485439 10.0 0
1726878485576 20.0 0
1726878485712 30.0 0
1726878485850 40.0 0
1726878485986 50.0 0
1726878486123 60.0 0
1726878486723 0.0 0
1726878486861 10.0 0
1726878487019 20.0 0
1726878487159 30.0 0
1726878487295 40.0 0
1726878487433 50.0 0
1726878487569 60.0 0
1726878488160 0.0 0
1726878488299 10.0 0
1726878488438 20.0 0
1726878488574 30.0 0
1726878488710 40.0 0
1726878488847 50.0 0
1726878488984 60.0 0
1726878489576 0.0 0
1726878489713 10.0 0
1726878489850 20.0 0
1726878489987 30.0 0
1726878490123 40.0 0
1726878490258 50.0 0
1726878490403 60.0 0
