1727092099389 78.194107 0
1727092099568 5.24338 0
1727092099747 7.466581 0
1727092099924 1.721569 0
1727092100100 1.001051 0
1727092100641 13.979821 0
1727092100821 83.999008 0
1727092101000 0.723469 0
1727092101178 0.733192 0
1727092101361 0.497126 0
1727092101904 9.75461 0
1727092102083 11.534588 0
1727092102259 13.456495 0
1727092102437 10.609044 0
1727092102614 0.703979 0
1727092103156 0.602622 0
1727092103336 4.167902 0
1727092103514 1.486808 0
1727092103690 0.622649 0
1727092103869 0.522357 0
1727092104400 16.187943 0
1727092104578 29.793674 0
1727092104756 4.359155 0
1727092104932 14.456764 0
1727092105107 0.595958 0
1727092105633 0.614639 0
1727092105811 5.807596 0
1727092105993 9.43413 0
1727092106173 1.74893 0
1727092106353 0.582938 0
