1726841946199 0.886575 0
1726841946331 0.48648 0
1726841946464 0.689949 0
1726841946597 0.849962 0
1726841946729 0.926716 0
1726841946860 0.198643 0
1726841946991 0.193001 0
1726841947122 0.144763 0
1726841947253 0.603648 0
1726841947385 0.398147 0
1726841947520 0.397557 1
1726841947654 0.13701 1
1726841947787 0.134342 1
1726841947919 0.170394 1
1726841948051 0.230202 1
1726841948182 0.156084 1
1726841949268 0.52766 0
1726841949402 0.235793 0
1726841949534 0.313172 0
1726841949666 0.235165 0
1726841949798 0.451073 0
1726841949930 0.150361 0
1726841950061 0.097847 0
1726841950192 0.109129 0
1726841950325 0.159241 0
1726841950458 0.106249 0
1726841950590 0.214061 2
1726841950727 0.102589 2
1726841950859 0.108407 2
1726841950992 0.17699 2
1726841951124 0.207081 2
1726841951256 0.166884 2
1726841952325 0.280558 0
1726841952459 0.202928 0
1726841952592 0.298993 0
1726841952726 0.204065 0
1726841952860 0.391935 0
1726841952993 0.149989 0
1726841953125 0.088934 0
1726841953258 0.096447 0
1726841953390 0.120564 0
1726841953522 0.104811 0
1726841953653 0.195709 3
1726841953785 0.103102 3
1726841953917 0.116156 3
1726841954049 0.172972 3
1726841954181 0.162602 3
1726841954313 0.156938 3
1726841955394 0.226228 0
1726841955528 0.203786 0
1726841955661 0.283598 0
1726841955794 0.192215 0
1726841955926 0.382662 0
1726841956058 0.131326 0
1726841956191 0.08465 0
1726841956325 0.083436 0
1726841956460 0.106876 0
1726841956594 0.095904 0
1726841956729 0.185708 4
1726841956861 0.098576 4
1726841956993 0.117793 4
1726841957125 0.169569 4
1726841957258 0.135533 4
1726841957388 0.156794 4
1726841958447 0.217997 0
1726841958579 0.200945 0
1726841958711 0.269529 0
1726841958843 0.189517 0
1726841958976 0.383069 0
1726841959109 0.129647 0
1726841959243 0.08569 0
1726841959376 0.082736 0
1726841959509 0.109635 0
1726841959641 0.097101 0
1726841959775 0.184095 5
1726841959908 0.098629 5
1726841960040 0.113722 5
1726841960172 0.164695 5
1726841960306 0.134175 5
1726841960438 0.154649 5
1726841961556 0.221609 0
1726841961696 0.20073 0
1726841961835 0.274393 0
1726841961974 0.183226 0
1726841962112 0.37969 0
1726841962249 0.127604 0
1726841962384 0.083121 0
1726841962524 0.07984 0
1726841962675 0.099677 0
1726841962814 0.097919 0
1726841962949 0.173667 6
1726841963082 0.095602 6
1726841963215 0.122224 6
1726841963350 0.162214 6
1726841963486 0.13311 6
1726841963619 0.151254 6
1726841964788 0.247719 0
1726841964924 0.193268 0
1726841965057 0.266089 0
1726841965191 0.178331 0
1726841965327 0.361311 0
1726841965461 0.129436 0
1726841965597 0.088126 0
1726841965729 0.078325 0
1726841965861 0.100606 0
1726841965993 0.099985 0
1726841966127 0.182162 7
1726841966259 0.09923 7
1726841966390 0.123288 7
1726841966521 0.162195 7
1726841966654 0.129349 7
1726841966785 0.159641 7
1726841967937 0.234757 0
1726841968078 0.192992 0
1726841968217 0.255871 0
1726841968358 0.173525 0
1726841968496 0.365942 0
1726841968646 0.125449 0
1726841968781 0.084273 0
1726841968913 0.082497 0
1726841969044 0.103312 0
1726841969176 0.101922 0
1726841969308 0.184494 8
1726841969441 0.097061 8
1726841969573 0.125339 8
1726841969705 0.155219 8
1726841969835 0.125092 8
1726841969965 0.15494 8
