1726850543558 70.906265 0
1726850543724 1.434524 0
1726850543883 2.921951 0
1726850544034 1.258907 0
1726850544180 1.041121 0
1726850544329 1.491678 0
1726850544478 1.1231 0
1726850544626 2.019728 0
1726850544773 6.374588 0
1726850544924 1.188391 0
1726850545075 2.385444 1
1726850545228 1.21184 1
1726850545376 1.300677 1
1726850545518 0.502842 1
1726850545659 0.791525 1
1726850545802 1.580952 1
1726850548326 4.095283 0
1726850548534 0.833356 0
1726850548704 3.226493 0
1726850548863 7.648163 0
1726850549017 1.674496 0
1726850549166 1.263106 0
1726850549313 0.654197 0
1726850549463 1.93858 0
1726850549620 2.144076 0
1726850549773 2.349056 0
1726850549918 2.440346 2
1726850550059 0.914798 2
1726850550199 2.242373 2
1726850550339 0.635519 2
1726850550479 0.978462 2
1726850550621 1.966773 2
1726850553045 1.4428 0
1726850553226 4.888261 0
1726850553404 2.551728 0
1726850553571 0.908263 0
1726850553729 1.177177 0
1726850553884 1.761335 0
1726850554034 1.005438 0
1726850554184 1.396074 0
1726850554347 2.446717 0
1726850554513 3.478424 0
1726850554671 1.937537 3
1726850554822 1.041194 3
1726850554968 0.821592 3
1726850555116 0.482807 3
1726850555274 0.67691 3
1726850555433 0.616573 3
1726850558077 0.783268 0
1726850558267 1.46581 0
1726850558445 2.033914 0
1726850558618 0.818406 0
1726850558779 1.114106 0
1726850558930 1.572477 0
1726850559078 1.168776 0
1726850559229 1.693673 0
1726850559387 2.624049 0
1726850559543 1.414213 0
1726850559700 3.611753 4
1726850559852 0.645818 4
1726850560000 1.634111 4
1726850560145 0.669902 4
1726850560291 10.610554 4
1726850560441 0.951721 4
1726850562857 4.01119 0
1726850563041 0.69715 0
1726850563209 3.820138 0
1726850563377 3.508583 0
1726850563546 0.918275 0
1726850563714 1.232201 0
1726850563876 1.850919 0
1726850564032 0.820171 0
1726850564178 6.371269 0
1726850564322 0.723958 0
1726850564463 1.48011 5
1726850564603 0.576598 5
1726850564743 1.801568 5
1726850564889 1.25848 5
1726850565038 1.05084 5
1726850565182 1.522495 5
1726850567593 3.631373 0
1726850567783 0.449017 0
1726850567969 1.184973 0
1726850568135 0.78971 0
1726850568288 1.011621 0
1726850568439 2.386775 0
1726850568585 4.5202 0
1726850568732 0.665686 0
1726850568881 2.291027 0
1726850569030 1.521346 0
1726850569176 1.302754 6
1726850569323 0.655685 6
1726850569469 4.939156 6
1726850569614 0.912118 6
1726850569767 0.834382 6
1726850569922 0.488466 6
1726850572428 1.354729 0
1726850572619 2.398463 0
1726850572798 5.590981 0
1726850572967 4.869642 0
1726850573129 0.663099 0
1726850573298 45.784122 0
1726850573465 0.554626 0
1726850573621 0.790358 0
1726850573777 3.155196 0
1726850573931 0.893633 0
1726850574084 2.580222 7
1726850574236 0.82642 7
1726850574389 0.953532 7
1726850574534 1.348526 7
1726850574679 1.449164 7
1726850574825 0.687253 7
1726850577378 1.538577 0
1726850577568 1.252976 0
1726850577747 2.440634 0
1726850577922 1.060686 0
1726850578086 1.100935 0
1726850578241 2.304106 0
1726850578391 0.582501 0
1726850578536 1.0713 0
1726850578680 1.827611 0
1726850578822 0.708861 0
1726850578962 3.41926 8
1726850579104 2.150595 8
1726850579244 1.923105 8
1726850579388 0.470268 8
1726850579533 0.951802 8
1726850579675 0.484802 8
1726850582044 8.222116 0
1726850582233 1.832099 0
1726850582412 1.707806 0
1726850582583 2.273522 0
1726850582743 0.613293 0
1726850582897 0.933673 0
1726850583043 0.681924 0
1726850583184 0.444207 0
1726850583322 1.502912 0
1726850583458 0.779376 0
1726850583592 1.707638 9
1726850583729 0.712418 9
1726850583870 1.300886 9
1726850584021 1.596133 9
1726850584172 1.381416 9
1726850584320 0.679851 9
