1727128516897 0.797288 0
1727128517158 0.051867 0
1727128517397 0.079769 0
1727128517637 0.17806 0
1727128518287 0.071782 0
1727128518540 0.046567 0
1727128518780 0.092456 0
1727128519020 0.162763 0
1727128519610 0.345005 0
1727128519877 0.18984 0
1727128520116 0.107872 0
1727128520356 0.338461 0
1727128520941 0.177655 0
1727128521206 0.044063 0
1727128521445 0.091112 0
1727128521687 0.168481 0
1727128522273 0.051189 0
1727128522537 0.112224 0
1727128522777 0.083525 0
1727128523020 0.152435 0
1727128523609 0.032038 0
1727128523876 0.093807 0
1727128524116 0.081024 0
1727128524355 0.189888 0
1727128524943 0.040241 0
1727128525207 0.056487 0
1727128525448 0.065628 0
1727128525688 0.233512 0
1727128526275 0.09013 0
1727128526542 0.082385 0
1727128526782 0.091167 0
1727128527022 0.151654 0
1727128527605 0.049056 0
1727128527852 0.045317 0
1727128528094 0.096433 0
1727128528334 0.160251 0
