1726912007829 0.0 0
1726912007984 10.0 0
1726912008223 20.0 0
1726912008373 30.0 0
1726912008515 40.0 0
1726912008661 50.0 0
1726912008805 60.0 0
1726912008947 70.0 0
1726912009090 80.0 0
1726912009231 90.0 0
1726912009373 100.0 1
1726912009519 110.0 1
1726912009664 120.0 1
1726912009805 130.0 1
1726912009947 140.0 1
1726912010090 150.0 1
1726912010232 160.0 1
1726912010376 170.0 1
1726912010518 180.0 1
1726912010661 190.0 1
1726912010803 200.0 2
1726912010947 210.0 2
1726912012721 0.0 0
1726912012863 10.0 0
1726912013007 20.0 0
1726912013150 30.0 0
1726912013301 40.0 0
1726912013444 50.0 0
1726912013589 60.0 0
1726912013733 70.0 0
1726912013876 80.0 0
1726912014019 90.0 0
1726912014162 100.0 2
1726912014305 110.0 2
1726912014446 120.0 2
1726912014587 130.0 2
1726912014729 140.0 2
1726912014873 150.0 2
1726912015014 160.0 2
1726912015156 170.0 2
1726912015304 180.0 2
1726912015447 190.0 2
1726912015594 200.0 4
1726912015742 210.0 4
1726912017336 0.0 0
1726912017482 10.0 0
1726912017625 20.0 0
1726912017771 30.0 0
1726912017914 40.0 0
1726912018056 50.0 0
1726912018199 60.0 0
1726912018342 70.0 0
1726912018483 80.0 0
1726912018629 90.0 0
1726912018771 100.0 3
1726912018914 110.0 3
1726912019056 120.0 3
1726912019198 130.0 3
1726912019340 140.0 3
1726912019482 150.0 3
1726912019624 160.0 3
1726912019770 170.0 3
1726912019911 180.0 3
1726912020054 190.0 3
1726912020196 200.0 6
1726912020338 210.0 6
1726912021927 0.0 0
1726912022073 10.0 0
1726912022218 20.0 0
1726912022361 30.0 0
1726912022504 40.0 0
1726912022648 50.0 0
1726912022791 60.0 0
1726912022934 70.0 0
1726912023077 80.0 0
1726912023220 90.0 0
1726912023362 100.0 4
1726912023504 110.0 4
1726912023647 120.0 4
1726912023791 130.0 4
1726912023939 140.0 4
1726912024081 150.0 4
1726912024225 160.0 4
1726912024369 170.0 4
1726912024513 180.0 4
1726912024656 190.0 4
1726912024799 200.0 8
1726912024941 210.0 8
1726912026521 0.0 0
1726912026664 10.0 0
1726912026805 20.0 0
1726912026949 30.0 0
1726912027092 40.0 0
1726912027238 50.0 0
1726912027381 60.0 0
1726912027522 70.0 0
1726912027665 80.0 0
1726912027807 90.0 0
1726912027955 100.0 5
1726912028098 110.0 5
1726912028240 120.0 5
1726912028384 130.0 5
1726912028526 140.0 5
1726912028668 150.0 5
1726912028811 160.0 5
1726912028952 170.0 5
1726912029095 180.0 5
1726912029238 190.0 5
1726912029381 200.0 10
1726912029523 210.0 10
1726912031111 0.0 0
1726912031261 10.0 0
1726912031403 20.0 0
1726912031544 30.0 0
1726912031687 40.0 0
1726912031829 50.0 0
1726912031972 60.0 0
1726912032120 70.0 0
1726912032263 80.0 0
1726912032406 90.0 0
1726912032549 100.0 6
1726912032692 110.0 6
1726912032833 120.0 6
1726912032977 130.0 6
1726912033119 140.0 6
1726912033261 150.0 6
1726912033403 160.0 6
1726912033547 170.0 6
1726912033689 180.0 6
1726912033830 190.0 6
1726912033972 200.0 12
1726912034119 210.0 12
1726912035745 0.0 0
1726912035890 10.0 0
1726912036032 20.0 0
1726912036181 30.0 0
1726912036323 40.0 0
1726912036465 50.0 0
1726912036608 60.0 0
1726912036751 70.0 0
1726912036894 80.0 0
1726912037037 90.0 0
1726912037178 100.0 7
1726912037323 110.0 7
1726912037464 120.0 7
1726912037605 130.0 7
1726912037748 140.0 7
1726912037890 150.0 7
1726912038033 160.0 7
1726912038180 170.0 7
1726912038323 180.0 7
1726912038465 190.0 7
1726912038607 200.0 14
1726912038752 210.0 14
1726912040335 0.0 0
1726912040483 10.0 0
1726912040624 20.0 0
1726912040767 30.0 0
1726912040910 40.0 0
1726912041052 50.0 0
1726912041194 60.0 0
1726912041337 70.0 0
1726912041479 80.0 0
1726912041621 90.0 0
1726912041763 100.0 8
1726912041906 110.0 8
1726912042048 120.0 8
1726912042190 130.0 8
1726912042336 140.0 8
1726912042479 150.0 8
1726912042621 160.0 8
1726912042763 170.0 8
1726912042909 180.0 8
1726912043052 190.0 8
1726912043195 200.0 16
1726912043338 210.0 16
1726912044930 0.0 0
1726912045073 10.0 0
1726912045215 20.0 0
1726912045357 30.0 0
1726912045498 40.0 0
1726912045640 50.0 0
1726912045781 60.0 0
1726912045923 70.0 0
1726912046066 80.0 0
1726912046209 90.0 0
1726912046354 100.0 9
1726912046497 110.0 9
1726912046640 120.0 9
1726912046781 130.0 9
1726912046923 140.0 9
1726912047067 150.0 9
1726912047210 160.0 9
1726912047356 170.0 9
1726912047498 180.0 9
1726912047640 190.0 9
1726912047785 200.0 18
1726912047928 210.0 18
1726912049502 0.0 0
1726912049654 10.0 0
1726912049797 20.0 0
1726912049940 30.0 0
1726912050082 40.0 0
1726912050225 50.0 0
1726912050367 60.0 0
1726912050514 70.0 0
1726912050657 80.0 0
1726912050800 90.0 0
1726912050942 100.0 10
1726912051087 110.0 10
1726912051232 120.0 10
1726912051375 130.0 10
1726912051516 140.0 10
1726912051659 150.0 10
1726912051802 160.0 10
1726912051943 170.0 10
1726912052085 180.0 10
1726912052227 190.0 10
1726912052371 200.0 20
1726912052518 210.0 20
