1726833056948 0.0 0
1726833057121 10.0 0
1726833057290 20.0 0
1726833057457 30.0 0
1726833057619 40.0 0
1726833058338 0.0 0
1726833058491 10.0 0
1726833058669 20.0 0
1726833058847 30.0 0
1726833059020 40.0 0
1726833059641 0.0 0
1726833059818 10.0 0
1726833059989 20.0 0
1726833060155 30.0 0
1726833060322 40.0 0
1726833060911 0.0 0
1726833061081 10.0 0
1726833061256 20.0 0
1726833061425 30.0 0
1726833061591 40.0 0
1726833062213 0.0 0
1726833062378 10.0 0
1726833062548 20.0 0
1726833062719 30.0 0
1726833062887 40.0 0
1726833063477 0.0 0
1726833063636 10.0 0
1726833063802 20.0 0
1726833063966 30.0 0
1726833064133 40.0 0
1726833064713 0.0 0
1726833064864 10.0 0
1726833065042 20.0 0
1726833065231 30.0 0
1726833065423 40.0 0
1726833066050 0.0 0
1726833066201 10.0 0
1726833066376 20.0 0
1726833066552 30.0 0
1726833066725 40.0 0
1726833067342 0.0 0
1726833067494 10.0 0
1726833067671 20.0 0
1726833067838 30.0 0
1726833068001 40.0 0
1726833068635 0.0 0
1726833068791 10.0 0
1726833068962 20.0 0
1726833069135 30.0 0
1726833069305 40.0 0
