1726881338690 0.880503 0
1726881338819 1.680233 0
1726881338940 0.882213 0
1726881339056 0.846345 0
1726881339173 0.784126 0
1726881339290 1.546646 0
1726881339409 0.520692 0
1726881339524 0.433239 0
1726881339640 0.817008 0
1726881339758 0.165331 0
1726881339875 0.847206 1
1726881339991 0.280403 1
1726881340111 0.526658 1
1726881340229 2.231863 1
1726881340345 1.232867 1
1726881340463 0.481914 1
1726881340579 1.017386 1
1726881340695 1.202267 1
1726881340811 1.134248 1
1726881340936 0.754997 1
1726881342142 0.787057 0
1726881342262 1.190256 0
1726881342379 0.799933 0
1726881342497 0.837194 0
1726881342612 0.839307 0
1726881342728 1.437837 0
1726881342842 0.516433 0
1726881342966 0.335011 0
1726881343083 0.899783 0
1726881343197 0.164057 0
1726881343315 0.798289 2
1726881343431 0.270148 2
1726881343551 0.453468 2
1726881343665 1.591923 2
1726881343779 1.298306 2
1726881343894 0.474147 2
1726881344008 0.949651 2
1726881344127 1.151717 2
1726881344251 0.868125 2
1726881344371 0.738215 2
1726881345483 0.772548 0
1726881345603 1.278014 0
1726881345718 0.47983 0
1726881345832 0.609299 0
1726881345945 0.798763 0
1726881346060 1.451925 0
1726881346174 0.536615 0
1726881346292 0.159167 0
1726881346410 0.973573 0
1726881346526 0.155598 0
1726881346645 0.86536 3
1726881346759 0.268278 3
1726881346879 0.499334 3
1726881347003 3.130847 3
1726881347118 1.830098 3
1726881347237 0.476695 3
1726881347354 1.06782 3
1726881347474 1.190611 3
1726881347589 0.850682 3
1726881347708 0.804155 3
1726881348742 0.773485 0
1726881348865 1.186344 0
1726881348981 0.539304 0
1726881349103 0.593943 0
1726881349222 0.767564 0
1726881349337 1.398598 0
1726881349455 0.534416 0
1726881349584 0.22012 0
1726881349700 0.78289 0
1726881349819 0.187215 0
1726881349933 0.750673 4
1726881350049 0.317802 4
1726881350164 0.429291 4
1726881350279 2.112418 4
1726881350398 1.305416 4
1726881350514 0.441112 4
1726881350631 0.918437 4
1726881350746 1.103953 4
1726881350863 0.826736 4
1726881350979 0.77878 4
1726881352130 0.829308 0
1726881352249 1.283432 0
1726881352364 0.444159 0
1726881352479 0.615921 0
1726881352603 0.797893 0
1726881352719 1.319885 0
1726881352837 0.505103 0
1726881352954 0.183012 0
1726881353069 0.833565 0
1726881353191 0.155945 0
1726881353306 0.788066 5
1726881353421 0.27274 5
1726881353534 0.425321 5
1726881353651 2.025986 5
1726881353766 1.331385 5
1726881353883 0.439476 5
1726881353998 0.916804 5
1726881354112 1.098485 5
1726881354226 0.806764 5
1726881354340 0.767367 5
1726881355432 0.789593 0
1726881355552 1.24099 0
1726881355666 0.45474 0
1726881355782 0.607524 0
1726881355897 0.790548 0
1726881356015 1.3271 0
1726881356134 0.510636 0
1726881356255 0.180454 0
1726881356371 0.79727 0
1726881356485 0.161748 0
1726881356600 0.800727 6
1726881356714 0.265362 6
1726881356830 0.429647 6
1726881356945 1.974262 6
1726881357062 1.307737 6
1726881357176 0.436715 6
1726881357298 0.910861 6
1726881357416 1.086149 6
1726881357534 0.806081 6
1726881357651 0.786421 6
1726881358748 0.785524 0
1726881358867 1.21757 0
1726881358985 0.452854 0
1726881359103 0.603542 0
1726881359220 0.79034 0
1726881359346 1.329428 0
1726881359462 0.5185 0
1726881359576 0.191356 0
1726881359692 0.815067 0
1726881359807 0.153282 0
1726881359924 0.781191 7
1726881360041 0.273448 7
1726881360160 0.427171 7
1726881360276 1.953752 7
1726881360391 1.300478 7
1726881360506 0.424059 7
1726881360620 0.921923 7
1726881360735 1.082514 7
1726881360851 0.799597 7
1726881360968 0.775259 7
1726881362291 0.796663 0
1726881362413 1.216247 0
1726881362532 0.478482 0
1726881362650 0.610778 0
1726881362765 0.794496 0
1726881362881 1.320677 0
1726881362999 0.517362 0
1726881363114 0.196184 0
1726881363230 0.801587 0
1726881363350 0.147317 0
1726881363472 0.772055 8
1726881363590 0.269692 8
1726881363706 0.419369 8
1726881363822 1.94731 8
1726881363939 1.294302 8
1726881364054 0.432685 8
1726881364172 0.909471 8
1726881364292 1.067098 8
1726881364407 0.810737 8
1726881364524 0.775234 8
1726881365614 0.780051 0
1726881365729 1.233405 0
1726881365847 0.471242 0
1726881365964 0.608146 0
1726881366080 0.793478 0
1726881366195 1.326114 0
1726881366312 0.50684 0
1726881366430 0.194116 0
1726881366545 0.809482 0
1726881366659 0.151746 0
1726881366776 0.76753 9
1726881366893 0.269231 9
1726881367008 0.431928 9
1726881367126 1.972864 9
1726881367240 1.299618 9
1726881367353 0.416041 9
1726881367479 0.880512 9
1726881367595 1.065757 9
1726881367713 0.811631 9
1726881367829 0.773983 9
1726881368938 0.80889 0
1726881369053 1.194065 0
1726881369169 0.464099 0
1726881369284 0.586678 0
1726881369398 0.781624 0
1726881369524 1.30708 0
1726881369642 0.506135 0
1726881369764 0.186352 0
1726881369881 0.815487 0
1726881369996 0.151716 0
1726881370116 0.767973 10
1726881370233 0.264897 10
1726881370347 0.417445 10
1726881370464 1.968706 10
1726881370583 1.288103 10
1726881370698 0.44515 10
1726881370812 0.923944 10
1726881370926 1.08251 10
1726881371043 0.804945 10
1726881371166 0.777723 10
