1726893960701 0.0 0
1726893960840 10.0 0
1726893960984 20.0 0
1726893961122 30.0 0
1726893961261 40.0 0
1726893961813 0.0 0
1726893961954 10.0 0
1726893962091 20.0 0
1726893962229 30.0 0
1726893962368 40.0 0
1726893962794 0.0 0
1726893962936 10.0 0
1726893963075 20.0 0
1726893963213 30.0 0
1726893963353 40.0 0
1726893963781 0.0 0
1726893963922 10.0 0
1726893964060 20.0 0
1726893964198 30.0 0
1726893964337 40.0 0
1726893964760 0.0 0
1726893964903 10.0 0
1726893965046 20.0 0
1726893965185 30.0 0
1726893965323 40.0 0
1726893965748 0.0 0
1726893965890 10.0 0
1726893966028 20.0 0
1726893966167 30.0 0
1726893966305 40.0 0
1726893966729 0.0 0
1726893966872 10.0 0
1726893967014 20.0 0
1726893967152 30.0 0
1726893967291 40.0 0
1726893967715 0.0 0
1726893967854 10.0 0
1726893967992 20.0 0
1726893968129 30.0 0
1726893968268 40.0 0
1726893968692 0.0 0
1726893968838 10.0 0
1726893968978 20.0 0
1726893969121 30.0 0
1726893969261 40.0 0
1726893969685 0.0 0
1726893969826 10.0 0
1726893969964 20.0 0
1726893970103 30.0 0
1726893970242 40.0 0
