1726858321730 0.006282 0
1726858321890 0.003278 0
1726858322057 0.001619 0
1726858322223 0.00115 0
1726858322385 0.001236 0
1726858322567 0.000539 0
1726858323168 0.013587 0
1726858323339 0.003423 0
1726858323503 0.01111 0
1726858323660 0.002383 0
1726858323809 0.003081 0
1726858323949 0.001017 0
1726858324490 0.057528 0
1726858324703 0.020177 0
1726858324847 0.016505 0
1726858324981 0.027235 0
1726858325113 0.00238 0
1726858325244 0.001741 0
1726858325807 0.340371 0
1726858325981 0.006644 0
1726858326153 0.847729 0
1726858326311 0.202802 0
1726858326460 0.274439 0
1726858326601 0.106206 0
