1726833210852 0.0 0
1726833211052 10.0 0
1726833211243 20.0 0
1726833211434 30.0 0
1726833211623 40.0 0
1726833211813 50.0 0
1726833212007 60.0 0
1726833212199 70.0 0
1726833212380 80.0 0
1726833212572 90.0 0
1726833212764 100.0 1
1726833214056 0.0 0
1726833214227 10.0 0
1726833214400 20.0 0
1726833214567 30.0 0
1726833214737 40.0 0
1726833214906 50.0 0
1726833215075 60.0 0
1726833215245 70.0 0
1726833215416 80.0 0
1726833215580 90.0 0
1726833215749 100.0 2
1726833216835 0.0 0
1726833216999 10.0 0
1726833217166 20.0 0
1726833217337 30.0 0
1726833217501 40.0 0
1726833217672 50.0 0
1726833217843 60.0 0
1726833218012 70.0 0
1726833218183 80.0 0
1726833218352 90.0 0
1726833218517 100.0 3
1726833219648 0.0 0
1726833219821 10.0 0
1726833219989 20.0 0
1726833220160 30.0 0
1726833220328 40.0 0
1726833220496 50.0 0
1726833220666 60.0 0
1726833220831 70.0 0
1726833221000 80.0 0
1726833221165 90.0 0
1726833221331 100.0 4
