1727092107055 0.720533 0
1727092107234 0.206175 0
1727092107411 0.200863 0
1727092107589 0.511352 0
1727092107764 0.756393 0
1727092107940 0.319093 0
1727092108117 0.318248 0
1727092108300 0.269579 0
1727092109115 0.186957 0
1727092109293 0.10322 0
1727092109472 0.24782 0
1727092109648 0.446846 0
1727092109829 0.76388 0
1727092110007 0.325037 0
1727092110185 0.232421 0
1727092110364 0.290476 0
1727092111172 0.514354 0
1727092111350 0.116964 0
1727092111529 0.175465 0
1727092111706 0.180711 0
1727092111880 0.725232 0
1727092112055 0.32546 0
1727092112233 0.257702 0
1727092112420 0.227881 0
1727092113240 0.164089 0
1727092113416 0.123684 0
1727092113592 0.159374 0
1727092113770 0.33476 0
1727092113950 0.700675 0
1727092114130 0.340988 0
1727092114314 0.194059 0
1727092114490 0.230449 0
1727092115292 0.159886 0
1727092115470 0.09599 0
1727092115648 0.133583 0
1727092115829 0.183919 0
1727092116008 0.673103 0
1727092116187 0.347852 0
1727092116367 0.254852 0
1727092116549 0.246187 0
1727092117341 0.159988 0
1727092117519 0.095861 0
1727092117695 0.13207 0
1727092117872 0.48056 0
1727092118049 0.701115 0
1727092118225 0.296432 0
1727092118401 0.284945 0
1727092118580 0.136045 0
1727092119390 0.210468 0
1727092119570 0.107095 0
1727092119745 0.168034 0
1727092119924 0.171929 0
1727092120100 0.68441 0
1727092120278 0.301943 0
1727092120455 0.223883 0
1727092120637 0.270306 0
1727092121439 0.161338 0
1727092121616 0.099004 0
1727092121799 0.174272 0
1727092121981 0.207397 0
1727092122158 0.652677 0
1727092122334 0.321571 0
1727092122511 0.288992 0
1727092122688 0.218693 0
