1726866762303 0.0 0
1726866762448 10.0 0
1726866762584 20.0 0
1726866762718 30.0 0
1726866762853 40.0 0
1726866762987 50.0 0
1726866763122 60.0 0
1726866763257 70.0 0
1726866763391 80.0 0
1726866764087 0.0 0
1726866764223 10.0 0
1726866764356 20.0 0
1726866764489 30.0 0
1726866764623 40.0 0
1726866764758 50.0 0
1726866764893 60.0 0
1726866765027 70.0 0
1726866765162 80.0 0
1726866765841 0.0 0
1726866765980 10.0 0
1726866766114 20.0 0
1726866766247 30.0 0
1726866766381 40.0 0
1726866766514 50.0 0
1726866766647 60.0 0
1726866766780 70.0 0
1726866766914 80.0 0
1726866767570 0.0 0
1726866767705 10.0 0
1726866767842 20.0 0
1726866767977 30.0 0
1726866768110 40.0 0
1726866768244 50.0 0
1726866768377 60.0 0
1726866768511 70.0 0
1726866768644 80.0 0
1726866769296 0.0 0
1726866769431 10.0 0
1726866769564 20.0 0
1726866769698 30.0 0
1726866769832 40.0 0
1726866769969 50.0 0
1726866770112 60.0 0
1726866770246 70.0 0
1726866770382 80.0 0
1726866771037 0.0 0
1726866771172 10.0 0
1726866771306 20.0 0
1726866771439 30.0 0
1726866771572 40.0 0
1726866771709 50.0 0
1726866771844 60.0 0
1726866771985 70.0 0
1726866772123 80.0 0
1726866772786 0.0 0
1726866772921 10.0 0
1726866773056 20.0 0
1726866773189 30.0 0
1726866773323 40.0 0
1726866773458 50.0 0
1726866773591 60.0 0
1726866773726 70.0 0
1726866773859 80.0 0
1726866774523 0.0 0
1726866774657 10.0 0
1726866774790 20.0 0
1726866774924 30.0 0
1726866775057 40.0 0
1726866775191 50.0 0
1726866775324 60.0 0
1726866775457 70.0 0
1726866775591 80.0 0
