1726808479884 0.396418 0
1726808479989 0.999597 0
1726808480089 0.219061 0
1726808480191 0.18197 0
1726808480291 0.771945 0
1726808480391 0.352815 0
1726808480494 0.625426 0
1726808480594 1.505965 0
1726808480693 0.184974 0
1726808480791 0.439954 0
1726808480890 0.272599 1
1726808480991 0.332315 1
1726808481091 0.180203 1
1726808481193 1.835812 1
1726808481294 0.167801 1
1726808481395 0.873819 1
1726808481495 2.081957 1
1726808481606 0.61858 1
1726808481709 0.547672 1
1726808481812 0.233686 1
1726808481911 0.237121 2
1726808482020 0.234244 2
1726808483216 0.274892 0
1726808483324 0.42148 0
1726808483426 0.232711 0
1726808483528 0.206737 0
1726808483637 0.57593 0
1726808483738 0.284546 0
1726808483840 0.323905 0
1726808483944 1.039448 0
1726808484044 0.153545 0
1726808484144 0.298408 0
1726808484244 0.237859 2
1726808484345 0.272157 2
1726808484445 0.216524 2
1726808484545 1.040516 2
1726808484645 0.210562 2
1726808484745 0.508238 2
1726808484845 0.955697 2
1726808484945 0.756539 2
1726808485045 0.403522 2
1726808485148 0.26773 2
1726808485248 0.221036 4
1726808485348 0.249353 4
1726808486621 0.217683 0
1726808486727 0.408405 0
1726808486825 0.194385 0
1726808486924 0.176252 0
1726808487027 0.491915 0
1726808487127 0.29106 0
1726808487228 0.312826 0
1726808487330 1.002274 0
1726808487431 0.165362 0
1726808487531 0.247629 0
1726808487631 0.20064 3
1726808487740 0.14376 3
1726808487840 0.180217 3
1726808487941 1.008089 3
1726808488041 0.166405 3
1726808488150 0.418001 3
1726808488255 0.816311 3
1726808488356 0.769422 3
1726808488460 0.402995 3
1726808488560 0.232294 3
1726808488661 0.209609 6
1726808488761 0.232377 6
1726808489951 0.195989 0
1726808490056 0.384496 0
1726808490155 0.174956 0
1726808490257 0.177353 0
1726808490359 0.474867 0
1726808490457 0.336771 0
1726808490557 0.326584 0
1726808490658 0.993505 0
1726808490760 0.14327 0
1726808490860 0.236121 0
1726808490960 0.194698 4
1726808491061 0.12566 4
1726808491163 0.177656 4
1726808491265 0.947278 4
1726808491366 0.165728 4
1726808491477 0.402194 4
1726808491580 0.726718 4
1726808491682 0.752142 4
1726808491791 0.414242 4
1726808491891 0.213228 4
1726808491992 0.201872 8
1726808492092 0.221406 8
1726808493326 0.202432 0
1726808493431 0.420894 0
1726808493531 0.166023 0
1726808493631 0.158541 0
1726808493730 0.480211 0
1726808493842 0.3347 0
1726808493942 0.314278 0
1726808494044 0.995142 0
1726808494147 0.133446 0
1726808494250 0.229234 0
1726808494355 0.20983 5
1726808494460 0.118989 5
1726808494562 0.1706 5
1726808494663 0.887602 5
1726808494764 0.165583 5
1726808494864 0.391922 5
1726808494964 0.699193 5
1726808495064 0.752321 5
1726808495164 0.388816 5
1726808495264 0.203526 5
1726808495368 0.186588 10
1726808495469 0.233303 10
1726808496726 0.191333 0
1726808496829 0.397267 0
1726808496931 0.165693 0
1726808497031 0.165162 0
1726808497133 0.477845 0
1726808497234 0.328382 0
1726808497335 0.311005 0
1726808497437 1.001754 0
1726808497541 0.132709 0
1726808497642 0.228793 0
1726808497743 0.195556 6
1726808497843 0.112211 6
1726808497954 0.159717 6
1726808498056 0.90687 6
1726808498163 0.156195 6
1726808498264 0.385543 6
1726808498365 0.698025 6
1726808498466 0.739112 6
1726808498566 0.402197 6
1726808498666 0.203336 6
1726808498769 0.204876 12
1726808498872 0.219407 12
1726808500094 0.190349 0
1726808500197 0.375561 0
1726808500297 0.168494 0
1726808500398 0.164962 0
1726808500499 0.463965 0
1726808500599 0.31692 0
1726808500699 0.31504 0
1726808500799 0.979772 0
1726808500899 0.132372 0
1726808501000 0.218055 0
1726808501099 0.191292 7
1726808501199 0.111748 7
1726808501302 0.156688 7
1726808501403 0.913702 7
1726808501502 0.150825 7
1726808501604 0.380225 7
1726808501703 0.683122 7
1726808501804 0.716863 7
1726808501904 0.394479 7
1726808502014 0.206555 7
1726808502116 0.191242 14
1726808502216 0.22766 14
