1727097428751 0.456226 0
1727097428846 0.25671 0
1727097428937 0.210534 0
1727097429030 0.386296 0
1727097429123 0.148782 0
1727097429213 0.163217 0
1727097429303 0.537904 0
1727097429399 0.954069 0
1727097429495 3.380677 0
1727097429587 14.062489 0
1727097429680 1.654011 1
1727097429774 1.28366 1
1727097429869 1.515663 1
1727097429962 1.090899 1
1727097430064 0.460015 1
1727097430163 0.66816 1
1727097430254 0.144253 1
1727097430347 0.228984 1
1727097430441 1.133374 1
1727097430535 0.397591 1
1727097430628 0.155902 2
1727097430718 0.097445 2
1727097430807 0.131428 2
1727097430899 0.374564 2
1727097430988 0.095781 2
1727097431081 0.095463 2
1727097431175 0.396178 2
1727097431267 1.168335 2
1727097431359 0.246991 2
1727097431452 0.650496 2
1727097431546 0.130282 3
1727097431639 0.177631 3
1727097431731 0.348247 3
1727097431824 0.402778 3
1727097431917 0.218366 3
1727097433108 0.144297 0
1727097433204 0.146278 0
1727097433297 0.084625 0
1727097433396 0.281945 0
1727097433498 0.163491 0
1727097433594 0.153635 0
1727097433688 0.60605 0
1727097433783 1.106532 0
1727097433877 2.107756 0
1727097433967 11.51062 0
1727097434059 1.704294 2
1727097434153 0.600824 2
1727097434244 1.578273 2
1727097434335 1.038133 2
1727097434429 0.476449 2
1727097434522 0.69643 2
1727097434616 0.217074 2
1727097434708 0.284694 2
1727097434801 0.951573 2
1727097434895 0.354139 2
1727097434985 0.143915 4
1727097435077 0.109644 4
1727097435168 0.081377 4
1727097435262 0.517955 4
1727097435361 0.073828 4
1727097435453 0.12441 4
1727097435545 0.340229 4
1727097435645 0.834352 4
1727097435739 0.276359 4
1727097435829 0.356044 4
1727097435919 0.114564 6
1727097436011 0.183794 6
1727097436103 0.307317 6
1727097436200 0.471397 6
1727097436292 0.317768 6
1727097437475 0.436702 0
1727097437569 0.143973 0
1727097437658 0.067269 0
1727097437747 0.232979 0
1727097437835 0.143245 0
1727097437927 0.14296 0
1727097438016 0.547034 0
1727097438106 0.88961 0
1727097438195 2.142766 0
1727097438286 11.971022 0
1727097438375 1.722506 3
1727097438465 0.666714 3
1727097438555 1.620445 3
1727097438643 1.067818 3
1727097438735 0.483092 3
1727097438824 0.759233 3
1727097438917 0.240506 3
1727097439012 0.306767 3
1727097439100 0.923366 3
1727097439191 0.316273 3
1727097439277 0.124775 6
1727097439364 0.104986 6
1727097439453 0.078861 6
1727097439544 0.602154 6
1727097439634 0.083429 6
1727097439722 0.087778 6
1727097439810 0.351112 6
1727097439899 0.716776 6
1727097439990 0.27461 6
1727097440081 0.416274 6
1727097440171 0.105025 9
1727097440261 0.187346 9
1727097440350 0.352814 9
1727097440439 0.41 9
1727097440529 0.379206 9
1727097441648 0.379978 0
1727097441739 0.161353 0
1727097441828 0.070579 0
1727097441915 0.249369 0
1727097442007 0.153042 0
1727097442098 0.153285 0
1727097442190 0.511173 0
1727097442280 0.740532 0
1727097442377 2.340209 0
1727097442470 11.990521 0
1727097442563 1.559855 4
1727097442659 0.648133 4
1727097442757 1.703691 4
1727097442849 1.013837 4
1727097442939 0.581919 4
1727097443029 0.766623 4
1727097443128 0.220666 4
1727097443224 0.339441 4
1727097443319 0.966225 4
1727097443420 0.305176 4
1727097443523 0.132362 8
1727097443616 0.103883 8
1727097443709 0.087609 8
1727097443801 0.645488 8
1727097443896 0.093402 8
1727097443986 0.084279 8
1727097444079 0.349739 8
1727097444172 0.694632 8
1727097444270 0.260687 8
1727097444369 0.379171 8
1727097444464 0.109155 12
1727097444558 0.179985 12
1727097444650 0.386833 12
1727097444744 0.333353 12
1727097444838 0.416914 12
