1727091508701 40.899296 0
1727091508878 0.255142 0
1727091509054 1.811862 0
1727091509229 1.470838 0
1727091509409 3.953339 0
1727091509588 0.612774 0
1727091510237 8.789724 0
1727091510417 0.237963 0
1727091510597 14.490993 0
1727091510784 2.317882 0
1727091510965 0.72044 0
1727091511141 1.198465 0
1727091511741 0.517644 0
1727091511915 1.324059 0
1727091512093 2.199356 0
1727091512274 0.464194 0
1727091512453 0.604996 0
1727091512632 743.711548 0
1727091513242 0.537401 0
1727091513419 0.424262 0
1727091513597 8.125824 0
1727091513778 1.860775 0
1727091513955 0.597672 0
1727091514153 2.490037 0
1727091514760 0.426593 0
1727091514939 0.366735 0
1727091515115 7.368571 0
1727091515290 0.387694 0
1727091515466 0.479926 0
1727091515646 2.869545 0
