1726843117342 0.0 0
1726843117474 10.0 0
1726843117605 20.0 0
1726843117736 30.0 0
1726843117867 40.0 0
1726843118000 50.0 0
1726843118132 60.0 0
1726843118265 70.0 0
1726843118399 80.0 0
1726843118531 90.0 0
1726843119331 0.0 0
1726843119463 10.0 0
1726843119597 20.0 0
1726843119731 30.0 0
1726843119862 40.0 0
1726843119994 50.0 0
1726843120138 60.0 0
1726843120271 70.0 0
1726843120404 80.0 0
1726843120536 90.0 0
1726843121312 0.0 0
1726843121447 10.0 0
1726843121579 20.0 0
1726843121710 30.0 0
1726843121841 40.0 0
1726843121974 50.0 0
1726843122106 60.0 0
1726843122238 70.0 0
1726843122372 80.0 0
1726843122504 90.0 0
1726843123273 0.0 0
1726843123404 10.0 0
1726843123539 20.0 0
1726843123671 30.0 0
1726843123803 40.0 0
1726843123935 50.0 0
1726843124066 60.0 0
1726843124199 70.0 0
1726843124330 80.0 0
1726843124464 90.0 0
