1727132254857 169.700653 0
1727132255057 0.196141 0
1727132255377 0.395393 0
1727132255563 0.871392 0
1727132255905 1.337963 0
1727132256081 0.158961 0
1727132256394 0.357985 0
1727132256584 0.142617 0
1727132256906 0.150491 0
1727132257084 0.168017 0
1727132257399 0.129102 0
1727132257579 0.156681 0
1727132257901 0.124953 0
1727132258077 0.155171 0
1727132258390 0.146479 0
1727132258579 0.147241 0
1727132258955 0.111812 0
1727132259123 0.161786 0
1727132259456 0.154406 0
1727132259635 0.145407 0
