1727122139994 29.72422 0
1727122140096 5.006824 0
1727122140195 54.899155 0
1727122140293 1.849751 0
1727122140390 4.813231 0
1727122140487 6.434853 0
1727122140585 2.408689 0
1727122140682 18.546093 0
1727122141209 18.763212 0
1727122141309 11.012423 0
1727122141408 23.146675 0
1727122141506 37.642418 0
1727122141609 5.502748 0
1727122141708 0.799246 0
1727122141804 1.01686 0
1727122141903 131.40535 0
1727122142358 5.304425 0
1727122142455 7.38979 0
1727122142552 15.723677 0
1727122142649 3.081154 0
1727122142746 3.773322 0
1727122142841 0.947417 0
1727122142939 1.279374 0
1727122143041 4.536447 0
1727122143495 4.258777 0
1727122143595 9.285569 0
1727122143694 3.084913 0
1727122143791 8.977012 0
1727122143888 5.112965 0
1727122143983 0.945124 0
1727122144080 1.022371 0
1727122144176 17.887554 0
1727122144634 11.477991 0
1727122144734 232.120132 0
1727122144832 13.065664 0
1727122144929 7.689811 0
1727122145033 4.325315 0
1727122145130 1.47602 0
1727122145228 0.701646 0
1727122145325 27.894222 0
1727122145804 1.55281 0
1727122145903 19.242786 0
1727122146001 4.286193 0
1727122146101 7.327915 0
1727122146198 2.273222 0
1727122146294 0.751252 0
1727122146391 2.915127 0
1727122146491 17.004536 0
1727122146947 3.37336 0
1727122147053 10.18805 0
1727122147152 3.189007 0
1727122147249 7.950604 0
1727122147347 3.128327 0
1727122147444 0.676773 0
1727122147542 8.617138 0
1727122147642 76.472595 0
1727122148103 1.231992 0
1727122148200 8.207546 0
1727122148297 3.545017 0
1727122148395 6.415344 0
1727122148491 3.009826 0
1727122148588 0.736653 0
1727122148686 5.263588 0
1727122148782 18.128639 0
