1727092422821 108.601067 0
1727092423147 0.833532 0
1727092423478 3.418464 0
1727092423806 5.300282 0
1727092424132 6.921211 0
1727092424462 2.281493 0
1727092425468 0.515477 0
1727092425795 0.568547 0
1727092426124 0.628937 0
1727092426451 0.699834 0
1727092426779 0.421541 0
1727092427103 0.945703 0
1727092428089 0.635393 0
1727092428417 0.857897 0
1727092428743 8.007131 0
1727092429071 0.722868 0
1727092429401 0.306216 0
1727092429732 1.882165 0
1727092430722 2.604324 0
1727092431051 7.912256 0
1727092431378 0.376363 0
1727092431709 153.772141 0
1727092432036 0.294153 0
1727092432366 9.57036 0
1727092433358 0.443477 0
1727092433685 1.051135 0
1727092434014 0.297395 0
1727092434342 2.729803 0
1727092434667 1.179053 0
1727092434994 0.84543 0
1727092435996 1.800467 0
1727092436325 0.804914 0
1727092436654 0.639285 0
1727092436981 0.755483 0
1727092437307 0.223107 0
1727092437637 0.83371 0
1727092438625 0.426896 0
1727092438952 0.642302 0
1727092439276 0.421399 0
1727092439604 0.665679 0
1727092439936 0.293982 0
1727092440264 1.150638 0
1727092441254 0.560209 0
1727092441581 1.105631 0
1727092441909 0.438083 0
1727092442238 0.762369 0
1727092442566 0.27112 0
1727092442895 0.669379 0
1727092443888 1.422489 0
1727092444254 0.856003 0
1727092444589 0.379884 0
1727092444918 0.792258 0
1727092445244 0.251424 0
1727092445571 0.950348 0
