1726826841830 0.0 0
1726826841946 10.0 0
1726826842057 20.0 0
1726826842168 30.0 0
1726826842281 40.0 0
1726826842393 50.0 0
1726826843247 0.0 0
1726826843360 10.0 0
1726826843470 20.0 0
1726826843580 30.0 0
1726826843693 40.0 0
1726826843804 50.0 0
1726826844274 0.0 0
1726826844386 10.0 0
1726826844497 20.0 0
1726826844607 30.0 0
1726826844712 40.0 0
1726826844830 50.0 0
1726826845289 0.0 0
1726826845405 10.0 0
1726826845518 20.0 0
1726826845629 30.0 0
1726826845739 40.0 0
1726826845850 50.0 0
1726826846291 0.0 0
1726826846404 10.0 0
1726826846519 20.0 0
1726826846639 30.0 0
1726826846757 40.0 0
1726826846917 50.0 0
1726826847355 0.0 0
1726826847467 10.0 0
1726826847579 20.0 0
1726826847691 30.0 0
1726826847802 40.0 0
1726826847911 50.0 0
1726826848369 0.0 0
1726826848480 10.0 0
1726826848589 20.0 0
1726826848700 30.0 0
1726826848812 40.0 0
1726826848922 50.0 0
1726826849369 0.0 0
1726826849485 10.0 0
1726826849599 20.0 0
1726826849709 30.0 0
1726826849824 40.0 0
1726826849937 50.0 0
1726826850385 0.0 0
1726826850502 10.0 0
1726826850617 20.0 0
1726826850735 30.0 0
1726826850852 40.0 0
1726826850992 50.0 0
1726826851469 0.0 0
1726826851583 10.0 0
1726826851694 20.0 0
1726826851806 30.0 0
1726826851916 40.0 0
1726826852029 50.0 0
