1726879601291 34.680878 0
1726879601428 1.324999 0
1726879601563 68.425308 0
1726879601701 5.804879 0
1726879601837 2.622806 0
1726879601973 1.543869 0
1726879602109 10.078104 0
1726879602244 2.337467 0
1726879602380 5.169291 0
1726879602515 1.922437 0
1726879602653 1.525504 1
1726879602789 1.186542 1
1726879603705 1.99217 0
1726879603844 2.002235 0
1726879603980 1.32792 0
1726879604116 1.129667 0
1726879604252 2.051469 0
1726879604388 0.74059 0
1726879604523 3.485739 0
1726879604659 1.120283 0
1726879604795 1.603875 0
1726879604931 1.983273 0
1726879605067 0.868198 2
1726879605203 1.546378 2
1726879606045 4.520378 0
1726879606182 4.204111 0
1726879606318 1.571476 0
1726879606456 17.979336 0
1726879606593 6.069524 0
1726879606729 2.212219 0
1726879606865 7.339591 0
1726879607001 0.747859 0
1726879607136 1.703148 0
1726879607272 2.09704 0
1726879607409 0.776915 3
1726879607545 0.601444 3
1726879608382 6.149167 0
1726879608519 1.423037 0
1726879608655 12.068121 0
1726879608792 1.570045 0
1726879608928 2.094068 0
1726879609064 1.69772 0
1726879609200 2.969958 0
1726879609335 0.891876 0
1726879609472 1.103059 0
1726879609607 1.362082 0
1726879609742 2.000697 4
1726879609882 0.793245 4
1726879610719 9.656817 0
1726879610857 1.951468 0
1726879610992 1.818501 0
1726879611128 1.587858 0
1726879611263 4.119579 0
1726879611398 1.041263 0
1726879611533 3.663752 0
1726879611669 0.857978 0
1726879611805 1.242106 0
1726879611943 8.079884 0
1726879612079 1.46948 5
1726879612215 0.951628 5
1726879613066 3.462583 0
1726879613203 2.269066 0
1726879613338 3.131236 0
1726879613474 1.150401 0
1726879613609 2.876007 0
1726879613746 0.928692 0
1726879613885 7.115796 0
1726879614022 0.812165 0
1726879614157 1.67581 0
1726879614292 2.910292 0
1726879614428 0.951396 6
1726879614564 0.643955 6
1726879615397 4.641631 0
1726879615535 4.272974 0
1726879615671 0.976794 0
1726879615806 1.024189 0
1726879615948 3.969737 0
1726879616086 0.833109 0
1726879616222 3.360472 0
1726879616359 0.941392 0
1726879616495 1.220701 0
1726879616631 3.138998 0
1726879616766 1.134897 7
1726879616902 0.722676 7
