1726775509268 0.92681 0
1726775509365 1.252154 0
1726775509457 1.871612 0
1726775509548 0.642014 0
1726775509639 0.453091 0
1726775509730 1.166966 0
1726775509824 0.40059 0
1726775509915 0.257007 0
1726775510007 0.33677 0
1726775510100 0.377793 0
1726775510191 0.179697 1
1726775510284 0.342068 1
1726775510375 0.332825 1
1726775510467 0.285842 1
1726775510569 0.331625 1
1726775510662 0.185566 1
1726775510757 0.195023 1
1726775510852 0.154701 1
1726775510944 0.146776 1
1726775511040 0.354123 1
1726775511133 0.666447 2
1726775511224 0.192235 2
1726775512384 0.940608 0
1726775512488 0.438765 0
1726775512586 0.842436 0
1726775512682 0.30578 0
1726775512774 0.160045 0
1726775512865 0.778166 0
1726775512956 0.373342 0
1726775513046 0.231964 0
1726775513138 0.250231 0
1726775513229 0.259491 0
1726775513324 0.142168 2
1726775513417 0.257019 2
1726775513509 0.315948 2
1726775513601 0.185482 2
1726775513697 0.420968 2
1726775513789 0.232785 2
1726775513882 0.18943 2
1726775513973 0.151569 2
1726775514064 0.118872 2
1726775514157 0.352187 2
1726775514247 0.574753 4
1726775514337 0.17688 4
1726775515510 0.222693 0
1726775515617 0.384612 0
1726775515713 0.845133 0
1726775515806 0.258628 0
1726775515900 0.159603 0
1726775515993 0.702122 0
1726775516086 0.360992 0
1726775516185 0.157502 0
1726775516279 0.175594 0
1726775516372 0.208611 0
1726775516464 0.145927 3
1726775516556 0.229334 3
1726775516651 0.321805 3
1726775516748 0.140442 3
1726775516841 0.433705 3
1726775516933 0.209646 3
1726775517025 0.171988 3
1726775517118 0.147129 3
1726775517210 0.10922 3
1726775517307 0.335612 3
1726775517400 0.541057 6
1726775517495 0.145174 6
1726775518619 0.129619 0
1726775518730 0.374647 0
1726775518828 0.885462 0
1726775518921 0.308858 0
1726775519013 0.14586 0
1726775519105 0.767595 0
1726775519196 0.28132 0
1726775519288 0.184557 0
1726775519380 0.203953 0
1726775519473 0.229671 0
1726775519563 0.146432 4
1726775519655 0.250439 4
1726775519746 0.309283 4
1726775519840 0.153525 4
1726775519933 0.421055 4
1726775520024 0.210683 4
1726775520117 0.167606 4
1726775520211 0.127786 4
1726775520306 0.111379 4
1726775520398 0.396449 4
1726775520490 0.564516 8
1726775520580 0.166225 8
1726775521726 0.1487 0
1726775521827 0.380651 0
1726775521921 0.729882 0
1726775522016 0.27085 0
1726775522113 0.142561 0
1726775522207 0.594184 0
1726775522306 0.272958 0
1726775522397 0.128143 0
1726775522491 0.1911 0
1726775522583 0.263648 0
1726775522676 0.165087 5
1726775522768 0.207765 5
1726775522869 0.31108 5
1726775522962 0.147982 5
1726775523060 0.365572 5
1726775523154 0.206976 5
1726775523247 0.162202 5
1726775523341 0.189642 5
1726775523434 0.103417 5
1726775523527 0.273463 5
1726775523619 0.513285 10
1726775523711 0.164287 10
1726775524835 0.112175 0
1726775524946 0.322032 0
1726775525039 0.553216 0
1726775525132 0.277204 0
1726775525224 0.14874 0
1726775525317 0.760972 0
1726775525413 0.262274 0
1726775525506 0.137034 0
1726775525600 0.207071 0
1726775525693 0.139487 0
1726775525787 0.134049 6
1726775525879 0.224389 6
1726775525972 0.295024 6
1726775526064 0.146973 6
1726775526156 0.37769 6
1726775526247 0.19156 6
1726775526339 0.16462 6
1726775526432 0.126505 6
1726775526524 0.118808 6
1726775526616 0.364904 6
1726775526710 0.508403 12
1726775526803 0.166811 12
1726775528017 0.132569 0
1726775528120 0.349449 0
1726775528213 0.437898 0
1726775528305 0.431922 0
1726775528399 0.158804 0
1726775528492 0.531825 0
1726775528587 0.246147 0
1726775528680 0.125592 0
1726775528775 0.180176 0
1726775528870 0.216394 0
1726775528970 0.16894 7
1726775529064 0.208076 7
1726775529156 0.307462 7
1726775529247 0.139053 7
1726775529341 0.354058 7
1726775529434 0.1945 7
1726775529527 0.149402 7
1726775529620 0.169331 7
1726775529712 0.099319 7
1726775529804 0.295568 7
1726775529900 0.50949 14
1726775529995 0.178012 14
