1726857368282 110.047882 0
1726857368447 88.051445 0
1726857368612 14.394298 0
1726857368767 98.533745 0
1726857368913 8.874262 0
1726857369700 12.230272 0
1726857369888 6.677454 0
1726857370071 0.943 0
1726857370242 6.58731 0
1726857370397 1.105257 0
1726857371007 2.023532 0
1726857371179 8.281034 0
1726857371331 41.02655 0
1726857371476 0.887567 0
1726857371617 4.439332 0
1726857372230 18.906811 0
1726857372403 6.119825 0
1726857372563 16.721222 0
1726857372716 3.553832 0
1726857372866 1.684322 0
1726857373437 17.969881 0
1726857373650 17.909595 0
1726857373829 1.505357 0
1726857373991 12.248993 0
1726857374142 1.988828 0
