1727270936875 0.0 0
1727270937014 10.0 0
1727270937167 20.0 0
1727270937313 30.0 0
1727270937449 40.0 0
1727270937583 50.0 0
1727270937718 60.0 0
1727270937854 70.0 0
1727270937992 80.0 0
1727270938129 90.0 0
1727270938267 100.0 1
1727270938409 110.0 1
1727270938551 120.0 1
1727270938679 130.0 1
1727270938827 140.0 1
1727270938976 150.0 1
1727270939120 160.0 1
1727270939259 170.0 1
1727270939402 180.0 1
1727270940359 0.0 0
1727270940497 10.0 0
1727270940638 20.0 0
1727270940776 30.0 0
1727270940915 40.0 0
1727270941053 50.0 0
1727270941184 60.0 0
1727270941308 70.0 0
1727270941432 80.0 0
1727270941560 90.0 0
1727270941694 100.0 2
1727270941822 110.0 2
1727270941945 120.0 2
1727270942096 130.0 2
1727270942238 140.0 2
1727270942375 150.0 2
1727270942524 160.0 2
1727270942655 170.0 2
1727270942795 180.0 2
1727270943674 0.0 0
1727270943809 10.0 0
1727270943937 20.0 0
1727270944064 30.0 0
1727270944234 40.0 0
1727270944369 50.0 0
1727270944511 60.0 0
1727270944648 70.0 0
1727270944784 80.0 0
1727270944922 90.0 0
1727270945064 100.0 3
1727270945190 110.0 3
1727270945319 120.0 3
1727270945459 130.0 3
1727270945600 140.0 3
1727270945742 150.0 3
1727270945889 160.0 3
1727270946028 170.0 3
1727270946165 180.0 3
1727270947042 0.0 0
1727270947189 10.0 0
1727270947323 20.0 0
1727270947459 30.0 0
1727270947593 40.0 0
1727270947731 50.0 0
1727270947871 60.0 0
1727270948014 70.0 0
1727270948142 80.0 0
1727270948279 90.0 0
1727270948413 100.0 4
1727270948547 110.0 4
1727270948672 120.0 4
1727270948805 130.0 4
1727270948940 140.0 4
1727270949079 150.0 4
1727270949222 160.0 4
1727270949362 170.0 4
1727270949503 180.0 4
