1726828626800 0.333142 0
1726828626924 0.266939 0
1726828627045 0.425502 0
1726828627172 0.573692 0
1726828627291 2.316163 0
1726828627402 1.181276 0
1726828627512 0.320823 0
1726828627626 0.494464 0
1726828627739 2.746343 0
1726828627849 0.49361 0
1726828627961 0.34739 1
1726828628073 0.915486 1
1726828628191 0.448761 1
1726828628298 0.477978 1
1726828628406 2.454982 1
1726828628518 0.589833 1
1726828628629 0.37501 1
1726828629595 0.222168 0
1726828629704 0.213658 0
1726828629811 0.318274 0
1726828629917 0.430592 0
1726828630034 1.939718 0
1726828630144 0.935499 0
1726828630261 0.235963 0
1726828630370 0.359566 0
1726828630476 2.186623 0
1726828630587 0.427298 0
1726828630694 0.284185 2
1726828630809 0.690515 2
1726828630917 0.308481 2
1726828631024 0.367032 2
1726828631133 1.767545 2
1726828631241 0.376792 2
1726828631349 0.263983 2
1726828632344 0.195452 0
1726828632453 0.19162 0
1726828632569 0.250262 0
1726828632674 0.331363 0
1726828632779 1.560915 0
1726828632886 0.728952 0
1726828632997 0.195765 0
1726828633108 0.27182 0
1726828633216 1.585229 0
1726828633321 0.399273 0
1726828633429 0.245499 3
1726828633535 0.515522 3
1726828633642 0.225545 3
1726828633749 0.329271 3
1726828633868 1.138964 3
1726828633975 0.264263 3
1726828634083 0.227137 3
1726828635103 0.21673 0
1726828635215 0.198699 0
1726828635321 0.231511 0
1726828635429 0.287962 0
1726828635539 1.273239 0
1726828635647 0.615885 0
1726828635761 0.18708 0
1726828635872 0.207048 0
1726828635983 1.166556 0
1726828636094 0.389752 0
1726828636204 0.218222 4
1726828636325 0.422001 4
1726828636452 0.21142 4
1726828636580 0.378222 4
1726828636695 0.84567 4
1726828636804 0.269415 4
1726828636911 0.235335 4
1726828637877 0.22521 0
1726828637987 0.19748 0
1726828638093 0.233331 0
1726828638199 0.2909 0
1726828638304 1.184751 0
1726828638421 0.622786 0
1726828638529 0.192555 0
1726828638638 0.159535 0
1726828638754 1.055067 0
1726828638874 0.352295 0
1726828638981 0.190659 5
1726828639089 0.414774 5
1726828639200 0.21463 5
1726828639308 0.389423 5
1726828639419 0.761208 5
1726828639528 0.277047 5
1726828639637 0.22014 5
1726828640607 0.177568 0
1726828640717 0.198402 0
1726828640825 0.228357 0
1726828640933 0.293891 0
1726828641040 1.169772 0
1726828641151 0.658164 0
1726828641258 0.184172 0
1726828641365 0.145656 0
1726828641471 1.03488 0
1726828641578 0.321767 0
1726828641687 0.180853 6
1726828641792 0.402159 6
1726828641901 0.224096 6
1726828642007 0.379826 6
1726828642114 0.760252 6
1726828642221 0.282015 6
1726828642331 0.225049 6
1726828643315 0.147826 0
1726828643425 0.188112 0
1726828643533 0.233691 0
1726828643641 0.296262 0
1726828643764 1.151286 0
1726828643888 0.682426 0
1726828644003 0.175422 0
1726828644116 0.145516 0
1726828644223 1.051002 0
1726828644333 0.318277 0
1726828644440 0.1745 7
1726828644557 0.36993 7
1726828644664 0.23185 7
1726828644781 0.365171 7
1726828644892 0.691397 7
1726828645006 0.295624 7
1726828645116 0.223372 7
