1726770947929 0.0 0
1726770948019 10.0 0
1726770948113 20.0 0
1726770948202 30.0 0
1726770948294 40.0 0
1726770948386 50.0 0
1726770948478 60.0 0
1726770948566 70.0 0
1726770948654 80.0 0
1726770948742 90.0 0
1726770948830 100.0 1
1726770948917 110.0 1
1726770949005 120.0 1
1726770949092 130.0 1
1726770949181 140.0 1
1726770949270 150.0 1
1726770949359 160.0 1
1726770949450 170.0 1
1726770949542 180.0 1
1726770949632 190.0 1
1726770949721 200.0 2
1726770949819 210.0 2
1726770949910 220.0 2
1726770950001 230.0 2
1726770950092 240.0 2
1726770950181 250.0 2
1726770950271 260.0 2
1726770950368 270.0 2
1726770950460 280.0 2
1726770950553 290.0 2
1726770950642 300.0 3
1726770950732 310.0 3
1726770950823 320.0 3
1726770950916 330.0 3
1726770951008 340.0 3
1726770951102 350.0 3
1726770951193 360.0 3
1726770951284 370.0 3
1726770951374 380.0 3
1726770951464 390.0 3
1726770951553 400.0 4
1726770951641 410.0 4
1726770951730 420.0 4
1726770951820 430.0 4
1726770951909 440.0 4
1726770951996 450.0 4
1726770952088 460.0 4
1726770952176 470.0 4
1726770952266 480.0 4
1726770952356 490.0 4
1726770952455 500.0 5
1726770952545 510.0 5
1726770952635 520.0 5
1726770952724 530.0 5
1726770952813 540.0 5
1726770952901 550.0 5
1726770952991 560.0 5
1726770953082 570.0 5
1726770953176 580.0 5
1726770953265 590.0 5
1726770953357 600.0 6
1726770955867 0.0 0
1726770955958 10.0 0
1726770956049 20.0 0
1726770956142 30.0 0
1726770956234 40.0 0
1726770956323 50.0 0
1726770956413 60.0 0
1726770956509 70.0 0
1726770956599 80.0 0
1726770956691 90.0 0
1726770956783 100.0 2
1726770956872 110.0 2
1726770956964 120.0 2
1726770957054 130.0 2
1726770957143 140.0 2
1726770957231 150.0 2
1726770957322 160.0 2
1726770957413 170.0 2
1726770957502 180.0 2
1726770957590 190.0 2
1726770957678 200.0 4
1726770957767 210.0 4
1726770957855 220.0 4
1726770957942 230.0 4
1726770958036 240.0 4
1726770958134 250.0 4
1726770958223 260.0 4
1726770958312 270.0 4
1726770958400 280.0 4
1726770958489 290.0 4
1726770958588 300.0 6
1726770958678 310.0 6
1726770958770 320.0 6
1726770958860 330.0 6
1726770958949 340.0 6
1726770959039 350.0 6
1726770959129 360.0 6
1726770959219 370.0 6
1726770959308 380.0 6
1726770959396 390.0 6
1726770959484 400.0 8
1726770959574 410.0 8
1726770959663 420.0 8
1726770959754 430.0 8
1726770959845 440.0 8
1726770959935 450.0 8
1726770960025 460.0 8
1726770960114 470.0 8
1726770960202 480.0 8
1726770960290 490.0 8
1726770960379 500.0 10
1726770960468 510.0 10
1726770960554 520.0 10
1726770960652 530.0 10
1726770960741 540.0 10
1726770960831 550.0 10
1726770960920 560.0 10
1726770961008 570.0 10
1726770961096 580.0 10
1726770961184 590.0 10
1726770961276 600.0 12
1726770963807 0.0 0
1726770963898 10.0 0
1726770963987 20.0 0
1726770964075 30.0 0
1726770964163 40.0 0
1726770964251 50.0 0
1726770964339 60.0 0
1726770964428 70.0 0
1726770964519 80.0 0
1726770964611 90.0 0
1726770964708 100.0 3
1726770964800 110.0 3
1726770964895 120.0 3
1726770964983 130.0 3
1726770965075 140.0 3
1726770965164 150.0 3
1726770965253 160.0 3
1726770965342 170.0 3
1726770965430 180.0 3
1726770965519 190.0 3
1726770965607 200.0 6
1726770965696 210.0 6
1726770965784 220.0 6
1726770965871 230.0 6
1726770965965 240.0 6
1726770966062 250.0 6
1726770966151 260.0 6
1726770966241 270.0 6
1726770966330 280.0 6
1726770966417 290.0 6
1726770966506 300.0 9
1726770966595 310.0 9
1726770966683 320.0 9
1726770966784 330.0 9
1726770966875 340.0 9
1726770966966 350.0 9
1726770967057 360.0 9
1726770967146 370.0 9
1726770967234 380.0 9
1726770967325 390.0 9
1726770967416 400.0 12
1726770967505 410.0 12
1726770967592 420.0 12
1726770967680 430.0 12
1726770967768 440.0 12
1726770967858 450.0 12
1726770967946 460.0 12
1726770968033 470.0 12
1726770968122 480.0 12
1726770968212 490.0 12
1726770968300 500.0 15
1726770968392 510.0 15
1726770968481 520.0 15
1726770968571 530.0 15
1726770968660 540.0 15
1726770968752 550.0 15
1726770968845 560.0 15
1726770968933 570.0 15
1726770969020 580.0 15
1726770969110 590.0 15
1726770969198 600.0 18
1726770971726 0.0 0
1726770971814 10.0 0
1726770971903 20.0 0
1726770971991 30.0 0
1726770972080 40.0 0
1726770972167 50.0 0
1726770972260 60.0 0
1726770972351 70.0 0
1726770972441 80.0 0
1726770972530 90.0 0
1726770972621 100.0 4
1726770972710 110.0 4
1726770972806 120.0 4
1726770972905 130.0 4
1726770972996 140.0 4
1726770973087 150.0 4
1726770973176 160.0 4
1726770973266 170.0 4
1726770973355 180.0 4
1726770973443 190.0 4
1726770973532 200.0 8
1726770973621 210.0 8
1726770973710 220.0 8
1726770973799 230.0 8
1726770973888 240.0 8
1726770973977 250.0 8
1726770974066 260.0 8
1726770974155 270.0 8
1726770974243 280.0 8
1726770974335 290.0 8
1726770974426 300.0 12
1726770974516 310.0 12
1726770974606 320.0 12
1726770974696 330.0 12
1726770974786 340.0 12
1726770974879 350.0 12
1726770974975 360.0 12
1726770975068 370.0 12
1726770975159 380.0 12
1726770975251 390.0 12
1726770975341 400.0 16
1726770975430 410.0 16
1726770975521 420.0 16
1726770975609 430.0 16
1726770975699 440.0 16
1726770975789 450.0 16
1726770975879 460.0 16
1726770975968 470.0 16
1726770976057 480.0 16
1726770976146 490.0 16
1726770976235 500.0 20
1726770976323 510.0 20
1726770976413 520.0 20
1726770976503 530.0 20
1726770976592 540.0 20
1726770976681 550.0 20
1726770976769 560.0 20
1726770976857 570.0 20
1726770976960 580.0 20
1726770977051 590.0 20
1726770977141 600.0 24
