1726758044725 0.442575 0
1726758044843 0.4979 0
1726758044962 1.663647 0
1726758045080 0.19233 0
1726758045196 5.731424 0
1726758045311 1.746993 0
1726758045440 0.223628 0
1726758045869 0.239365 0
1726758045985 0.423318 0
1726758046099 1.009547 0
1726758046214 0.343009 0
1726758046329 3.616066 0
1726758046445 2.96128 0
1726758046559 0.577078 0
1726758046981 0.109897 0
1726758047095 0.485056 0
1726758047210 0.691688 0
1726758047325 0.265393 0
1726758047439 2.912913 0
1726758047558 2.556546 0
1726758047683 0.4403 0
1726758048131 0.158673 0
1726758048246 0.481768 0
1726758048361 0.402918 0
1726758048475 0.167022 0
1726758048589 2.30652 0
1726758048704 1.952563 0
1726758048819 0.316833 0
1726758049245 0.239171 0
1726758049360 0.429974 0
1726758049475 0.449103 0
1726758049591 0.221484 0
1726758049707 2.063629 0
1726758049825 2.043627 0
1726758049942 0.226929 0
1726758050381 0.628089 0
1726758050497 0.707964 0
1726758050612 0.639296 0
1726758050727 0.353821 0
1726758050843 1.729468 0
1726758050957 1.782219 0
1726758051072 0.286831 0
1726758051492 0.301482 0
1726758051606 0.689065 0
1726758051721 0.488958 0
1726758051836 0.195181 0
1726758051951 2.138227 0
1726758052069 1.331808 0
1726758052183 0.237789 0
1726758052611 0.39341 0
1726758052725 0.607106 0
1726758052843 0.352429 0
1726758052962 0.196317 0
1726758053076 2.075983 0
1726758053192 1.777197 0
1726758053312 0.32187 0
