1727087700779 0.390373 0
1727087700917 0.218828 0
1727087701049 0.012966 0
1727087701180 0.031242 0
1727087701309 0.08999 0
1727087701461 0.111679 0
1727087701598 0.080867 0
1727087701728 0.125599 0
1727087701859 0.027788 0
1727087701990 0.194145 0
1727087702121 0.148775 1
1727087702252 0.433732 1
1727087702393 0.43433 1
1727087702536 0.090491 1
1727087702677 0.073593 1
1727087702814 0.036875 1
1727087702948 0.057009 1
1727087703083 0.257922 1
1727087703216 0.312932 1
1727087703349 0.092259 1
1727087703486 0.326867 2
1727087703619 0.130785 2
1727087703764 0.073001 2
1727087703908 0.031837 2
1727087704042 0.020514 2
1727087704223 1.361022 2
1727087706011 0.054597 0
1727087706160 0.269733 0
1727087706300 0.039502 0
1727087706444 0.013575 0
1727087706586 0.160027 0
1727087706735 0.111018 0
1727087706876 0.06371 0
1727087707021 0.117947 0
1727087707165 0.02226 0
1727087707304 0.167309 0
1727087707436 0.107578 2
1727087707571 0.356336 2
1727087707706 0.284332 2
1727087707843 0.128985 2
1727087707975 0.11261 2
1727087708107 0.031145 2
1727087708240 0.049324 2
1727087708371 0.203498 2
1727087708506 0.233033 2
1727087708642 0.086762 2
1727087708778 0.267661 4
1727087708912 0.134814 4
1727087709046 0.067384 4
1727087709180 0.022279 4
1727087709314 0.014191 4
1727087709446 1.28487 4
1727087711134 0.08347 0
1727087711286 0.306627 0
1727087711429 0.052027 0
1727087711566 0.016348 0
1727087711704 0.175058 0
1727087711837 0.112532 0
1727087711974 0.064292 0
1727087712114 0.0944 0
1727087712254 0.026206 0
1727087712389 0.177271 0
1727087712523 0.106049 3
1727087712655 0.382086 3
1727087712789 0.187838 3
1727087712923 0.141765 3
1727087713061 0.086817 3
1727087713202 0.040267 3
1727087713339 0.047248 3
1727087713479 0.18713 3
1727087713621 0.247602 3
1727087713762 0.080294 3
1727087713903 0.252503 6
1727087714041 0.131479 6
1727087714184 0.062151 6
1727087714325 0.02556 6
1727087714483 0.040526 6
1727087714624 1.304113 6
1727087716442 0.074753 0
1727087716589 0.304391 0
1727087716732 0.050343 0
1727087716877 0.019737 0
1727087717018 0.179853 0
1727087717158 0.112362 0
1727087717300 0.067803 0
1727087717436 0.090724 0
1727087717575 0.031845 0
1727087717716 0.179405 0
1727087717874 0.10175 4
1727087718027 0.383045 4
1727087718172 0.187356 4
1727087718319 0.155424 4
1727087718457 0.082333 4
1727087718600 0.043987 4
1727087718745 0.042863 4
1727087718898 0.188772 4
1727087719048 0.249447 4
1727087719202 0.072745 4
1727087719359 0.253001 8
1727087719503 0.138686 8
1727087719641 0.060868 8
1727087719779 0.046076 8
1727087719918 0.089874 8
1727087720064 1.265322 8
1727087722302 0.065061 0
1727087722440 0.320204 0
1727087722575 0.046929 0
1727087722708 0.01909 0
1727087722846 0.190523 0
1727087722981 0.108573 0
1727087723115 0.071145 0
1727087723252 0.103928 0
1727087723389 0.049296 0
1727087723525 0.157758 0
1727087723663 0.104653 5
1727087723814 0.36772 5
1727087724086 0.279392 5
1727087724232 0.186599 5
1727087724374 0.074152 5
1727087724516 0.036539 5
1727087724654 0.041382 5
1727087724795 0.187331 5
1727087724931 0.231461 5
1727087725066 0.076181 5
1727087725207 0.246942 10
1727087725347 0.159319 10
1727087725485 0.061809 10
1727087725626 0.088857 10
1727087725762 0.069636 10
1727087725899 1.340651 10
1727087727548 0.104888 0
1727087727705 0.28201 0
1727087727845 0.041237 0
1727087727982 0.024364 0
1727087728122 0.180064 0
1727087728259 0.103294 0
1727087728398 0.075527 0
1727087728543 0.155136 0
1727087728689 0.073129 0
1727087728834 0.15497 0
1727087728980 0.130974 6
1727087729126 0.368276 6
1727087729264 0.268574 6
1727087729398 0.203876 6
1727087729532 0.04929 6
1727087729666 0.025119 6
1727087729801 0.05272 6
1727087729934 0.212236 6
1727087730068 0.192918 6
1727087730208 0.061717 6
1727087730346 0.257001 12
1727087730480 0.171574 12
1727087730615 0.061956 12
1727087730749 0.094681 12
1727087730884 0.01987 12
1727087731018 1.304598 12
1727087732641 0.101518 0
1727087732780 0.285076 0
1727087732915 0.016654 0
1727087733047 0.018202 0
1727087733180 0.201161 0
1727087733314 0.101783 0
1727087733447 0.091874 0
1727087733582 0.214487 0
1727087733717 0.088589 0
1727087733852 0.178372 0
1727087733986 0.117725 7
1727087734123 0.363521 7
1727087734260 0.197609 7
1727087734397 0.226487 7
1727087734533 0.034614 7
1727087734667 0.022805 7
1727087734804 0.043503 7
1727087734938 0.212627 7
1727087735069 0.207681 7
1727087735206 0.062289 7
1727087735344 0.247034 14
1727087735481 0.196358 14
1727087735619 0.063775 14
1727087735756 0.078755 14
1727087735895 0.013364 14
1727087736034 1.281504 14
