1726759433112 150.892197 0
1726759433208 0.969731 0
1726759433299 13.334044 0
1726759433388 10.788567 0
1726759433476 2.071821 0
1726759433565 1.105336 0
1726759433653 1.717231 0
1726759433743 5.545071 0
1726759433836 5.260416 0
1726759433924 17459.300781 0
1726759434013 1.641658 1
1726759434106 2.671977 1
1726759434202 1.512868 1
1726759434295 2.193362 1
1726759434385 0.802882 1
1726759434476 3.06662 1
1726759434566 2.750197 1
1726759435412 1.593145 0
1726759435511 6.1301 0
1726759435600 3.466934 0
1726759435689 3.009976 0
1726759435776 1.275698 0
1726759435865 1.515224 0
1726759435953 4.364635 0
1726759436042 5.701534 0
1726759436132 0.76444 0
1726759436225 2.02355 0
1726759436320 2.649903 2
1726759436410 4.514719 2
1726759436497 1.395288 2
1726759436586 2.906208 2
1726759436674 0.842574 2
1726759436763 1.45003 2
1726759436853 23.417862 2
1726759437693 1.670294 0
1726759437788 3.759546 0
1726759437877 4.054913 0
1726759437966 14.55335 0
1726759438054 1.20157 0
1726759438146 1.332863 0
1726759438237 4.924927 0
1726759438334 2.045334 0
1726759438424 1.029091 0
1726759438512 1.712192 0
1726759438600 20.483782 3
1726759438688 5.076383 3
1726759438777 5.276608 3
1726759438864 1.990924 3
1726759438952 5.558277 3
1726759439044 1.05623 3
1726759439136 3.786502 3
1726759439979 3.38586 0
1726759440077 2.966187 0
1726759440167 7.254807 0
1726759440255 1.29549 0
1726759440349 1.512853 0
1726759440440 2.224288 0
1726759440527 10.983181 0
1726759440613 289.737549 0
1726759440705 0.694793 0
1726759440794 2.001492 0
1726759440883 5.872234 4
1726759440971 4.863397 4
1726759441059 5.527718 4
1726759441150 2.098933 4
1726759441241 1.092981 4
1726759441328 1.41246 4
1726759441416 2.543032 4
1726759442251 3.123585 0
1726759442342 1.30617 0
1726759442439 3.6769 0
1726759442528 11.235227 0
1726759442617 1.37691 0
1726759442705 2.208094 0
1726759442793 6.065558 0
1726759442881 11.305803 0
1726759442969 0.707109 0
1726759443062 4.582079 0
1726759443153 8.251301 5
1726759443242 1.784832 5
1726759443330 3.704587 5
1726759443418 2.179556 5
1726759443505 0.658793 5
1726759443593 1.390513 5
1726759443684 1.680347 5
1726759444532 2.439889 0
1726759444626 34.658806 0
1726759444716 3.665427 0
1726759444806 3.728588 0
1726759444895 1.145535 0
1726759444985 5.200652 0
1726759445074 1.347012 0
1726759445162 3.69415 0
1726759445254 0.780487 0
1726759445344 2.992409 0
1726759445435 6.738671 6
1726759445524 4.835163 6
1726759445614 3.516693 6
1726759445702 1.853158 6
1726759445790 1.905431 6
1726759445877 5.653852 6
1726759445965 1.51645 6
1726759446852 1.214904 0
1726759446959 3.169372 0
1726759447049 2.959744 0
1726759447137 5.267903 0
1726759447226 1.169841 0
1726759447313 2.348624 0
1726759447402 1.289669 0
1726759447488 1.906034 0
1726759447577 0.775121 0
1726759447666 1.790637 0
1726759447753 2.565981 7
1726759447846 2.268073 7
1726759447935 3.793821 7
1726759448027 1.882948 7
1726759448117 0.896969 7
1726759448207 7.857504 7
1726759448296 1.496053 7
