1726869504089 7.059629 0
1726869504224 2.825186 0
1726869504361 43.098331 0
1726869504496 26.291185 0
1726869504630 2.739674 0
1726869504764 5.72332 0
1726869504898 3.3781 0
1726869505032 9.483367 0
1726869505169 5.377413 0
1726869505307 1.958045 0
1726869505445 1.861346 1
1726869505581 1.887645 1
1726869506480 9.054804 0
1726869506615 3.445484 0
1726869506749 0.960243 0
1726869506890 2.235203 0
1726869507024 1.109918 0
1726869507158 1.079387 0
1726869507293 2.277092 0
1726869507427 2.04403 0
1726869507564 1.197637 0
1726869507699 1.522936 0
1726869507836 1.786931 2
1726869507981 2.122284 2
1726869508846 0.699441 0
1726869508981 5.139546 0
1726869509115 0.939273 0
1726869509251 1.211903 0
1726869509406 8.479206 0
1726869509557 1.828359 0
1726869509695 5.733641 0
1726869509831 1.201355 0
1726869509969 0.92398 0
1726869510110 0.770948 0
1726869510246 3.066602 3
1726869510391 1.861054 3
1726869511270 4.396106 0
1726869511423 8.286782 0
1726869511561 0.667509 0
1726869511696 2.144732 0
1726869511832 2.575797 0
1726869511968 6.182925 0
1726869512103 2.210316 0
1726869512239 1.948056 0
1726869512375 0.806671 0
1726869512510 0.684987 0
1726869512645 9.835286 4
1726869512779 5.339802 4
1726869513647 7.963905 0
1726869513784 1.704188 0
1726869513919 0.614863 0
1726869514054 0.67757 0
1726869514191 7.098064 0
1726869514325 6.395618 0
1726869514460 4.006562 0
1726869514595 1.357663 0
1726869514732 0.780154 0
1726869514871 0.765056 0
1726869515005 3.886355 5
1726869515139 8.527443 5
