1726921951287 0.620088 0
1726921951434 0.472262 0
1726921951581 1.679742 0
1726921951726 0.8535 0
1726921951874 2.241797 0
1726921952021 0.426147 0
1726921952167 0.375926 0
1726921952320 0.873144 0
1726921952468 2.66995 0
1726921952615 1.336338 0
1726921952761 0.218075 1
1726921952907 0.247581 1
1726921953886 0.436126 0
1726921954032 0.189428 0
1726921954179 0.596778 0
1726921954325 0.427983 0
1726921954473 1.280452 0
1726921954619 0.332684 0
1726921954764 0.351175 0
1726921954910 0.57219 0
1726921955057 1.310634 0
1726921955204 0.708649 0
1726921955351 0.143157 2
1726921955497 0.26646 2
1726921956417 0.143044 0
1726921956565 0.201547 0
1726921956712 0.578831 0
1726921956857 0.450839 0
1726921957003 1.165191 0
1726921957148 0.386456 0
1726921957298 0.266869 0
1726921957446 0.563182 0
1726921957594 1.035064 0
1726921957747 0.591612 0
1726921957898 0.155561 3
1726921958048 0.282108 3
1726921958976 0.124344 0
1726921959127 0.193598 0
1726921959273 0.580128 0
1726921959432 0.439456 0
1726921959590 1.100359 0
1726921959739 0.400521 0
1726921959893 0.249391 0
1726921960049 0.54868 0
1726921960201 0.9861 0
1726921960349 0.550456 0
1726921960496 0.167359 4
1726921960641 0.285842 4
1726921961568 0.078288 0
1726921961721 0.18723 0
1726921961868 0.585114 0
1726921962018 0.458884 0
1726921962171 0.991454 0
1726921962327 0.388076 0
1726921962476 0.245954 0
1726921962626 0.539974 0
1726921962774 0.941546 0
1726921962920 0.548466 0
1726921963068 0.141559 5
1726921963223 0.301444 5
1726921964135 0.066823 0
1726921964282 0.18941 0
1726921964433 0.539017 0
1726921964588 0.422818 0
1726921964735 0.960343 0
1726921964887 0.394768 0
1726921965045 0.24797 0
1726921965212 0.550602 0
1726921965361 0.935429 0
1726921965507 0.547961 0
1726921965653 0.144379 6
1726921965804 0.282868 6
1726921966753 0.076976 0
1726921966901 0.182241 0
1726921967052 0.551197 0
1726921967204 0.427432 0
1726921967351 0.916201 0
1726921967499 0.394274 0
1726921967653 0.245283 0
1726921967812 0.528534 0
1726921967966 0.911601 0
1726921968115 0.552162 0
1726921968266 0.140316 7
1726921968413 0.288043 7
1726921969331 0.069283 0
1726921969478 0.190839 0
1726921969624 0.537729 0
1726921969770 0.418058 0
1726921969915 0.899602 0
1726921970060 0.405834 0
1726921970218 0.251297 0
1726921970382 0.521499 0
1726921970542 0.926352 0
1726921970696 0.547104 0
1726921970850 0.145584 8
1726921971003 0.285255 8
1726921971945 0.085163 0
1726921972105 0.187833 0
1726921972254 0.533747 0
1726921972408 0.413531 0
1726921972560 0.880781 0
1726921972713 0.409981 0
1726921972862 0.243938 0
1726921973013 0.527868 0
1726921973168 0.89545 0
1726921973314 0.529541 0
1726921973461 0.143196 9
1726921973608 0.285845 9
1726921974522 0.082122 0
1726921974667 0.18466 0
1726921974814 0.52917 0
1726921974959 0.40539 0
1726921975106 0.861274 0
1726921975252 0.40785 0
1726921975398 0.243783 0
1726921975545 0.523278 0
1726921975696 0.91553 0
1726921975844 0.529885 0
1726921975990 0.138074 10
1726921976139 0.293278 10
