1727263561166 0.590097 0
1727263561336 0.444159 0
1727263561490 1.173111 0
1727263561666 0.2808 0
1727263561844 0.558086 0
1727263562003 2.54845 0
1727263562565 5.292463 0
1727263562724 0.490729 0
1727263562892 2.664519 0
1727263563053 0.441646 0
1727263563219 0.45131 0
1727263563394 3.699531 0
1727263564058 5.695046 0
1727263564237 0.576978 0
1727263564420 2.8055 0
1727263564590 0.261436 0
1727263564762 0.369502 0
1727263564940 3.936817 0
1727263565604 2.607944 0
1727263565774 0.710192 0
1727263565941 1.658801 0
1727263566105 0.305427 0
1727263566272 0.329811 0
1727263566448 3.793223 0
1727263567037 0.781889 0
1727263567210 0.665325 0
1727263567378 1.810383 0
1727263567545 0.173627 0
1727263567730 0.329813 0
1727263567914 3.081499 0
1727263568548 0.369263 0
1727263568720 0.408933 0
1727263568891 1.956166 0
1727263569058 0.345356 0
1727263569232 0.352418 0
1727263569411 3.183557 0
1727263570107 0.338423 0
1727263570285 0.415614 0
1727263570453 1.050915 0
1727263570617 0.499992 0
1727263570789 0.47075 0
1727263570970 2.621763 0
