1727103264565 3.384723 0
1727103264691 6.538573 0
1727103264825 5.068149 0
1727103264957 3.458436 0
1727103265333 2.975136 0
1727103265459 5.360551 0
1727103265585 5.01966 0
1727103265713 3.238271 0
1727103266089 2.850473 0
1727103266215 4.924751 0
1727103266335 4.358583 0
1727103266457 3.137845 0
1727103266806 2.538187 0
1727103266932 4.30496 0
1727103267057 5.182065 0
1727103267182 3.001009 0
1727103267535 2.371554 0
1727103267658 4.092753 0
1727103267778 4.614252 0
1727103267906 2.940931 0
1727103268272 2.270782 0
1727103268393 3.754148 0
1727103268518 3.954836 0
1727103268648 2.836933 0
1727103269011 2.068089 0
1727103269118 3.291754 0
1727103269239 3.714406 0
1727103269357 2.764169 0
1727103269706 1.987095 0
1727103269832 3.130681 0
1727103269966 3.674159 0
1727103270099 2.734299 0
1727103270466 1.878709 0
1727103270591 3.039217 0
1727103270715 3.620378 0
1727103270843 2.680293 0
1727103271207 1.741871 0
1727103271315 2.851979 0
1727103271437 3.449319 0
1727103271559 2.76553 0
