1726765702862 47.080894 0
1726765702955 2.026751 0
1726765703054 4.283077 0
1726765703148 12.192118 0
1726765703245 3.89471 0
1726765703337 5.019903 0
1726765703429 3.792635 0
1726765703520 7.990499 0
1726765703611 34.592167 0
1726765703702 8.18652 0
1726765703797 7.244911 1
1726765703891 2.744659 1
1726765704642 1.961376 0
1726765704736 1.243682 0
1726765704829 4.788165 0
1726765704920 9.029537 0
1726765705010 1.700272 0
1726765705110 10.294052 0
1726765705208 0.925346 0
1726765705303 3.305614 0
1726765705394 98.632507 0
1726765705486 4.407836 0
1726765705581 9.815724 2
1726765705674 1.940505 2
1726765706382 3.790771 0
1726765706482 1.284797 0
1726765706572 4.784273 0
1726765706662 5.416775 0
1726765706754 2.277032 0
1726765706844 5.5269 0
1726765706937 1.110235 0
1726765707029 2.401235 0
1726765707123 7.032154 0
1726765707217 5.879256 0
1726765707311 5.861248 3
1726765707406 2.160597 3
1726765708106 4.439991 0
1726765708204 2.085844 0
1726765708296 12.463276 0
1726765708390 3.288081 0
1726765708479 2.30129 0
1726765708568 13.450967 0
1726765708658 1.198081 0
1726765708747 11.523579 0
1726765708837 3.490722 0
1726765708926 4.294198 0
1726765709017 6.352518 4
1726765709108 3.64254 4
1726765709805 15.612016 0
1726765709901 3.227579 0
1726765710001 6.406396 0
1726765710095 5.765586 0
1726765710189 18.571718 0
1726765710281 5.375126 0
1726765710370 0.451933 0
1726765710461 4.749334 0
1726765710552 156.828308 0
1726765710642 4.431758 0
1726765710732 2.505687 5
1726765710822 2.961052 5
1726765711534 2.031685 0
1726765711635 8.090184 0
1726765711726 17.902029 0
1726765711817 2.359474 0
1726765711908 1.305032 0
1726765712003 5.526721 0
1726765712093 1.121137 0
1726765712184 4.401697 0
1726765712277 8.536445 0
1726765712381 3.074986 0
1726765712474 2.919299 6
1726765712566 4.01496 6
1726765713286 1.945512 0
1726765713380 1.678696 0
1726765713473 5.607908 0
1726765713567 14.630447 0
1726765713659 1.168391 0
1726765713750 19.460251 0
1726765713840 0.626928 0
1726765713934 2.160806 0
1726765714029 3.250516 0
1726765714120 2.53914 0
1726765714211 27.49942 7
1726765714302 7.298125 7
1726765715005 1.933695 0
1726765715102 6.304603 0
1726765715193 3.965657 0
1726765715284 2.853441 0
1726765715381 1.149439 0
1726765715473 5.697219 0
1726765715566 0.610105 0
1726765715659 1.622556 0
1726765715750 7.341923 0
1726765715842 3.09638 0
1726765715935 3.655798 8
1726765716027 5.275092 8
1726765716741 2.290828 0
1726765716843 1.814587 0
1726765716934 5.526283 0
1726765717026 2.464683 0
1726765717117 1.067225 0
1726765717208 5.22979 0
1726765717298 0.851095 0
1726765717401 5.106362 0
1726765717492 5.247241 0
1726765717586 2.374718 0
1726765717681 5.534917 9
1726765717777 3.996798 9
