1726885825436 0.0 0
1726885825579 10.0 0
1726885825716 20.0 0
1726885825856 30.0 0
1726885825994 40.0 0
1726885826132 50.0 0
1726885826269 60.0 0
1726885826407 70.0 0
1726885826543 80.0 0
1726885826680 90.0 0
1726885826818 100.0 1
1726885826955 110.0 1
1726885827863 0.0 0
1726885828002 10.0 0
1726885828139 20.0 0
1726885828275 30.0 0
1726885828413 40.0 0
1726885828550 50.0 0
1726885828687 60.0 0
1726885828823 70.0 0
1726885828962 80.0 0
1726885829101 90.0 0
1726885829239 100.0 2
1726885829376 110.0 2
1726885830239 0.0 0
1726885830377 10.0 0
1726885830515 20.0 0
1726885830652 30.0 0
1726885830788 40.0 0
1726885830925 50.0 0
1726885831063 60.0 0
1726885831200 70.0 0
1726885831338 80.0 0
1726885831475 90.0 0
1726885831617 100.0 3
1726885831754 110.0 3
1726885832619 0.0 0
1726885832757 10.0 0
1726885832894 20.0 0
1726885833030 30.0 0
1726885833166 40.0 0
1726885833304 50.0 0
1726885833441 60.0 0
1726885833581 70.0 0
1726885833718 80.0 0
1726885833855 90.0 0
1726885833991 100.0 4
1726885834128 110.0 4
1726885834991 0.0 0
1726885835129 10.0 0
1726885835266 20.0 0
1726885835403 30.0 0
1726885835539 40.0 0
1726885835679 50.0 0
1726885835816 60.0 0
1726885835954 70.0 0
1726885836091 80.0 0
1726885836229 90.0 0
1726885836366 100.0 5
1726885836502 110.0 5
1726885837366 0.0 0
1726885837505 10.0 0
1726885837642 20.0 0
1726885837782 30.0 0
1726885837919 40.0 0
1726885838056 50.0 0
1726885838192 60.0 0
1726885838330 70.0 0
1726885838467 80.0 0
1726885838604 90.0 0
1726885838741 100.0 6
1726885838877 110.0 6
1726885839744 0.0 0
1726885839883 10.0 0
1726885840019 20.0 0
1726885840156 30.0 0
1726885840293 40.0 0
1726885840430 50.0 0
1726885840566 60.0 0
1726885840704 70.0 0
1726885840841 80.0 0
1726885840977 90.0 0
1726885841114 100.0 7
1726885841251 110.0 7
1726885842113 0.0 0
1726885842251 10.0 0
1726885842387 20.0 0
1726885842525 30.0 0
1726885842663 40.0 0
1726885842801 50.0 0
1726885842938 60.0 0
1726885843075 70.0 0
1726885843212 80.0 0
1726885843349 90.0 0
1726885843486 100.0 8
1726885843623 110.0 8
1726885844494 0.0 0
1726885844635 10.0 0
1726885844781 20.0 0
1726885844918 30.0 0
1726885845055 40.0 0
1726885845192 50.0 0
1726885845329 60.0 0
1726885845466 70.0 0
1726885845604 80.0 0
1726885845743 90.0 0
1726885845882 100.0 9
1726885846020 110.0 9
1726885846886 0.0 0
1726885847025 10.0 0
1726885847162 20.0 0
1726885847298 30.0 0
1726885847435 40.0 0
1726885847571 50.0 0
1726885847709 60.0 0
1726885847846 70.0 0
1726885847988 80.0 0
1726885848125 90.0 0
1726885848262 100.0 10
1726885848399 110.0 10
