1726889966020 0.0 0
1726889966164 10.0 0
1726889966390 20.0 0
1726889966539 30.0 0
1726889966678 40.0 0
1726889966818 50.0 0
1726889966956 60.0 0
1726889967096 70.0 0
1726889967236 80.0 0
1726889968008 0.0 0
1726889968148 10.0 0
1726889968287 20.0 0
1726889968426 30.0 0
1726889968568 40.0 0
1726889968707 50.0 0
1726889968847 60.0 0
1726889968987 70.0 0
1726889969125 80.0 0
1726889969864 0.0 0
1726889970003 10.0 0
1726889970141 20.0 0
1726889970280 30.0 0
1726889970420 40.0 0
1726889970562 50.0 0
1726889970702 60.0 0
1726889970840 70.0 0
1726889970978 80.0 0
1726889971721 0.0 0
1726889971860 10.0 0
1726889971998 20.0 0
1726889972135 30.0 0
1726889972273 40.0 0
1726889972411 50.0 0
1726889972548 60.0 0
1726889972691 70.0 0
1726889972829 80.0 0
1726889973557 0.0 0
1726889973696 10.0 0
1726889973833 20.0 0
1726889973971 30.0 0
1726889974109 40.0 0
1726889974247 50.0 0
1726889974384 60.0 0
1726889974522 70.0 0
1726889974662 80.0 0
1726889975396 0.0 0
1726889975534 10.0 0
1726889975674 20.0 0
1726889975812 30.0 0
1726889975950 40.0 0
1726889976087 50.0 0
1726889976228 60.0 0
1726889976366 70.0 0
1726889976505 80.0 0
1726889977244 0.0 0
1726889977384 10.0 0
1726889977522 20.0 0
1726889977661 30.0 0
1726889977799 40.0 0
1726889977937 50.0 0
1726889978077 60.0 0
1726889978214 70.0 0
1726889978352 80.0 0
1726889979092 0.0 0
1726889979231 10.0 0
1726889979369 20.0 0
1726889979507 30.0 0
1726889979646 40.0 0
1726889979785 50.0 0
1726889979923 60.0 0
1726889980063 70.0 0
1726889980202 80.0 0
1726889980938 0.0 0
1726889981078 10.0 0
1726889981215 20.0 0
1726889981354 30.0 0
1726889981492 40.0 0
1726889981630 50.0 0
1726889981768 60.0 0
1726889981908 70.0 0
1726889982047 80.0 0
