1726884755852 2.900469 0
1726884755977 0.986078 0
1726884756097 24.659939 0
1726884756213 13.066246 0
1726884756328 1.204555 0
1726884756444 4.737942 0
1726884756560 4.122606 0
1726884756683 3.622812 0
1726884756803 3.037165 0
1726884756919 0.863033 0
1726884757042 0.741 1
1726884757160 0.536049 1
1726884757279 0.645824 1
1726884757397 1.59559 1
1726884757523 3.972811 1
1726884757641 13.528617 1
1726884757762 10.587005 1
1726884757879 1.26879 1
1726884757998 5.565805 1
1726884758119 3.984507 1
1726884758238 2.271458 2
1726884758354 3.321516 2
1726884758470 59.016907 2
1726884758588 1.214923 2
1726884758707 2.624232 2
1726884758824 1.82577 2
1726884758941 0.992422 2
1726884759062 1.423919 2
1726884759179 6.517049 2
1726884759295 9.254568 2
1726884759414 1.045777 3
1726884759532 0.85159 3
1726884759658 1.056868 3
1726884759781 0.423784 3
1726884759902 1.137868 3
1726884760020 34.341774 3
1726884760142 5.759975 3
1726884760262 0.916608 3
1726884760381 1.260937 3
1726884760500 1.214992 3
1726884762586 3.655192 0
1726884762709 12.645781 0
1726884762828 3.488789 0
1726884762959 7.773362 0
1726884763086 2.341271 0
1726884763207 2.606954 0
1726884763324 10.506463 0
1726884763447 1.170811 0
1726884763568 1.095588 0
1726884763691 1.671594 0
1726884763808 0.695279 2
1726884763928 0.672987 2
1726884764044 0.784957 2
1726884764166 0.623055 2
1726884764289 7.590102 2
1726884764406 6.801771 2
1726884764523 8.391403 2
1726884764640 3.063028 2
1726884764755 9.169933 2
1726884764871 965.401917 2
1726884764989 2.863477 4
1726884765107 4.285872 4
1726884765223 4.274408 4
1726884765339 1.886909 4
1726884765455 10.95381 4
1726884765570 1.612512 4
1726884765691 0.933342 4
1726884765812 1.013251 4
1726884765931 5.775447 4
1726884766068 8.931355 4
1726884766189 0.560626 6
1726884766312 1.792718 6
1726884766429 0.921454 6
1726884766547 0.426439 6
1726884766666 1.050797 6
1726884766786 11.429905 6
1726884766906 8.564595 6
1726884767025 2.978713 6
1726884767142 0.933136 6
1726884767260 5.88232 6
1726884769346 22.094435 0
1726884769472 2.424214 0
1726884769587 0.951517 0
1726884769703 3.590041 0
1726884769829 1.44223 0
1726884769948 2.671091 0
1726884770066 4.952732 0
1726884770185 6.85338 0
1726884770308 1.432255 0
1726884770433 1.2474 0
1726884770550 0.614875 3
1726884770668 0.606766 3
1726884770788 0.762126 3
1726884770905 0.661265 3
1726884771025 4.785979 3
1726884771143 7.94664 3
1726884771265 0.454223 3
1726884771396 4.648262 3
1726884771513 9.26206 3
1726884771631 1.453362 3
1726884771754 17.714695 6
1726884771879 5.901958 6
1726884771996 14.131068 6
1726884772113 9.374979 6
1726884772231 15.3267 6
1726884772350 4.869497 6
1726884772476 0.655238 6
1726884772594 1.4198 6
1726884772710 4.546686 6
1726884772829 1.488265 6
1726884772951 0.486405 9
1726884773071 2.20054 9
1726884773191 1.043452 9
1726884773311 0.729838 9
1726884773428 0.91389 9
1726884773546 6.172365 9
1726884773663 1.279518 9
1726884773781 1.10434 9
1726884773906 2.400806 9
1726884774023 2.15964 9
1726884776177 1.614304 0
1726884776304 2.241492 0
1726884776423 3.1314 0
1726884776546 2.820096 0
1726884776666 2.617467 0
1726884776785 7.795156 0
1726884776902 3.736345 0
1726884777021 1.017359 0
1726884777137 0.752525 0
1726884777259 1.3448 0
1726884777374 0.841716 4
1726884777495 0.435819 4
1726884777615 1.101304 4
1726884777738 2.200955 4
1726884777854 12.828318 4
1726884777983 16.370237 4
1726884778102 0.599252 4
1726884778218 1.586563 4
1726884778339 4.91118 4
1726884778459 1.378742 4
1726884778580 9.058577 8
1726884778703 7.778502 8
1726884778825 3.373954 8
1726884778945 4.934749 8
1726884779067 2.572689 8
1726884779186 2.437692 8
1726884779309 0.760255 8
1726884779428 1.621568 8
1726884779548 4.805889 8
1726884779673 1.281938 8
1726884779795 0.486751 12
1726884779918 1.837877 12
1726884780043 0.772468 12
1726884780162 0.580172 12
1726884780287 0.94208 12
1726884780404 8.809232 12
1726884780522 1.76343 12
1726884780648 3.099508 12
1726884780769 1.681935 12
1726884780886 17.708405 12
