1727119339225 5.853993 0
1727119339372 13.852089 0
1727119339516 3.641946 0
1727119339668 12.141428 0
1727119339814 5.016822 0
1727119339961 8.350048 0
1727119340112 7.875882 0
1727119340257 9.025444 0
1727119340406 4.943614 0
1727119340557 3.23121 0
1727119340703 3.124704 1
1727119340847 14.446145 1
1727119340991 2.232866 1
1727119341142 1.171802 1
1727119342033 1.329534 0
1727119342184 2.305332 0
1727119342330 2.688913 0
1727119342475 12.250929 0
1727119342624 3.05276 0
1727119342770 2.709428 0
1727119342916 4.305324 0
1727119343070 6.050358 0
1727119343221 3.455125 0
1727119343366 0.506736 0
1727119343510 0.665021 2
1727119343657 9.191344 2
1727119343806 0.269869 2
1727119343952 0.990577 2
1727119344861 2.356358 0
1727119345007 2.031924 0
1727119345157 1.942824 0
1727119345303 4.044492 0
1727119345447 1.949254 0
1727119345596 5.740519 0
1727119345744 9.939985 0
1727119345894 13.283778 0
1727119346040 2.85343 0
1727119346188 2.5652 0
1727119346333 1.243584 3
1727119346476 1.751404 3
1727119346619 0.280757 3
1727119346773 0.784859 3
1727119347709 1.448396 0
1727119347863 2.969091 0
1727119348009 1.384632 0
1727119348156 1.678792 0
1727119348298 17.113966 0
1727119348443 9.016509 0
1727119348596 4.322392 0
1727119348742 5.6299 0
1727119348893 10.048233 0
1727119349037 4.78336 0
1727119349183 1.051281 4
1727119349331 3.434566 4
1727119349480 0.375797 4
1727119349628 2.31039 4
