1726872975808 10.339675 0
1726872975944 0.633055 0
1726872976078 1.376452 0
1726872976212 4.964485 0
1726872976346 2.130056 0
1726872976481 1.849724 0
1726872976615 1.143134 0
1726872976751 0.66233 0
1726872976887 13.990121 0
1726872977021 2.700598 0
1726872977155 0.8216 1
1726872977290 41.692356 1
1726872977423 0.807857 1
1726872977557 1.143939 1
1726872977692 2.542324 1
1726872977827 1.045559 1
1726872977961 0.844702 1
1726872978095 0.623994 1
1726872978229 3.922184 1
1726872978363 0.54566 1
1726872978498 0.595425 2
1726872978633 0.554937 2
1726872978769 0.491551 2
1726872978905 0.188798 2
1726872979039 0.554293 2
1726872979173 0.321323 2
1726872981027 16.774725 0
1726872981164 0.71202 0
1726872981297 1.009634 0
1726872981431 3.012955 0
1726872981565 1.471822 0
1726872981699 3.93382 0
1726872981833 0.786529 0
1726872981968 0.700293 0
1726872982102 0.710379 0
1726872982237 0.732457 0
1726872982372 0.492056 2
1726872982507 1.357176 2
1726872982641 0.585848 2
1726872982776 0.778968 2
1726872982913 2.584167 2
1726872983049 3.309736 2
1726872983183 1.968778 2
1726872983316 2.726478 2
1726872983450 27.707073 2
1726872983584 0.377006 2
1726872983718 0.487947 4
1726872983853 0.824383 4
1726872983987 0.729886 4
1726872984121 0.413339 4
1726872984255 0.420122 4
1726872984389 0.188869 4
1726872986113 1.257272 0
1726872986252 0.378251 0
1726872986385 0.630037 0
1726872986520 1.475372 0
1726872986654 1.111788 0
1726872986789 1.850271 0
1726872986927 0.80713 0
1726872987064 0.841145 0
1726872987198 0.642699 0
1726872987333 0.611678 0
1726872987468 0.546783 3
1726872987602 0.706441 3
1726872987737 0.878305 3
1726872987875 2.697167 3
1726872988010 7.964075 3
1726872988144 2.023351 3
1726872988278 0.655388 3
1726872988413 3.407406 3
1726872988548 3.044414 3
1726872988682 2.637194 3
1726872988816 0.604207 6
1726872988952 0.582254 6
1726872989088 0.496228 6
1726872989223 0.206848 6
1726872989357 0.536679 6
1726872989490 0.37565 6
1726872991259 3.303764 0
1726872991395 2.210905 0
1726872991529 1.124379 0
1726872991663 2.759251 0
1726872991797 1.710059 0
1726872991931 14.170432 0
1726872992065 0.612752 0
1726872992200 0.602374 0
1726872992336 1.143112 0
1726872992471 0.804373 0
1726872992606 2.884239 4
1726872992740 1.588425 4
1726872992875 0.501717 4
1726872993010 2.598885 4
1726872993147 3.354431 4
1726872993282 0.600233 4
1726872993416 0.781674 4
1726872993549 1.823951 4
1726872993684 3.747164 4
1726872993818 0.555621 4
1726872993952 0.687979 8
1726872994086 1.069364 8
1726872994221 0.824235 8
1726872994356 1.767476 8
1726872994489 43.215855 8
1726872994623 0.298278 8
