1726902443888 0.915854 0
1726902444029 2.458648 0
1726902444170 0.496357 0
1726902444313 0.484822 0
1726902444454 0.332402 0
1726902444594 0.263542 0
1726902444733 0.452029 0
1726902444872 0.437279 0
1726902445012 0.210551 0
1726902445162 0.21584 0
1726902445303 0.727803 1
1726902446209 0.470513 0
1726902446352 1.159369 0
1726902446495 0.174838 0
1726902446634 0.344153 0
1726902446774 0.260459 0
1726902446913 0.214272 0
1726902447053 0.343504 0
1726902447193 0.41874 0
1726902447335 0.171704 0
1726902447476 0.118916 0
1726902447616 0.446793 2
1726902448514 0.173849 0
1726902448655 1.029702 0
1726902448795 0.156657 0
1726902448935 0.329838 0
1726902449075 0.184532 0
1726902449214 0.198786 0
1726902449354 0.377484 0
1726902449494 0.428357 0
1726902449636 0.155739 0
1726902449777 0.125457 0
1726902449916 0.404543 3
1726902450834 0.159789 0
1726902450975 0.962267 0
1726902451114 0.197869 0
1726902451254 0.283886 0
1726902451395 0.191907 0
1726902451534 0.206855 0
1726902451674 0.37453 0
1726902451813 0.431687 0
1726902451954 0.154443 0
1726902452094 0.114181 0
1726902452235 0.404009 4
1726902453138 0.18003 0
1726902453278 0.907121 0
1726902453418 0.160051 0
1726902453557 0.254611 0
1726902453697 0.171822 0
1726902453837 0.185811 0
1726902453977 0.330175 0
1726902454117 0.411611 0
1726902454258 0.168346 0
1726902454402 0.124764 0
1726902454543 0.386982 5
1726902455451 0.159875 0
1726902455592 0.84669 0
1726902455733 0.152009 0
1726902455872 0.270189 0
1726902456012 0.169188 0
1726902456152 0.191291 0
1726902456294 0.389674 0
1726902456437 0.416865 0
1726902456577 0.156856 0
1726902456719 0.128672 0
1726902456859 0.392688 6
1726902457745 0.147473 0
1726902457887 0.75502 0
1726902458027 0.159357 0
1726902458167 0.247748 0
1726902458305 0.214779 0
1726902458447 0.208301 0
1726902458587 0.326355 0
1726902458728 0.410639 0
1726902458868 0.169151 0
1726902459008 0.116444 0
1726902459147 0.367416 7
1726902460042 0.106393 0
1726902460183 0.721779 0
1726902460322 0.158194 0
1726902460463 0.275849 0
1726902460603 0.162301 0
1726902460743 0.17542 0
1726902460883 0.321714 0
1726902461023 0.408707 0
1726902461164 0.162021 0
1726902461306 0.111497 0
1726902461446 0.366856 8
1726902462344 0.231708 0
1726902462488 0.706138 0
1726902462628 0.147273 0
1726902462771 0.245248 0
1726902462910 0.182299 0
1726902463050 0.189331 0
1726902463191 0.361347 0
1726902463330 0.413992 0
1726902463470 0.162833 0
1726902463610 0.144005 0
1726902463749 0.399469 9
1726902464684 0.122515 0
1726902464828 0.637911 0
1726902464968 0.150707 0
1726902465107 0.21942 0
1726902465247 0.180743 0
1726902465387 0.209643 0
1726902465526 0.312009 0
1726902465666 0.415477 0
1726902465806 0.180097 0
1726902465946 0.11854 0
1726902466087 0.357759 10
