1726880579736 24.267155 0
1726880579875 1.663637 0
1726880580013 8.456613 0
1726880580150 2.026279 0
1726880580286 486.692139 0
1726880580422 2.00847 0
1726880580558 5.714499 0
1726880580693 5.901221 0
1726880580829 1.986701 0
1726880580965 0.8648 0
1726880581798 100.336639 0
1726880581951 10.258198 0
1726880582091 7.633558 0
1726880582227 0.840543 0
1726880582364 43.9305 0
1726880582499 2.331772 0
1726880582635 35.951984 0
1726880582771 7.214264 0
1726880582912 3.194403 0
1726880583050 4.453671 0
1726880583844 2.602166 0
1726880583983 5.936056 0
1726880584120 1.406692 0
1726880584257 0.896599 0
1726880584395 0.967031 0
1726880584532 7.326988 0
1726880584670 3.73615 0
1726880584805 8.444462 0
1726880584941 0.767344 0
1726880585077 2.077547 0
1726880585867 3.389914 0
1726880586005 4.89928 0
1726880586144 1.606908 0
1726880586281 1.234135 0
1726880586417 4.269627 0
1726880586553 1.180788 0
1726880586690 3.627133 0
1726880586825 25.305109 0
1726880586961 2.496496 0
1726880587097 1.612807 0
1726880587888 2.522772 0
1726880588028 3.333025 0
1726880588166 2.840569 0
1726880588304 1.3765 0
1726880588441 4.223526 0
1726880588578 1.348962 0
1726880588714 2.355209 0
1726880588850 4.039755 0
1726880588986 0.903126 0
1726880589122 1.684031 0
1726880589918 1.686638 0
1726880590056 2.745408 0
1726880590192 1.365519 0
1726880590331 0.919463 0
1726880590468 3.424136 0
1726880590605 3.864191 0
1726880590742 3.797809 0
1726880590878 5.436179 0
1726880591014 0.610859 0
1726880591150 1.137536 0
1726880591941 1.697128 0
1726880592079 13.273627 0
1726880592215 3.012215 0
1726880592355 0.920038 0
1726880592490 4.476923 0
1726880592626 3.757688 0
1726880592762 4.172238 0
1726880592898 4.235625 0
1726880593034 0.665232 0
1726880593170 1.1587 0
1726880594017 1.609647 0
1726880594158 11.307459 0
1726880594294 2.942084 0
1726880594433 1.234237 0
1726880594569 8.584963 0
1726880594706 6.438972 0
1726880594841 3.245298 0
1726880594978 3.589664 0
1726880595114 0.654015 0
1726880595250 3.96173 0
1726880596041 2.670052 0
1726880596179 2.477838 0
1726880596314 47.023712 0
1726880596454 0.838501 0
1726880596590 4.665421 0
1726880596727 8.50817 0
1726880596864 7.096973 0
1726880597000 4.019583 0
1726880597136 0.73365 0
1726880597273 1.103956 0
