1726917410027 58.395294 0
1726917410173 3.318855 0
1726917410320 2.157887 0
1726917410464 1.995644 0
1726917410609 15.60404 0
1726917410758 4.089232 0
1726917410905 7.938434 0
1726917411053 1.785836 0
1726917411204 7.063787 0
1726917411369 3.078669 0
1726917411536 1.640738 1
1726917411706 1.530318 1
1726917411853 314.289032 1
1726917412005 0.801303 1
1726917412163 2.607236 1
1726917412327 2.055752 1
1726917412478 1.971802 1
1726917412625 1.191637 1
1726917412792 1.123239 1
1726917412954 1.761858 1
1726917414585 6.481387 0
1726917414735 4.021657 0
1726917414898 3.093171 0
1726917415076 1.378984 0
1726917415231 11.733769 0
1726917415386 2.209716 0
1726917415553 5.23702 0
1726917415703 1.304498 0
1726917415866 3.173192 0
1726917416029 2.984332 0
1726917416179 3.413444 2
1726917416328 1.701395 2
1726917416484 2.206099 2
1726917416633 0.90064 2
1726917416781 2.059174 2
1726917416934 1.306119 2
1726917417082 3.083477 2
1726917417230 2.138632 2
1726917417377 1.448798 2
1726917417544 0.782561 2
1726917419119 5.05467 0
1726917419266 11.72673 0
1726917419411 7.718803 0
1726917419557 2.399347 0
1726917419703 5.570148 0
1726917419850 3.565534 0
1726917419999 3.452499 0
1726917420148 2.55905 0
1726917420305 7.055006 0
1726917420462 4.317651 0
1726917420613 1.416573 3
1726917420767 3.476276 3
1726917420924 1.766389 3
1726917421074 0.981995 3
1726917421232 4.432678 3
1726917421379 0.999482 3
1726917421525 3.455191 3
1726917421670 96.526024 3
1726917421816 3.846082 3
1726917421971 0.736417 3
1726917423493 5.968987 0
1726917423638 2.586374 0
1726917423785 14.066481 0
1726917423931 2.841381 0
1726917424077 12.369503 0
1726917424221 2.090019 0
1726917424365 3.025148 0
1726917424511 3.519817 0
1726917424656 3.669773 0
1726917424801 1.946956 0
1726917424951 1.014524 4
1726917425098 1.636618 4
1726917425247 1.513376 4
1726917425391 0.985881 4
1726917425537 2.76972 4
1726917425682 1.09573 4
1726917425828 3.352114 4
1726917425976 2.467498 4
1726917426122 4.414315 4
1726917426268 1.010482 4
