1727263541102 1.830282 0
1727263541272 0.718925 0
1727263541446 0.698759 0
1727263541606 0.491959 0
1727263541766 0.102601 0
1727263541925 0.235743 0
1727263542082 0.040018 0
1727263542240 0.094003 0
1727263542407 3.571735 0
1727263542573 1.602486 0
1727263542730 1.558795 1
1727263542892 1.442717 1
1727263543047 0.466544 1
1727263543205 0.168566 1
1727263543370 0.137437 1
1727263544383 1.874053 0
1727263544554 1.147453 0
1727263544720 1.037394 0
1727263544880 0.743022 0
1727263545039 0.095444 0
1727263545200 0.121162 0
1727263545361 0.166836 0
1727263545532 0.213706 0
1727263545700 7.255877 0
1727263545883 1.724281 0
1727263546048 2.326416 2
1727263546211 1.712415 2
1727263546387 0.692694 2
1727263546547 0.167637 2
1727263546711 0.183111 2
1727263547740 2.03072 0
1727263547911 0.467816 0
1727263548067 0.808979 0
1727263548222 0.731843 0
1727263548384 0.122291 0
1727263548547 0.12426 0
1727263548717 0.076948 0
1727263548887 0.20858 0
1727263549057 8.657001 0
1727263549223 3.015537 0
1727263549386 1.73772 3
1727263549557 1.341443 3
1727263549723 0.76274 3
1727263549886 0.111289 3
1727263550051 0.119839 3
1727263551029 1.881943 0
1727263551190 0.696902 0
1727263551345 0.910468 0
1727263551502 0.85466 0
1727263551670 0.071121 0
1727263551828 0.124931 0
1727263551982 0.199386 0
1727263552136 0.083814 0
1727263552298 8.534466 0
1727263552467 2.264493 0
1727263552622 1.594161 4
1727263552775 1.333224 4
1727263552951 0.647988 4
1727263553114 0.118709 4
1727263553269 0.178641 4
1727263554167 2.00457 0
1727263554323 0.719598 0
1727263554484 0.763272 0
1727263554640 0.457081 0
1727263554797 0.069953 0
1727263554977 0.093598 0
1727263555152 0.234283 0
1727263555337 0.082228 0
1727263555516 5.04502 0
1727263555690 2.25969 0
1727263555857 1.620086 5
1727263556016 0.662182 5
1727263556175 0.469417 5
1727263556333 0.107985 5
1727263556496 0.139412 5
1727263557483 1.456873 0
1727263557645 0.578998 0
1727263557816 0.652105 0
1727263557979 0.370224 0
1727263558142 0.064755 0
1727263558319 0.111559 0
1727263558484 0.19393 0
1727263558642 0.08186 0
1727263558811 1.660636 0
1727263558979 1.655042 0
1727263559151 1.571333 6
1727263559320 0.869496 6
1727263559479 0.77825 6
1727263559642 0.246765 6
1727263559814 0.123406 6
