1727121062180 0.17206 0
1727121062280 2.694952 0
1727121062382 0.165688 0
1727121062481 0.321862 0
1727121062579 0.404716 0
1727121062677 0.155719 0
1727121062775 0.175349 0
1727121062874 0.98252 0
1727121062973 0.184996 0
1727121063093 0.339445 0
1727121063197 0.16941 1
1727121063298 0.131191 1
1727121063399 0.165032 1
1727121063501 0.170697 1
1727121063603 0.038696 1
1727121063704 0.052496 1
1727121063811 0.006688 1
1727121063917 0.335826 1
1727121064021 0.20322 1
1727121064122 0.027959 1
1727121064223 0.096283 2
1727121064325 0.40036 2
1727121064423 0.085089 2
1727121064523 0.084911 2
1727121064621 1.714089 2
1727121064718 0.297796 2
1727121064816 0.459239 2
1727121064915 0.206061 2
1727121065013 0.212376 2
1727121065113 0.389304 2
1727121065211 0.102317 3
1727121065310 0.187404 3
1727121065408 0.024685 3
1727121065506 0.182365 3
1727121065606 0.246193 3
1727121065705 0.05096 3
1727121065806 0.508506 3
1727121065908 0.250551 3
1727121066007 0.623888 3
1727121066107 0.340997 3
1727121066207 0.19554 4
1727121066304 0.111586 4
1727121066401 0.042491 4
1727121066499 0.040816 4
1727121066596 0.02891 4
1727121066694 0.212904 4
1727121066791 0.037816 4
1727121066890 0.040319 4
1727121066988 0.021849 4
1727121067085 0.341803 4
1727121067185 0.055501 5
1727121067281 0.401373 5
1727121067378 0.256133 5
1727121067477 0.08849 5
1727121067579 0.114229 5
1727121067676 0.432661 5
1727121067773 0.140123 5
1727121067873 0.361824 5
1727121067974 0.712035 5
1727121068077 0.237399 5
1727121068177 0.411623 6
1727121068275 0.138419 6
1727121068373 0.240983 6
1727121068471 0.025834 6
1727121068566 0.142393 6
1727121068664 0.711377 6
1727121068764 0.023193 6
1727121068863 0.282949 6
1727121068964 0.434635 6
1727121069065 0.396303 6
1727121069164 0.218473 7
1727121069263 0.51022 7
1727121069364 0.165321 7
1727121069463 0.106326 7
1727121069562 0.122196 7
1727121069666 0.477714 7
1727121069768 0.372028 7
1727121069867 0.07319 7
1727121069971 0.267608 7
1727121070070 0.023469 7
1727121072476 1.665976 0
1727121072577 0.5057 0
1727121072676 0.552046 0
1727121072775 0.374554 0
1727121072873 0.0808 0
1727121072971 0.049607 0
1727121073069 0.054406 0
1727121073167 0.216985 0
1727121073265 0.004404 0
1727121073364 0.729294 0
1727121073461 0.106107 2
1727121073562 0.235383 2
1727121073667 0.151723 2
1727121073769 0.185842 2
1727121073865 0.026549 2
1727121073964 0.03303 2
1727121074066 0.011252 2
1727121074188 0.302632 2
1727121074294 0.15521 2
1727121074399 0.023029 2
1727121074500 0.104471 4
1727121074599 0.327807 4
1727121074698 0.059608 4
1727121074798 0.064616 4
1727121074897 2.003946 4
1727121074996 0.241459 4
1727121075093 0.668693 4
1727121075192 0.277426 4
1727121075290 0.243509 4
1727121075390 0.400537 4
1727121075490 0.127619 6
1727121075588 0.162089 6
1727121075687 0.017716 6
1727121075789 0.216734 6
1727121075887 0.291718 6
1727121075985 0.032279 6
1727121076089 0.47158 6
1727121076189 0.231261 6
1727121076288 0.620856 6
1727121076384 0.310546 6
1727121076482 0.207837 8
1727121076583 0.106829 8
1727121076684 0.049976 8
1727121076782 0.045914 8
1727121076887 0.02154 8
1727121076985 0.271714 8
1727121077085 0.043829 8
1727121077189 0.036119 8
1727121077289 0.016115 8
1727121077387 0.331174 8
1727121077485 0.052565 10
1727121077582 0.403687 10
1727121077686 0.266927 10
1727121077787 0.079429 10
1727121077886 0.082856 10
1727121077983 0.454996 10
1727121078083 0.143749 10
1727121078183 0.40874 10
1727121078284 0.847188 10
1727121078384 0.388678 10
1727121078482 0.354343 12
1727121078582 0.132869 12
1727121078681 0.208756 12
1727121078778 0.021517 12
1727121078876 0.176763 12
1727121078973 0.586181 12
1727121079073 0.018955 12
1727121079170 0.256084 12
1727121079267 0.375232 12
1727121079366 0.383399 12
1727121079464 0.230965 14
1727121079564 0.455778 14
1727121079661 0.163709 14
1727121079761 0.108459 14
1727121079864 0.177738 14
1727121079963 0.486057 14
1727121080064 0.347335 14
1727121080169 0.110602 14
1727121080268 0.26509 14
1727121080370 0.020035 14
1727121082760 1.251073 0
1727121082862 0.610687 0
1727121082961 0.530057 0
1727121083061 0.409542 0
1727121083159 0.122159 0
1727121083258 0.059047 0
1727121083356 0.0925 0
1727121083455 0.157196 0
1727121083557 0.004012 0
1727121083655 0.793982 0
1727121083752 0.131488 3
1727121083853 0.276157 3
1727121083952 0.18471 3
1727121084050 0.209589 3
1727121084154 0.034941 3
1727121084255 0.020319 3
1727121084355 0.00407 3
1727121084453 0.288343 3
1727121084555 0.155731 3
1727121084656 0.024838 3
1727121084756 0.111015 6
1727121084855 0.314668 6
1727121084953 0.051503 6
1727121085053 0.079184 6
1727121085152 1.742635 6
1727121085248 0.212406 6
1727121085347 0.67738 6
1727121085445 0.231468 6
1727121085544 0.227823 6
1727121085643 0.33933 6
1727121085742 0.112358 9
1727121085842 0.171785 9
1727121085941 0.019616 9
1727121086044 0.210376 9
1727121086142 0.266553 9
1727121086240 0.025247 9
1727121086342 0.489093 9
1727121086443 0.212037 9
1727121086544 0.679588 9
1727121086645 0.285715 9
1727121086743 0.206637 12
1727121086841 0.108788 12
1727121086939 0.040126 12
1727121087037 0.035827 12
1727121087135 0.023454 12
1727121087232 0.261115 12
1727121087330 0.059251 12
1727121087428 0.038746 12
1727121087527 0.016132 12
1727121087624 0.315493 12
1727121087722 0.051581 15
1727121087819 0.385558 15
1727121087917 0.229617 15
1727121088019 0.095078 15
1727121088117 0.095954 15
1727121088216 0.406253 15
1727121088317 0.138353 15
1727121088416 0.332401 15
1727121088514 0.809235 15
1727121088612 0.410803 15
1727121088709 0.301428 18
1727121088809 0.097131 18
1727121088908 0.20401 18
1727121089007 0.018319 18
1727121089107 0.146794 18
1727121089207 0.61848 18
1727121089306 0.018325 18
1727121089404 0.228051 18
1727121089502 0.341462 18
1727121089601 0.386511 18
1727121089702 0.227269 21
1727121089802 0.41706 21
1727121089905 0.153168 21
1727121090004 0.102827 21
1727121090102 0.204794 21
1727121090200 0.519433 21
1727121090299 0.381753 21
1727121090402 0.106847 21
1727121090502 0.200533 21
1727121090601 0.018764 21
1727121092983 1.273273 0
1727121093084 0.591438 0
1727121093182 0.435498 0
1727121093280 0.388002 0
1727121093379 0.084167 0
1727121093478 0.043781 0
1727121093576 0.071677 0
1727121093674 0.169793 0
1727121093775 0.005938 0
1727121093872 0.782243 0
1727121093974 0.120961 4
1727121094074 0.269329 4
1727121094175 0.183886 4
1727121094395 0.213818 4
1727121094499 0.025884 4
1727121094599 0.024662 4
1727121094699 0.005019 4
1727121094798 0.247106 4
1727121094897 0.160384 4
1727121094996 0.023696 4
1727121095096 0.113516 8
1727121095194 0.305628 8
1727121095293 0.050492 8
1727121095391 0.064842 8
1727121095490 1.588304 8
1727121095589 0.220758 8
1727121095687 0.647858 8
1727121095786 0.240245 8
1727121095885 0.204171 8
1727121095981 0.335706 8
1727121096080 0.112813 12
1727121096184 0.166092 12
1727121096283 0.021359 12
1727121096381 0.226937 12
1727121096483 0.256771 12
1727121096584 0.03054 12
1727121096682 0.491933 12
1727121096786 0.202293 12
1727121096885 0.755928 12
1727121096985 0.228753 12
1727121097084 0.227373 16
1727121097184 0.098119 16
1727121097281 0.039279 16
1727121097380 0.028329 16
1727121097478 0.018873 16
1727121097577 0.265494 16
1727121097675 0.057647 16
1727121097772 0.039067 16
1727121097869 0.017776 16
1727121097968 0.300116 16
1727121098066 0.047377 20
1727121098164 0.36807 20
1727121098264 0.218704 20
1727121098363 0.098641 20
1727121098461 0.102997 20
1727121098565 0.386633 20
1727121098665 0.131635 20
1727121098762 0.25224 20
1727121098860 0.662844 20
1727121098959 0.386913 20
1727121099057 0.355239 24
1727121099156 0.095693 24
1727121099260 0.187378 24
1727121099359 0.016231 24
1727121099459 0.149164 24
1727121099557 0.627192 24
1727121099659 0.014052 24
1727121099766 0.22811 24
1727121099864 0.320785 24
1727121099964 0.355399 24
1727121100063 0.225907 28
1727121100161 0.385043 28
1727121100263 0.150453 28
1727121100365 0.075831 28
1727121100464 0.204859 28
1727121100565 0.531256 28
1727121100668 0.398535 28
1727121100766 0.096274 28
1727121100864 0.184758 28
1727121100962 0.017528 28
1727121103352 1.164567 0
1727121103459 0.455088 0
1727121103557 0.512845 0
1727121103656 0.441314 0
1727121103759 0.157277 0
1727121103858 0.071016 0
1727121103956 0.168221 0
1727121104053 0.105037 0
1727121104151 0.005968 0
1727121104248 0.820156 0
1727121104354 0.145315 5
1727121104458 0.326042 5
1727121104556 0.264286 5
1727121104662 0.286717 5
1727121104762 0.036611 5
1727121104862 0.01354 5
1727121104962 0.002901 5
1727121105061 0.206796 5
1727121105160 0.181854 5
1727121105258 0.027897 5
1727121105357 0.127007 10
1727121105454 0.262995 10
1727121105552 0.048428 10
1727121105654 0.058199 10
1727121105753 1.462328 10
1727121105851 0.228545 10
1727121105949 0.768415 10
1727121106047 0.319347 10
1727121106145 0.268947 10
1727121106243 0.432683 10
1727121106341 0.096228 15
1727121106440 0.189468 15
1727121106538 0.027685 15
1727121106635 0.270811 15
1727121106738 0.306427 15
1727121106839 0.030756 15
1727121106941 0.574595 15
1727121107048 0.208571 15
1727121107148 1.126319 15
1727121107246 0.121934 15
1727121107343 0.33788 20
1727121107442 0.076475 20
1727121107541 0.041003 20
1727121107640 0.035927 20
1727121107739 0.018518 20
1727121107839 0.284064 20
1727121107940 0.058451 20
1727121108037 0.037323 20
1727121108135 0.018868 20
1727121108231 0.307098 20
1727121108330 0.049886 25
1727121108434 0.412956 25
1727121108532 0.178203 25
1727121108634 0.159077 25
1727121108736 0.147478 25
1727121108835 0.372059 25
1727121108934 0.132714 25
1727121109031 0.185743 25
1727121109129 0.625616 25
1727121109226 0.443961 25
1727121109324 0.295849 30
1727121109423 0.074972 30
1727121109523 0.195879 30
1727121109621 0.016348 30
1727121109722 0.13918 30
1727121109819 0.614405 30
1727121109916 0.017732 30
1727121110017 0.24256 30
1727121110118 0.244409 30
1727121110216 0.403212 30
1727121110317 0.226615 35
1727121110419 0.286004 35
1727121110521 0.150853 35
1727121110618 0.079435 35
1727121110716 0.279014 35
1727121110818 0.583987 35
1727121110917 0.544941 35
1727121111015 0.12843 35
1727121111115 0.103764 35
1727121111214 0.017768 35
1727121113617 0.854209 0
1727121113716 0.579202 0
1727121113815 0.385671 0
1727121113915 0.440299 0
1727121114013 0.144107 0
1727121114112 0.067856 0
1727121114211 0.15167 0
1727121114311 0.111745 0
1727121114410 0.004809 0
1727121114510 0.804522 0
1727121114612 0.140522 6
1727121114732 0.290409 6
1727121114844 0.22513 6
1727121114948 0.23268 6
1727121115048 0.029702 6
1727121115146 0.016489 6
1727121115247 0.006396 6
1727121115349 0.197078 6
1727121115449 0.170169 6
1727121115547 0.028548 6
1727121115647 0.116285 12
1727121115744 0.27957 12
1727121115844 0.05417 12
1727121115943 0.067735 12
1727121116043 1.218599 12
1727121116141 0.211148 12
1727121116241 0.703019 12
1727121116340 0.268262 12
1727121116442 0.258221 12
1727121116540 0.331385 12
1727121116645 0.103346 18
1727121116744 0.165766 18
1727121116844 0.023867 18
1727121116944 0.2873 18
1727121117045 0.305415 18
1727121117144 0.026941 18
1727121117243 0.555616 18
1727121117340 0.189089 18
1727121117438 1.028882 18
1727121117536 0.177919 18
1727121117635 0.288948 24
1727121117734 0.084347 24
1727121117832 0.035223 24
1727121117931 0.030533 24
1727121118029 0.01474 24
1727121118127 0.289549 24
1727121118227 0.054624 24
1727121118326 0.033243 24
1727121118424 0.019416 24
1727121118523 0.303585 24
1727121118628 0.042545 30
1727121118727 0.411766 30
1727121118826 0.176052 30
1727121118928 0.173377 30
1727121119029 0.136372 30
1727121119128 0.347558 30
1727121119227 0.138763 30
1727121119326 0.159567 30
1727121119424 0.56369 30
1727121119523 0.416348 30
1727121119622 0.33701 36
1727121119721 0.066731 36
1727121119821 0.204153 36
1727121119923 0.013268 36
1727121120023 0.176519 36
1727121120121 0.571711 36
1727121120221 0.017473 36
1727121120321 0.223924 36
1727121120420 0.252693 36
1727121120520 0.36832 36
1727121120619 0.237632 42
1727121120721 0.280668 42
1727121120820 0.155755 42
1727121120919 0.085798 42
1727121121020 0.238873 42
1727121121125 0.596903 42
1727121121223 0.523003 42
1727121121323 0.109294 42
1727121121422 0.096414 42
1727121121523 0.020099 42
1727121123916 0.688711 0
1727121124017 0.719385 0
1727121124115 0.296036 0
1727121124214 0.367053 0
1727121124312 0.096522 0
1727121124410 0.046193 0
1727121124510 0.094036 0
1727121124610 0.154278 0
1727121124711 0.00705 0
1727121124813 0.744381 0
1727121124912 0.113146 7
1727121125013 0.263133 7
1727121125115 0.192458 7
1727121125213 0.200622 7
1727121125311 0.0288 7
1727121125410 0.020085 7
1727121125510 0.008865 7
1727121125609 0.194964 7
1727121125708 0.172963 7
1727121125807 0.028017 7
1727121125909 0.123242 14
1727121126014 0.282448 14
1727121126115 0.056575 14
1727121126216 0.080386 14
1727121126316 1.000336 14
1727121126415 0.223444 14
1727121126514 0.613995 14
1727121126613 0.22442 14
1727121126716 0.224107 14
1727121126822 0.334672 14
1727121126920 0.112492 21
1727121127019 0.154772 21
1727121127126 0.021863 21
1727121127225 0.305288 21
1727121127324 0.299349 21
1727121127425 0.02924 21
1727121127525 0.512653 21
1727121127625 0.19887 21
1727121127723 0.953321 21
1727121127832 0.233633 21
1727121127931 0.247703 28
1727121128031 0.092514 28
1727121128129 0.034097 28
1727121128228 0.026615 28
1727121128327 0.015642 28
1727121128427 0.306142 28
1727121128525 0.053723 28
1727121128625 0.031659 28
1727121128724 0.014509 28
1727121128829 0.300641 28
1727121128931 0.044924 35
1727121129032 0.41437 35
1727121129136 0.179338 35
1727121129236 0.17909 35
1727121129335 0.139809 35
1727121129434 0.360266 35
1727121129533 0.135267 35
1727121129633 0.121956 35
1727121129740 0.460673 35
1727121129841 0.369393 35
1727121129941 0.430616 42
1727121130041 0.072277 42
1727121130140 0.206707 42
1727121130239 0.012825 42
1727121130341 0.211067 42
1727121130439 0.554768 42
1727121130538 0.016471 42
1727121130635 0.216759 42
1727121130733 0.303644 42
1727121130831 0.337609 42
1727121130934 0.23546 49
1727121131032 0.285716 49
1727121131131 0.166796 49
1727121131233 0.071282 49
1727121131330 0.222988 49
1727121131430 0.581234 49
1727121131528 0.459395 49
1727121131628 0.09136 49
1727121131727 0.1208 49
1727121131825 0.011762 49
1727121134217 0.578045 0
1727121134320 0.869515 0
1727121134419 0.207558 0
1727121134517 0.303612 0
1727121134618 0.068651 0
1727121134715 0.032994 0
1727121134817 0.072368 0
1727121134916 0.188142 0
1727121135018 0.006482 0
1727121135116 0.717952 0
1727121135216 0.092601 8
1727121135320 0.225484 8
1727121135420 0.178123 8
1727121135518 0.18724 8
1727121135618 0.028961 8
1727121135717 0.018827 8
1727121135817 0.00841 8
1727121135915 0.201634 8
1727121136014 0.175193 8
1727121136114 0.028218 8
1727121136212 0.123949 16
1727121136312 0.274791 16
1727121136412 0.059043 16
1727121136511 0.072114 16
1727121136615 0.781803 16
1727121136714 0.304604 16
1727121136814 0.572669 16
1727121136913 0.216123 16
1727121137015 0.199854 16
1727121137125 0.324646 16
1727121137225 0.121257 24
1727121137329 0.16866 24
1727121137428 0.020719 24
1727121137527 0.340196 24
1727121137628 0.291913 24
1727121137729 0.024641 24
1727121137827 0.523667 24
1727121137928 0.196206 24
1727121138027 0.808951 24
1727121138125 0.324659 24
1727121138226 0.193855 32
1727121138326 0.096757 32
1727121138424 0.032822 32
1727121138523 0.028494 32
1727121138621 0.018607 32
1727121138719 0.26832 32
1727121138817 0.048148 32
1727121138916 0.027553 32
1727121139018 0.015618 32
1727121139118 0.30345 32
1727121139218 0.042045 40
1727121139318 0.407153 40
1727121139420 0.174552 40
1727121139519 0.173846 40
1727121139618 0.146421 40
1727121139716 0.361107 40
1727121139820 0.131353 40
1727121139919 0.094661 40
1727121140019 0.406143 40
1727121140119 0.338238 40
1727121140218 0.501754 48
1727121140317 0.0674 48
1727121140418 0.203965 48
1727121140518 0.016078 48
1727121140615 0.232385 48
1727121140715 0.548983 48
1727121140814 0.021871 48
1727121140917 0.202935 48
1727121141019 0.335514 48
1727121141122 0.3252 48
1727121141222 0.243095 56
1727121141320 0.300951 56
1727121141423 0.158153 56
1727121141525 0.054666 56
1727121141625 0.164393 56
1727121141724 0.565038 56
1727121141824 0.423497 56
1727121141924 0.07879 56
1727121142024 0.137501 56
1727121142124 0.013507 56
