1726799635467 0.0 0
1726799635569 10.0 0
1726799635670 20.0 0
1726799635768 30.0 0
1726799635866 40.0 0
1726799635968 50.0 0
1726799636067 60.0 0
1726799636168 70.0 0
1726799636270 80.0 0
1726799636368 90.0 0
1726799636475 100.0 1
1726799636577 110.0 1
1726799636679 120.0 1
1726799636779 130.0 1
1726799636879 140.0 1
1726799636979 150.0 1
1726799637077 160.0 1
1726799637175 170.0 1
1726799637274 180.0 1
1726799637372 190.0 1
1726799637480 200.0 2
1726799637579 210.0 2
1726799637678 220.0 2
1726799637779 230.0 2
1726799637879 240.0 2
1726799637981 250.0 2
1726799638079 260.0 2
1726799638178 270.0 2
1726799638299 280.0 2
1726799638398 290.0 2
1726799638497 300.0 3
1726799638596 310.0 3
1726799638693 320.0 3
1726799638792 330.0 3
1726799638904 340.0 3
1726799639009 350.0 3
1726799639109 360.0 3
1726799639207 370.0 3
1726799639306 380.0 3
1726799639403 390.0 3
1726799639510 400.0 4
1726799639609 410.0 4
1726799639707 420.0 4
1726799641876 0.0 0
1726799641976 10.0 0
1726799642074 20.0 0
1726799642171 30.0 0
1726799642269 40.0 0
1726799642368 50.0 0
1726799642466 60.0 0
1726799642563 70.0 0
1726799642659 80.0 0
1726799642755 90.0 0
1726799642859 100.0 2
1726799642958 110.0 2
1726799643057 120.0 2
1726799643155 130.0 2
1726799643253 140.0 2
1726799643355 150.0 2
1726799643454 160.0 2
1726799643553 170.0 2
1726799643660 180.0 2
1726799643759 190.0 2
1726799643858 200.0 4
1726799643959 210.0 4
1726799644061 220.0 4
1726799644163 230.0 4
1726799644267 240.0 4
1726799644365 250.0 4
1726799644462 260.0 4
1726799644564 270.0 4
1726799644663 280.0 4
1726799644760 290.0 4
1726799644859 300.0 6
1726799644956 310.0 6
1726799645054 320.0 6
1726799645157 330.0 6
1726799645257 340.0 6
1726799645357 350.0 6
1726799645455 360.0 6
1726799645557 370.0 6
1726799645665 380.0 6
1726799645767 390.0 6
1726799645864 400.0 8
1726799645966 410.0 8
1726799646063 420.0 8
1726799648324 0.0 0
1726799648425 10.0 0
1726799648524 20.0 0
1726799648622 30.0 0
1726799648721 40.0 0
1726799648820 50.0 0
1726799648919 60.0 0
1726799649018 70.0 0
1726799649117 80.0 0
1726799649221 90.0 0
1726799649320 100.0 3
1726799649420 110.0 3
1726799649522 120.0 3
1726799649620 130.0 3
1726799649728 140.0 3
1726799649831 150.0 3
1726799649931 160.0 3
1726799650029 170.0 3
1726799650127 180.0 3
1726799650225 190.0 3
1726799650323 200.0 6
1726799650423 210.0 6
1726799650523 220.0 6
1726799650622 230.0 6
1726799650721 240.0 6
1726799650823 250.0 6
1726799650922 260.0 6
1726799651021 270.0 6
1726799651118 280.0 6
1726799651217 290.0 6
1726799651316 300.0 9
1726799651414 310.0 9
1726799651517 320.0 9
1726799651616 330.0 9
1726799651713 340.0 9
1726799651818 350.0 9
1726799651921 360.0 9
1726799652020 370.0 9
1726799652118 380.0 9
1726799652221 390.0 9
1726799652323 400.0 12
1726799652425 410.0 12
1726799652524 420.0 12
1726799654692 0.0 0
1726799654792 10.0 0
1726799654890 20.0 0
1726799654988 30.0 0
1726799655086 40.0 0
1726799655183 50.0 0
1726799655281 60.0 0
1726799655378 70.0 0
1726799655476 80.0 0
1726799655574 90.0 0
1726799655674 100.0 4
1726799655776 110.0 4
1726799655882 120.0 4
1726799655981 130.0 4
1726799656078 140.0 4
1726799656176 150.0 4
1726799656274 160.0 4
1726799656371 170.0 4
1726799656475 180.0 4
1726799656575 190.0 4
1726799656679 200.0 8
1726799656781 210.0 8
1726799656882 220.0 8
1726799656981 230.0 8
1726799657080 240.0 8
1726799657180 250.0 8
1726799657280 260.0 8
1726799657379 270.0 8
1726799657477 280.0 8
1726799657575 290.0 8
1726799657673 300.0 12
1726799657772 310.0 12
1726799657873 320.0 12
1726799657979 330.0 12
1726799658082 340.0 12
1726799658183 350.0 12
1726799658283 360.0 12
1726799658381 370.0 12
1726799658481 380.0 12
1726799658579 390.0 12
1726799658678 400.0 16
1726799658778 410.0 16
1726799658878 420.0 16
1726799661059 0.0 0
1726799661162 10.0 0
1726799661259 20.0 0
1726799661358 30.0 0
1726799661457 40.0 0
1726799661556 50.0 0
1726799661655 60.0 0
1726799661755 70.0 0
1726799661854 80.0 0
1726799661952 90.0 0
1726799662060 100.0 5
1726799662162 110.0 5
1726799662263 120.0 5
1726799662365 130.0 5
1726799662465 140.0 5
1726799662564 150.0 5
1726799662662 160.0 5
1726799662763 170.0 5
1726799662863 180.0 5
1726799662962 190.0 5
1726799663061 200.0 10
1726799663160 210.0 10
1726799663258 220.0 10
1726799663356 230.0 10
1726799663453 240.0 10
1726799663557 250.0 10
1726799663658 260.0 10
1726799663757 270.0 10
1726799663855 280.0 10
1726799663953 290.0 10
1726799664060 300.0 15
1726799664163 310.0 15
1726799664263 320.0 15
1726799664362 330.0 15
1726799664460 340.0 15
1726799664560 350.0 15
1726799664671 360.0 15
1726799664770 370.0 15
1726799664868 380.0 15
1726799664965 390.0 15
1726799665063 400.0 20
1726799665165 410.0 20
1726799665265 420.0 20
1726799667535 0.0 0
1726799667635 10.0 0
1726799667733 20.0 0
1726799667829 30.0 0
1726799667928 40.0 0
1726799668027 50.0 0
1726799668132 60.0 0
1726799668234 70.0 0
1726799668332 80.0 0
1726799668432 90.0 0
1726799668532 100.0 6
1726799668635 110.0 6
1726799668849 120.0 6
1726799668987 130.0 6
1726799669086 140.0 6
1726799669184 150.0 6
1726799669284 160.0 6
1726799669387 170.0 6
1726799669512 180.0 6
1726799669614 190.0 6
1726799669712 200.0 12
1726799669811 210.0 12
1726799669908 220.0 12
1726799670006 230.0 12
1726799670106 240.0 12
1726799670214 250.0 12
1726799670311 260.0 12
1726799670409 270.0 12
1726799670511 280.0 12
1726799670614 290.0 12
1726799670713 300.0 18
1726799670812 310.0 18
1726799670914 320.0 18
1726799671013 330.0 18
1726799671112 340.0 18
1726799671210 350.0 18
1726799671309 360.0 18
1726799671406 370.0 18
1726799671503 380.0 18
1726799671603 390.0 18
1726799671701 400.0 24
1726799671799 410.0 24
1726799671897 420.0 24
1726799674109 0.0 0
1726799674216 10.0 0
1726799674325 20.0 0
1726799674424 30.0 0
1726799674522 40.0 0
1726799674621 50.0 0
1726799674720 60.0 0
1726799674820 70.0 0
1726799674920 80.0 0
1726799675020 90.0 0
1726799675119 100.0 7
1726799675220 110.0 7
1726799675320 120.0 7
1726799675423 130.0 7
1726799675524 140.0 7
1726799675624 150.0 7
1726799675722 160.0 7
1726799675820 170.0 7
1726799675920 180.0 7
1726799676020 190.0 7
1726799676120 200.0 14
1726799676219 210.0 14
1726799676327 220.0 14
1726799676426 230.0 14
1726799676526 240.0 14
1726799676626 250.0 14
1726799676725 260.0 14
1726799676823 270.0 14
1726799676926 280.0 14
1726799677026 290.0 14
1726799677124 300.0 21
1726799677224 310.0 21
1726799677323 320.0 21
1726799677425 330.0 21
1726799677528 340.0 21
1726799677628 350.0 21
1726799677728 360.0 21
1726799677825 370.0 21
1726799677923 380.0 21
1726799678022 390.0 21
1726799678120 400.0 28
1726799678218 410.0 28
1726799678315 420.0 28
1726799680484 0.0 0
1726799680587 10.0 0
1726799680686 20.0 0
1726799680783 30.0 0
1726799680881 40.0 0
1726799680979 50.0 0
1726799681078 60.0 0
1726799681175 70.0 0
1726799681275 80.0 0
1726799681373 90.0 0
1726799681474 100.0 8
1726799681578 110.0 8
1726799681677 120.0 8
1726799681774 130.0 8
1726799681870 140.0 8
1726799681967 150.0 8
1726799682067 160.0 8
1726799682166 170.0 8
1726799682264 180.0 8
1726799682362 190.0 8
1726799682468 200.0 16
1726799682566 210.0 16
1726799682664 220.0 16
1726799682761 230.0 16
1726799682858 240.0 16
1726799682956 250.0 16
1726799683053 260.0 16
1726799683153 270.0 16
1726799683258 280.0 16
1726799683357 290.0 16
1726799683455 300.0 24
1726799683552 310.0 24
1726799683650 320.0 24
1726799683747 330.0 24
1726799683844 340.0 24
1726799683942 350.0 24
1726799684039 360.0 24
1726799684139 370.0 24
1726799684239 380.0 24
1726799684341 390.0 24
1726799684442 400.0 32
1726799684548 410.0 32
1726799684649 420.0 32
1726799686790 0.0 0
1726799686894 10.0 0
1726799686991 20.0 0
1726799687089 30.0 0
1726799687186 40.0 0
1726799687290 50.0 0
1726799687388 60.0 0
1726799687488 70.0 0
1726799687587 80.0 0
1726799687685 90.0 0
1726799687782 100.0 9
1726799687884 110.0 9
1726799687982 120.0 9
1726799688079 130.0 9
1726799688179 140.0 9
1726799688280 150.0 9
1726799688377 160.0 9
1726799688476 170.0 9
1726799688580 180.0 9
1726799688679 190.0 9
1726799688781 200.0 18
1726799688880 210.0 18
1726799688978 220.0 18
1726799689080 230.0 18
1726799689180 240.0 18
1726799689280 250.0 18
1726799689379 260.0 18
1726799689478 270.0 18
1726799689580 280.0 18
1726799689679 290.0 18
1726799689778 300.0 27
1726799689876 310.0 27
1726799689974 320.0 27
1726799690071 330.0 27
1726799690171 340.0 27
1726799690273 350.0 27
1726799690370 360.0 27
1726799690472 370.0 27
1726799690571 380.0 27
1726799690679 390.0 27
1726799690778 400.0 36
1726799690880 410.0 36
1726799690980 420.0 36
1726799693083 0.0 0
1726799693185 10.0 0
1726799693282 20.0 0
1726799693384 30.0 0
1726799693482 40.0 0
1726799693581 50.0 0
1726799693682 60.0 0
1726799693780 70.0 0
1726799693879 80.0 0
1726799693989 90.0 0
1726799694089 100.0 10
1726799694192 110.0 10
1726799694291 120.0 10
1726799694388 130.0 10
1726799694485 140.0 10
1726799694582 150.0 10
1726799694681 160.0 10
1726799694786 170.0 10
1726799694885 180.0 10
1726799694983 190.0 10
1726799695084 200.0 20
1726799695185 210.0 20
1726799695284 220.0 20
1726799695381 230.0 20
1726799695478 240.0 20
1726799695579 250.0 20
1726799695678 260.0 20
1726799695776 270.0 20
1726799695872 280.0 20
1726799695970 290.0 20
1726799696067 300.0 30
1726799696163 310.0 30
1726799696262 320.0 30
1726799696361 330.0 30
1726799696459 340.0 30
1726799696559 350.0 30
1726799696657 360.0 30
1726799696762 370.0 30
1726799696861 380.0 30
1726799696958 390.0 30
1726799697065 400.0 40
1726799697167 410.0 40
1726799697268 420.0 40
