1727116796325 3.855536 0
1727116796429 11.918999 0
1727116796528 2.958002 0
1727116796629 1.583337 0
1727116796728 2.535123 0
1727116796832 6.675221 0
1727116796936 5.752172 0
1727116797368 2.508414 0
1727116797473 2.931959 0
1727116797572 1.816536 0
1727116797672 1.392247 0
1727116797771 1.501488 0
1727116797874 3.473619 0
1727116797976 4.214412 0
1727116798423 2.394086 0
1727116798527 2.428479 0
1727116798626 106.517456 0
1727116798726 2.607188 0
1727116798824 1.955598 0
1727116798924 3.700956 0
1727116799023 2.386451 0
1727116799446 2.97612 0
1727116799545 7.80956 0
1727116799644 4.475436 0
1727116799743 1.358506 0
1727116799841 1.683753 0
1727116799939 2.017894 0
1727116800047 1.851551 0
1727116800484 3.875035 0
1727116800585 3.983815 0
1727116800686 4.167853 0
1727116800791 1.578537 0
1727116800891 1.978042 0
1727116800989 1.859617 0
1727116801088 2.130543 0
1727116801523 1.703456 0
1727116801624 24.513651 0
1727116801728 3.379982 0
1727116801829 1.380807 0
1727116801928 4.136158 0
1727116802035 1.56339 0
1727116802139 1.090384 0
1727116802578 3.027867 0
1727116802679 5.844121 0
1727116802779 2.277445 0
1727116802879 1.901718 0
1727116802978 1.99938 0
1727116803082 1.7138 0
1727116803185 1.195415 0
