1726909560356 125.410744 0
1726909560498 4.802613 0
1726909560642 3.894678 0
1726909560785 3.442492 0
1726909560928 6.535391 0
1726909561075 5.889236 0
1726909561217 3.122991 0
1726909561361 20.551212 0
1726909561503 11.515988 0
1726909561646 10.51963 0
1726909562579 1.530345 0
1726909562728 47.798294 0
1726909562869 6.528444 0
1726909563011 1.655267 0
1726909563153 1.357392 0
1726909563294 2.02289 0
1726909563435 2.617428 0
1726909563577 0.864539 0
1726909563719 1.374271 0
1726909563861 1.659388 0
1726909564712 1.080296 0
1726909564857 9.23327 0
1726909565000 3.454638 0
1726909565142 1.284111 0
1726909565284 0.850364 0
1726909565426 2.152838 0
1726909565567 1.287075 0
1726909565709 2.361012 0
1726909565851 131.64032 0
1726909565992 1.628297 0
1726909566854 420.984283 0
1726909566998 4.979928 0
1726909567140 2.414657 0
1726909567282 1.215237 0
1726909567423 1.323444 0
1726909567565 1.412804 0
1726909567706 1.149525 0
1726909567848 24.723352 0
1726909567989 1.877811 0
1726909568132 3.229287 0
1726909568996 1.533638 0
1726909569138 4.662218 0
1726909569281 2.335747 0
1726909569422 1.406186 0
1726909569564 1.038291 0
1726909569707 2.86815 0
1726909569848 1.2076 0
1726909569989 0.428255 0
1726909570131 1.367541 0
1726909570273 1.303212 0
1726909571136 1.63662 0
1726909571281 3.561904 0
1726909571424 6.948637 0
1726909571565 1.084426 0
1726909571706 0.798648 0
1726909571848 3.84787 0
1726909571990 1.76992 0
1726909572132 0.605571 0
1726909572274 3.794354 0
1726909572417 2.651009 0
1726909573272 1.059031 0
1726909573415 2.521184 0
1726909573557 4.003965 0
1726909573698 1.065807 0
1726909573839 0.768829 0
1726909573980 3.085921 0
1726909574123 2.17725 0
1726909574266 0.246774 0
1726909574408 1.684203 0
1726909574599 1.710519 0
1726909575456 1.142411 0
1726909575599 1.899264 0
1726909575742 2.37632 0
1726909575887 1.048518 0
1726909576030 0.73713 0
1726909576172 62.256283 0
1726909576314 1.305165 0
1726909576456 0.261048 0
1726909576598 23.654408 0
1726909576741 5.611419 0
1726909577590 1.163379 0
1726909577736 1.77833 0
1726909577878 7.613674 0
1726909578020 1.218159 0
1726909578162 0.86296 0
1726909578304 2.175893 0
1726909578445 1.305059 0
1726909578587 0.18679 0
1726909578729 4.372654 0
1726909578870 2.416593 0
1726909579722 1.021307 0
1726909579865 6.592676 0
1726909580014 3.48002 0
1726909580157 1.844416 0
1726909580300 1.429027 0
1726909580443 3.838369 0
1726909580588 1.305604 0
1726909580730 0.184921 0
1726909580874 2.440656 0
1726909581016 4.781301 0
