1726880655366 0.0 0
1726880655504 10.0 0
1726880655638 20.0 0
1726880655777 30.0 0
1726880655913 40.0 0
1726880656049 50.0 0
1726880656184 60.0 0
1726880656320 70.0 0
1726880656456 80.0 0
1726880656593 90.0 0
1726880657424 0.0 0
1726880657561 10.0 0
1726880657697 20.0 0
1726880657844 30.0 0
1726880657980 40.0 0
1726880658119 50.0 0
1726880658255 60.0 0
1726880658392 70.0 0
1726880658528 80.0 0
1726880658664 90.0 0
1726880659455 0.0 0
1726880659593 10.0 0
1726880659729 20.0 0
1726880659869 30.0 0
1726880660005 40.0 0
1726880660143 50.0 0
1726880660279 60.0 0
1726880660415 70.0 0
1726880660551 80.0 0
1726880660688 90.0 0
1726880661482 0.0 0
1726880661619 10.0 0
1726880661755 20.0 0
1726880661893 30.0 0
1726880662030 40.0 0
1726880662166 50.0 0
1726880662302 60.0 0
1726880662437 70.0 0
1726880662573 80.0 0
1726880662708 90.0 0
1726880663498 0.0 0
1726880663635 10.0 0
1726880663773 20.0 0
1726880663911 30.0 0
1726880664046 40.0 0
1726880664182 50.0 0
1726880664317 60.0 0
1726880664454 70.0 0
1726880664590 80.0 0
1726880664726 90.0 0
1726880665532 0.0 0
1726880665669 10.0 0
1726880665807 20.0 0
1726880665943 30.0 0
1726880666081 40.0 0
1726880666217 50.0 0
1726880666354 60.0 0
1726880666501 70.0 0
1726880666637 80.0 0
1726880666772 90.0 0
1726880667563 0.0 0
1726880667702 10.0 0
1726880667843 20.0 0
1726880667980 30.0 0
1726880668119 40.0 0
1726880668255 50.0 0
1726880668391 60.0 0
1726880668527 70.0 0
1726880668663 80.0 0
1726880668799 90.0 0
1726880669609 0.0 0
1726880669747 10.0 0
1726880669885 20.0 0
1726880670023 30.0 0
1726880670159 40.0 0
1726880670295 50.0 0
1726880670433 60.0 0
1726880670568 70.0 0
1726880670703 80.0 0
1726880670839 90.0 0
1726880671632 0.0 0
1726880671769 10.0 0
1726880671906 20.0 0
1726880672044 30.0 0
1726880672184 40.0 0
1726880672319 50.0 0
1726880672462 60.0 0
1726880672597 70.0 0
1726880672733 80.0 0
1726880672868 90.0 0
1726880673665 0.0 0
1726880673803 10.0 0
1726880673940 20.0 0
1726880674076 30.0 0
1726880674216 40.0 0
1726880674353 50.0 0
1726880674488 60.0 0
1726880674627 70.0 0
1726880674765 80.0 0
1726880674901 90.0 0
