1727269245544 0.0 0
1727269245684 10.0 0
1727269245833 20.0 0
1727269245970 30.0 0
1727269246097 40.0 0
1727269246233 50.0 0
1727269246377 60.0 0
1727269246517 70.0 0
1727269246650 80.0 0
1727269246795 90.0 0
1727269246954 100.0 1
1727269247095 110.0 1
1727269247226 120.0 1
1727269247376 130.0 1
1727269247519 140.0 1
1727269247658 150.0 1
1727269247800 160.0 1
1727269247942 170.0 1
1727269248078 180.0 1
1727269248218 190.0 1
1727269248353 200.0 2
1727269248493 210.0 2
1727269248637 220.0 2
1727269248767 230.0 2
1727269248898 240.0 2
1727269249032 250.0 2
1727269249158 260.0 2
1727269249294 270.0 2
1727269249423 280.0 2
1727269249561 290.0 2
1727269249686 300.0 3
1727269249805 310.0 3
1727269249926 320.0 3
1727269250042 330.0 3
1727269250167 340.0 3
1727269250281 350.0 3
1727269250401 360.0 3
1727269250524 370.0 3
1727269250642 380.0 3
1727269250766 390.0 3
1727269250886 400.0 4
1727269251001 410.0 4
1727269253072 0.0 0
1727269253208 10.0 0
1727269253335 20.0 0
1727269253466 30.0 0
1727269253599 40.0 0
1727269253736 50.0 0
1727269253878 60.0 0
1727269254006 70.0 0
1727269254130 80.0 0
1727269254266 90.0 0
1727269254409 100.0 2
1727269254556 110.0 2
1727269254707 120.0 2
1727269254847 130.0 2
1727269254987 140.0 2
1727269255124 150.0 2
1727269255257 160.0 2
1727269255390 170.0 2
1727269255538 180.0 2
1727269255675 190.0 2
1727269255807 200.0 4
1727269255943 210.0 4
1727269256072 220.0 4
1727269256197 230.0 4
1727269256320 240.0 4
1727269256450 250.0 4
1727269256584 260.0 4
1727269256719 270.0 4
1727269256855 280.0 4
1727269256988 290.0 4
1727269257117 300.0 6
1727269257247 310.0 6
1727269257381 320.0 6
1727269257521 330.0 6
1727269257653 340.0 6
1727269257789 350.0 6
1727269257917 360.0 6
1727269258065 370.0 6
1727269258217 380.0 6
1727269258356 390.0 6
1727269258507 400.0 8
1727269258646 410.0 8
1727269261024 0.0 0
1727269261181 10.0 0
1727269261315 20.0 0
1727269261454 30.0 0
1727269261601 40.0 0
1727269261751 50.0 0
1727269261890 60.0 0
1727269262019 70.0 0
1727269262154 80.0 0
1727269262285 90.0 0
1727269262434 100.0 3
1727269262568 110.0 3
1727269262691 120.0 3
1727269262813 130.0 3
1727269262939 140.0 3
1727269263078 150.0 3
1727269263218 160.0 3
1727269263355 170.0 3
1727269263485 180.0 3
1727269263612 190.0 3
1727269263744 200.0 6
1727269263884 210.0 6
1727269264016 220.0 6
1727269264156 230.0 6
1727269264304 240.0 6
1727269264450 250.0 6
1727269264598 260.0 6
1727269264756 270.0 6
1727269264888 280.0 6
1727269265035 290.0 6
1727269265172 300.0 9
1727269265305 310.0 9
1727269265440 320.0 9
1727269265580 330.0 9
1727269265717 340.0 9
1727269265848 350.0 9
1727269265979 360.0 9
1727269266109 370.0 9
1727269266242 380.0 9
1727269266377 390.0 9
1727269266520 400.0 12
1727269266648 410.0 12
1727269268633 0.0 0
1727269268762 10.0 0
1727269268906 20.0 0
1727269269055 30.0 0
1727269269197 40.0 0
1727269269331 50.0 0
1727269269474 60.0 0
1727269269611 70.0 0
1727269269749 80.0 0
1727269269926 90.0 0
1727269270057 100.0 4
1727269270193 110.0 4
1727269270340 120.0 4
1727269270486 130.0 4
1727269270640 140.0 4
1727269270772 150.0 4
1727269270914 160.0 4
1727269271053 170.0 4
1727269271196 180.0 4
1727269271343 190.0 4
1727269271481 200.0 8
1727269271617 210.0 8
1727269271755 220.0 8
1727269271892 230.0 8
1727269272035 240.0 8
1727269272174 250.0 8
1727269272322 260.0 8
1727269272467 270.0 8
1727269272616 280.0 8
1727269272752 290.0 8
1727269272892 300.0 12
1727269273043 310.0 12
1727269273187 320.0 12
1727269273339 330.0 12
1727269273490 340.0 12
1727269273624 350.0 12
1727269273770 360.0 12
1727269273923 370.0 12
1727269274057 380.0 12
1727269274202 390.0 12
1727269274338 400.0 16
1727269274479 410.0 16
1727269276833 0.0 0
1727269276980 10.0 0
1727269277107 20.0 0
1727269277235 30.0 0
1727269277359 40.0 0
1727269277486 50.0 0
1727269277614 60.0 0
1727269277740 70.0 0
1727269277863 80.0 0
1727269277995 90.0 0
1727269278133 100.0 5
1727269278263 110.0 5
1727269278385 120.0 5
1727269278515 130.0 5
1727269278640 140.0 5
1727269278773 150.0 5
1727269278895 160.0 5
1727269279015 170.0 5
1727269279134 180.0 5
1727269279266 190.0 5
1727269279401 200.0 10
1727269279535 210.0 10
1727269279669 220.0 10
1727269279809 230.0 10
1727269279955 240.0 10
1727269280082 250.0 10
1727269280207 260.0 10
1727269280331 270.0 10
1727269280462 280.0 10
1727269280595 290.0 10
1727269280729 300.0 15
1727269280869 310.0 15
1727269281019 320.0 15
1727269281152 330.0 15
1727269281285 340.0 15
1727269281428 350.0 15
1727269281556 360.0 15
1727269281691 370.0 15
1727269281827 380.0 15
1727269281952 390.0 15
1727269282079 400.0 20
1727269282211 410.0 20
1727269284326 0.0 0
1727269284454 10.0 0
1727269284584 20.0 0
1727269284724 30.0 0
1727269284874 40.0 0
1727269285019 50.0 0
1727269285150 60.0 0
1727269285276 70.0 0
1727269285415 80.0 0
1727269285565 90.0 0
1727269285697 100.0 6
1727269285839 110.0 6
1727269285989 120.0 6
1727269286139 130.0 6
1727269286290 140.0 6
1727269286445 150.0 6
1727269286604 160.0 6
1727269286750 170.0 6
1727269286902 180.0 6
1727269287027 190.0 6
1727269287165 200.0 12
1727269287305 210.0 12
1727269287451 220.0 12
1727269287591 230.0 12
1727269287727 240.0 12
1727269287869 250.0 12
1727269288011 260.0 12
1727269288144 270.0 12
1727269288287 280.0 12
1727269288441 290.0 12
1727269288584 300.0 18
1727269288723 310.0 18
1727269288863 320.0 18
1727269288987 330.0 18
1727269289122 340.0 18
1727269289257 350.0 18
1727269289383 360.0 18
1727269289511 370.0 18
1727269289623 380.0 18
1727269289745 390.0 18
1727269289868 400.0 24
1727269289987 410.0 24
1727269292062 0.0 0
1727269292182 10.0 0
1727269292301 20.0 0
1727269292419 30.0 0
1727269292552 40.0 0
1727269292677 50.0 0
1727269292810 60.0 0
1727269292952 70.0 0
1727269293100 80.0 0
1727269293234 90.0 0
1727269293387 100.0 7
1727269293533 110.0 7
1727269293682 120.0 7
1727269293841 130.0 7
1727269294011 140.0 7
1727269294147 150.0 7
1727269294289 160.0 7
1727269294435 170.0 7
1727269294575 180.0 7
1727269294706 190.0 7
1727269294839 200.0 14
1727269294980 210.0 14
1727269295112 220.0 14
1727269295251 230.0 14
1727269295390 240.0 14
1727269295535 250.0 14
1727269295664 260.0 14
1727269295802 270.0 14
1727269295934 280.0 14
1727269296083 290.0 14
1727269296237 300.0 21
1727269296377 310.0 21
1727269296527 320.0 21
1727269296662 330.0 21
1727269296797 340.0 21
1727269296930 350.0 21
1727269297062 360.0 21
1727269297205 370.0 21
1727269297349 380.0 21
1727269297496 390.0 21
1727269297634 400.0 28
1727269297767 410.0 28
