1727274143074 19.593458 0
1727274143256 6.828808 0
1727274143479 1.864389 0
1727274143663 0.138686 0
1727274143857 0.103927 0
1727274144038 2.014946 0
1727274144221 0.091575 0
1727274144421 0.122237 0
1727274144609 0.110576 0
1727274144791 38.897858 0
1727274144972 10.269715 1
1727274145163 0.16385 1
1727274145355 0.88639 1
1727274145546 2.955866 1
1727274145741 0.157091 1
1727274145941 2.951975 1
1727274146135 0.764151 1
1727274146322 1.004546 1
1727274146517 0.193145 1
1727274146697 25.455412 1
1727274146881 0.999259 2
1727274147051 0.436684 2
1727274147225 0.350287 2
1727274147400 0.834536 2
1727274147570 1.48722 2
1727274147746 0.584141 2
1727274147933 1.495325 2
1727274148110 0.130498 2
1727274148284 0.270627 2
1727274148459 2.069825 2
1727274148629 0.346173 3
1727274148805 0.867768 3
1727274148985 0.127437 3
1727274149155 0.094467 3
1727274149326 1.126474 3
1727274149500 1.313694 3
1727274149668 1.850631 3
1727274149859 0.829782 3
1727274150046 0.47889 3
1727274150219 2.48711 3
1727274150395 3.880733 4
1727274150583 1.954937 4
1727274150774 2.129235 4
1727274150973 0.974464 4
1727274151157 0.265332 4
1727274151340 1.622038 4
1727274151520 0.117406 4
1727274151704 0.234152 4
1727274151885 0.223005 4
1727274152064 1.419062 4
1727274152246 4.861954 5
1727274156571 0.67567 0
1727274156751 0.511039 0
1727274156951 1.206639 0
1727274157135 0.099233 0
1727274157341 0.119492 0
1727274157537 0.961842 0
1727274157734 0.117864 0
1727274157943 0.140201 0
1727274158140 0.092791 0
1727274158325 3.146729 0
1727274158515 1.190719 2
1727274158697 0.091824 2
1727274158880 1.461977 2
1727274159052 4.060976 2
1727274159228 0.189813 2
1727274159401 1.838535 2
1727274159572 0.571349 2
1727274159742 2.332591 2
1727274159917 0.795228 2
1727274160096 0.612976 2
1727274160269 0.501499 4
1727274160445 0.887507 4
1727274160618 0.137648 4
1727274160788 1.095867 4
1727274160962 0.876191 4
1727274161134 0.35547 4
1727274161308 0.705211 4
1727274161484 0.175817 4
1727274161655 0.232078 4
1727274161834 3.624411 4
1727274162010 0.630771 6
1727274162183 2.139402 6
1727274162367 0.127219 6
1727274162538 0.127646 6
1727274162712 1.311687 6
1727274162895 1.339789 6
1727274163069 1.289603 6
1727274163245 0.772363 6
1727274163421 0.492253 6
1727274163595 1.622985 6
1727274163771 3.07448 8
1727274163947 3.796488 8
1727274164125 0.742813 8
1727274164306 1.171613 8
1727274164485 0.257011 8
1727274164654 2.058756 8
1727274164831 0.174443 8
1727274165005 0.369996 8
1727274165182 0.241018 8
1727274165375 1.994386 8
1727274165562 2.888393 10
1727274170205 2.52803 0
1727274170389 0.52864 0
1727274170588 1.099072 0
1727274170786 0.123223 0
1727274170989 0.142879 0
1727274171195 0.715513 0
1727274171401 0.124487 0
1727274171597 0.166813 0
1727274171793 0.101709 0
1727274172000 2.008928 0
1727274172197 0.874267 3
1727274172392 0.129928 3
1727274172575 0.97245 3
1727274172756 69.575737 3
1727274172946 0.19021 3
1727274173133 1.600515 3
1727274173326 0.525562 3
1727274173510 2.442959 3
1727274173696 0.573731 3
1727274173896 0.692085 3
1727274174107 0.576662 6
1727274174296 0.674989 6
1727274174483 0.209656 6
1727274174665 0.664911 6
1727274174844 1.051006 6
1727274175024 0.477358 6
1727274175200 1.221358 6
1727274175397 0.152984 6
1727274175581 0.238619 6
1727274175769 7.509037 6
1727274175958 0.520005 9
1727274176145 1.09198 9
1727274176338 0.126413 9
1727274176531 0.134651 9
1727274176720 1.579541 9
1727274176909 1.187782 9
1727274177097 2.822845 9
1727274177285 1.511727 9
1727274177463 0.616769 9
1727274177656 3.095912 9
1727274177827 5.804922 12
1727274178000 1.339365 12
1727274178184 3.567045 12
1727274178357 9.023363 12
1727274178541 0.262461 12
1727274178720 1.653056 12
1727274178897 0.212785 12
1727274179069 0.201645 12
1727274179241 0.264361 12
1727274179417 1.045012 12
1727274179587 2.652247 15
1727274183722 0.891318 0
1727274183899 0.391259 0
1727274184077 3.406214 0
1727274184249 0.171157 0
1727274184425 0.148589 0
1727274184600 0.485722 0
1727274184840 0.110388 0
1727274185024 0.150081 0
1727274185196 0.118937 0
1727274185378 1.218898 0
1727274185554 4.667379 4
1727274185723 0.181111 4
1727274185907 0.996503 4
1727274186097 3.089532 4
1727274186284 0.17584 4
1727274186467 1.883017 4
1727274186643 0.685977 4
1727274186823 1.696873 4
1727274187001 0.963085 4
1727274187176 0.627317 4
1727274187369 0.568723 8
1727274187552 11.451319 8
1727274187730 0.264287 8
1727274187909 1.808598 8
1727274188107 1.113275 8
1727274188292 0.246609 8
1727274188500 1.136142 8
1727274188698 0.147203 8
1727274188882 0.387446 8
1727274189066 1.701498 8
1727274189252 0.505046 12
1727274189431 1.234233 12
1727274189632 0.140893 12
1727274189819 0.163385 12
1727274189996 0.671172 12
1727274190188 1.503422 12
1727274190386 1.434992 12
1727274190600 1.71566 12
1727274190795 4.917707 12
1727274191014 3.430001 12
1727274191223 5.49779 16
1727274191431 1.453196 16
1727274191617 4.582844 16
1727274191800 1.761437 16
1727274192009 0.284074 16
1727274192186 1.720302 16
1727274192370 0.328507 16
1727274192582 0.219238 16
1727274192780 0.26542 16
1727274192975 1.074378 16
1727274193159 5.115483 20
1727274197921 2.584314 0
1727274198136 0.314654 0
1727274198335 0.991319 0
1727274198544 0.101751 0
1727274198743 0.211767 0
1727274198943 0.529083 0
1727274199171 0.108638 0
1727274199373 0.119856 0
1727274199585 0.098181 0
1727274199794 1.009048 0
1727274199998 0.92085 5
1727274200199 0.144568 5
1727274200396 0.968876 5
1727274200602 2.469061 5
1727274200803 0.14956 5
1727274201019 1.512046 5
1727274201223 1.621569 5
1727274201425 1.552295 5
1727274201654 0.53625 5
1727274201859 0.692729 5
1727274202060 0.463466 10
1727274202265 0.462925 10
1727274202467 0.138958 10
1727274202667 0.914109 10
1727274202889 1.099619 10
1727274203114 2.875238 10
1727274203327 2.207306 10
1727274203542 0.17842 10
1727274203747 0.420336 10
1727274203964 1.814177 10
1727274204181 0.662232 15
1727274204398 0.678426 15
1727274204605 0.156763 15
1727274204814 0.09805 15
1727274205016 0.8876 15
1727274205213 1.26415 15
1727274205413 1.465396 15
1727274205601 1.320722 15
1727274205783 1.137446 15
1727274206004 1.714578 15
1727274206203 2.466423 20
1727274206401 4.051233 20
1727274206597 0.984514 20
1727274206787 0.988568 20
1727274206982 0.317613 20
1727274207165 1.542282 20
1727274207351 0.266612 20
1727274207531 0.200479 20
1727274207717 0.238922 20
1727274207898 1.234728 20
1727274208083 3.00884 25
1727274212613 0.75565 0
1727274212798 0.445553 0
1727274212974 0.996707 0
1727274213151 0.123758 0
1727274213328 0.150861 0
1727274213515 0.670828 0
1727274213711 0.125471 0
1727274213898 0.150611 0
1727274214070 0.104089 0
1727274214271 1.288902 0
1727274214452 0.755246 6
1727274214651 0.124001 6
1727274214875 0.808132 6
1727274215074 2.362854 6
1727274215282 0.169149 6
1727274215483 1.144202 6
1727274215669 1.282007 6
1727274215878 1.130629 6
1727274216068 0.556148 6
1727274216254 0.735547 6
1727274216443 0.46083 12
1727274216626 0.537869 12
1727274216808 0.170368 12
1727274217002 1.356063 12
1727274217198 1.602255 12
1727274217391 0.932741 12
1727274217582 2.792599 12
1727274217766 0.154429 12
1727274217967 0.319491 12
1727274218150 2.052982 12
1727274218347 0.627879 18
1727274218543 0.924091 18
1727274218736 0.183464 18
1727274218940 0.09705 18
1727274219140 0.716251 18
1727274219352 1.094703 18
1727274219551 1.39717 18
1727274219747 11.586934 18
1727274219945 1.154634 18
1727274220129 3.980005 18
1727274220322 2.37639 24
1727274220517 1.714836 24
1727274220708 2.511559 24
1727274220908 0.78806 24
1727274221095 0.301337 24
1727274221302 1.209292 24
1727274221498 0.253214 24
1727274221712 0.158381 24
1727274221909 0.223711 24
1727274222104 1.376702 24
1727274222302 2.841281 30
1727274226725 1.41345 0
1727274226939 0.662675 0
1727274227146 1.059578 0
1727274227355 0.098499 0
1727274227559 0.148362 0
1727274227762 1.109747 0
1727274227963 0.160746 0
1727274228161 0.148725 0
1727274228357 0.142874 0
1727274228572 1.871933 0
1727274228773 2.027318 7
1727274228970 0.142825 7
1727274229165 0.691884 7
1727274229370 1.975321 7
1727274229575 0.16954 7
1727274229780 0.674076 7
1727274229982 0.76318 7
1727274230180 0.929991 7
1727274230373 0.452737 7
1727274230577 0.565732 7
1727274230774 0.778305 14
1727274230977 0.391257 14
1727274231194 0.153172 14
1727274231412 0.9341 14
1727274231637 1.663527 14
1727274231859 0.83134 14
1727274232075 1.046993 14
1727274232303 0.135143 14
1727274232516 0.351249 14
1727274232745 1.761428 14
1727274232951 0.583237 21
1727274233134 1.831705 21
1727274233314 0.132654 21
1727274233503 0.15875 21
1727274233690 0.754666 21
1727274233875 1.331493 21
1727274234056 1.481507 21
1727274234244 1.30008 21
1727274234445 5.263556 21
1727274234627 3.346382 21
1727274234812 1.971482 28
1727274234994 1.448479 28
1727274235177 1.469432 28
1727274235359 0.836421 28
1727274235560 0.327742 28
1727274235757 0.774312 28
1727274235947 0.270872 28
1727274236135 0.219227 28
1727274236325 0.230256 28
1727274236504 1.4063 28
1727274236690 6.856826 35
