1726897321789 0.654302 0
1726897321938 0.216865 0
1726897322080 0.236858 0
1726897322219 0.155647 0
1726897322358 0.516636 0
1726897322497 0.196413 0
1726897322637 0.235304 0
1726897322776 0.138441 0
1726897322916 0.560356 0
1726897323060 0.321896 0
1726897323200 0.717435 1
1726897323341 0.308872 1
1726897323482 0.392898 1
1726897323622 0.689648 1
1726897323763 0.317461 1
1726897323903 0.308916 1
1726897324042 0.60603 1
1726897324183 0.544904 1
1726897324323 0.744693 1
1726897324463 0.431043 1
1726897324671 0.577783 2
1726897326318 0.340821 0
1726897326462 0.186912 0
1726897326601 0.216058 0
1726897326740 0.177948 0
1726897326880 0.354715 0
1726897327021 0.115335 0
1726897327162 0.173254 0
1726897327301 0.099913 0
1726897327442 0.32464 0
1726897327583 0.255215 0
1726897327723 0.595969 2
1726897327863 0.280261 2
1726897328003 0.348863 2
1726897328142 0.313198 2
1726897328283 0.356273 2
1726897328423 0.358319 2
1726897328562 0.470589 2
1726897328700 0.540697 2
1726897328839 0.717766 2
1726897328976 0.422889 2
1726897329113 0.590894 4
1726897330530 0.161611 0
1726897330671 0.170607 0
1726897330809 0.187138 0
1726897330948 0.118618 0
1726897331089 0.316901 0
1726897331232 0.123957 0
1726897331373 0.205667 0
1726897331514 0.093702 0
1726897331654 0.329824 0
1726897331794 0.281459 0
1726897331932 0.593055 3
1726897332072 0.261572 3
1726897332211 0.294772 3
1726897332350 0.161598 3
1726897332489 0.358853 3
1726897332628 0.280013 3
1726897332766 0.477594 3
1726897332909 0.51725 3
1726897333050 0.71329 3
1726897333192 0.402903 3
1726897333331 0.598525 6
1726897334907 0.116435 0
1726897335046 0.123478 0
1726897335185 0.181007 0
1726897335328 0.10858 0
1726897335468 0.323445 0
1726897335609 0.104128 0
1726897335748 0.160978 0
1726897335886 0.086676 0
1726897336025 0.305614 0
1726897336163 0.263467 0
1726897336303 0.577816 4
1726897336442 0.255997 4
1726897336581 0.301887 4
1726897336722 0.185591 4
1726897336860 0.346511 4
1726897336999 0.266747 4
1726897337139 0.482249 4
1726897337278 0.51879 4
1726897337420 0.701956 4
1726897337562 0.409446 4
1726897337699 0.600207 8
1726897339100 0.091675 0
1726897339240 0.117332 0
1726897339380 0.174073 0
1726897339523 0.108473 0
1726897339665 0.338072 0
1726897339804 0.125989 0
1726897339943 0.173271 0
1726897340084 0.086604 0
1726897340224 0.313117 0
1726897340362 0.257581 0
1726897340504 0.569244 5
1726897340646 0.263917 5
1726897340785 0.296579 5
1726897340925 0.170858 5
1726897341063 0.330013 5
1726897341202 0.284887 5
1726897341341 0.467667 5
1726897341484 0.511806 5
1726897341625 0.694382 5
1726897341766 0.395702 5
1726897341904 0.597265 10
1726897343306 0.074933 0
1726897343447 0.115409 0
1726897343590 0.163989 0
1726897343730 0.104119 0
1726897343868 0.316641 0
1726897344008 0.106356 0
1726897344147 0.156575 0
1726897344287 0.080029 0
1726897344425 0.299356 0
1726897344565 0.249572 0
1726897344704 0.546292 6
1726897344842 0.245577 6
1726897344982 0.276218 6
1726897345122 0.163158 6
1726897345261 0.330687 6
1726897345399 0.24755 6
1726897345541 0.458452 6
1726897345683 0.504921 6
1726897345825 0.677202 6
1726897345965 0.38811 6
1726897346102 0.595944 12
1726897347508 0.093584 0
1726897347652 0.110537 0
1726897347792 0.162655 0
1726897347934 0.104479 0
1726897348075 0.32659 0
1726897348215 0.111857 0
1726897348354 0.162067 0
1726897348493 0.079297 0
1726897348633 0.295559 0
1726897348771 0.250527 0
1726897348912 0.548455 7
1726897349065 0.25402 7
1726897349205 0.287185 7
1726897349344 0.164945 7
1726897349482 0.327982 7
1726897349623 0.244191 7
1726897349764 0.453946 7
1726897349905 0.510649 7
1726897350044 0.670887 7
1726897350183 0.37431 7
1726897350322 0.60076 14
1726897351738 0.078969 0
1726897351885 0.105973 0
1726897352025 0.157394 0
1726897352164 0.100313 0
1726897352304 0.321693 0
1726897352442 0.111587 0
1726897352582 0.163599 0
1726897352721 0.079006 0
1726897352861 0.298033 0
1726897353003 0.248987 0
1726897353142 0.523952 8
1726897353283 0.256058 8
1726897353423 0.264763 8
1726897353561 0.158098 8
1726897353701 0.331153 8
1726897353844 0.241122 8
1726897353986 0.451974 8
1726897354124 0.509698 8
1726897354264 0.654841 8
1726897354404 0.378062 8
1726897354541 0.593404 16
1726897355964 0.084351 0
1726897356107 0.106219 0
1726897356246 0.154272 0
1726897356385 0.102931 0
1726897356525 0.319392 0
1726897356664 0.109021 0
1726897356807 0.160842 0
1726897356946 0.076988 0
1726897357085 0.285527 0
1726897357226 0.245061 0
1726897357365 0.532667 9
1726897357504 0.253064 9
1726897357643 0.265248 9
1726897357783 0.155398 9
1726897357925 0.325927 9
1726897358066 0.238727 9
1726897358207 0.435401 9
1726897358346 0.501619 9
1726897358484 0.658081 9
1726897358624 0.361223 9
1726897358762 0.608358 18
1726897360198 0.084477 0
1726897360338 0.105558 0
1726897360476 0.157574 0
1726897360616 0.098412 0
1726897360755 0.325552 0
1726897360894 0.109392 0
1726897361042 0.162102 0
1726897361183 0.078918 0
1726897361323 0.283847 0
1726897361462 0.247506 0
1726897361601 0.511979 10
1726897361741 0.250977 10
1726897361884 0.255513 10
1726897362026 0.155403 10
1726897362168 0.323394 10
1726897362309 0.228312 10
1726897362449 0.441556 10
1726897362589 0.498211 10
1726897362730 0.644196 10
1726897362868 0.358906 10
1726897363007 0.598418 20
