1726833463947 25.496017 0
1726833464088 1.373314 0
1726833464233 0.962168 0
1726833464380 1.782089 0
1726833464527 14.720619 0
1726833464665 0.457888 0
1726833464813 0.504909 0
1726833464959 2.559371 0
1726833465103 3.059237 0
1726833465246 0.813176 0
1726833465400 6.633177 1
1726833465549 21.045813 1
1726833465697 1.670601 1
1726833465838 2.181937 1
1726833465973 6.722946 1
1726833467374 10.046251 0
1726833467510 0.781229 0
1726833467644 38.163101 0
1726833467791 0.476289 0
1726833467955 1.071299 0
1726833468092 0.60468 0
1726833468237 0.521416 0
1726833468375 2.054398 0
1726833468518 1.472931 0
1726833468662 4.472335 0
1726833468804 15.094718 2
1726833468939 3.917407 2
1726833469070 5.474366 2
1726833469210 31.676552 2
1726833469348 2.758583 2
1726833470432 1.901214 0
1726833470572 7.960886 0
1726833470707 1.871125 0
1726833470843 2.529088 0
1726833470994 1.202821 0
1726833471134 0.350646 0
1726833471271 0.676417 0
1726833471410 9.180278 0
1726833471551 1.09655 0
1726833471692 23.749222 0
1726833471834 5.94536 3
1726833471968 153.938446 3
1726833472102 3.446991 3
1726833472237 1.17516 3
1726833472375 2.159557 3
1726833473448 1.039536 0
1726833473583 4.365374 0
1726833473718 5.928378 0
1726833473852 11.306633 0
1726833473988 0.571613 0
1726833474122 1.000908 0
1726833474259 3.485356 0
1726833474395 3.25479 0
1726833474533 5.706107 0
1726833474671 2.95581 0
1726833474809 3.464213 4
1726833474947 318.088013 4
1726833475080 1.39353 4
1726833475216 3.833308 4
1726833475350 0.978207 4
1726833476402 3.596263 0
1726833476535 15.909054 0
1726833476667 10.174744 0
1726833476808 1.095852 0
1726833476988 1.022361 0
1726833477122 0.690242 0
1726833477253 1.078353 0
1726833477386 3.715912 0
1726833477520 6.019311 0
1726833477658 2.246364 0
1726833477794 2.271064 5
1726833477929 5.506927 5
1726833478065 5.64646 5
1726833478198 1.211949 5
1726833478330 1.984881 5
