1726775044785 20.597603 0
1726775044881 3.817105 0
1726775044972 3.560045 0
1726775045066 21.849186 0
1726775045158 5.654857 0
1726775045249 6.977348 0
1726775045340 2.404001 0
1726775045430 2.269412 0
1726775045521 2.210301 0
1726775045612 5.316707 0
1726775045703 3.034713 1
1726775045795 3.241845 1
1726775045886 2.315948 1
1726775045977 4.107139 1
1726775046070 18.65062 1
1726775046167 7.872782 1
1726775046268 2.042378 1
1726775046362 2.524826 1
1726775046454 0.83783 1
1726775046546 3.586718 1
1726775046639 1.509186 2
1726775046733 2.204609 2
1726775046823 2.921072 2
1726775048004 4.802411 0
1726775048098 2.041861 0
1726775048191 5.877634 0
1726775048291 3.754281 0
1726775048387 0.555521 0
1726775048482 1.368157 0
1726775048575 0.804664 0
1726775048669 0.74942 0
1726775048766 1.104781 0
1726775048860 3.073516 0
1726775048955 1.314066 2
1726775049047 6.319571 2
1726775049138 2.581057 2
1726775049230 13.204012 2
1726775049323 2.724777 2
1726775049415 6.407515 2
1726775049506 1.019106 2
1726775049599 4.156121 2
1726775049692 0.611478 2
1726775049797 1.274196 2
1726775049894 0.933691 4
1726775049991 6.450472 4
1726775050084 6.405306 4
1726775051321 1.377471 0
1726775051427 11.474037 0
1726775051521 2.397593 0
1726775051616 1.595707 0
1726775051710 0.598967 0
1726775051804 1.533134 0
1726775051899 0.900433 0
1726775051992 0.784253 0
1726775052097 1.450326 0
1726775052194 4.953426 0
1726775052290 1.455379 3
1726775052392 3.485861 3
1726775052492 7.293128 3
1726775052588 3.674448 3
1726775052684 2.219466 3
1726775052777 5.864846 3
1726775052869 0.674526 3
1726775052963 1.649198 3
1726775053059 0.615467 3
1726775053154 1.784877 3
1726775053248 0.930799 6
1726775053342 2.170673 6
1726775053434 3.696006 6
1726775054630 0.817499 0
1726775054733 4.28667 0
1726775054826 2.037753 0
1726775054922 2.330226 0
1726775055018 0.653658 0
1726775055121 1.22731 0
1726775055215 0.902155 0
1726775055308 0.608964 0
1726775055401 1.041762 0
1726775055494 6.153993 0
1726775055586 31.783695 4
1726775055679 17.658627 4
1726775055771 5.303523 4
1726775055865 3.364899 4
1726775055962 5.36128 4
1726775056056 4.141164 4
1726775056156 0.638207 4
1726775056250 1.848081 4
1726775056343 0.453981 4
1726775056438 6.429291 4
1726775056540 1.689431 8
1726775056636 1.860104 8
1726775056730 2.611519 8
1726775057911 3.489758 0
1726775058014 3.770423 0
1726775058108 1.481722 0
1726775058202 3.437589 0
1726775058293 0.589762 0
1726775058387 1.556701 0
1726775058484 0.906224 0
1726775058585 0.557875 0
1726775058683 0.877498 0
1726775058779 178.976562 0
1726775058871 2.538181 5
1726775058967 4.254162 5
1726775059059 3.707003 5
1726775059151 2.399349 5
1726775059243 1.465426 5
1726775059335 4.12213 5
1726775059429 0.97793 5
1726775059522 1.387543 5
1726775059614 0.43918 5
1726775059706 1.432834 5
1726775059802 3.007619 10
1726775059907 7.03664 10
1726775060004 1.811453 10
1726775061255 1.484337 0
1726775061362 3.731514 0
1726775061454 1.39727 0
1726775061549 12.760048 0
1726775061642 0.583863 0
1726775061737 1.84445 0
1726775061831 0.909915 0
1726775061923 0.558569 0
1726775062019 1.168249 0
1726775062112 7.121748 0
1726775062206 3.483178 6
1726775062297 8.380338 6
1726775062388 10.509565 6
1726775062479 11.739853 6
1726775062572 0.90804 6
1726775062671 3.633704 6
1726775062767 3.21272 6
1726775062861 2.450801 6
1726775062954 0.476291 6
1726775063050 5.083695 6
1726775063146 1.807777 12
1726775063239 3.607405 12
1726775063330 2.303288 12
1726775064510 3.440698 0
1726775064612 3.495723 0
1726775064715 1.457942 0
1726775064813 3.78304 0
1726775064909 0.588362 0
1726775065003 1.222196 0
1726775065098 0.96111 0
1726775065192 0.58884 0
1726775065285 2.419242 0
1726775065378 3.937191 0
1726775065471 26.098997 7
1726775065564 5.028266 7
1726775065657 4.37532 7
1726775065752 3.321191 7
1726775065847 1.040589 7
1726775065940 3.118581 7
1726775066031 0.702651 7
1726775066130 1.375747 7
1726775066228 1.387235 7
1726775066321 1.841081 7
1726775066414 2.465033 14
1726775066508 7.365222 14
1726775066602 2.841107 14
1726775067809 5.357096 0
1726775067905 3.043361 0
1726775067998 6.443453 0
1726775068096 4.507488 0
1726775068192 0.603355 0
1726775068286 1.01936 0
1726775068379 0.956094 0
1726775068471 0.545889 0
1726775068564 1.134703 0
1726775068655 9.036824 0
1726775068756 80.504776 8
1726775068851 2.744377 8
1726775068944 4.513506 8
1726775069044 6.654205 8
1726775069139 0.854649 8
1726775069233 3.672253 8
1726775069326 1.271414 8
1726775069419 1.198736 8
1726775069517 1.059945 8
1726775069614 4.468888 8
1726775069709 1.596209 16
1726775069805 7.50357 16
1726775069898 2.949671 16
