1726861559181 0.78709 0
1726861559314 0.647206 0
1726861559447 0.395255 0
1726861559579 0.407833 0
1726861559711 1.014479 0
1726861559843 0.586337 0
1726861560501 0.53298 0
1726861560635 0.465403 0
1726861560769 0.403081 0
1726861560900 0.199263 0
1726861561035 0.819002 0
1726861561169 0.578163 0
1726861561755 0.393462 0
1726861561886 0.460519 0
1726861562017 0.438112 0
1726861562147 0.28019 0
1726861562278 0.755328 0
1726861562410 0.571794 0
1726861562985 0.436155 0
1726861563119 0.532081 0
1726861563250 0.453129 0
1726861563378 0.223964 0
1726861563507 0.910495 0
1726861563638 0.738209 0
1726861564208 0.386945 0
1726861564340 0.451086 0
1726861564471 0.39535 0
1726861564602 0.240174 0
1726861564732 1.160774 0
1726861564862 0.679817 0
1726861565435 0.315568 0
1726861565565 0.413748 0
1726861565695 0.478172 0
1726861565825 0.333298 0
1726861565955 0.768269 0
1726861566085 0.54085 0
1726861566659 0.314029 0
1726861566789 0.483457 0
1726861566919 0.377594 0
1726861567050 0.221994 0
1726861567184 0.813954 0
1726861567314 0.539018 0
1726861567883 0.320062 0
1726861568015 0.417066 0
1726861568145 0.411261 0
1726861568275 0.216942 0
1726861568405 0.783925 0
1726861568535 0.524553 0
1726861569105 0.314419 0
1726861569238 0.411963 0
1726861569369 0.411243 0
1726861569499 0.222056 0
1726861569630 0.771377 0
1726861569760 0.523202 0
