1726796506245 0.0 0
1726796506367 10.0 0
1726796506486 20.0 0
1726796506606 30.0 0
1726796506727 40.0 0
1726796506847 50.0 0
1726796506967 60.0 0
1726796507089 70.0 0
1726796507208 80.0 0
1726796507329 90.0 0
1726796507449 100.0 1
1726796507570 110.0 1
1726796507691 120.0 1
1726796507812 130.0 1
1726796507932 140.0 1
1726796508050 150.0 1
1726796509078 0.0 0
1726796509198 10.0 0
1726796509318 20.0 0
1726796509439 30.0 0
1726796509559 40.0 0
1726796509679 50.0 0
1726796509800 60.0 0
1726796509920 70.0 0
1726796510040 80.0 0
1726796510162 90.0 0
1726796510289 100.0 2
1726796510412 110.0 2
1726796510533 120.0 2
1726796510654 130.0 2
1726796510774 140.0 2
1726796510892 150.0 2
1726796511892 0.0 0
1726796512012 10.0 0
1726796512134 20.0 0
1726796512256 30.0 0
1726796512376 40.0 0
1726796512498 50.0 0
1726796512619 60.0 0
1726796512739 70.0 0
1726796512860 80.0 0
1726796512981 90.0 0
1726796513102 100.0 3
1726796513222 110.0 3
1726796513343 120.0 3
1726796513463 130.0 3
1726796513584 140.0 3
1726796513702 150.0 3
1726796514709 0.0 0
1726796514829 10.0 0
1726796514950 20.0 0
1726796515070 30.0 0
1726796515191 40.0 0
1726796515311 50.0 0
1726796515432 60.0 0
1726796515552 70.0 0
1726796515673 80.0 0
1726796515793 90.0 0
1726796515914 100.0 4
1726796516034 110.0 4
1726796516155 120.0 4
1726796516275 130.0 4
1726796516395 140.0 4
1726796516515 150.0 4
1726796517652 0.0 0
1726796517773 10.0 0
1726796517893 20.0 0
1726796518014 30.0 0
1726796518134 40.0 0
1726796518255 50.0 0
1726796518375 60.0 0
1726796518496 70.0 0
1726796518617 80.0 0
1726796518738 90.0 0
1726796518858 100.0 5
1726796518978 110.0 5
1726796519099 120.0 5
1726796519219 130.0 5
1726796519339 140.0 5
1726796519458 150.0 5
