1726752107201 0.0 0
1726752107368 10.0 0
1726752107552 20.0 0
1726752107703 30.0 0
1726752107837 40.0 0
1726752107965 50.0 0
1726752108092 60.0 0
1726752108219 70.0 0
1726752108348 80.0 0
1726752108478 90.0 0
1726752109723 0.0 0
1726752109882 10.0 0
1726752110037 20.0 0
1726752110193 30.0 0
1726752110335 40.0 0
1726752110460 50.0 0
1726752110579 60.0 0
1726752110697 70.0 0
1726752110818 80.0 0
1726752110943 90.0 0
1726752112091 0.0 0
1726752112257 10.0 0
1726752112390 20.0 0
1726752112511 30.0 0
1726752112628 40.0 0
1726752112745 50.0 0
1726752112864 60.0 0
1726752112983 70.0 0
1726752113104 80.0 0
1726752113230 90.0 0
1726752114488 0.0 0
1726752114655 10.0 0
1726752114836 20.0 0
1726752114980 30.0 0
1726752115112 40.0 0
1726752115241 50.0 0
1726752115369 60.0 0
1726752115496 70.0 0
1726752115631 80.0 0
1726752115776 90.0 0
1726752117195 0.0 0
1726752117361 10.0 0
1726752117498 20.0 0
1726752117617 30.0 0
1726752117735 40.0 0
1726752117853 50.0 0
1726752117971 60.0 0
1726752118088 70.0 0
1726752118211 80.0 0
1726752118338 90.0 0
1726752119523 0.0 0
1726752119706 10.0 0
1726752119847 20.0 0
1726752119977 30.0 0
1726752120097 40.0 0
1726752120214 50.0 0
1726752120329 60.0 0
1726752120445 70.0 0
1726752120563 80.0 0
1726752120679 90.0 0
1726752121878 0.0 0
1726752122061 10.0 0
1726752122223 20.0 0
1726752122380 30.0 0
1726752122522 40.0 0
1726752122652 50.0 0
1726752122775 60.0 0
1726752122893 70.0 0
1726752123008 80.0 0
1726752123121 90.0 0
1726752124213 0.0 0
1726752124384 10.0 0
1726752124542 20.0 0
1726752124693 30.0 0
1726752124832 40.0 0
1726752124962 50.0 0
1726752125090 60.0 0
1726752125212 70.0 0
1726752125331 80.0 0
1726752125449 90.0 0
