1727119735865 0.0 0
1727119736013 10.0 0
1727119736156 20.0 0
1727119736304 30.0 0
1727119736449 40.0 0
1727119736596 50.0 0
1727119736755 60.0 0
1727119736902 70.0 0
1727119737053 80.0 0
1727119737196 90.0 0
1727119737340 100.0 1
1727119737484 110.0 1
1727119737628 120.0 1
1727119738468 0.0 0
1727119738617 10.0 0
1727119738764 20.0 0
1727119738913 30.0 0
1727119739062 40.0 0
1727119739207 50.0 0
1727119739351 60.0 0
1727119739501 70.0 0
1727119739646 80.0 0
1727119739790 90.0 0
1727119739938 100.0 2
1727119740082 110.0 2
1727119740230 120.0 2
1727119741016 0.0 0
1727119741166 10.0 0
1727119741316 20.0 0
1727119741459 30.0 0
1727119741602 40.0 0
1727119741746 50.0 0
1727119741889 60.0 0
1727119742032 70.0 0
1727119742176 80.0 0
1727119742323 90.0 0
1727119742466 100.0 3
1727119742612 110.0 3
1727119742760 120.0 3
1727119743584 0.0 0
1727119743728 10.0 0
1727119743873 20.0 0
1727119744019 30.0 0
1727119744164 40.0 0
1727119744440 50.0 0
1727119744588 60.0 0
1727119744739 70.0 0
1727119744888 80.0 0
1727119745037 90.0 0
1727119745187 100.0 4
1727119745329 110.0 4
1727119745473 120.0 4
1727119746226 0.0 0
1727119746375 10.0 0
1727119746519 20.0 0
1727119746663 30.0 0
1727119746816 40.0 0
1727119746960 50.0 0
1727119747106 60.0 0
1727119747257 70.0 0
1727119747402 80.0 0
1727119747549 90.0 0
1727119747695 100.0 5
1727119747844 110.0 5
1727119747990 120.0 5
1727119748759 0.0 0
1727119748910 10.0 0
1727119749055 20.0 0
1727119749197 30.0 0
1727119749346 40.0 0
1727119749489 50.0 0
1727119749631 60.0 0
1727119749776 70.0 0
1727119749923 80.0 0
1727119750065 90.0 0
1727119750211 100.0 6
1727119750356 110.0 6
1727119750503 120.0 6
1727119751332 0.0 0
1727119751479 10.0 0
1727119751627 20.0 0
1727119751773 30.0 0
1727119751917 40.0 0
1727119752062 50.0 0
1727119752205 60.0 0
1727119752349 70.0 0
1727119752493 80.0 0
1727119752637 90.0 0
1727119752782 100.0 7
1727119752936 110.0 7
1727119753081 120.0 7
1727119753896 0.0 0
1727119754042 10.0 0
1727119754189 20.0 0
1727119754339 30.0 0
1727119754491 40.0 0
1727119754661 50.0 0
1727119754810 60.0 0
1727119754958 70.0 0
1727119755110 80.0 0
1727119755254 90.0 0
1727119755419 100.0 8
1727119755565 110.0 8
1727119755712 120.0 8
