1727123272161 0.0 0
1727123272292 10.0 0
1727123272419 20.0 0
1727123272544 30.0 0
1727123272675 40.0 0
1727123272813 50.0 0
1727123272932 60.0 0
1727123273056 70.0 0
1727123273188 80.0 0
1727123273323 90.0 0
1727123273456 100.0 1
1727123273586 110.0 1
1727123273717 120.0 1
1727123273853 130.0 1
1727123273989 140.0 1
1727123274124 150.0 1
1727123274259 160.0 1
1727123274392 170.0 1
1727123274526 180.0 1
1727123274659 190.0 1
1727123274797 200.0 2
1727123274932 210.0 2
1727123275070 220.0 2
1727123275203 230.0 2
1727123275337 240.0 2
1727123275451 250.0 2
1727123275576 260.0 2
1727123275710 270.0 2
1727123275844 280.0 2
1727123275977 290.0 2
1727123276112 300.0 3
1727123276244 310.0 3
1727123277675 0.0 0
1727123277804 10.0 0
1727123277932 20.0 0
1727123278063 30.0 0
1727123278198 40.0 0
1727123278334 50.0 0
1727123278467 60.0 0
1727123278601 70.0 0
1727123278734 80.0 0
1727123278868 90.0 0
1727123279001 100.0 2
1727123279134 110.0 2
1727123279268 120.0 2
1727123279401 130.0 2
1727123279534 140.0 2
1727123279667 150.0 2
1727123279800 160.0 2
1727123279934 170.0 2
1727123280068 180.0 2
1727123280201 190.0 2
1727123280333 200.0 4
1727123280468 210.0 4
1727123280601 220.0 4
1727123280733 230.0 4
1727123280866 240.0 4
1727123281002 250.0 4
1727123281133 260.0 4
1727123281244 270.0 4
1727123281366 280.0 4
1727123281500 290.0 4
1727123281632 300.0 6
1727123281767 310.0 6
1727123283188 0.0 0
1727123283321 10.0 0
1727123283454 20.0 0
1727123283586 30.0 0
1727123283718 40.0 0
1727123283850 50.0 0
1727123283983 60.0 0
1727123284119 70.0 0
1727123284251 80.0 0
1727123284384 90.0 0
1727123284517 100.0 3
1727123284651 110.0 3
1727123284783 120.0 3
1727123284917 130.0 3
1727123285051 140.0 3
1727123285184 150.0 3
1727123285317 160.0 3
1727123285450 170.0 3
1727123285583 180.0 3
1727123285717 190.0 3
1727123285852 200.0 6
1727123285985 210.0 6
1727123286117 220.0 6
1727123286250 230.0 6
1727123286383 240.0 6
1727123286516 250.0 6
1727123286648 260.0 6
1727123286783 270.0 6
1727123286917 280.0 6
1727123287052 290.0 6
1727123287185 300.0 9
1727123287322 310.0 9
1727123288742 0.0 0
1727123288872 10.0 0
1727123288999 20.0 0
1727123289130 30.0 0
1727123289259 40.0 0
1727123289393 50.0 0
1727123289525 60.0 0
1727123289658 70.0 0
1727123289792 80.0 0
1727123289924 90.0 0
1727123290059 100.0 4
1727123290192 110.0 4
1727123290327 120.0 4
1727123290461 130.0 4
1727123290594 140.0 4
1727123290726 150.0 4
1727123290860 160.0 4
1727123290987 170.0 4
1727123291117 180.0 4
1727123291250 190.0 4
1727123291385 200.0 8
1727123291519 210.0 8
1727123291651 220.0 8
1727123291784 230.0 8
1727123291916 240.0 8
1727123292051 250.0 8
1727123292184 260.0 8
1727123292319 270.0 8
1727123292449 280.0 8
1727123292584 290.0 8
1727123292718 300.0 12
1727123292860 310.0 12
1727123294280 0.0 0
1727123294412 10.0 0
1727123294543 20.0 0
1727123294676 30.0 0
1727123294809 40.0 0
1727123294942 50.0 0
1727123295076 60.0 0
1727123295209 70.0 0
1727123295343 80.0 0
1727123295476 90.0 0
1727123295609 100.0 5
1727123295743 110.0 5
1727123295875 120.0 5
1727123296009 130.0 5
1727123296143 140.0 5
1727123296276 150.0 5
1727123296409 160.0 5
1727123296542 170.0 5
1727123296676 180.0 5
1727123296808 190.0 5
1727123296942 200.0 10
1727123297076 210.0 10
1727123297210 220.0 10
1727123297346 230.0 10
1727123297479 240.0 10
1727123297612 250.0 10
1727123297745 260.0 10
1727123297877 270.0 10
1727123298011 280.0 10
1727123298145 290.0 10
1727123298279 300.0 15
1727123298416 310.0 15
