1726897269204 0.0 0
1726897269345 10.0 0
1726897269483 20.0 0
1726897269622 30.0 0
1726897269760 40.0 0
1726897269901 50.0 0
1726897270040 60.0 0
1726897270182 70.0 0
1726897270323 80.0 0
1726897270463 90.0 0
1726897270603 100.0 1
1726897270741 110.0 1
1726897270881 120.0 1
1726897271020 130.0 1
1726897271165 140.0 1
1726897271306 150.0 1
1726897271447 160.0 1
1726897271586 170.0 1
1726897271725 180.0 1
1726897271864 190.0 1
1726897273399 0.0 0
1726897273541 10.0 0
1726897273681 20.0 0
1726897273819 30.0 0
1726897273963 40.0 0
1726897274102 50.0 0
1726897274246 60.0 0
1726897274385 70.0 0
1726897274523 80.0 0
1726897274662 90.0 0
1726897274802 100.0 2
1726897274940 110.0 2
1726897275078 120.0 2
1726897275217 130.0 2
1726897275357 140.0 2
1726897275496 150.0 2
1726897275636 160.0 2
1726897275776 170.0 2
1726897275916 180.0 2
1726897276059 190.0 2
1726897277527 0.0 0
1726897277669 10.0 0
1726897277809 20.0 0
1726897277948 30.0 0
1726897278091 40.0 0
1726897278229 50.0 0
1726897278370 60.0 0
1726897278508 70.0 0
1726897278648 80.0 0
1726897278787 90.0 0
1726897278927 100.0 3
1726897279065 110.0 3
1726897279205 120.0 3
1726897279345 130.0 3
1726897279485 140.0 3
1726897279624 150.0 3
1726897279763 160.0 3
1726897279902 170.0 3
1726897280042 180.0 3
1726897280184 190.0 3
1726897281659 0.0 0
1726897281802 10.0 0
1726897281940 20.0 0
1726897282079 30.0 0
1726897282220 40.0 0
1726897282362 50.0 0
1726897282503 60.0 0
1726897282643 70.0 0
1726897282782 80.0 0
1726897282921 90.0 0
1726897283061 100.0 4
1726897283200 110.0 4
1726897283341 120.0 4
1726897283480 130.0 4
1726897283620 140.0 4
1726897283760 150.0 4
1726897283899 160.0 4
1726897284075 170.0 4
1726897284217 180.0 4
1726897284359 190.0 4
1726897285822 0.0 0
1726897285962 10.0 0
1726897286101 20.0 0
1726897286242 30.0 0
1726897286384 40.0 0
1726897286524 50.0 0
1726897286663 60.0 0
1726897286802 70.0 0
1726897286942 80.0 0
1726897287080 90.0 0
1726897287220 100.0 5
1726897287360 110.0 5
1726897287499 120.0 5
1726897287638 130.0 5
1726897287777 140.0 5
1726897287916 150.0 5
1726897288055 160.0 5
1726897288193 170.0 5
1726897288337 180.0 5
1726897288476 190.0 5
