1726777046177 46.889057 0
1726777046267 3.599143 0
1726777046359 2.224504 0
1726777046450 40.573273 0
1726777046540 6.972486 0
1726777046844 151723.625 0
1726777046942 2.548869 0
1726777047033 1.921593 0
1726777047124 45.651653 0
1726777047214 8.316582 0
1726777047517 11.999537 0
1726777047616 3.001879 0
1726777047705 4.474813 0
1726777047796 11.88064 0
1726777047886 16.307562 0
1726777048160 4.093829 0
1726777048256 11.06982 0
1726777048345 4.159934 0
1726777048437 6.88825 0
1726777048529 12.43334 0
1726777048832 5.253744 0
1726777048930 5.971755 0
1726777049026 7.375233 0
1726777049117 7.613873 0
1726777049207 16.153362 0
1726777049523 11.075558 0
1726777049626 20.53554 0
1726777049717 3.041161 0
1726777049808 4.211297 0
1726777049898 18.184963 0
1726777050176 43.278023 0
1726777050274 5.759055 0
1726777050363 21.63938 0
1726777050453 11.939022 0
1726777050543 15.243973 0
1726777050826 2.797829 0
1726777050918 3.371592 0
1726777051010 36.69561 0
1726777051102 12.21759 0
1726777051193 19.14072 0
1726777051510 23.636967 0
1726777051606 3.628036 0
1726777051697 53.947338 0
1726777051790 11.454809 0
1726777051881 12.996344 0
