1726675685991 28.652523 0
1726675686116 5.443662 0
1726675686231 7.563801 0
1726675686700 3.840673 0
1726675686859 3.977504 0
1726675687000 98.816284 0
1726675687229 3.231831 0
1726675687340 7.88186 0
1726675687449 4.054846 0
1726675687668 2.530944 0
1726675687778 10.183298 0
1726675687887 2.140068 0
1726675688102 2.143052 0
1726675688214 5.007336 0
1726675688323 3.00724 0
1726675688539 1.441702 0
1726675688651 11.890679 0
1726675688760 4.826629 0
1726675688976 1.360477 0
1726675689089 2.251044 0
1726675689199 3.23904 0
1726675689426 1.491465 0
1726675689542 2.819808 0
1726675689652 5.903067 0
1726675689876 2.717384 0
1726675689990 2.393835 0
1726675690102 3.510872 0
