1726792050516 0.0 0
1726792050619 10.0 0
1726792050720 20.0 0
1726792050821 30.0 0
1726792050920 40.0 0
1726792051019 50.0 0
1726792051125 60.0 0
1726792051226 70.0 0
1726792051329 80.0 0
1726792051431 90.0 0
1726792051528 100.0 1
1726792051629 110.0 1
1726792051733 120.0 1
1726792052427 0.0 0
1726792052533 10.0 0
1726792052629 20.0 0
1726792052727 30.0 0
1726792052824 40.0 0
1726792052920 50.0 0
1726792053015 60.0 0
1726792053125 70.0 0
1726792053224 80.0 0
1726792053324 90.0 0
1726792053423 100.0 2
1726792053521 110.0 2
1726792053621 120.0 2
1726792054314 0.0 0
1726792054417 10.0 0
1726792054515 20.0 0
1726792054612 30.0 0
1726792054713 40.0 0
1726792054812 50.0 0
1726792054909 60.0 0
1726792055007 70.0 0
1726792055104 80.0 0
1726792055211 90.0 0
1726792055310 100.0 3
1726792055407 110.0 3
1726792055504 120.0 3
1726792056192 0.0 0
1726792056302 10.0 0
1726792056399 20.0 0
1726792056498 30.0 0
1726792056598 40.0 0
1726792056697 50.0 0
1726792056795 60.0 0
1726792056892 70.0 0
1726792056989 80.0 0
1726792057088 90.0 0
1726792057192 100.0 4
1726792057297 110.0 4
1726792057397 120.0 4
