1726812724963 0.561823 0
1726812725067 0.471345 0
1726812725170 0.452165 0
1726812725274 0.339882 0
1726812725379 0.303134 0
1726812725482 0.490716 0
1726812725594 0.285844 0
1726812725705 0.245428 0
1726812725808 0.681106 0
1726812725909 0.384597 0
1726812726013 0.572975 1
1726812726117 0.530465 1
1726812726218 0.657631 1
1726812726320 0.488108 1
1726812726420 0.345109 1
1726812726520 1.392179 1
1726812726620 0.858167 1
1726812726719 1.323851 1
1726812726819 0.635768 1
1726812726918 0.182253 1
1726812727017 0.313935 2
1726812727118 0.252546 2
1726812727222 0.274503 2
1726812727322 0.143967 2
1726812727424 0.246758 2
1726812727523 0.136485 2
1726812727624 0.266885 2
1726812727733 0.264059 2
1726812727834 0.878626 2
1726812727936 0.520993 2
1726812728037 0.263787 3
1726812728137 0.220388 3
1726812728239 0.496632 3
1726812728343 0.298529 3
1726812728445 0.349022 3
1726812728547 2.846808 3
1726812728646 0.53549 3
1726812728746 1.154993 3
1726812728845 0.178527 3
1726812728945 0.170685 3
1726812729044 0.156682 4
1726812729142 0.267366 4
1726812729241 0.164742 4
1726812729344 0.249174 4
1726812729446 0.255844 4
1726812729551 0.365807 4
1726812731647 0.208079 0
1726812731748 0.440807 0
1726812731851 0.264249 0
1726812731949 0.267624 0
1726812732048 0.179763 0
1726812732145 0.294102 0
1726812732247 0.267644 0
1726812732348 0.164415 0
1726812732448 0.425453 0
1726812732548 0.318562 0
1726812732648 0.500235 2
1726812732748 0.587408 2
1726812732852 0.588921 2
1726812732955 0.373052 2
1726812733057 0.309483 2
1726812733159 1.577689 2
1726812733261 0.729237 2
1726812733362 1.164516 2
1726812733464 0.275695 2
1726812733565 0.177517 2
1726812733665 0.198471 4
1726812733764 0.220592 4
1726812733872 0.286639 4
1726812733971 0.153931 4
1726812734070 0.241714 4
1726812734169 0.14937 4
1726812734271 0.268044 4
1726812734370 0.275723 4
1726812734471 0.873335 4
1726812734570 0.36022 4
1726812734670 0.178749 6
1726812734770 0.140825 6
1726812734870 0.336089 6
1726812734969 0.336629 6
1726812735069 0.378055 6
1726812735169 1.906391 6
1726812735270 0.383003 6
1726812735372 1.001879 6
1726812735472 0.232193 6
1726812735572 0.126652 6
1726812735678 0.135213 8
1726812735778 0.215232 8
1726812735885 0.132486 8
1726812735988 0.247709 8
1726812736088 0.269828 8
1726812736188 0.356851 8
1726812738214 0.118158 0
1726812738315 0.379583 0
1726812738417 0.193421 0
1726812738521 0.260065 0
1726812738621 0.173636 0
1726812738724 0.304181 0
1726812738826 0.264445 0
1726812738925 0.177362 0
1726812739026 0.371924 0
1726812739128 0.288806 0
1726812739230 0.547773 3
1726812739331 0.527516 3
1726812739433 0.56058 3
1726812739534 0.461296 3
1726812739638 0.283572 3
1726812739744 1.485742 3
1726812739852 0.668773 3
1726812739961 1.090633 3
1726812740064 0.19977 3
1726812740165 0.186251 3
1726812740266 0.195598 6
1726812740382 0.211358 6
1726812740483 0.246138 6
1726812740583 0.146711 6
1726812740687 0.257608 6
1726812740788 0.126782 6
1726812740891 0.276306 6
1726812740992 0.224307 6
1726812741092 0.854062 6
1726812741193 0.284976 6
1726812741294 0.18694 9
1726812741397 0.124585 9
1726812741497 0.276331 9
1726812741597 0.313636 9
1726812741698 0.33794 9
1726812741798 1.565607 9
1726812741898 0.340153 9
1726812742005 0.982257 9
1726812742106 0.210125 9
1726812742205 0.134339 9
1726812742317 0.135504 12
1726812742424 0.274032 12
1726812742525 0.132773 12
1726812742627 0.254898 12
1726812742728 0.269155 12
1726812742828 0.381959 12
1726812744806 0.064631 0
1726812744907 0.412278 0
1726812745007 0.17966 0
1726812745106 0.257492 0
1726812745205 0.160867 0
1726812745305 0.268099 0
1726812745407 0.260184 0
1726812745506 0.171697 0
1726812745605 0.375811 0
1726812745705 0.273532 0
1726812745804 0.482088 4
1726812745911 0.565844 4
1726812746012 0.538842 4
1726812746122 0.441477 4
1726812746225 0.300611 4
1726812746326 1.531759 4
1726812746426 0.590871 4
1726812746525 1.012082 4
1726812746628 0.178098 4
1726812746731 0.181121 4
1726812746831 0.181792 8
1726812746931 0.211085 8
1726812747030 0.225799 8
1726812747130 0.143994 8
1726812747231 0.256953 8
1726812747334 0.123693 8
1726812747437 0.258458 8
1726812747540 0.237305 8
1726812747640 0.87608 8
1726812747741 0.266884 8
1726812747842 0.189892 12
1726812747942 0.131717 12
1726812748041 0.260632 12
1726812748148 0.333448 12
1726812748251 0.34066 12
1726812748352 1.444762 12
1726812748453 0.313877 12
1726812748556 0.948914 12
1726812748656 0.282572 12
1726812748756 0.121949 12
1726812748856 0.140962 16
1726812748957 0.235317 16
1726812749061 0.135658 16
1726812749162 0.264592 16
1726812749261 0.274969 16
1726812749365 0.365575 16
1726812751373 0.105416 0
1726812751475 0.332775 0
1726812751577 0.211028 0
1726812751679 0.252067 0
1726812751779 0.170181 0
1726812751879 0.274004 0
1726812751977 0.252022 0
1726812752080 0.16783 0
1726812752180 0.443897 0
1726812752287 0.29567 0
1726812752393 0.525751 5
1726812752496 0.513037 5
1726812752597 0.496485 5
1726812752695 0.512397 5
1726812752794 0.267174 5
1726812752895 1.581625 5
1726812752996 0.648989 5
1726812753103 0.968218 5
1726812753203 0.159054 5
1726812753304 0.182885 5
1726812753405 0.182768 10
1726812753505 0.218124 10
1726812753604 0.234323 10
1726812753703 0.144823 10
1726812753803 0.272828 10
1726812753904 0.127251 10
1726812754003 0.278823 10
1726812754103 0.221312 10
1726812754202 0.89159 10
1726812754309 0.297031 10
1726812754411 0.185326 15
1726812754511 0.117149 15
1726812754611 0.266056 15
1726812754710 0.340202 15
1726812754812 0.372258 15
1726812754912 1.247087 15
1726812755011 0.280529 15
1726812755111 0.953382 15
1726812755214 0.253019 15
1726812755317 0.134559 15
1726812755418 0.150677 20
1726812755520 0.198167 20
1726812755620 0.132143 20
1726812755720 0.241171 20
1726812755820 0.27481 20
1726812755923 0.331389 20
1726812757913 0.074122 0
1726812758012 0.328064 0
1726812758114 0.152105 0
1726812758213 0.251109 0
1726812758313 0.163543 0
1726812758419 0.286386 0
1726812758520 0.246966 0
1726812758620 0.17412 0
1726812758720 0.419106 0
1726812758820 0.282484 0
1726812758923 0.462746 6
1726812759026 0.537451 6
1726812759126 0.519583 6
1726812759226 0.538302 6
1726812759329 0.256772 6
1726812759430 1.434875 6
1726812759531 0.570061 6
1726812759631 0.98793 6
1726812759729 0.181836 6
1726812759828 0.181007 6
1726812759928 0.208927 12
1726812760036 0.19859 12
1726812760136 0.180744 12
1726812760235 0.157629 12
1726812760336 0.272775 12
1726812760448 0.125535 12
1726812760549 0.261884 12
1726812760651 0.228326 12
1726812760752 0.898364 12
1726812760853 0.266946 12
1726812760953 0.218243 18
1726812761053 0.151658 18
1726812761153 0.32702 18
1726812761253 0.30937 18
1726812761353 0.357908 18
1726812761455 1.339253 18
1726812761555 0.31651 18
1726812761654 0.934707 18
1726812761753 0.205174 18
1726812761853 0.136443 18
1726812761953 0.135457 24
1726812762052 0.214646 24
1726812762152 0.14277 24
1726812762252 0.269396 24
1726812762353 0.290931 24
1726812762459 0.322611 24
1726812764380 0.057029 0
1726812764482 0.378656 0
1726812764585 0.181254 0
1726812764685 0.261704 0
1726812764787 0.154725 0
1726812764889 0.267647 0
1726812764990 0.254776 0
1726812765090 0.177749 0
1726812765190 0.450812 0
1726812765290 0.275371 0
1726812765394 0.478521 7
1726812765495 0.528807 7
1726812765595 0.492896 7
1726812765695 0.484135 7
1726812765795 0.259515 7
1726812765895 1.454867 7
1726812765994 0.529482 7
1726812766095 0.950197 7
1726812766194 0.167628 7
1726812766295 0.178135 7
1726812766395 0.186648 14
1726812766495 0.213476 14
1726812766603 0.192643 14
1726812766704 0.152759 14
1726812766814 0.282227 14
1726812766918 0.130271 14
1726812767020 0.261789 14
1726812767120 0.226633 14
1726812767220 0.844998 14
1726812767320 0.290619 14
1726812767420 0.177063 21
1726812767519 0.11949 21
1726812767622 0.390452 21
1726812767723 0.373127 21
1726812767825 0.396494 21
1726812767928 1.208776 21
1726812768028 0.303871 21
1726812768130 0.941471 21
1726812768229 0.240219 21
1726812768330 0.128801 21
1726812768430 0.170828 28
1726812768530 0.187159 28
1726812768642 0.138938 28
1726812768758 0.233573 28
1726812768877 0.267443 28
1726812768980 0.2915 28
1726812770947 0.121371 0
1726812771048 0.335622 0
1726812771147 0.15406 0
1726812771246 0.253536 0
1726812771346 0.148903 0
1726812771447 0.28385 0
1726812771546 0.24923 0
1726812771646 0.169468 0
1726812771746 0.430518 0
1726812771845 0.251992 0
1726812771945 0.448714 8
1726812772049 0.51844 8
1726812772151 0.513957 8
1726812772256 0.545909 8
1726812772357 0.247848 8
1726812772459 1.404939 8
1726812772559 0.507986 8
1726812772663 0.942422 8
1726812772769 0.162266 8
1726812772872 0.169088 8
1726812772971 0.203589 16
1726812773070 0.1912 16
1726812773172 0.200725 16
1726812773278 0.143889 16
1726812773381 0.262553 16
1726812773482 0.139254 16
1726812773581 0.258276 16
1726812773678 0.218095 16
1726812773777 0.848102 16
1726812773875 0.285974 16
1726812773975 0.184649 24
1726812774073 0.121643 24
1726812774173 0.31065 24
1726812774272 0.367127 24
1726812774372 0.410531 24
1726812774472 1.116698 24
1726812774570 0.281962 24
1726812774669 0.932769 24
1726812774778 0.191783 24
1726812774879 0.13582 24
1726812774982 0.129611 32
1726812775081 0.191517 32
1726812775181 0.122922 32
1726812775284 0.24668 32
1726812775386 0.255513 32
1726812775487 0.348638 32
