1727270100849 1.272964 0
1727270100998 1.148834 0
1727270101142 1.144116 0
1727270101289 0.749316 0
1727270101443 0.459058 0
1727270101603 0.428535 0
1727270101768 0.734109 0
1727270101924 0.845368 0
1727270102082 0.766379 0
1727270102233 0.441125 0
1727270102384 0.632779 1
1727270102551 0.56649 1
1727270103319 1.092457 0
1727270103471 0.98628 0
1727270103624 1.008577 0
1727270103782 0.656349 0
1727270103933 0.440753 0
1727270104092 0.365192 0
1727270104244 0.666974 0
1727270104400 0.730839 0
1727270104555 0.704959 0
1727270104700 0.411955 0
1727270104856 0.520098 2
1727270105001 0.52152 2
1727270105784 0.92671 0
1727270105944 0.831864 0
1727270106115 0.867475 0
1727270106294 0.549611 0
1727270106451 0.430876 0
1727270106613 0.299685 0
1727270106786 0.60054 0
1727270106950 0.608673 0
1727270107119 0.66468 0
1727270107274 0.395917 0
1727270107430 0.405326 3
1727270107587 0.472424 3
1727270108376 0.749465 0
1727270108533 0.655211 0
1727270108685 0.731761 0
1727270108818 0.456178 0
1727270108972 0.426111 0
1727270109129 0.256759 0
1727270109289 0.553345 0
1727270109447 0.522502 0
1727270109610 0.639177 0
1727270109774 0.386353 0
1727270109928 0.345109 4
1727270110092 0.458187 4
1727270110852 0.658449 0
1727270111002 0.572582 0
1727270111148 0.657318 0
1727270111290 0.410055 0
1727270111440 0.417237 0
1727270111596 0.230757 0
1727270111741 0.520007 0
1727270111898 0.468124 0
1727270112050 0.632463 0
1727270112202 0.397944 0
1727270112354 0.293068 5
1727270112497 0.439414 5
1727270113235 0.579131 0
1727270113377 0.496614 0
1727270113522 0.581447 0
1727270113667 0.358215 0
1727270113816 0.411632 0
1727270113964 0.203936 0
1727270114111 0.499023 0
1727270114256 0.416304 0
1727270114395 0.626191 0
1727270114540 0.40188 0
1727270114686 0.237529 6
1727270114833 0.425132 6
1727270115605 0.487357 0
1727270115767 0.414639 0
1727270115931 0.513483 0
1727270116082 0.321796 0
1727270116233 0.412345 0
1727270116388 0.1916 0
1727270116535 0.482025 0
1727270116689 0.378546 0
1727270116839 0.631702 0
1727270116985 0.419169 0
1727270117135 0.224109 7
1727270117295 0.425507 7
1727270118099 0.450273 0
1727270118250 0.380486 0
1727270118388 0.482091 0
1727270118539 0.300941 0
1727270118697 0.407331 0
1727270118848 0.176611 0
1727270118999 0.472521 0
1727270119156 0.353303 0
1727270119311 0.636489 0
1727270119471 0.429615 0
1727270119621 0.19366 8
1727270119772 0.416812 8
1727270120568 0.409283 0
1727270120723 0.349224 0
1727270120875 0.451423 0
1727270121029 0.286465 0
1727270121183 0.406529 0
1727270121334 0.164563 0
1727270121488 0.464911 0
1727270121643 0.337135 0
1727270121796 0.640036 0
1727270121939 0.441452 0
1727270122110 0.178045 9
1727270122261 0.407773 9
1727270123070 0.367525 0
1727270123228 0.311101 0
1727270123377 0.425997 0
1727270123535 0.267664 0
1727270123698 0.40361 0
1727270123850 0.163933 0
1727270124001 0.458849 0
1727270124159 0.320798 0
1727270124309 0.64391 0
1727270124454 0.445555 0
1727270124600 0.170068 10
1727270124738 0.405447 10
