1726835938717 1.10463 0
1726835938846 0.525177 0
1726835938975 0.764907 0
1726835939102 1.488173 0
1726835939231 0.268729 0
1726835939359 0.537753 0
1726835939487 0.406707 0
1726835939616 0.454178 0
1726835939743 0.39275 0
1726835939871 0.301274 0
1726835940733 0.515801 0
1726835940861 0.423353 0
1726835940990 0.667828 0
1726835941118 0.815301 0
1726835941246 0.237839 0
1726835941373 0.384908 0
1726835941501 0.214144 0
1726835941630 0.16651 0
1726835941757 0.168678 0
1726835941885 0.202634 0
1726835942668 0.562203 0
1726835942795 0.204992 0
1726835942926 0.635945 0
1726835943054 0.557622 0
1726835943183 0.210398 0
1726835943314 0.320218 0
1726835943444 0.204996 0
1726835943573 0.176402 0
1726835943702 0.174417 0
1726835943831 0.227394 0
1726835944614 0.6463 0
1726835944743 0.185206 0
1726835944871 0.636625 0
1726835945001 0.588113 0
1726835945130 0.211043 0
1726835945259 0.230473 0
1726835945387 0.218907 0
1726835945516 0.153386 0
1726835945644 0.175638 0
1726835945773 0.205229 0
1726835946554 0.531064 0
1726835946684 0.184959 0
1726835946812 0.641651 0
1726835946941 0.51775 0
1726835947071 0.187466 0
1726835947200 0.180413 0
1726835947330 0.183816 0
1726835947458 0.144605 0
1726835947588 0.178643 0
1726835947716 0.186253 0
1726835948497 0.544176 0
1726835948625 0.179621 0
1726835948756 0.649195 0
1726835948885 0.478523 0
1726835949015 0.184443 0
1726835949145 0.175339 0
1726835949273 0.185917 0
1726835949402 0.15183 0
1726835949531 0.176753 0
1726835949661 0.188083 0
1726835950438 0.5355 0
1726835950567 0.183576 0
1726835950696 0.646592 0
1726835950825 0.47646 0
1726835950954 0.181518 0
1726835951084 0.176274 0
1726835951213 0.185864 0
1726835951359 0.148016 0
1726835951488 0.182794 0
1726835951617 0.18972 0
1726835952393 0.532076 0
1726835952521 0.179847 0
1726835952649 0.624822 0
1726835952778 0.470926 0
1726835952906 0.176148 0
1726835953033 0.171099 0
1726835953162 0.178393 0
1726835953290 0.149779 0
1726835953420 0.182398 0
1726835953548 0.194495 0
1726835954322 0.510647 0
1726835954449 0.178529 0
1726835954579 0.645304 0
1726835954706 0.443261 0
1726835954834 0.175434 0
1726835954962 0.169184 0
1726835955089 0.171941 0
1726835955218 0.154852 0
1726835955346 0.171687 0
1726835955474 0.186295 0
1726835956254 0.535347 0
1726835956382 0.179576 0
1726835956510 0.635172 0
1726835956639 0.44156 0
1726835956767 0.176102 0
1726835956896 0.159856 0
1726835957024 0.170481 0
1726835957152 0.146605 0
1726835957280 0.17388 0
1726835957408 0.197555 0
