1727120377531 81.498154 0
1727120377633 35.837658 0
1727120377732 73.857613 0
1727120377833 13.517466 0
1727120377935 16.147602 0
1727120378035 8.271252 0
1727120378136 16.168467 0
1727120378235 45.759579 0
1727120378334 44.374271 0
1727120378435 10.01587 0
1727120379025 20.833784 0
1727120379122 12.083226 0
1727120379222 7.492427 0
1727120379322 1.825824 0
1727120379421 0.714937 0
1727120379524 1.076029 0
1727120379625 2.874465 0
1727120379722 2.751025 0
1727120379821 2.074759 0
1727120379921 2.41617 0
1727120380416 8.402665 0
1727120380520 23.771791 0
1727120380620 8.510764 0
1727120380719 1.05136 0
1727120380818 0.690954 0
1727120380918 1.095736 0
1727120381019 1.686958 0
1727120381117 2.44916 0
1727120381217 1.65456 0
1727120381317 1.913936 0
1727120381813 7.119898 0
1727120381914 13.730656 0
1727120382018 106.615044 0
1727120382120 1.475612 0
1727120382219 0.687759 0
1727120382320 1.023131 0
1727120382419 1.128094 0
1727120382519 6.014115 0
1727120382618 1.715001 0
1727120382720 1.85563 0
1727120383212 13.668477 0
1727120383313 12.032799 0
1727120383411 16.789284 0
1727120383514 1.636212 0
1727120383618 0.711734 0
1727120383719 1.002017 0
1727120383819 0.94266 0
1727120383918 5.722922 0
1727120384022 1.615567 0
1727120384123 1.637764 0
1727120384617 15.739447 0
1727120384720 54.400131 0
1727120384822 34.015373 0
1727120384923 1.69738 0
1727120385025 0.739738 0
1727120385126 0.998447 0
1727120385227 0.938284 0
1727120385329 11.622797 0
1727120385429 1.644431 0
1727120385529 1.659271 0
1727120386028 10.894826 0
1727120386133 8.081634 0
1727120386234 14.038536 0
1727120386335 1.634091 0
1727120386435 0.748681 0
1727120386534 1.000714 0
1727120386634 0.98795 0
1727120386735 4.348948 0
1727120386834 1.669583 0
1727120386934 1.694084 0
1727120387426 72.341309 0
1727120387528 34.661758 0
1727120387628 31.294712 0
1727120387730 1.685771 0
1727120387830 0.746345 0
1727120387929 1.001963 0
1727120388028 1.048811 0
1727120388134 5.317528 0
1727120388236 1.745136 0
1727120388338 1.689319 0
1727120388833 147.987625 0
1727120388935 9.328409 0
1727120389035 34.693306 0
1727120389134 1.717032 0
1727120389235 0.766246 0
1727120389335 1.001688 0
1727120389437 1.000851 0
1727120389537 5.162015 0
1727120389639 1.811443 0
1727120389742 1.701635 0
1727120390249 15.568439 0
1727120390354 16.295025 0
1727120390455 33.220242 0
1727120390556 1.691634 0
1727120390658 0.767343 0
1727120390760 0.992755 0
1727120390860 0.968598 0
1727120390963 4.148989 0
1727120391064 1.794281 0
1727120391165 1.671558 0
