1726870753555 0.892209 0
1726870753696 0.40882 0
1726870753836 0.254545 0
1726870753981 0.225375 0
1726870754119 0.443917 0
1726870754260 0.158901 0
1726870754400 0.484525 0
1726870754535 0.182771 0
1726870754673 0.243189 0
1726870754815 0.146082 0
1726870754959 0.391828 1
1726870755103 0.141579 1
1726870755244 0.204724 1
1726870755386 0.164372 1
1726870755532 0.086612 1
1726870755677 0.177416 1
1726870756982 0.361635 0
1726870757128 0.155339 0
1726870757277 0.17028 0
1726870757421 0.163782 0
1726870757562 0.366851 0
1726870757710 0.150995 0
1726870757861 0.419792 0
1726870758010 0.2058 0
1726870758159 0.235141 0
1726870758300 0.10008 0
1726870758448 0.165611 2
1726870758588 0.1251 2
1726870758725 0.187293 2
1726870758872 0.125109 2
1726870759021 0.107617 2
1726870759173 0.180714 2
1726870760362 0.212271 0
1726870760503 0.100111 0
1726870760651 0.14755 0
1726870760792 0.184597 0
1726870760939 0.356495 0
1726870761086 0.175516 0
1726870761237 0.379509 0
1726870761387 0.192132 0
1726870761533 0.199925 0
1726870761673 0.118373 0
1726870761810 0.095913 3
1726870761958 0.139867 3
1726870762107 0.164988 3
1726870762257 0.138116 3
1726870762401 0.07723 3
1726870762538 0.168534 3
1726870763786 0.214389 0
1726870763939 0.111041 0
1726870764085 0.116038 0
1726870764229 0.17067 0
1726870764370 0.304782 0
1726870764512 0.146283 0
1726870764657 0.36195 0
1726870764797 0.160171 0
1726870764939 0.298572 0
1726870765079 0.117948 0
1726870765219 0.19957 4
1726870765359 0.108966 4
1726870765498 0.150411 4
1726870765639 0.108518 4
1726870765782 0.078181 4
1726870765925 0.172432 4
1726870767081 0.192616 0
1726870767221 0.105613 0
1726870767357 0.102425 0
1726870767493 0.166955 0
1726870767635 0.289751 0
1726870767774 0.109039 0
1726870767910 0.338862 0
1726870768047 0.15107 0
1726870768185 0.223385 0
1726870768324 0.088073 0
1726870768463 0.150395 5
1726870768599 0.103709 5
1726870768735 0.149055 5
1726870768871 0.104435 5
1726870769013 0.07717 5
1726870769161 0.176619 5
1726870770357 0.192261 0
1726870770502 0.102709 0
1726870770641 0.099736 0
1726870770778 0.161937 0
1726870770918 0.289475 0
1726870771052 0.110998 0
1726870771190 0.333595 0
1726870771326 0.148314 0
1726870771466 0.218098 0
1726870771613 0.082758 0
1726870771760 0.139976 6
1726870771902 0.104646 6
1726870772043 0.14796 6
1726870772180 0.105301 6
1726870772323 0.078607 6
1726870772459 0.1765 6
1726870773693 0.201259 0
1726870773832 0.100775 0
1726870773972 0.097839 0
1726870774110 0.158179 0
1726870774247 0.299401 0
1726870774384 0.110415 0
1726870774519 0.335884 0
1726870774658 0.152238 0
1726870774808 0.219032 0
1726870774951 0.083017 0
1726870775091 0.139014 7
1726870775227 0.100822 7
1726870775364 0.15193 7
1726870775508 0.104013 7
1726870775646 0.075741 7
1726870775786 0.174977 7
1726870776927 0.196842 0
1726870777069 0.097322 0
1726870777209 0.099703 0
1726870777347 0.159943 0
1726870777485 0.287795 0
1726870777625 0.111276 0
1726870777760 0.331669 0
1726870777901 0.150429 0
1726870778038 0.217967 0
1726870778175 0.079582 0
1726870778314 0.134407 8
1726870778450 0.102471 8
1726870778584 0.145198 8
1726870778719 0.104943 8
1726870778854 0.076688 8
1726870778989 0.175798 8
1726870780113 0.201001 0
1726870780250 0.096602 0
1726870780385 0.099674 0
1726870780518 0.161612 0
1726870780666 0.288859 0
1726870780811 0.109131 0
1726870780951 0.333016 0
1726870781093 0.150197 0
1726870781232 0.209743 0
1726870781377 0.079687 0
1726870781517 0.134777 9
1726870781659 0.104437 9
1726870781809 0.145401 9
1726870781953 0.104151 9
1726870782121 0.074623 9
1726870782280 0.178317 9
1726870783551 0.198331 0
1726870783709 0.100763 0
1726870783866 0.101547 0
1726870784020 0.162251 0
1726870784161 0.288804 0
1726870784299 0.11173 0
1726870784439 0.330851 0
1726870784580 0.151402 0
1726870784721 0.218258 0
1726870784860 0.082074 0
1726870784996 0.1358 10
1726870785133 0.104084 10
1726870785269 0.151743 10
1726870785405 0.10134 10
1726870785551 0.074331 10
1726870785689 0.171874 10
