1727104134986 98.530914 0
1727104135109 21.498505 0
1727104135241 25.644573 0
1727104135374 6.75814 0
1727104135500 31.663948 0
1727104136027 0.399374 0
1727104136149 1.838273 0
1727104136266 3.051423 0
1727104136392 5.697114 0
1727104136524 2.376037 0
1727104136974 3.976751 0
1727104137094 2.931967 0
1727104137207 1.377029 0
1727104137335 7.99226 0
1727104137458 1.601462 0
1727104137879 0.952449 0
1727104138001 1.80258 0
1727104138123 1.161848 0
1727104138243 1.790503 0
1727104138371 1.464057 0
1727104138803 1.768426 0
1727104138927 1.343469 0
1727104139047 0.867183 0
1727104139179 4.179354 0
1727104139309 1.291777 0
1727104139751 1.466253 0
1727104139874 3.172019 0
1727104139996 0.847731 0
1727104140104 3.59567 0
1727104140223 1.167485 0
