1727100337648 0.487845 0
1727100337840 0.022323 0
1727100338030 0.056725 0
1727100338213 0.261797 0
1727100338398 0.444285 0
1727100338999 0.071384 0
1727100339188 0.038761 0
1727100339380 0.006894 0
1727100339570 0.284708 0
1727100339753 0.350174 0
1727100340308 0.070815 0
1727100340494 0.113099 0
1727100340679 0.011504 0
1727100340866 0.458406 0
1727100341062 0.324952 0
1727100341672 0.083692 0
1727100341856 0.044463 0
1727100342043 0.012295 0
1727100342230 0.353204 0
1727100342421 0.431704 0
