1726747381503 0.140675 0
1726747381628 0.242442 0
1726747381755 0.132392 0
1726747381864 0.069123 0
1726747381962 0.19271 0
1726747382052 0.274578 0
1726747382144 0.051259 0
1726747382237 0.083089 0
1726747382336 0.112213 0
1726747382439 0.157241 0
1726747382555 0.441756 1
1726747382677 0.115512 1
1726747382799 0.165843 1
1726747382908 0.224589 1
1726747383003 0.085212 1
1726747383094 0.139722 1
1726747383182 0.131565 1
1726747383273 0.175317 1
1726747383370 0.090635 1
1726747383475 0.15415 1
1726747383582 0.039964 2
1726747383682 0.024265 2
1726747383779 0.115639 2
1726747383875 0.336644 2
1726747383972 0.046187 2
1726747384063 0.066956 2
1726747384157 0.054304 2
1726747384254 0.195867 2
1726747384355 0.275552 2
1726747384468 0.09668 2
1726747384573 0.054642 3
1726747384671 0.047561 3
1726747384765 0.050963 3
1726747384857 0.110104 3
1726747384950 0.125436 3
1726747385041 0.316909 3
1726747385134 0.406073 3
1726747385228 0.102112 3
1726747385324 0.116161 3
1726747385426 0.070464 3
1726747385542 0.138296 4
1726747385657 0.090992 4
1726747385768 0.638117 4
1726747385884 0.15734 4
1726747385997 0.133027 4
1726747386111 0.472557 4
1726747386222 0.297736 4
1726747386334 0.114072 4
1726747386446 0.221836 4
1726747386557 0.467755 4
1726747386667 0.045672 5
1726747386779 0.142529 5
1726747386895 0.175489 5
1726747387014 0.189704 5
1726747387123 0.154097 5
1726747387227 0.151276 5
1726747387334 0.118458 5
1726747387441 0.271087 5
1726747387547 0.649926 5
1726747387657 0.251079 5
1726747387768 0.11589 6
1726747387878 2.712718 6
1726747387984 0.233939 6
1726747388089 0.254914 6
1726747388196 0.230568 6
1726747388305 0.131669 6
1726747388413 0.264303 6
1726747388521 0.164169 6
1726747388629 0.194746 6
1726747388737 0.138364 6
1726747388847 0.030202 7
1726747388964 0.160642 7
1726747389080 0.390826 7
1726747389200 0.106682 7
1726747389320 0.135286 7
1726747389440 0.153874 7
1726747389554 0.106835 7
1726747389667 1.271049 7
1726747389777 0.374967 7
1726747389891 0.125915 7
1726747390003 0.322841 8
1726747390119 0.706216 8
1726747390237 0.132808 8
1726747390354 0.169006 8
1726747390498 0.417399 8
1726747390615 0.572519 8
1726747390727 0.086531 8
1726747390833 0.047767 8
1726747390940 0.145673 8
1726747391048 0.061728 8
1726747391159 0.175166 9
1726747391275 0.140049 9
1726747391396 0.158285 9
1726747400113 0.176294 0
1726747400252 0.058995 0
1726747400359 0.074831 0
1726747400461 0.077277 0
1726747400565 0.104987 0
1726747400664 0.218795 0
1726747400759 0.031058 0
1726747400852 0.057375 0
1726747400945 0.061547 0
1726747401038 0.14014 0
1726747401138 0.336101 2
1726747401236 0.043453 2
1726747401333 0.15237 2
1726747401428 0.076812 2
1726747401523 0.075516 2
1726747401622 0.120218 2
1726747401717 0.101037 2
1726747401811 0.258056 2
1726747401904 0.087783 2
1726747402001 0.154193 2
1726747402103 0.030737 4
1726747402200 0.022106 4
1726747402298 0.103625 4
1726747402400 0.155455 4
1726747402496 0.038753 4
1726747402600 0.07129 4
1726747402717 0.055795 4
1726747402832 0.195128 4
1726747402931 0.259993 4
1726747403023 0.095776 4
1726747403114 0.054974 6
1726747403201 0.087729 6
1726747403306 0.043443 6
1726747403403 0.116878 6
1726747403501 0.14827 6
1726747403596 0.230456 6
1726747403690 0.465134 6
1726747403783 0.088081 6
1726747403878 0.080856 6
1726747403977 0.076351 6
1726747404080 0.123594 8
1726747404176 0.097902 8
1726747404267 0.647908 8
1726747404358 0.199602 8
1726747404455 0.136753 8
1726747404550 0.218274 8
1726747404643 0.276007 8
1726747404728 0.120179 8
1726747404814 0.176616 8
1726747404901 0.413624 8
1726747404992 0.050011 10
1726747405086 0.151574 10
1726747405191 0.152116 10
1726747405298 0.158786 10
1726747405405 0.175967 10
1726747405501 0.144093 10
1726747405595 0.112621 10
1726747405694 0.279025 10
1726747405796 0.587457 10
1726747405896 0.271033 10
1726747405998 0.133886 12
1726747406096 2.800559 12
1726747406194 0.230884 12
1726747406291 0.225708 12
1726747406387 0.209439 12
1726747406494 0.119862 12
1726747406590 0.241194 12
1726747406687 0.208011 12
1726747406796 0.216062 12
1726747406916 0.135258 12
1726747407037 0.032414 14
1726747407142 0.14816 14
1726747407237 0.28221 14
1726747407328 0.112187 14
1726747407430 0.123042 14
1726747407533 0.147789 14
1726747407644 0.113235 14
1726747407771 1.274959 14
1726747407888 0.359921 14
1726747407990 0.117211 14
1726747408085 0.261863 16
1726747408178 0.700663 16
1726747408270 0.13644 16
1726747408366 0.136015 16
1726747408497 0.428947 16
1726747408620 0.553597 16
1726747408726 0.080747 16
1726747408833 0.047238 16
1726747408936 0.133894 16
1726747409039 0.07763 16
1726747409150 0.173133 18
1726747409270 0.128164 18
1726747409393 0.221488 18
1726747418306 0.166566 0
1726747418434 0.059938 0
1726747418540 0.073538 0
1726747418648 0.074086 0
1726747418760 0.125717 0
1726747418867 0.214152 0
1726747418974 0.030538 0
1726747419077 0.049847 0
1726747419183 0.055282 0
1726747419286 0.134454 0
1726747419385 0.331963 3
1726747419489 0.05257 3
1726747419598 0.170377 3
1726747419708 0.056263 3
1726747419813 0.060055 3
1726747419914 0.119753 3
1726747420018 0.104842 3
1726747420132 0.27438 3
1726747420256 0.07931 3
1726747420380 0.140182 3
1726747420505 0.038305 6
1726747420621 0.029045 6
1726747420735 0.107529 6
1726747420852 0.170586 6
1726747420984 0.04166 6
1726747421106 0.075442 6
1726747421222 0.055312 6
1726747421333 0.224634 6
1726747421449 0.260144 6
1726747421566 0.102417 6
1726747421683 0.056595 9
1726747421789 0.08233 9
1726747421891 0.042166 9
1726747421996 0.122888 9
1726747422105 0.143302 9
1726747422222 0.31714 9
1726747422335 0.457744 9
1726747422444 0.079657 9
1726747422543 0.096783 9
1726747422641 0.071416 9
1726747422740 0.111947 12
1726747422834 0.091234 12
1726747422939 0.624249 12
1726747423062 0.202593 12
1726747423189 0.142001 12
1726747423311 0.199423 12
1726747423420 0.244268 12
1726747423525 0.122153 12
1726747423626 0.163506 12
1726747423720 0.398527 12
1726747423814 0.059189 15
1726747423917 0.134579 15
1726747424026 0.145001 15
1726747424148 0.189833 15
1726747424263 0.178139 15
1726747424377 0.13883 15
1726747424485 0.09825 15
1726747424589 0.282563 15
1726747424693 0.53899 15
1726747424796 0.271323 15
1726747424908 0.144861 18
1726747425029 2.865201 18
1726747425150 0.230763 18
1726747425268 0.20272 18
1726747425380 0.223174 18
1726747425487 0.130812 18
1726747425594 0.258189 18
1726747425701 0.191279 18
1726747425809 0.231905 18
1726747425916 0.143563 18
1726747426017 0.031475 21
1726747426109 0.133474 21
1726747426204 0.30679 21
1726747426294 0.110831 21
1726747426386 0.112474 21
1726747426484 0.160071 21
1726747426586 0.120563 21
1726747426718 1.262964 21
1726747426838 0.3628 21
1726747426954 0.114717 21
1726747427075 0.285222 24
1726747427187 0.683581 24
1726747427292 0.134498 24
1726747427387 0.163204 24
1726747427481 0.421462 24
1726747427577 0.551528 24
1726747427670 0.084888 24
1726747427769 0.069606 24
1726747427869 0.124818 24
1726747427976 0.073058 24
1726747428086 0.166446 27
1726747428194 0.130012 27
1726747428303 0.196098 27
1726747436920 0.239698 0
1726747437036 0.060839 0
1726747437144 0.080822 0
1726747437263 0.082827 0
1726747437391 0.11606 0
1726747437523 0.207229 0
1726747437642 0.030989 0
1726747437749 0.044685 0
1726747437848 0.057266 0
1726747437945 0.131424 0
1726747438041 0.322569 4
1726747438141 0.050615 4
1726747438239 0.175968 4
1726747438338 0.043153 4
1726747438437 0.057379 4
1726747438543 0.123721 4
1726747438731 0.096261 4
1726747438900 0.288462 4
1726747439073 0.072905 4
1726747439171 0.151261 4
1726747439273 0.03689 8
1726747439375 0.024838 8
1726747439480 0.091108 8
1726747439587 0.138714 8
1726747439696 0.036987 8
1726747439806 0.065789 8
1726747439910 0.057166 8
1726747440013 0.220547 8
1726747440116 0.257733 8
1726747440216 0.102952 8
1726747440316 0.048106 12
1726747440412 0.082971 12
1726747440512 0.038703 12
1726747440625 0.114701 12
1726747440738 0.142111 12
1726747440855 0.324491 12
1726747440963 0.474194 12
1726747441066 0.085853 12
1726747441166 0.098479 12
1726747441270 0.086205 12
1726747441384 0.120339 16
1726747441482 0.086752 16
1726747441582 0.631242 16
1726747441688 0.205497 16
1726747441802 0.127279 16
1726747441917 0.183706 16
1726747442033 0.240724 16
1726747442148 0.109169 16
1726747442283 0.188409 16
1726747442406 0.403664 16
1726747442534 0.037148 20
1726747442679 0.123007 20
1726747442848 0.1411 20
1726747443007 0.184895 20
1726747443163 0.186009 20
1726747443299 0.13266 20
1726747443412 0.104216 20
1726747443514 0.273801 20
1726747443611 0.460822 20
1726747443710 0.248044 20
1726747443813 0.141886 24
1726747443915 2.815588 24
1726747444028 0.254006 24
1726747444152 0.209176 24
1726747444257 0.214408 24
1726747444366 0.136898 24
1726747444471 0.258569 24
1726747444577 0.188303 24
1726747444696 0.203541 24
1726747444838 0.171396 24
1726747444958 0.03437 28
1726747445068 0.137513 28
1726747445171 0.285095 28
1726747445268 0.118956 28
1726747445366 0.116119 28
1726747445462 0.154876 28
1726747445563 0.121111 28
1726747445663 1.257579 28
1726747445767 0.358279 28
1726747445873 0.113246 28
1726747445978 0.23755 32
1726747446079 0.693142 32
1726747446178 0.13963 32
1726747446281 0.170265 32
1726747446386 0.406835 32
1726747446491 0.549346 32
1726747446597 0.086126 32
1726747446703 0.057506 32
1726747446817 0.138323 32
1726747446934 0.06362 32
1726747447043 0.165056 36
1726747447148 0.138317 36
1726747447250 0.190315 36
1726747455395 0.130312 0
1726747455504 0.055893 0
1726747455606 0.065015 0
1726747455710 0.076176 0
1726747455822 0.117949 0
1726747455930 0.197404 0
1726747456034 0.032143 0
1726747456131 0.048753 0
1726747456225 0.055784 0
1726747456321 0.129224 0
1726747456429 0.318243 5
1726747456537 0.048439 5
1726747456660 0.179789 5
1726747456821 0.052069 5
1726747456941 0.057633 5
1726747457041 0.125447 5
1726747457146 0.090036 5
1726747457259 0.299254 5
1726747457389 0.078137 5
1726747457511 0.152098 5
1726747457626 0.037166 10
1726747457742 0.024879 10
1726747457848 0.093771 10
1726747457954 0.147543 10
1726747458049 0.038243 10
1726747458152 0.064073 10
1726747458258 0.05508 10
1726747458376 0.208541 10
1726747458500 0.266749 10
1726747458622 0.098448 10
1726747458739 0.050385 15
1726747458851 0.083252 15
1726747458951 0.039966 15
1726747459052 0.116785 15
1726747459160 0.150863 15
1726747459267 0.262073 15
1726747459385 0.467459 15
1726747459523 0.094355 15
1726747459653 0.091282 15
1726747459782 0.084807 15
1726747459911 0.120551 20
1726747460036 0.085399 20
1726747460164 0.627519 20
1726747460285 0.200447 20
1726747460396 0.121431 20
1726747460494 0.189458 20
1726747460587 0.220492 20
1726747460677 0.108843 20
1726747460769 0.155472 20
1726747460869 0.390789 20
1726747460975 0.041835 25
1726747461086 0.132455 25
1726747461203 0.147287 25
1726747461326 0.154912 25
1726747461451 0.177555 25
1726747461562 0.128713 25
1726747461668 0.111729 25
1726747461773 0.268994 25
1726747461883 0.461484 25
1726747462004 0.27036 25
1726747462133 0.135949 30
1726747462250 2.828056 30
1726747462370 0.255463 30
1726747462481 0.206478 30
1726747462595 0.218126 30
1726747462706 0.121013 30
1726747462814 0.257038 30
1726747462926 0.209414 30
1726747463032 0.194982 30
1726747463132 0.17218 30
1726747463248 0.034564 35
1726747463361 0.12411 35
1726747463477 0.238078 35
1726747463588 0.109807 35
1726747463710 0.110812 35
1726747463844 0.160178 35
1726747463963 0.124817 35
1726747464076 1.260847 35
1726747464192 0.379202 35
1726747464306 0.11125 35
1726747464422 0.2691 40
1726747464536 0.636616 40
1726747464647 0.134042 40
1726747464754 0.155568 40
1726747464853 0.395917 40
1726747464943 0.549165 40
1726747465031 0.090483 40
1726747465120 0.053969 40
1726747465214 0.143064 40
1726747465309 0.072803 40
1726747465409 0.15756 45
1726747465508 0.133109 45
1726747465604 0.200923 45
1726747474177 0.13854 0
1726747474311 0.05637 0
1726747474412 0.062828 0
1726747474515 0.075693 0
1726747474627 0.118744 0
1726747474751 0.210772 0
1726747474867 0.029034 0
1726747474972 0.048091 0
1726747475072 0.060441 0
1726747475167 0.133586 0
1726747475267 0.31897 6
1726747475366 0.050071 6
1726747475464 0.174275 6
1726747475563 0.048097 6
1726747475664 0.056097 6
1726747475767 0.125153 6
1726747475860 0.100026 6
1726747475949 0.314744 6
1726747476044 0.077475 6
1726747476136 0.143292 6
1726747476246 0.035071 12
1726747476356 0.023647 12
1726747476464 0.099741 12
1726747476578 0.163641 12
1726747476694 0.037993 12
1726747476827 0.070302 12
1726747476942 0.059171 12
1726747477054 0.20781 12
1726747477153 0.27374 12
1726747477250 0.099651 12
1726747477346 0.047077 18
1726747477441 0.087259 18
1726747477542 0.043883 18
1726747477643 0.114284 18
1726747477741 0.144567 18
1726747477836 0.271223 18
1726747477933 0.471615 18
1726747478035 0.087002 18
1726747478141 0.088493 18
1726747478241 0.080345 18
1726747478341 0.12162 24
1726747478442 0.07998 24
1726747478545 0.601721 24
1726747478650 0.20484 24
1726747478758 0.131836 24
1726747478863 0.169903 24
1726747478966 0.206022 24
1726747479076 0.10407 24
1726747479185 0.184791 24
1726747479295 0.366829 24
1726747479396 0.045541 30
1726747479504 0.124119 30
1726747479611 0.142244 30
1726747479717 0.15412 30
1726747479823 0.165175 30
1726747479930 0.138112 30
1726747480032 0.103483 30
1726747480132 0.263423 30
1726747480240 0.475655 30
1726747480351 0.271389 30
1726747480466 0.141849 36
1726747480590 2.815293 36
1726747480705 0.266424 36
1726747480815 0.194948 36
1726747480927 0.214576 36
1726747481039 0.129484 36
1726747481158 0.256235 36
1726747481271 0.202187 36
1726747481371 0.206272 36
1726747481464 0.174831 36
1726747481557 0.032543 42
1726747481653 0.122554 42
1726747481753 0.236147 42
1726747481849 0.110127 42
1726747481944 0.101995 42
1726747482036 0.164834 42
1726747482131 0.12384 42
1726747482234 1.234712 42
1726747482334 0.366188 42
1726747482434 0.109478 42
1726747482536 0.231561 48
1726747482639 0.691347 48
1726747482752 0.126409 48
1726747482863 0.150147 48
1726747482976 0.39209 48
1726747483096 0.532121 48
1726747483226 0.078675 48
1726747483346 0.049693 48
1726747483454 0.146111 48
1726747483550 0.066227 48
1726747483651 0.156261 54
1726747483743 0.125796 54
1726747483835 0.193929 54
