1727272339112 0.878342 0
1727272339245 0.28558 0
1727272339377 0.125865 0
1727272339512 0.444944 0
1727272339645 0.464747 0
1727272339775 1.204467 0
1727272339905 1.318728 0
1727272340048 0.251625 0
1727272340193 0.221141 0
1727272340338 0.335175 0
1727272340476 0.148432 1
1727272340597 0.372077 1
1727272340731 0.236051 1
1727272341393 0.153741 0
1727272341530 0.175506 0
1727272341672 0.202454 0
1727272341814 0.451642 0
1727272341959 1.13015 0
1727272342105 0.439197 0
1727272342251 0.658626 0
1727272342396 0.243764 0
1727272342526 0.257294 0
1727272342667 0.341308 0
1727272342797 0.163569 2
1727272342937 0.310873 2
1727272343065 0.161991 2
1727272343690 0.174618 0
1727272343821 0.17723 0
1727272343944 0.150117 0
1727272344080 0.438995 0
1727272344207 0.716394 0
1727272344353 0.485176 0
1727272344491 0.908204 0
1727272344628 0.228297 0
1727272344767 0.187461 0
1727272344910 0.381356 0
1727272345049 0.229847 3
1727272345181 0.244046 3
1727272345306 0.138751 3
1727272345951 0.257439 0
1727272346083 0.163989 0
1727272346212 0.149504 0
1727272346345 0.423781 0
1727272346487 0.70856 0
1727272346624 0.298142 0
1727272346760 0.810868 0
1727272346890 0.310983 0
1727272347024 0.203776 0
1727272347157 0.364499 0
1727272347294 0.270876 4
1727272347436 0.19968 4
1727272347567 0.144054 4
1727272348233 0.211462 0
1727272348356 0.16882 0
1727272348494 0.147713 0
1727272348634 0.431727 0
1727272348775 0.69684 0
1727272348919 0.231902 0
1727272349053 0.8611 0
1727272349194 0.264887 0
1727272349334 0.216637 0
1727272349474 0.356061 0
1727272349609 0.297754 5
1727272349745 0.216633 5
1727272349880 0.115114 5
