1726745824324 1.290893 0
1726745824425 11.265952 0
1726745824523 0.787296 0
1726745824620 0.765218 0
1726745824716 1.777396 0
1726745824811 2.082798 0
1726745824906 3.481211 0
1726745825003 5.948681 0
1726745825101 0.497 0
1726745825197 0.809141 0
1726745825296 0.510222 1
1726745825398 1.185804 1
1726745825501 0.775282 1
1726745825602 0.729143 1
1726745825701 0.395294 1
1726745825799 0.647397 1
1726745825900 0.458964 1
1726745825996 0.682385 1
1726745826098 1.216832 1
1726745826204 0.373566 1
1726745826314 1.086175 2
1726745826421 0.721102 2
1726745826528 0.86771 2
1726745826633 0.380399 2
1726745826741 0.282214 2
1726745826850 1.494935 2
1726745826957 1.141788 2
1726745827062 0.80195 2
1726745827167 2.133015 2
1726745827275 2.489666 2
1726745827380 1.492781 3
1726745827486 3.024728 3
1726745827589 1.273106 3
1726745827691 0.40274 3
1726745827793 1.24592 3
1726745831105 1.363676 0
1726745831245 0.869338 0
1726745831343 2.00431 0
1726745831444 3.865424 0
1726745831551 2.190169 0
1726745831657 0.801176 0
1726745831760 4.598806 0
1726745831857 0.35018 0
1726745831954 0.184956 0
1726745832051 0.562955 0
1726745832155 0.585237 2
1726745832260 0.411247 2
1726745832369 1.926673 2
1726745832483 1.147457 2
1726745832601 0.771911 2
1726745832707 1.285669 2
1726745832805 0.537182 2
1726745832901 0.393884 2
1726745832997 1.505668 2
1726745833096 0.252265 2
1726745833199 0.824733 4
1726745833296 0.723384 4
1726745833393 0.708553 4
1726745833489 1.019345 4
1726745833588 0.497852 4
1726745833694 2.005549 4
1726745833807 1.017746 4
1726745833919 1.473786 4
1726745834026 2.855421 4
1726745834129 2.750551 4
1726745834229 2.424245 6
1726745834325 2.303777 6
1726745834417 3.594865 6
1726745834513 1.253785 6
1726745834610 1.004606 6
1726745838159 0.737395 0
1726745838273 0.581211 0
1726745838374 0.628592 0
1726745838481 2.295882 0
1726745838594 1.441683 0
1726745838712 1.093147 0
1726745838829 2.423082 0
1726745838941 3.835294 0
1726745839041 2.295488 0
1726745839138 2.409558 0
1726745839235 0.232757 3
1726745839336 0.64635 3
1726745839441 0.523008 3
1726745839551 0.426555 3
1726745839659 0.4076 3
1726745839761 0.589591 3
1726745839857 0.627521 3
1726745839954 0.55601 3
1726745840050 1.337273 3
1726745840150 0.546059 3
1726745840252 0.507193 6
1726745840355 0.773362 6
1726745840459 0.613763 6
1726745840557 0.691662 6
1726745840658 0.369982 6
1726745840759 1.8476 6
1726745840863 1.192008 6
1726745840970 1.868761 6
1726745841077 0.54306 6
1726745841176 0.644902 6
1726745841272 0.752479 9
1726745841370 1.711786 9
1726745841467 0.475094 9
1726745841569 0.66654 9
1726745841679 0.462894 9
1726745845150 0.805519 0
1726745845279 0.739991 0
1726745845388 0.913662 0
1726745845498 0.998275 0
1726745845608 0.580159 0
1726745845718 1.650373 0
1726745845821 1.583496 0
1726745845919 1.473315 0
1726745846017 0.42806 0
1726745846117 0.626334 0
1726745846217 0.721238 4
1726745846314 0.630164 4
1726745846411 0.655464 4
1726745846515 0.387087 4
1726745846618 0.319706 4
1726745846718 0.466766 4
1726745846812 0.464375 4
1726745846909 0.13497 4
1726745847006 0.642046 4
1726745847103 0.490274 4
1726745847198 0.841809 8
1726745847295 0.201343 8
1726745847396 1.711706 8
1726745847500 0.330564 8
1726745847613 3.183059 8
1726745847712 0.31927 8
1726745847814 0.458039 8
1726745847912 0.772577 8
1726745848018 0.310658 8
1726745848116 0.744702 8
1726745848212 1.302328 12
1726745848302 0.484495 12
1726745848397 0.298724 12
1726745848498 0.382301 12
1726745848604 0.514648 12
1726745852228 0.822021 0
1726745852331 0.805378 0
1726745852434 0.576719 0
1726745852543 0.386404 0
1726745852654 0.548868 0
1726745852759 0.978658 0
1726745852859 0.732396 0
1726745852961 0.267956 0
1726745853063 0.171256 0
1726745853191 0.427008 0
1726745853318 0.473842 5
1726745853438 0.339794 5
1726745853545 0.548616 5
1726745853642 0.236251 5
1726745853739 0.159952 5
1726745853834 0.234392 5
1726745853931 0.415932 5
1726745854031 0.149629 5
1726745854131 0.523609 5
1726745854229 0.511659 5
1726745854328 0.771357 10
1726745854435 0.287644 10
1726745854536 0.549741 10
1726745854638 0.1835 10
1726745854748 0.915528 10
1726745854859 0.359483 10
1726745854968 0.472359 10
1726745855073 0.196571 10
1726745855174 0.405011 10
1726745855274 1.49209 10
1726745855370 1.725806 15
1726745855467 0.430707 15
1726745855565 0.416303 15
1726745855662 0.280228 15
1726745855757 0.521419 15
1726745859173 0.763323 0
1726745859272 0.695693 0
1726745859368 0.480826 0
1726745859470 0.328086 0
1726745859573 0.535376 0
1726745859672 1.120183 0
1726745859772 0.79966 0
1726745859871 0.345611 0
1726745859976 0.187753 0
1726745860085 0.406277 0
1726745860186 0.245041 6
1726745860287 0.32874 6
1726745860387 0.371061 6
1726745860490 0.294859 6
1726745860588 0.155098 6
1726745860684 0.254198 6
1726745860780 0.349184 6
1726745860879 0.237166 6
1726745860981 0.50316 6
1726745861087 0.370833 6
1726745861192 0.375307 12
1726745861304 0.270491 12
1726745861411 0.633152 12
1726745861515 0.138957 12
1726745861614 0.857546 12
1726745861709 0.32372 12
1726745861805 0.383688 12
1726745861904 0.190681 12
1726745862002 0.464565 12
1726745862098 1.319947 12
1726745862199 1.439589 18
1726745862300 0.391728 18
1726745862396 0.43505 18
1726745862489 0.288289 18
1726745862581 0.537168 18
1726745865978 0.758118 0
1726745866093 0.915103 0
1726745866195 0.380605 0
1726745866300 0.284216 0
1726745866407 0.573808 0
1726745866507 1.05328 0
1726745866604 0.858033 0
1726745866698 0.219824 0
1726745866793 0.179092 0
1726745866891 0.503598 0
1726745866989 0.194606 7
1726745867087 0.31485 7
1726745867188 0.383687 7
1726745867291 0.251814 7
1726745867390 0.112935 7
1726745867487 0.234245 7
1726745867584 0.305853 7
1726745867684 0.2301 7
1726745867789 0.507035 7
1726745867898 0.511191 7
1726745868007 0.315498 14
1726745868107 0.337847 14
1726745868203 0.696908 14
1726745868302 0.170733 14
1726745868400 0.433165 14
1726745868500 0.259667 14
1726745868603 0.314894 14
1726745868705 0.17568 14
1726745868802 0.402888 14
1726745868903 0.706437 14
1726745869006 1.016887 21
1726745869105 0.373642 21
1726745869202 0.444986 21
1726745869301 0.341837 21
1726745869408 0.465181 21
1726745872365 0.625502 0
1726745872468 0.89537 0
1726745872571 0.415192 0
1726745872676 0.262191 0
1726745872777 0.475146 0
1726745872884 1.040491 0
1726745872990 0.876038 0
1726745873096 0.260043 0
1726745873201 0.165804 0
1726745873302 0.304836 0
1726745873402 0.202885 8
1726745873502 0.306568 8
1726745873607 0.35539 8
1726745873717 0.279877 8
1726745873825 0.209452 8
1726745873929 0.197378 8
1726745874039 0.320034 8
1726745874138 0.245682 8
1726745874235 0.567401 8
1726745874337 0.514437 8
1726745874444 0.291382 16
1726745874556 0.311527 16
1726745874665 0.861085 16
1726745874770 0.140194 16
1726745874871 0.238249 16
1726745874977 0.337289 16
1726745875087 0.392518 16
1726745875201 0.312063 16
1726745875319 0.374634 16
1726745875423 0.916636 16
1726745875521 1.361542 24
1726745875618 0.456279 24
1726745875712 0.364994 24
1726745875807 0.227559 24
1726745875907 0.540205 24
