1726845495760 0.503428 0
1726845495941 0.565333 0
1726845496139 0.643311 0
1726845496327 0.507264 0
1726845496506 0.567909 0
1726845496675 0.451637 0
1726845496837 1.154655 0
1726845497980 0.365745 0
1726845498150 0.50717 0
1726845498306 0.526534 0
1726845498453 0.400194 0
1726845498597 0.467672 0
1726845498737 0.448496 0
1726845498875 1.006571 0
1726845499815 0.306492 0
1726845500006 0.495304 0
1726845500206 0.490211 0
1726845500378 0.387496 0
1726845500537 0.450446 0
1726845500695 0.453725 0
1726845500847 0.936448 0
1726845501627 0.350964 0
1726845501798 0.500839 0
1726845501955 0.467945 0
1726845502112 0.387221 0
1726845502267 0.448162 0
1726845502418 0.456106 0
1726845502565 0.932496 0
1726845503549 0.316117 0
1726845503732 0.501088 0
1726845503899 0.463968 0
1726845504057 0.382616 0
1726845504218 0.45556 0
1726845504395 0.463155 0
1726845504576 0.930225 0
1726845505618 0.304986 0
1726845505813 0.503812 0
1726845505999 0.451891 0
1726845506184 0.374126 0
1726845506368 0.448443 0
1726845506555 0.45783 0
1726845506735 0.93056 0
1726845507847 0.299789 0
1726845508026 0.503343 0
1726845508207 0.443888 0
1726845508399 0.366327 0
1726845508591 0.454293 0
1726845508782 0.458136 0
1726845508943 0.938432 0
1726845509967 0.298196 0
1726845510148 0.506446 0
1726845510332 0.440572 0
1726845510500 0.35834 0
1726845510657 0.450824 0
1726845510808 0.453873 0
1726845510962 0.934779 0
1726845511999 0.298651 0
1726845512172 0.507825 0
1726845512341 0.437639 0
1726845512502 0.356268 0
1726845512658 0.452627 0
1726845512807 0.462053 0
1726845512951 0.944489 0
1726845513677 0.297187 0
1726845513872 0.504945 0
1726845514034 0.439 0
1726845514189 0.351798 0
1726845514340 0.452318 0
1726845514487 0.449811 0
1726845514632 0.937123 0
