1727124708765 3.739221 0
1727124708894 48.304863 0
1727124709025 10.987033 0
1727124709156 34.53804 0
1727124709617 0.788491 0
1727124709743 1.235237 0
1727124709878 1.375901 0
1727124710010 6.871603 0
1727124710437 7.228425 0
1727124710558 70.049446 0
1727124710687 3.81296 0
1727124710819 6.284159 0
1727124711250 1.920995 0
1727124711374 1.901545 0
1727124711504 1.750264 0
1727124711636 13.639025 0
1727124712059 1.903719 0
1727124712181 1.798481 0
1727124712310 1.641207 0
1727124712440 6.19781 0
1727124712866 1.782151 0
1727124712987 1.84586 0
1727124713116 2.743958 0
1727124713246 3.636693 0
1727124713681 1.443335 0
1727124713807 1.359347 0
1727124713942 1.91748 0
1727124714072 2.165417 0
1727124714503 1.094695 0
1727124714629 1.402492 0
1727124714760 2.048697 0
1727124714892 2.8756 0
1727124715316 1.10393 0
1727124715440 5.508722 0
1727124715569 1.924295 0
1727124715704 7.492372 0
1727124716137 1.167744 0
1727124716265 1.71977 0
1727124716394 5.979213 0
1727124716525 17.54949 0
