1726899585982 63.600414 0
1726899586124 17.858393 0
1726899586263 76.447495 0
1726899586403 17.020611 0
1726899586543 20.549458 0
1726899586682 10.658823 0
1726899586822 21.552958 0
1726899586962 6.504465 0
1726899587102 5.018515 0
1726899587778 6.050132 0
1726899587922 12.888817 0
1726899588063 9.416469 0
1726899588203 25.092197 0
1726899588343 3.736951 0
1726899588482 3.337658 0
1726899588621 4.347247 0
1726899588761 2.531938 0
1726899588901 3.843621 0
1726899589605 3.314296 0
1726899589748 8.552076 0
1726899589891 9.200985 0
1726899590038 5.423528 0
1726899590178 2.245172 0
1726899590318 2.302138 0
1726899590457 9.60702 0
1726899590597 1.44783 0
1726899590737 1.725618 0
1726899591424 2.939906 0
1726899591564 4.177467 0
1726899591704 5.62213 0
1726899591844 4.818841 0
1726899591984 1.455503 0
1726899592128 4.811357 0
1726899592268 20.481886 0
1726899592408 1.40647 0
1726899592548 2.300731 0
1726899593248 3.047694 0
1726899593393 5.112076 0
1726899593534 2.424517 0
1726899593673 4.676674 0
1726899593813 1.394266 0
1726899593952 3.451729 0
1726899594093 8.728777 0
1726899594235 2.15834 0
1726899594376 2.260647 0
1726899595056 4.288568 0
1726899595203 2.933534 0
1726899595343 2.73672 0
1726899595483 4.283636 0
1726899595622 13.371684 0
1726899595760 4.124714 0
1726899595901 6.359322 0
1726899596040 1.018302 0
1726899596182 2.037616 0
1726899596872 3.824861 0
1726899597022 5.366367 0
1726899597172 4.338179 0
1726899597312 3.354646 0
1726899597452 1.974411 0
1726899597592 3.715315 0
1726899597731 8.221406 0
1726899597870 0.830772 0
1726899598009 1.670308 0
1726899598718 3.054693 0
1726899598860 3.851123 0
1726899599000 2.535535 0
1726899599140 2.368178 0
1726899599279 3.641464 0
1726899599417 4.227121 0
1726899599557 5.854135 0
1726899599697 1.719886 0
1726899599836 1.798842 0
1726899600521 2.400509 0
1726899600661 4.014798 0
1726899600801 4.110208 0
1726899600941 2.551675 0
1726899601082 4.945382 0
1726899601222 3.690468 0
1726899601361 35.499775 0
1726899601502 1.629677 0
1726899601641 1.951714 0
1726899602332 4.652122 0
1726899602474 3.77748 0
1726899602615 2.786128 0
1726899602755 1.756388 0
1726899602894 8.476733 0
1726899603033 3.731053 0
1726899603173 8.636891 0
1726899603312 0.934004 0
1726899603451 1.827992 0
