1726803788849 0.478333 0
1726803788951 0.225665 0
1726803789050 0.352488 0
1726803789150 0.211495 0
1726803789250 0.38418 0
1726803789355 0.175266 0
1726803789455 0.090547 0
1726803789555 0.283313 0
1726803789654 0.202102 0
1726803790261 0.629943 0
1726803790361 0.134509 0
1726803790461 0.250327 0
1726803790561 0.098779 0
1726803790661 0.318341 0
1726803790759 0.151995 0
1726803790856 0.083741 0
1726803790955 0.797148 0
1726803791053 0.362349 0
1726803791638 0.303927 0
1726803791744 0.140488 0
1726803791847 0.251505 0
1726803791947 0.099293 0
1726803792046 0.318974 0
1726803792145 0.136634 0
1726803792248 0.090766 0
1726803792349 0.209584 0
1726803792446 0.254084 0
1726803792996 0.262501 0
1726803793108 0.119729 0
1726803793210 0.217585 0
1726803793312 0.101618 0
1726803793413 0.331557 0
1726803793521 0.142548 0
1726803793622 0.067676 0
1726803793722 0.188011 0
1726803793822 0.249044 0
1726803794374 0.289237 0
1726803794486 0.123598 0
1726803794588 0.210163 0
1726803794687 0.097356 0
1726803794786 0.33157 0
1726803794886 0.136076 0
1726803794987 0.064601 0
1726803795085 0.187117 0
1726803795186 0.217727 0
1726803795797 0.314264 0
1726803795911 0.12096 0
1726803796010 0.198207 0
1726803796109 0.097779 0
1726803796207 0.335833 0
1726803796304 0.128675 0
1726803796402 0.067883 0
1726803796501 0.197976 0
1726803796599 0.229866 0
1726803797155 0.269514 0
1726803797259 0.11322 0
1726803797357 0.195033 0
1726803797458 0.099187 0
1726803797567 0.338191 0
1726803797668 0.131579 0
1726803797769 0.061703 0
1726803797870 0.192754 0
1726803797974 0.227188 0
1726803798539 0.251729 0
1726803798652 0.106636 0
1726803798751 0.192631 0
1726803798850 0.10049 0
1726803798948 0.325155 0
1726803799046 0.125084 0
1726803799145 0.061814 0
1726803799245 0.189435 0
1726803799345 0.211027 0
1726803799953 0.252993 0
1726803800065 0.109284 0
1726803800167 0.187202 0
1726803800269 0.098205 0
1726803800368 0.324784 0
1726803800467 0.124827 0
1726803800566 0.061455 0
1726803800666 0.18908 0
1726803800769 0.204658 0
1726803801330 0.242118 0
1726803801440 0.103226 0
1726803801538 0.185196 0
1726803801645 0.097423 0
1726803801746 0.321615 0
1726803801845 0.122815 0
1726803801945 0.061101 0
1726803802043 0.187913 0
1726803802152 0.213577 0
