1727261966369 0.0 0
1727261966525 10.0 0
1727261966679 20.0 0
1727261967201 0.0 0
1727261967348 10.0 0
1727261967501 20.0 0
1727261967912 0.0 0
1727261968060 10.0 0
1727261968225 20.0 0
1727261968676 0.0 0
1727261968835 10.0 0
1727261968991 20.0 0
1727261969432 0.0 0
1727261969601 10.0 0
1727261969756 20.0 0
1727261970199 0.0 0
1727261970351 10.0 0
1727261970506 20.0 0
1727261970928 0.0 0
1727261971086 10.0 0
1727261971233 20.0 0
1727261971677 0.0 0
1727261971846 10.0 0
1727261972010 20.0 0
1727261972499 0.0 0
1727261972667 10.0 0
1727261972831 20.0 0
1727261973296 0.0 0
1727261973442 10.0 0
1727261973589 20.0 0
