1727261966412 29.919052 0
1727261966568 13.336679 0
1727261966726 8.893569 0
1727261967242 26.221611 0
1727261967397 11.668016 0
1727261967540 8.216508 0
1727261967950 18.699104 0
1727261968100 10.176104 0
1727261968273 7.300636 0
1727261968718 15.469943 0
1727261968879 8.815685 0
1727261969035 6.530975 0
1727261969477 14.674595 0
1727261969644 7.886046 0
1727261969794 5.995031 0
1727261970244 12.347311 0
1727261970397 7.353339 0
1727261970554 5.621109 0
1727261970968 10.861984 0
1727261971131 6.964758 0
1727261971274 5.418666 0
1727261971719 10.91339 0
1727261971891 6.542992 0
1727261972054 5.22068 0
1727261972541 10.493413 0
1727261972709 6.33957 0
1727261972873 4.934413 0
1727261973341 9.802613 0
1727261973489 6.013327 0
1727261973638 4.710303 0
