1726750690704 0.604606 0
1726750690839 0.440454 0
1726750690940 0.274751 0
1726750691042 0.165468 0
1726750691147 0.115279 0
1726750691242 0.213293 0
1726750691334 1.105457 0
1726750691428 0.329057 0
1726750691523 0.319994 0
1726750691614 0.292488 0
1726750691707 1.088011 1
1726750691804 0.272891 1
1726750691906 0.58407 1
1726750692008 0.184557 1
1726750692111 0.163662 1
1726750692208 0.465447 1
1726750692303 0.879674 1
1726750692397 0.54813 1
1726750692491 0.339324 1
1726750692588 0.369374 1
1726750692697 2.656876 2
1726750692807 0.764878 2
1726750692912 0.410459 2
1726750693014 0.339382 2
1726750693106 0.580648 2
1726750693208 0.554811 2
1726750693308 0.457764 2
1726750695913 0.184068 0
1726750696028 0.063416 0
1726750696124 0.204414 0
1726750696218 0.112822 0
1726750696315 0.139792 0
1726750696419 0.175581 0
1726750696532 0.493332 0
1726750696645 0.275973 0
1726750696758 0.170759 0
1726750696866 0.264685 0
1726750696964 0.908353 2
1726750697053 0.266287 2
1726750697142 0.568698 2
1726750697230 0.197501 2
1726750697326 0.17171 2
1726750697423 0.323413 2
1726750697520 0.917657 2
1726750697616 0.299547 2
1726750697716 0.355797 2
1726750697817 0.410029 2
1726750697914 1.767924 4
1726750698014 0.598421 4
1726750698109 0.464116 4
1726750698207 0.234689 4
1726750698305 0.515989 4
1726750698401 0.497403 4
1726750698499 0.516629 4
1726750701038 0.180378 0
1726750701142 0.046401 0
1726750701233 0.179292 0
1726750701325 0.096219 0
1726750701429 0.128932 0
1726750701536 0.154246 0
1726750701636 0.361975 0
1726750701732 0.21556 0
1726750701823 0.132267 0
1726750701914 0.263768 0
1726750702007 0.898721 3
1726750702105 0.24786 3
1726750702204 0.58152 3
1726750702296 0.175473 3
1726750702386 0.169295 3
1726750702479 0.343796 3
1726750702572 0.885372 3
1726750702670 0.29039 3
1726750702762 0.362296 3
1726750702852 0.414732 3
1726750702941 1.597204 6
1726750703035 0.611215 6
1726750703132 0.474241 6
1726750703225 0.23653 6
1726750703321 0.488534 6
1726750703418 0.517514 6
1726750703522 0.502322 6
1726750706079 0.166934 0
1726750706194 0.03301 0
1726750706289 0.19172 0
1726750706387 0.109398 0
1726750706490 0.134762 0
1726750706587 0.173006 0
1726750706686 0.260202 0
1726750706783 0.175445 0
1726750706881 0.125918 0
1726750706976 0.262634 0
1726750707073 0.900265 4
1726750707175 0.249099 4
1726750707280 0.573542 4
1726750707388 0.169493 4
1726750707499 0.181314 4
1726750707607 0.338904 4
1726750707707 0.861359 4
1726750707800 0.258542 4
1726750707892 0.356208 4
1726750707984 0.421006 4
1726750708078 1.542631 8
1726750708177 0.615052 8
1726750708278 0.493094 8
1726750708379 0.215001 8
1726750708476 0.500564 8
1726750708570 0.526873 8
1726750708666 0.462911 8
1726750711208 0.166743 0
1726750711327 0.041179 0
1726750711422 0.173374 0
1726750711518 0.093736 0
1726750711618 0.135846 0
1726750711721 0.148775 0
1726750711825 0.279446 0
1726750711928 0.213625 0
1726750712035 0.127327 0
1726750712134 0.262715 0
1726750712228 0.90405 5
1726750712322 0.24922 5
1726750712415 0.586417 5
1726750712512 0.182928 5
1726750712614 0.178671 5
1726750712715 0.325866 5
1726750712817 0.881653 5
1726750712916 0.246708 5
1726750713008 0.369113 5
1726750713098 0.438647 5
1726750713190 1.443388 10
1726750713285 0.581391 10
1726750713386 0.50145 10
1726750713485 0.221753 10
1726750713582 0.493313 10
1726750713680 0.536753 10
1726750713785 0.46335 10
1726750716381 0.152551 0
1726750716510 0.038483 0
1726750716606 0.175636 0
1726750716706 0.08641 0
1726750716810 0.124871 0
1726750716919 0.155503 0
1726750717044 0.275086 0
1726750717162 0.180397 0
1726750717270 0.13025 0
1726750717365 0.269505 0
1726750717457 0.84905 6
1726750717549 0.24757 6
1726750717640 0.574236 6
1726750717735 0.175622 6
1726750717837 0.175358 6
1726750717948 0.327329 6
1726750718066 0.874248 6
1726750718196 0.24711 6
1726750718349 0.353246 6
1726750718495 0.429683 6
1726750718641 1.39738 12
1726750718762 0.542091 12
1726750718865 0.508199 12
1726750718956 0.212428 12
1726750719048 0.485831 12
1726750719136 0.544807 12
1726750719227 0.475241 12
