1727118114429 0.612939 0
1727118114578 0.112421 0
1727118114720 0.247482 0
1727118114865 0.089893 0
1727118115008 0.1668 0
1727118115153 0.568729 0
1727118115298 0.248418 0
1727118115442 0.161549 0
1727118115583 0.063084 0
1727118115725 0.142563 0
1727118115867 0.11491 1
1727118116007 0.091881 1
1727118116161 0.141729 1
1727118116302 0.39803 1
1727118116451 0.244342 1
1727118116593 0.11543 1
1727118116739 0.082086 1
1727118116886 0.040961 1
1727118117029 0.407946 1
1727118117176 0.114337 1
1727118117319 0.116463 2
1727118117462 0.079563 2
1727118117603 0.394973 2
1727118117748 0.573441 2
1727118117893 0.19817 2
1727118118036 0.144284 2
1727118118180 0.33018 2
1727118118329 0.496921 2
1727118118478 1.78818 2
1727118118620 0.204513 2
1727118118766 0.505131 3
1727118118914 1.536169 3
1727118119057 0.421229 3
1727118119199 0.148057 3
1727118119347 0.668275 3
1727118119491 0.684596 3
1727118119633 0.443793 3
1727118119775 0.297176 3
1727118119916 0.238992 3
1727118120061 0.124766 3
1727118122277 0.222871 0
1727118122425 0.111301 0
1727118122574 0.26726 0
1727118122719 0.081514 0
1727118122862 0.139184 0
1727118123011 0.501245 0
1727118123154 0.087591 0
1727118123302 0.129029 0
1727118123446 0.044972 0
1727118123589 0.258652 0
1727118123734 0.051678 2
1727118123875 0.078436 2
1727118124023 0.163365 2
1727118124165 0.333767 2
1727118124317 0.18052 2
1727118124458 0.121835 2
1727118124604 0.075183 2
1727118124746 0.071698 2
1727118124887 0.62404 2
1727118125033 0.174507 2
1727118125180 0.132645 4
1727118125324 0.146006 4
1727118125467 0.824567 4
1727118125608 0.672223 4
1727118125749 0.170284 4
1727118125892 0.158488 4
1727118126035 0.274749 4
1727118126176 0.565374 4
1727118126327 1.550892 4
1727118126470 0.218025 4
1727118126620 0.395162 6
1727118126763 1.593409 6
1727118126906 0.407259 6
1727118127050 0.174784 6
1727118127196 0.634727 6
1727118127340 0.590614 6
1727118127482 0.413946 6
1727118127625 0.376154 6
1727118127769 0.191543 6
1727118127912 0.131982 6
1727118129963 0.182669 0
1727118130108 0.095287 0
1727118130252 0.325873 0
1727118130400 0.054809 0
1727118130541 0.123669 0
1727118130688 0.451136 0
1727118130833 0.158063 0
1727118130978 0.082915 0
1727118131122 0.064371 0
1727118131265 0.301506 0
1727118131409 0.072533 3
1727118131553 0.084586 3
1727118131695 0.164864 3
1727118131838 0.389005 3
1727118131980 0.19398 3
1727118132123 0.13815 3
1727118132265 0.065339 3
1727118132414 0.056649 3
1727118132557 0.47139 3
1727118132708 0.148871 3
1727118132851 0.215913 6
1727118132996 0.189075 6
1727118133141 0.863845 6
1727118133292 0.711099 6
1727118133437 0.171521 6
1727118133583 0.158647 6
1727118133727 0.3048 6
1727118133869 0.603464 6
1727118134012 1.274247 6
1727118134156 0.230897 6
1727118134299 0.494582 9
1727118134449 1.469668 9
1727118134595 0.404545 9
1727118134744 0.166444 9
1727118134889 0.589779 9
1727118135032 0.586497 9
1727118135181 0.497145 9
1727118135325 0.40691 9
1727118135467 0.249784 9
1727118135611 0.131339 9
1727118137693 0.220788 0
1727118137839 0.076786 0
1727118137983 0.337948 0
1727118138127 0.071886 0
1727118138269 0.145608 0
1727118138412 0.431421 0
1727118138561 0.126548 0
1727118138708 0.078841 0
1727118138862 0.054384 0
1727118139005 0.265126 0
1727118139151 0.070033 4
1727118139293 0.104927 4
1727118139438 0.134257 4
1727118139591 0.342518 4
1727118139734 0.203671 4
1727118139879 0.12591 4
1727118140027 0.072383 4
1727118140170 0.056361 4
1727118140313 0.4937 4
1727118140456 0.13793 4
1727118140607 0.152968 8
1727118140752 0.189961 8
1727118140903 1.034457 8
1727118141050 0.783218 8
1727118141195 0.157381 8
1727118141337 0.135263 8
1727118141484 0.238426 8
1727118141631 0.53446 8
1727118141774 1.107311 8
1727118141920 0.20715 8
1727118142066 0.476765 12
1727118142213 1.425559 12
1727118142356 0.403815 12
1727118142501 0.175896 12
1727118142647 0.551271 12
1727118142793 0.687919 12
1727118142940 0.462522 12
1727118143085 0.417713 12
1727118143228 0.253998 12
1727118143370 0.14322 12
1727118145402 0.173918 0
1727118145548 0.073525 0
1727118145690 0.326281 0
1727118145835 0.055486 0
1727118145978 0.119126 0
1727118146122 0.403439 0
1727118146264 0.123369 0
1727118146408 0.08748 0
1727118146557 0.047241 0
1727118146704 0.273711 0
1727118146851 0.067033 5
1727118146999 0.106466 5
1727118147147 0.129769 5
1727118147290 0.323308 5
1727118147434 0.198544 5
1727118147592 0.124708 5
1727118147737 0.07715 5
1727118147883 0.058581 5
1727118148028 0.496334 5
1727118148170 0.139568 5
1727118148315 0.110891 10
1727118148459 0.175209 10
1727118148602 0.954059 10
1727118148756 0.636742 10
1727118148902 0.158496 10
1727118149055 0.150656 10
1727118149198 0.242112 10
1727118149345 0.419539 10
1727118149487 1.107358 10
1727118149642 0.200403 10
1727118149783 0.542755 15
1727118149928 1.349298 15
1727118150073 0.421308 15
1727118150217 0.171754 15
1727118150363 0.527737 15
1727118150510 0.606921 15
1727118150652 0.460351 15
1727118150802 0.355042 15
1727118150947 0.244763 15
1727118151096 0.112717 15
1727118153221 0.175651 0
1727118153367 0.074964 0
1727118153509 0.305398 0
1727118153656 0.056917 0
1727118153798 0.127973 0
1727118153944 0.343851 0
1727118154101 0.114015 0
1727118154253 0.091793 0
1727118154398 0.045842 0
1727118154543 0.260614 0
1727118154691 0.055469 6
1727118154843 0.098358 6
1727118154989 0.141677 6
1727118155138 0.352926 6
1727118155285 0.210949 6
1727118155428 0.143886 6
1727118155570 0.070725 6
1727118155716 0.059866 6
1727118155862 0.513171 6
1727118156006 0.127969 6
1727118156151 0.113865 12
1727118156296 0.177827 12
1727118156441 0.897064 12
1727118156586 0.551646 12
1727118156734 0.172104 12
1727118156882 0.148537 12
1727118157027 0.234289 12
1727118157175 0.464864 12
1727118157318 0.996424 12
1727118157464 0.196496 12
1727118157608 0.472391 18
1727118157757 1.345603 18
1727118157902 0.392659 18
1727118158046 0.162208 18
1727118158189 0.5948 18
1727118158335 0.550086 18
1727118158479 0.475382 18
1727118158627 0.379563 18
1727118158770 0.249831 18
1727118158916 0.10361 18
