1727118114445 21.812016 0
1727118114593 0.575929 0
1727118114736 0.770618 0
1727118114880 0.551997 0
1727118115023 0.953534 0
1727118115169 1.112592 0
1727118115314 0.934931 0
1727118115457 1.588697 0
1727118115598 0.488334 0
1727118115740 2.382947 0
1727118115882 0.708366 1
1727118116024 0.570637 1
1727118116176 0.616879 1
1727118116317 1.865824 1
1727118116466 1.829469 1
1727118116609 0.425843 1
1727118116755 0.328677 1
1727118116902 0.240514 1
1727118117046 9.171303 1
1727118117191 1.615705 1
1727118117335 5.632691 2
1727118117477 0.938257 2
1727118117618 4.827613 2
1727118117764 3.493179 2
1727118117908 3.156688 2
1727118118051 3.132378 2
1727118118195 1.167524 2
1727118118345 3.391764 2
1727118118493 1.497293 2
1727118118636 5.932608 2
1727118118783 2.613066 3
1727118118929 1.845576 3
1727118119073 4.981241 3
1727118119215 1.601299 3
1727118119363 2.038149 3
1727118119506 2.274449 3
1727118119648 12.823744 3
1727118119790 1.65642 3
1727118119932 5.523075 3
1727118120077 4.108701 3
1727118122292 0.897797 0
1727118122440 0.943247 0
1727118122590 1.359549 0
1727118122735 0.488639 0
1727118122878 0.818008 0
1727118123027 1.414217 0
1727118123170 8.233278 0
1727118123317 0.921278 0
1727118123462 0.332647 0
1727118123604 9.844184 0
1727118123749 0.333216 2
1727118123891 0.481442 2
1727118124038 0.438849 2
1727118124181 1.38899 2
1727118124332 0.803561 2
1727118124473 0.620154 2
1727118124619 0.329341 2
1727118124762 0.874307 2
1727118124903 3.534888 2
1727118125051 1.582258 2
1727118125195 1.76809 4
1727118125339 1.014077 4
1727118125482 2.559704 4
1727118125623 3.776953 4
1727118125764 3.993263 4
1727118125908 0.888839 4
1727118126051 1.142367 4
1727118126191 2.647324 4
1727118126342 5.266467 4
1727118126486 2.008647 4
1727118126635 4.186185 6
1727118126778 1.308741 6
1727118126922 4.590644 6
1727118127065 4.848269 6
1727118127212 1.302841 6
1727118127355 2.762 6
1727118127497 9.477889 6
1727118127641 1.800726 6
1727118127784 0.878997 6
1727118127927 6.88162 6
1727118129978 0.943017 0
1727118130124 1.073313 0
1727118130267 1.985817 0
1727118130415 0.387765 0
1727118130557 0.761459 0
1727118130703 36.911366 0
1727118130848 1.565756 0
1727118130994 0.521188 0
1727118131138 0.40993 0
1727118131281 4.176392 0
1727118131424 0.432826 3
1727118131568 0.530996 3
1727118131711 0.397867 3
1727118131853 1.507278 3
1727118131995 0.580026 3
1727118132138 0.453754 3
1727118132281 0.287384 3
1727118132429 0.337645 3
1727118132572 4.114982 3
1727118132723 1.440082 3
1727118132867 1.966049 6
1727118133013 0.887135 6
1727118133156 14.045963 6
1727118133307 5.732226 6
1727118133453 3.529292 6
1727118133598 9.511035 6
1727118133742 0.776461 6
1727118133884 2.781446 6
1727118134027 1.227216 6
1727118134172 2.181567 6
1727118134315 2.767142 9
1727118134465 1.47508 9
1727118134610 4.819684 9
1727118134760 4.26545 9
1727118134904 1.116491 9
1727118135050 2.696772 9
1727118135198 3.694121 9
1727118135340 1.790145 9
1727118135482 0.794989 9
1727118135627 7.17515 9
1727118137708 1.744865 0
1727118137855 0.465725 0
1727118137999 5.735855 0
1727118138142 0.517322 0
1727118138284 1.144427 0
1727118138427 1.616007 0
1727118138577 2.029693 0
1727118138723 0.484136 0
1727118138877 0.319665 0
1727118139021 3.065217 0
1727118139166 0.419688 4
1727118139308 0.673016 4
1727118139463 0.41897 4
1727118139606 1.472227 4
1727118139749 0.676519 4
1727118139894 0.406364 4
1727118140043 0.271689 4
1727118140185 0.31877 4
1727118140328 36.938477 4
1727118140471 1.694946 4
1727118140622 1.407805 8
1727118140767 2.556702 8
1727118140918 2.038903 8
1727118141066 4.282543 8
1727118141210 68.574234 8
1727118141352 0.996828 8
1727118141499 0.916112 8
1727118141646 11.600455 8
1727118141790 1.131031 8
1727118141936 2.780511 8
1727118142082 9.145009 12
1727118142229 6.048667 12
1727118142371 5.141779 12
1727118142516 5.787124 12
1727118142663 1.311076 12
1727118142809 3.112852 12
1727118142955 3.014796 12
1727118143100 2.331264 12
1727118143244 0.7607 12
1727118143385 2.43206 12
1727118145418 3.507059 0
1727118145564 0.560949 0
1727118145706 3.212432 0
1727118145851 0.413962 0
1727118145994 0.886847 0
1727118146137 1.56547 0
1727118146279 2.838329 0
1727118146424 0.805832 0
1727118146572 0.291732 0
1727118146720 1.891509 0
1727118146866 0.394634 5
1727118147014 0.778299 5
1727118147162 0.41841 5
1727118147305 4.263591 5
1727118147450 0.72598 5
1727118147607 0.374716 5
1727118147752 0.275623 5
1727118147898 0.300696 5
1727118148044 11.075837 5
1727118148186 1.156363 5
1727118148330 1.549729 10
1727118148474 1.00759 10
1727118148618 2.196896 10
1727118148771 8.889408 10
1727118148919 4.343793 10
1727118149070 5.364682 10
1727118149213 0.890888 10
1727118149360 4.520267 10
1727118149503 0.988675 10
1727118149657 3.00414 10
1727118149798 1.990601 15
1727118149944 1.059307 15
1727118150089 4.13854 15
1727118150232 2.499618 15
1727118150378 1.406817 15
1727118150525 3.873243 15
1727118150668 6.441472 15
1727118150817 1.61262 15
1727118150962 0.865784 15
1727118151111 5.267988 15
1727118153237 2.833741 0
1727118153382 1.253661 0
1727118153525 2.842115 0
1727118153671 0.414745 0
1727118153814 0.938857 0
1727118153960 25.905773 0
1727118154116 5.881234 0
1727118154268 0.729737 0
1727118154414 0.27544 0
1727118154559 1.695188 0
1727118154707 0.325219 6
1727118154859 0.598517 6
1727118155005 0.464413 6
1727118155153 3.975631 6
1727118155300 0.787295 6
1727118155443 0.372464 6
1727118155585 0.262499 6
1727118155731 0.302255 6
1727118155878 2.711011 6
1727118156021 6.528004 6
1727118156166 1.627652 12
1727118156312 2.055806 12
1727118156456 3.086605 12
1727118156602 2.958934 12
1727118156750 4.31546 12
1727118156898 2.954386 12
1727118157042 1.858654 12
1727118157190 2.896554 12
1727118157333 1.138081 12
1727118157480 2.085808 12
1727118157623 3.008967 18
1727118157772 1.347123 18
1727118157917 13.131923 18
1727118158062 2.232678 18
1727118158205 2.543509 18
1727118158351 2.101712 18
1727118158494 2.744195 18
1727118158642 1.863375 18
1727118158786 0.786967 18
1727118158932 13.490433 18
