1727131629227 0.99928 0
1727131629404 0.071046 0
1727131629609 0.159319 0
1727131630272 1.760417 0
1727131630455 0.202444 0
1727131630702 0.205492 0
1727131631281 0.631168 0
1727131631482 0.075626 0
1727131631672 0.143629 0
1727131632255 0.215694 0
1727131632431 0.075235 0
1727131632649 0.137635 0
1727131633208 0.229217 0
1727131633383 0.06921 0
1727131633578 0.13239 0
1727131634215 0.209779 0
1727131634394 0.072115 0
1727131634604 0.130361 0
1727131635230 0.207967 0
1727131635407 0.067333 0
1727131635620 0.125641 0
1727131636161 0.209525 0
1727131636337 0.069762 0
1727131636543 0.124177 0
1727131637202 0.202007 0
1727131637384 0.067933 0
1727131637589 0.125532 0
1727131638210 0.199966 0
1727131638395 0.067234 0
1727131638609 0.131734 0
