1726783409912 0.415194 0
1726783410013 0.554028 0
1726783410115 0.178196 0
1726783410216 0.171499 0
1726783410314 0.980833 0
1726783410417 1.040956 0
1726783410518 0.241739 0
1726783410617 0.40976 0
1726783410717 0.891547 0
1726783410820 0.203977 0
1726783410927 0.281452 1
1726783411028 0.288272 1
1726783411131 0.25381 1
1726783411233 1.501356 1
1726783411329 0.464613 1
1726783411424 0.386027 1
1726783411523 1.130795 1
1726783411619 0.382072 1
1726783411715 0.212347 1
1726783411809 0.404922 1
1726783412876 0.412939 0
1726783412977 0.254069 0
1726783413076 0.094088 0
1726783413170 0.110428 0
1726783413269 0.656648 0
1726783413366 0.487993 0
1726783413463 0.188541 0
1726783413558 0.278769 0
1726783413654 0.297502 0
1726783413750 0.231755 0
1726783413844 0.243721 2
1726783413939 0.376586 2
1726783414032 0.16324 2
1726783414127 0.541001 2
1726783414220 0.137936 2
1726783414317 0.261747 2
1726783414410 0.700486 2
1726783414507 0.327591 2
1726783414604 0.236624 2
1726783414702 0.359391 2
1726783415767 0.302702 0
1726783415863 0.233332 0
1726783415963 0.119971 0
1726783416056 0.141214 0
1726783416154 0.704673 0
1726783416254 0.458712 0
1726783416351 0.172845 0
1726783416448 0.282544 0
1726783416544 0.304694 0
1726783416639 0.22914 0
1726783416734 0.19077 3
1726783416828 0.311916 3
1726783416924 0.187435 3
1726783417021 0.616796 3
1726783417125 0.184025 3
1726783417223 0.244846 3
1726783417325 0.758381 3
1726783417420 0.209408 3
1726783417516 0.19523 3
1726783417610 0.387848 3
1726783418615 0.257721 0
1726783418721 0.204832 0
1726783418817 0.091857 0
1726783418911 0.117773 0
1726783419007 0.686157 0
1726783419105 0.387379 0
1726783419204 0.18738 0
1726783419298 0.279005 0
1726783419394 0.218328 0
1726783419491 0.242151 0
1726783419588 0.221404 4
1726783419684 0.380828 4
1726783419780 0.151957 4
1726783419876 0.423592 4
1726783419970 0.133414 4
1726783420064 0.224341 4
1726783420160 0.598829 4
1726783420259 0.294629 4
1726783420355 0.229944 4
1726783420453 0.386614 4
1726783421563 0.459507 0
1726783421662 0.276567 0
1726783421758 0.11818 0
1726783421852 0.132052 0
1726783421947 0.677091 0
1726783422041 0.380777 0
1726783422137 0.157187 0
1726783422235 0.28669 0
1726783422331 0.216567 0
1726783422426 0.238521 0
1726783422520 0.171837 5
1726783422615 0.310878 5
1726783422710 0.160575 5
1726783422814 0.468674 5
1726783422911 0.18339 5
1726783423014 0.215595 5
1726783423118 0.696015 5
1726783423229 0.208053 5
1726783423335 0.196713 5
1726783423444 0.399708 5
1726783424483 0.266773 0
1726783424582 0.201487 0
1726783424685 0.095619 0
1726783424783 0.111064 0
1726783424877 0.707514 0
1726783424972 0.356296 0
1726783425066 0.183047 0
1726783425161 0.290819 0
1726783425263 0.171407 0
1726783425360 0.247987 0
1726783425455 0.201625 6
1726783425552 0.362127 6
1726783425647 0.15108 6
1726783425741 0.397788 6
1726783425834 0.138097 6
1726783425933 0.210345 6
1726783426029 0.653585 6
1726783426126 0.224413 6
1726783426222 0.231162 6
1726783426316 0.391131 6
1726783427288 0.257997 0
1726783427393 0.278127 0
1726783427489 0.095374 0
1726783427585 0.116635 0
1726783427680 0.637999 0
1726783427773 0.341584 0
1726783427866 0.167214 0
1726783427959 0.290539 0
1726783428053 0.156114 0
1726783428148 0.245738 0
1726783428241 0.167748 7
1726783428337 0.335801 7
1726783428433 0.150371 7
1726783428526 0.375806 7
1726783428619 0.175308 7
1726783428712 0.208553 7
1726783428808 0.638213 7
1726783428902 0.193004 7
1726783428999 0.199273 7
1726783429093 0.39367 7
1726783430150 0.249795 0
1726783430244 0.208255 0
1726783430339 0.097591 0
1726783430433 0.107537 0
1726783430529 0.664863 0
1726783430624 0.331491 0
1726783430721 0.174417 0
1726783430816 0.28509 0
1726783430912 0.142809 0
1726783431008 0.238785 0
1726783431102 0.185532 8
1726783431197 0.371894 8
1726783431294 0.147834 8
1726783431400 0.373012 8
1726783431503 0.131808 8
1726783431609 0.219887 8
1726783431712 0.621451 8
1726783431811 0.198026 8
1726783431912 0.203895 8
1726783432013 0.386072 8
1726783433047 0.212614 0
1726783433158 0.224812 0
1726783433259 0.094197 0
1726783433357 0.116814 0
1726783433462 0.65218 0
1726783433557 0.343128 0
1726783433653 0.165153 0
1726783433749 0.276397 0
1726783433842 0.135531 0
1726783433936 0.24529 0
1726783434030 0.185711 9
1726783434125 0.378981 9
1726783434220 0.152427 9
1726783434315 0.379504 9
1726783434410 0.158944 9
1726783434508 0.243669 9
1726783434603 0.641321 9
1726783434699 0.199303 9
1726783434793 0.191999 9
1726783434886 0.376034 9
