1726785702219 66.675186 0
1726785702318 11.954376 0
1726785702411 61.239674 0
1726785702505 10.527798 0
1726785702599 9.003781 0
1726785702693 34.699863 0
1726785702786 19.537252 0
1726785702881 11.340782 0
1726785702974 94.353882 0
1726785703068 25.080257 0
1726785703166 796.329529 1
1726785703266 122.669533 1
1726785703364 10.859499 1
1726785703470 6.047048 1
1726785704332 43.928589 0
1726785704427 2.358975 0
1726785704521 17.521267 0
1726785704615 1.028882 0
1726785704710 12.766131 0
1726785704808 17.775763 0
1726785704905 359.32843 0
1726785705000 3.239104 0
1726785705097 19.071697 0
1726785705195 8.212874 0
1726785705292 2.530877 2
1726785705389 3.374884 2
1726785705483 15.80731 2
1726785705581 4.200981 2
1726785706450 16.27479 0
1726785706556 2.314189 0
1726785706651 10.145968 0
1726785706745 0.841934 0
1726785706840 4.7166 0
1726785706934 21.176174 0
1726785707028 7.419032 0
1726785707122 2.079561 0
1726785707218 10.539541 0
1726785707314 22.719568 0
1726785707412 4.682492 3
1726785707509 2.443883 3
1726785707607 4.207726 3
1726785707704 7.849255 3
1726785708511 8.945497 0
1726785708608 4.106133 0
1726785708704 8.226199 0
1726785708798 0.842145 0
1726785708894 3.812753 0
1726785708988 19.791595 0
1726785709082 27.187727 0
1726785709178 2.763206 0
1726785709272 14.033233 0
1726785709366 8.516282 0
1726785709460 5.288687 4
1726785709554 3.097074 4
1726785709647 99.005615 4
1726785709742 20.783764 4
1726785710546 9.894355 0
1726785710651 3.105245 0
1726785710747 101.263931 0
1726785710848 0.842561 0
1726785710947 3.663411 0
1726785711043 12.301483 0
1726785711140 6.115271 0
1726785711239 2.816204 0
1726785711335 9.313281 0
1726785711430 19.068436 0
1726785711524 3.824152 5
1726785711618 2.668805 5
1726785711713 5.418101 5
1726785711808 13.92859 5
1726785712631 37.602039 0
1726785712737 2.820611 0
1726785712834 18.036137 0
1726785712928 0.83194 0
1726785713023 3.379611 0
1726785713117 16.550339 0
1726785713213 3.626362 0
1726785713312 2.294016 0
1726785713409 22.347942 0
1726785713506 15.029448 0
1726785713601 4.08223 6
1726785713696 3.151958 6
1726785713790 4.415586 6
1726785713885 16.64711 6
1726785714699 13.983224 0
1726785714803 6.603137 0
1726785714898 9.477881 0
1726785714995 0.813789 0
1726785715089 2.841237 0
1726785715185 7.480649 0
1726785715282 6.801538 0
1726785715379 1.518973 0
1726785715475 18.618244 0
1726785715576 30.540634 0
1726785715675 5.781635 7
1726785715772 3.078587 7
1726785715874 9.607986 7
1726785715969 8.872994 7
1726785716774 14.313231 0
1726785716873 8.331006 0
1726785716971 14.045643 0
1726785717065 0.831615 0
1726785717160 2.653226 0
1726785717254 5.116151 0
1726785717351 5.153203 0
1726785717449 1.834224 0
1726785717544 50.251255 0
1726785717644 7.095119 0
1726785717743 165.951813 8
1726785717839 3.015297 8
1726785717935 3.372797 8
1726785718033 5.152982 8
1726785718838 6.911865 0
1726785718942 6.106311 0
1726785719037 13.379329 0
1726785719131 0.803124 0
1726785719224 2.513165 0
1726785719319 3.889088 0
1726785719413 5.148014 0
1726785719509 1.461684 0
1726785719603 7.000863 0
1726785719696 8.141382 0
1726785719790 2.717968 9
1726785719883 18.757048 9
1726785719977 3.80378 9
1726785720071 10.870367 9
1726785720850 9.516741 0
1726785720959 4.263531 0
1726785721055 7.330973 0
1726785721151 0.812776 0
1726785721246 3.235529 0
1726785721341 5.348747 0
1726785721436 5.146922 0
1726785721530 1.440168 0
1726785721635 10.800069 0
1726785721738 13.634546 0
1726785721839 10.389744 10
1726785721944 3.119439 10
1726785722045 4.820518 10
1726785722147 23.897867 10
