1726755488608 101.247681 0
1726755488698 1.597018 0
1726755488786 17.661591 0
1726755488873 2.264875 0
1726755488960 0.978799 0
1726755489046 1.437621 0
1726755489134 1.929413 0
1726755489221 4.527454 0
1726755489307 6.351619 0
1726755489397 1.888565 0
1726755489490 1.583254 1
1726755489585 0.797575 1
1726755489676 0.855456 1
1726755489762 2.427533 1
1726755489849 0.737368 1
1726755489935 44.421329 1
1726755490023 0.498087 1
1726755490110 0.455993 1
1726755490196 0.46318 1
1726755490284 0.79838 1
1726755490371 0.543461 2
1726755490457 0.551312 2
1726755490543 1.333797 2
1726755490628 15.761948 2
1726755490717 0.233825 2
1726755490806 0.626279 2
1726755490892 0.492777 2
1726755490979 1.417051 2
1726755491067 1.685715 2
1726755491153 0.517858 2
1726755491239 1.470911 3
1726755491325 1.227247 3
1726755491411 1.60727 3
1726755491508 1.253236 3
1726755491595 0.914679 3
1726755491682 0.586743 3
1726755491768 0.439981 3
1726755491854 0.66838 3
1726755491942 0.811835 3
1726755492031 0.815255 3
1726755492119 0.932683 4
1726755492207 0.950807 4
1726755492294 0.395589 4
1726755492381 0.450807 4
1726755492467 0.817045 4
1726755492553 0.45526 4
1726755492640 0.047177 4
1726755494837 5.119876 0
1726755494938 1.550958 0
1726755495025 0.764784 0
1726755495112 1.585454 0
1726755495201 0.752574 0
1726755495289 1.68346 0
1726755495376 0.373957 0
1726755495463 2.535431 0
1726755495558 0.470799 0
1726755495650 3.067737 0
1726755495741 1.409193 2
1726755495830 1.557996 2
1726755495919 0.544195 2
1726755496006 2.560596 2
1726755496093 0.545307 2
1726755496179 0.376338 2
1726755496267 2.237659 2
1726755496355 0.988069 2
1726755496447 0.718173 2
1726755496537 0.803638 2
1726755496626 0.897078 4
1726755496713 0.898201 4
1726755496801 1.307459 4
1726755496888 2.393431 4
1726755496975 0.223137 4
1726755497062 0.604993 4
1726755497149 0.579364 4
1726755497235 1.09148 4
1726755497320 0.735703 4
1726755497409 0.412703 4
1726755497496 1.293105 6
1726755497586 0.67949 6
1726755497679 0.881241 6
1726755497766 0.863222 6
1726755497856 1.066738 6
1726755497945 0.493261 6
1726755498032 0.437106 6
1726755498119 0.515612 6
1726755498207 1.698545 6
1726755498293 0.983221 6
1726755498379 1.751999 8
1726755498465 0.694325 8
1726755498556 1.48427 8
1726755498645 0.257774 8
1726755498732 0.592131 8
1726755498818 0.400322 8
1726755498904 0.047432 8
1726755501063 4.146829 0
1726755501163 3.377497 0
1726755501251 0.56939 0
1726755501340 0.762083 0
1726755501427 0.555926 0
1726755501516 1.493617 0
1726755501603 0.314362 0
1726755501696 2.354305 0
1726755501786 0.504101 0
1726755501878 1.345855 0
1726755501970 2.633085 3
1726755502057 2.594772 3
1726755502143 0.38931 3
1726755502229 3.176659 3
1726755502316 0.442095 3
1726755502400 0.35806 3
1726755502485 0.519831 3
1726755502570 0.388319 3
1726755502656 0.400122 3
1726755502741 1.387519 3
1726755502826 0.504863 6
1726755502915 0.752431 6
1726755503003 0.774009 6
1726755503088 0.998539 6
1726755503175 0.252078 6
1726755503260 1.274623 6
1726755503346 1.165986 6
1726755503438 17.702009 6
1726755503526 0.648149 6
1726755503614 0.394586 6
1726755503700 1.639598 9
1726755503796 1.264658 9
1726755503884 1.854522 9
1726755503976 1.093997 9
1726755504063 0.865303 9
1726755504151 0.52755 9
1726755504237 1.079577 9
1726755504325 0.498488 9
1726755504412 0.735579 9
1726755504498 1.254019 9
1726755504586 1.260545 12
1726755504679 0.756024 12
1726755504765 0.400664 12
1726755504854 0.291991 12
1726755504941 0.553429 12
1726755505028 0.720399 12
1726755505113 0.049258 12
1726755507261 0.946825 0
1726755507354 1.204609 0
1726755507441 0.825678 0
1726755507528 0.805957 0
1726755507615 0.593513 0
1726755507702 0.971098 0
1726755507789 0.264604 0
1726755507882 4.584961 0
1726755507970 0.344203 0
1726755508058 2.069857 0
1726755508145 2.023699 4
1726755508232 2.543786 4
1726755508322 0.337353 4
1726755508412 2.380411 4
1726755508500 0.468043 4
1726755508588 0.477271 4
1726755508682 0.814867 4
1726755508774 0.385343 4
1726755508862 0.419761 4
1726755508951 0.597031 4
1726755509039 0.415143 8
1726755509129 2.301212 8
1726755509218 0.813863 8
1726755509305 2.272816 8
1726755509394 0.237805 8
1726755509481 1.749353 8
1726755509568 0.443441 8
1726755509661 1.150528 8
1726755509748 0.588854 8
1726755509838 0.348921 8
1726755509930 2.631435 12
1726755510019 0.317971 12
1726755510105 1.255067 12
1726755510193 1.013203 12
1726755510283 1.195893 12
1726755510372 0.503068 12
1726755510462 0.752265 12
1726755510549 0.963151 12
1726755510638 1.857334 12
1726755510726 1.529562 12
1726755510812 4.676559 16
1726755510899 1.008178 16
1726755510984 0.51499 16
1726755511071 0.296282 16
1726755511158 1.825054 16
1726755511244 0.452081 16
1726755511331 0.055081 16
1726755513494 40.251404 0
1726755513584 0.605599 0
1726755513671 0.680874 0
1726755513757 0.973646 0
1726755513844 0.571469 0
1726755513933 0.967764 0
1726755514025 0.283131 0
1726755514113 1.776409 0
1726755514199 0.346957 0
1726755514286 1.535247 0
1726755514374 3.79256 5
1726755514460 2.771233 5
1726755514546 0.371381 5
1726755514635 3.843586 5
1726755514726 0.604982 5
1726755514813 0.420045 5
1726755514898 0.45181 5
1726755514986 0.386393 5
1726755515072 0.352349 5
1726755515159 0.855732 5
1726755515245 0.338746 10
1726755515331 0.585431 10
1726755515418 0.564929 10
1726755515503 0.945642 10
1726755515591 0.255578 10
1726755515677 0.843104 10
1726755515766 0.686715 10
1726755515852 1.045916 10
1726755515939 0.602713 10
1726755516034 0.350128 10
1726755516120 1.245745 15
1726755516207 0.287512 15
1726755516294 1.259524 15
1726755516380 2.950412 15
1726755516464 1.78578 15
1726755516554 0.569908 15
1726755516641 0.839094 15
1726755516729 1.515355 15
1726755516816 0.555428 15
1726755516902 1.13909 15
1726755516989 0.923483 20
1726755517075 0.522146 20
1726755517162 0.553451 20
1726755517247 0.325886 20
1726755517334 0.953928 20
1726755517419 0.736857 20
1726755517505 0.065928 20
1726755519642 1.675505 0
1726755519734 1.648843 0
1726755519820 0.596116 0
1726755519908 0.716326 0
1726755519995 0.564897 0
1726755520087 0.968877 0
1726755520177 0.29414 0
1726755520264 1.599412 0
1726755520349 0.588865 0
1726755520436 1.326685 0
1726755520523 5.05454 6
1726755520610 2.365733 6
1726755520702 0.352049 6
1726755520789 3.496098 6
1726755520877 0.464432 6
1726755520963 0.41999 6
1726755521050 0.496387 6
1726755521136 0.389966 6
1726755521224 0.459415 6
1726755521313 0.745282 6
1726755521401 0.322145 12
1726755521488 0.845907 12
1726755521574 0.935851 12
1726755521662 3.551126 12
1726755521749 0.377658 12
1726755521835 4.490592 12
1726755521922 0.759585 12
1726755522008 6.556237 12
1726755522096 0.602386 12
1726755522191 0.435698 12
1726755522278 0.79266 18
1726755522367 0.574135 18
1726755522457 1.126298 18
1726755522544 2.492341 18
1726755522629 1.0467 18
1726755522716 0.473741 18
1726755522802 1.314158 18
1726755522889 0.562214 18
1726755522979 0.705118 18
1726755523065 1.141766 18
1726755523152 1.157272 24
1726755523241 0.746367 24
1726755523327 0.407912 24
1726755523415 0.308938 24
1726755523502 0.386285 24
1726755523589 0.445588 24
1726755523675 0.036768 24
