1726883976140 12.655025 0
1726883976265 0.555018 0
1726883976383 2.202842 0
1726883976502 13.53229 0
1726883976620 31.403961 0
1726883976753 8.008322 0
1726883977080 8.457705 0
1726883977237 2.717366 0
1726883977364 1.235166 0
1726883977489 4.75549 0
1726883977610 0.550971 1
1726883977736 1.020074 1
1726883977858 0.74326 1
1726883977980 1.596855 1
1726883978101 0.427883 1
1726883978219 0.876118 1
1726883978343 1.271928 1
1726883978468 2.767117 1
1726883978590 13.681919 1
1726883978715 3.089871 1
1726883978835 2.028814 2
1726883978952 1.51986 2
1726883979069 0.589374 2
1726883979186 4.681135 2
1726883979311 1.99514 2
1726883979432 0.454671 2
1726883979554 0.597914 2
1726883979672 2.718686 2
1726883979794 2.394931 2
1726883979914 9.052194 2
1726883980032 0.764475 3
1726883980156 11.111342 3
1726883980387 0.667667 3
1726883980528 0.554854 3
1726883980649 1.203231 3
1726883980769 8.241368 3
1726883980886 0.685937 3
1726883981006 1.877762 3
1726883981127 0.821808 3
1726883981246 1.274314 3
1726883981373 1.212363 4
1726883981494 1.178524 4
1726883981614 1.709444 4
1726883983848 2.430261 0
1726883983968 2.434153 0
1726883984095 2.489105 0
1726883984212 1.355531 0
1726883984334 6.759077 0
1726883984453 1.348476 0
1726883984572 1.23057 0
1726883984691 199.176575 0
1726883984813 0.493775 0
1726883984931 0.897318 0
1726883985056 0.538517 2
1726883985174 0.700933 2
1726883985306 2.664124 2
1726883985427 4.506369 2
1726883985552 0.372572 2
1726883985672 0.761891 2
1726883985790 1.452763 2
1726883985915 4.027375 2
1726883986033 6.749734 2
1726883986150 37.156349 2
1726883986268 1.276667 4
1726883986387 4.133474 4
1726883986506 0.582421 4
1726883986629 51.838455 4
1726883986752 2.141452 4
1726883986870 0.412326 4
1726883986986 0.500383 4
1726883987110 1.928959 4
1726883987228 3.716959 4
1726883987347 2.065825 4
1726883987470 0.802619 6
1726883987590 4.154471 6
1726883987710 0.548297 6
1726883987832 0.529443 6
1726883987955 1.933653 6
1726883988073 4.015422 6
1726883988193 0.650117 6
1726883988311 2.103315 6
1726883988428 0.737848 6
1726883988545 0.921031 6
1726883988664 1.518813 8
1726883988785 5.926687 8
1726883988919 1.468067 8
1726883991198 2.200074 0
1726883991330 5.218039 0
1726883991453 0.925264 0
1726883991590 0.558306 0
1726883991715 3.693393 0
1726883991842 2.219225 0
1726883991965 7.828094 0
1726883992095 5.242846 0
1726883992218 0.414011 0
1726883992336 0.778638 0
1726883992457 0.466726 3
1726883992575 0.58043 3
1726883992695 0.914426 3
1726883992816 1.89132 3
1726883992936 0.364964 3
1726883993053 0.980138 3
1726883993169 0.969672 3
1726883993287 7.199881 3
1726883993407 0.585602 3
1726883993523 3.646958 3
1726883993649 4.449103 6
1726883993769 1.91119 6
1726883993892 0.643566 6
1726883994009 2.119657 6
1726883994131 5.830928 6
1726883994248 0.457547 6
1726883994368 6.044859 6
1726883994485 7.4976 6
1726883994602 3.328434 6
1726883994717 4.66313 6
1726883994832 0.614846 9
1726883994957 0.975585 9
1726883995076 0.952315 9
1726883995206 0.717599 9
1726883995326 3.10222 9
1726883995446 19.645733 9
1726883995564 1.996777 9
1726883995689 1.426346 9
1726883995807 0.920743 9
1726883995926 0.824246 9
1726883996045 3.21282 12
1726883996167 1.406634 12
1726883996284 1.100301 12
1726883998464 0.638997 0
1726883998582 0.87481 0
1726883998699 1.369889 0
1726883998821 0.499155 0
1726883998940 3.647282 0
1726883999065 2.414935 0
1726883999187 1.732832 0
1726883999305 5.521688 0
1726883999427 0.361772 0
1726883999552 0.805807 0
1726883999670 0.458312 4
1726883999795 0.77825 4
1726883999912 0.914973 4
1726884000034 2.265146 4
1726884000166 0.365765 4
1726884000290 0.844254 4
1726884000420 2.938545 4
1726884000557 0.881896 4
1726884000699 2.004366 4
1726884000829 3.856614 4
1726884000961 3.67643 8
1726884001089 1.90482 8
1726884001215 0.633021 8
1726884001338 1.905104 8
1726884001461 2.416089 8
1726884001579 0.282276 8
1726884001697 4.666934 8
1726884001824 2.494533 8
1726884001945 1.555122 8
1726884002066 9.451503 8
1726884002190 1.951223 12
1726884002315 26.306055 12
1726884002438 0.656662 12
1726884002572 0.692802 12
1726884002690 3.255719 12
1726884002810 10.894936 12
1726884002927 2.928786 12
1726884003045 4.01423 12
1726884003167 1.244001 12
1726884003285 1.019214 12
1726884003417 1.839361 16
1726884003539 147.587555 16
1726884003656 2.010325 16
1726884005840 0.817052 0
1726884005963 0.643278 0
1726884006080 2.466547 0
1726884006201 0.329804 0
1726884006329 1.132494 0
1726884006448 1.154534 0
1726884006567 12.886349 0
1726884006685 5.101856 0
1726884006803 0.438873 0
1726884006925 0.732587 0
1726884007040 0.448553 5
1726884007159 2.764692 5
1726884007280 1.45256 5
1726884007400 3.541797 5
1726884007518 0.344466 5
1726884007636 0.772464 5
1726884007755 0.629791 5
1726884007876 0.74722 5
1726884008026 2.668258 5
1726884008146 4.678055 5
1726884008264 2.407502 10
1726884008391 6.703453 10
1726884008510 0.655233 10
1726884008630 1.689974 10
1726884008747 2.839098 10
1726884008865 0.261939 10
1726884008985 0.93071 10
1726884009102 2.545013 10
1726884009220 1.165242 10
1726884009338 15.820931 10
1726884009457 1.833025 15
1726884009579 5.514564 15
1726884009699 0.4783 15
1726884009821 0.437784 15
1726884009946 2.419378 15
1726884010068 5.227499 15
1726884010187 3.637391 15
1726884010304 1.846125 15
1726884010430 1.047984 15
1726884010550 0.924073 15
1726884010669 2.995422 20
1726884010786 2.340426 20
1726884010907 3.673927 20
1726884013032 0.372527 0
1726884013152 0.75652 0
1726884013269 3.973319 0
1726884013386 0.34932 0
1726884013508 1.872384 0
1726884013626 1.53816 0
1726884013748 3.670587 0
1726884013865 6.574615 0
1726884013986 0.425849 0
1726884014115 0.692227 0
1726884014234 0.451754 6
1726884014349 1.297547 6
1726884014478 0.990193 6
1726884014603 1.994689 6
1726884014723 0.346797 6
1726884014839 0.815453 6
1726884014960 0.738101 6
1726884015076 0.82792 6
1726884015194 2.881759 6
1726884015311 108.81591 6
1726884015429 3.13374 12
1726884015548 3.246065 12
1726884015668 0.66022 12
1726884015786 4.142825 12
1726884015905 1.723779 12
1726884016026 0.254237 12
1726884016148 1.506159 12
1726884016265 2.369625 12
1726884016382 1.284417 12
1726884016507 7.321973 12
1726884016632 7.942891 18
1726884016755 6.47908 18
1726884016872 0.498571 18
1726884016994 0.443372 18
1726884017111 5.18577 18
1726884017232 3.846956 18
1726884017349 2.545548 18
1726884017471 80.935776 18
1726884017588 0.876909 18
1726884017711 0.977373 18
1726884017830 2.063765 24
1726884017948 1.355898 24
1726884018066 1.70411 24
1726884020348 0.340709 0
1726884020466 0.864924 0
1726884020588 2.424852 0
1726884020712 0.380114 0
1726884020830 2.005338 0
1726884020946 1.346362 0
1726884021065 11.373095 0
1726884021188 4.292528 0
1726884021309 0.455228 0
1726884021431 0.713281 0
1726884021564 0.443194 7
1726884021692 0.768147 7
1726884021814 1.182699 7
1726884021934 50.80986 7
1726884022053 0.347779 7
1726884022180 0.803508 7
1726884022302 0.692473 7
1726884022420 0.906313 7
1726884022541 4.202456 7
1726884022665 4.754743 7
1726884022785 1.777166 14
1726884022907 1.907689 14
1726884023023 0.660502 14
1726884023147 1.980813 14
1726884023280 1.709296 14
1726884023414 0.281865 14
1726884023550 0.603081 14
1726884023689 2.862134 14
1726884023822 1.463349 14
1726884023953 5.006491 14
1726884024087 3.289193 21
1726884024211 4.465449 21
1726884024334 0.502467 21
1726884024461 0.466205 21
1726884024582 3.018391 21
1726884024717 4.607379 21
1726884024849 2.04265 21
1726884024983 244.841217 21
1726884025112 1.044441 21
1726884025236 1.071002 21
1726884025361 2.405705 28
1726884025491 27.209522 28
1726884025620 2.154367 28
