1727100889575 576.440186 0
1727100889715 2.367209 0
1727100889844 2.634325 0
1727100889973 5.415489 0
1727100890108 1.698949 0
1727100890855 0.414981 0
1727100890987 2.120944 0
1727100891105 2.069788 0
1727100891224 3.119565 0
1727100891346 9.967085 0
1727100891845 3.597449 0
1727100891968 6.317943 0
1727100892087 2.366909 0
1727100892207 18.92738 0
1727100892333 5.075197 0
1727100892915 6.343494 0
1727100893050 4.3375 0
1727100893180 1.771825 0
1727100893301 2.066309 0
1727100893425 9.344851 0
1727100893923 0.883647 0
1727100894055 2.458067 0
1727100894172 1.722483 0
1727100894294 4.222114 0
1727100894426 1.355175 0
1727100894916 3.258535 0
1727100895044 3.208369 0
1727100895165 3.557348 0
1727100895288 8.256306 0
1727100895416 1.490806 0
1727100895897 4.510256 0
1727100896026 3.043427 0
1727100896155 1.195987 0
1727100896280 2.23127 0
1727100896408 24.922493 0
