1726832013995 0.0 0
1726832014126 10.0 0
1726832014254 20.0 0
1726832014382 30.0 0
1726832014509 40.0 0
1726832014637 50.0 0
1726832014764 60.0 0
1726832014891 70.0 0
1726832015017 80.0 0
1726832015144 90.0 0
1726832015273 100.0 1
1726832016141 0.0 0
1726832016272 10.0 0
1726832016403 20.0 0
1726832016532 30.0 0
1726832016660 40.0 0
1726832016788 50.0 0
1726832016915 60.0 0
1726832017042 70.0 0
1726832017168 80.0 0
1726832017293 90.0 0
1726832017419 100.0 2
1726832018271 0.0 0
1726832018396 10.0 0
1726832018522 20.0 0
1726832018648 30.0 0
1726832018775 40.0 0
1726832018903 50.0 0
1726832019029 60.0 0
1726832019156 70.0 0
1726832019283 80.0 0
1726832019412 90.0 0
1726832019541 100.0 3
1726832020422 0.0 0
1726832020549 10.0 0
1726832020677 20.0 0
1726832020804 30.0 0
1726832020932 40.0 0
1726832021060 50.0 0
1726832021188 60.0 0
1726832021316 70.0 0
1726832021444 80.0 0
1726832021572 90.0 0
1726832021699 100.0 4
1726832022572 0.0 0
1726832022700 10.0 0
1726832022829 20.0 0
1726832022957 30.0 0
1726832023086 40.0 0
1726832023215 50.0 0
1726832023344 60.0 0
1726832023473 70.0 0
1726832023603 80.0 0
1726832023730 90.0 0
1726832023856 100.0 5
1726832024731 0.0 0
1726832024860 10.0 0
1726832024987 20.0 0
1726832025115 30.0 0
1726832025243 40.0 0
1726832025372 50.0 0
1726832025500 60.0 0
1726832025628 70.0 0
1726832025757 80.0 0
1726832025885 90.0 0
1726832026013 100.0 6
1726832026889 0.0 0
1726832027016 10.0 0
1726832027143 20.0 0
1726832027272 30.0 0
1726832027400 40.0 0
1726832027528 50.0 0
1726832027658 60.0 0
1726832027787 70.0 0
1726832027916 80.0 0
1726832028042 90.0 0
1726832028170 100.0 7
1726832029030 0.0 0
1726832029159 10.0 0
1726832029289 20.0 0
1726832029417 30.0 0
1726832029570 40.0 0
1726832029844 50.0 0
1726832029971 60.0 0
1726832030100 70.0 0
1726832030228 80.0 0
1726832030362 90.0 0
1726832030493 100.0 8
1726832031346 0.0 0
1726832031473 10.0 0
1726832031599 20.0 0
1726832031725 30.0 0
1726832031854 40.0 0
1726832031982 50.0 0
1726832032110 60.0 0
1726832032237 70.0 0
1726832032364 80.0 0
1726832032491 90.0 0
1726832032619 100.0 9
1726832033595 0.0 0
1726832033746 10.0 0
1726832033881 20.0 0
1726832034010 30.0 0
1726832034137 40.0 0
1726832034280 50.0 0
1726832034407 60.0 0
1726832034536 70.0 0
1726832034664 80.0 0
1726832034790 90.0 0
1726832034916 100.0 10
