1726816439555 0.0 0
1726816439659 10.0 0
1726816439760 20.0 0
1726816439860 30.0 0
1726816439964 40.0 0
1726816440072 50.0 0
1726816440175 60.0 0
1726816440277 70.0 0
1726816440382 80.0 0
1726816440486 90.0 0
1726816440587 100.0 1
1726816440689 110.0 1
1726816440790 120.0 1
1726816440891 130.0 1
1726816440992 140.0 1
1726816441092 150.0 1
1726816441191 160.0 1
1726816441292 170.0 1
1726816441395 180.0 1
1726816441498 190.0 1
1726816441601 200.0 2
1726816441703 210.0 2
1726816442879 0.0 0
1726816442982 10.0 0
1726816443084 20.0 0
1726816443185 30.0 0
1726816443286 40.0 0
1726816443389 50.0 0
1726816443492 60.0 0
1726816443591 70.0 0
1726816443696 80.0 0
1726816443800 90.0 0
1726816443903 100.0 2
1726816444005 110.0 2
1726816444115 120.0 2
1726816444216 130.0 2
1726816444322 140.0 2
1726816444425 150.0 2
1726816444527 160.0 2
1726816444627 170.0 2
1726816444733 180.0 2
1726816444837 190.0 2
1726816444939 200.0 4
1726816445045 210.0 4
1726816446260 0.0 0
1726816446375 10.0 0
1726816446477 20.0 0
1726816446580 30.0 0
1726816446683 40.0 0
1726816446785 50.0 0
1726816446887 60.0 0
1726816446988 70.0 0
1726816447092 80.0 0
1726816447196 90.0 0
1726816447299 100.0 3
1726816447405 110.0 3
1726816447509 120.0 3
1726816447612 130.0 3
1726816447715 140.0 3
1726816447820 150.0 3
1726816447922 160.0 3
1726816448028 170.0 3
1726816448130 180.0 3
1726816448242 190.0 3
1726816448348 200.0 6
1726816448452 210.0 6
1726816449555 0.0 0
1726816449663 10.0 0
1726816449766 20.0 0
1726816449869 30.0 0
1726816449974 40.0 0
1726816450077 50.0 0
1726816450181 60.0 0
1726816450290 70.0 0
1726816450394 80.0 0
1726816450501 90.0 0
1726816450602 100.0 4
1726816450704 110.0 4
1726816450805 120.0 4
1726816450908 130.0 4
1726816451010 140.0 4
1726816451122 150.0 4
1726816451225 160.0 4
1726816451327 170.0 4
1726816451431 180.0 4
1726816451533 190.0 4
1726816451635 200.0 8
1726816451736 210.0 8
