1726867016628 1.0 0
1726867016765 1.0 0
1726867016899 1.0 0
1726867017036 1.0 0
1726867017547 1.0 0
1726867017688 1.0 0
1726867017827 1.0 0
1726867017965 1.0 0
1726867018492 1.0 0
1726867018657 1.0 0
1726867018812 1.0 0
1726867018961 1.0 0
1726867019502 1.0 0
1726867019648 1.0 0
1726867019785 1.0 0
1726867019922 1.0 0
1726867020412 1.0 0
1726867020556 1.0 0
1726867020699 1.0 0
1726867020841 1.0 0
1726867021340 1.0 0
1726867021481 1.0 0
1726867021622 1.0 0
1726867021763 1.0 0
1726867022251 1.0 0
1726867022392 1.0 0
1726867022555 1.0 0
1726867022698 1.0 0
