1727261329701 0.483123 0
1727261329816 0.964946 0
1727261329930 2.291328 0
1727261330052 0.504498 0
1727261330169 0.513727 0
1727261330284 2.880716 0
1727261330401 0.604509 0
1727261330895 0.468064 0
1727261331016 0.917582 0
1727261331135 2.21194 0
1727261331256 0.499211 0
1727261331371 0.524557 0
1727261331483 2.810954 0
1727261331596 0.577285 0
1727261332127 0.466452 0
1727261332261 0.892956 0
1727261332385 2.136182 0
1727261332502 0.502304 0
1727261332640 0.538621 0
1727261332777 2.745965 0
1727261332909 0.544114 0
1727261333415 0.476823 0
1727261333528 0.86046 0
1727261333645 2.051718 0
1727261333764 0.506213 0
1727261333875 0.556185 0
1727261333990 2.658806 0
1727261334105 0.517524 0
1727261334596 0.479354 0
1727261334713 0.814961 0
1727261334834 1.982276 0
1727261334952 0.512735 0
1727261335074 0.577165 0
1727261335194 2.57777 0
1727261335325 0.482026 0
1727261335844 0.488497 0
1727261335978 0.768191 0
1727261336102 1.88171 0
1727261336235 0.513404 0
1727261336357 0.582911 0
1727261336476 2.52574 0
1727261336592 0.458881 0
1727261337088 0.488898 0
1727261337204 0.759922 0
1727261337326 1.856563 0
1727261337457 0.515922 0
1727261337572 0.595453 0
1727261337701 2.48029 0
1727261337840 0.448279 0
1727261338356 0.492638 0
1727261338475 0.735007 0
1727261338593 1.799224 0
1727261338706 0.517009 0
1727261338832 0.603551 0
1727261338946 2.441838 0
1727261339064 0.436247 0
1727261339612 0.491227 0
1727261339736 0.728497 0
1727261339857 1.76818 0
1727261339973 0.52447 0
1727261340103 0.624803 0
1727261340215 2.401442 0
1727261340343 0.421969 0
1727261340867 0.501537 0
1727261340984 0.695038 0
1727261341099 1.728613 0
1727261341215 0.528492 0
1727261341343 0.630841 0
1727261341460 2.360829 0
1727261341586 0.401783 0
