1726899908197 0.0 0
1726899908339 10.0 0
1726899908479 20.0 0
1726899908618 30.0 0
1726899908758 40.0 0
1726899908902 50.0 0
1726899909046 60.0 0
1726899909186 70.0 0
1726899909327 80.0 0
1726899909466 90.0 0
1726899909605 100.0 1
1726899909744 110.0 1
1726899909883 120.0 1
1726899910024 130.0 1
1726899910165 140.0 1
1726899910305 150.0 1
1726899910446 160.0 1
1726899910586 170.0 1
1726899910727 180.0 1
1726899910870 190.0 1
1726899911009 200.0 2
1726899911153 210.0 2
1726899911294 220.0 2
1726899911435 230.0 2
1726899913158 0.0 0
1726899913301 10.0 0
1726899913441 20.0 0
1726899913582 30.0 0
1726899913722 40.0 0
1726899913862 50.0 0
1726899914006 60.0 0
1726899914147 70.0 0
1726899914286 80.0 0
1726899914426 90.0 0
1726899914565 100.0 2
1726899914706 110.0 2
1726899914846 120.0 2
1726899914989 130.0 2
1726899915130 140.0 2
1726899915271 150.0 2
1726899915414 160.0 2
1726899915555 170.0 2
1726899915694 180.0 2
1726899915834 190.0 2
1726899915973 200.0 4
1726899916112 210.0 4
1726899916253 220.0 4
1726899916394 230.0 4
1726899918038 0.0 0
1726899918180 10.0 0
1726899918319 20.0 0
1726899918458 30.0 0
1726899918597 40.0 0
1726899918737 50.0 0
1726899918876 60.0 0
1726899919015 70.0 0
1726899919155 80.0 0
1726899919299 90.0 0
1726899919440 100.0 3
1726899919580 110.0 3
1726899919721 120.0 3
1726899919861 130.0 3
1726899920001 140.0 3
1726899920140 150.0 3
1726899920280 160.0 3
1726899920419 170.0 3
1726899920558 180.0 3
1726899920698 190.0 3
1726899920838 200.0 6
1726899920978 210.0 6
1726899921117 220.0 6
1726899921258 230.0 6
1726899922899 0.0 0
1726899923041 10.0 0
1726899923181 20.0 0
1726899923323 30.0 0
1726899923464 40.0 0
1726899923606 50.0 0
1726899923745 60.0 0
1726899923886 70.0 0
1726899924025 80.0 0
1726899924164 90.0 0
1726899924305 100.0 4
1726899924445 110.0 4
1726899924584 120.0 4
1726899924724 130.0 4
1726899924863 140.0 4
1726899925003 150.0 4
1726899925142 160.0 4
1726899925280 170.0 4
1726899925423 180.0 4
1726899925564 190.0 4
1726899925704 200.0 8
1726899925844 210.0 8
1726899925983 220.0 8
1726899926124 230.0 8
1726899927774 0.0 0
1726899927915 10.0 0
1726899928056 20.0 0
1726899928195 30.0 0
1726899928333 40.0 0
1726899928473 50.0 0
1726899928611 60.0 0
1726899928751 70.0 0
1726899928890 80.0 0
1726899929030 90.0 0
1726899929171 100.0 5
1726899929313 110.0 5
1726899929455 120.0 5
1726899929595 130.0 5
1726899929736 140.0 5
1726899929875 150.0 5
1726899930015 160.0 5
1726899930156 170.0 5
1726899930295 180.0 5
1726899930436 190.0 5
1726899930575 200.0 10
1726899930715 210.0 10
1726899930856 220.0 10
1726899930995 230.0 10
1726899932631 0.0 0
1726899932772 10.0 0
1726899932912 20.0 0
1726899933051 30.0 0
1726899933190 40.0 0
1726899933330 50.0 0
1726899933470 60.0 0
1726899933614 70.0 0
1726899933754 80.0 0
1726899933895 90.0 0
1726899934035 100.0 6
1726899934175 110.0 6
1726899934314 120.0 6
1726899934454 130.0 6
1726899934594 140.0 6
1726899934733 150.0 6
1726899934873 160.0 6
1726899935012 170.0 6
1726899935152 180.0 6
1726899935294 190.0 6
1726899935435 200.0 12
1726899935576 210.0 12
1726899935716 220.0 12
1726899935857 230.0 12
1726899937505 0.0 0
1726899937647 10.0 0
1726899937787 20.0 0
1726899937929 30.0 0
1726899938068 40.0 0
1726899938207 50.0 0
1726899938347 60.0 0
1726899938485 70.0 0
1726899938625 80.0 0
1726899938765 90.0 0
1726899938905 100.0 7
1726899939044 110.0 7
1726899939184 120.0 7
1726899939323 130.0 7
1726899939465 140.0 7
1726899939603 150.0 7
1726899939746 160.0 7
1726899939886 170.0 7
1726899940027 180.0 7
1726899940167 190.0 7
1726899940306 200.0 14
1726899940446 210.0 14
1726899940586 220.0 14
1726899940724 230.0 14
1726899942420 0.0 0
1726899942567 10.0 0
1726899942706 20.0 0
1726899942847 30.0 0
1726899942987 40.0 0
1726899943126 50.0 0
1726899943265 60.0 0
1726899943405 70.0 0
1726899943544 80.0 0
1726899943684 90.0 0
1726899943828 100.0 8
1726899943968 110.0 8
1726899944109 120.0 8
1726899944248 130.0 8
1726899944388 140.0 8
1726899944536 150.0 8
1726899944678 160.0 8
1726899944823 170.0 8
1726899944963 180.0 8
1726899945104 190.0 8
1726899945245 200.0 16
1726899945385 210.0 16
1726899945525 220.0 16
1726899945665 230.0 16
1726899947313 0.0 0
1726899947454 10.0 0
1726899947594 20.0 0
1726899947734 30.0 0
1726899947876 40.0 0
1726899948016 50.0 0
1726899948156 60.0 0
1726899948296 70.0 0
1726899948435 80.0 0
1726899948574 90.0 0
1726899948714 100.0 9
1726899948854 110.0 9
1726899948993 120.0 9
1726899949136 130.0 9
1726899949275 140.0 9
1726899949415 150.0 9
1726899949559 160.0 9
1726899949698 170.0 9
1726899949839 180.0 9
1726899949982 190.0 9
1726899950124 200.0 18
1726899950264 210.0 18
1726899950404 220.0 18
1726899950545 230.0 18
1726899952198 0.0 0
1726899952341 10.0 0
1726899952481 20.0 0
1726899952621 30.0 0
1726899952761 40.0 0
1726899952900 50.0 0
1726899953040 60.0 0
1726899953180 70.0 0
1726899953320 80.0 0
1726899953461 90.0 0
1726899953600 100.0 10
1726899953740 110.0 10
1726899953878 120.0 10
1726899954021 130.0 10
1726899954161 140.0 10
1726899954304 150.0 10
1726899954444 160.0 10
1726899954583 170.0 10
1726899954725 180.0 10
1726899954865 190.0 10
1726899955007 200.0 20
1726899955147 210.0 20
1726899955288 220.0 20
1726899955428 230.0 20
