1727125731058 13.063444 0
1727125731180 4.326607 0
1727125731311 1.464983 0
1727125731442 0.578663 0
1727125731573 0.278448 0
1727125731704 0.702161 0
1727125731835 0.322697 0
1727125731967 0.276654 0
1727125732099 0.254896 0
1727125732230 0.382014 0
1727125732364 0.550049 1
1727125732495 0.248692 1
1727125732626 0.390464 1
1727125732756 7.711917 1
1727125732888 0.322958 1
1727125733020 18.934452 1
1727125733149 3.557905 1
1727125733280 1.2859 1
1727125733409 0.217979 1
1727125733540 0.913393 1
1727125733672 1.650629 2
1727125733803 2.200615 2
1727125733933 7.131415 2
1727125734063 2.254743 2
1727125734194 1.361051 2
1727125734325 3.691775 2
1727125734455 1.012197 2
1727125734585 1.286 2
1727125734716 1.021203 2
1727125734847 0.321308 2
1727125734979 0.442348 3
1727125735112 1.64964 3
1727125735243 2.385597 3
1727125735374 6.438165 3
1727125735504 2.23361 3
1727125735635 1.233925 3
1727125735764 1.654422 3
1727125735894 1.73866 3
1727125736023 2.663033 3
1727125738590 0.732789 0
1727125738713 0.492555 0
1727125738845 0.199588 0
1727125738974 0.687442 0
1727125739105 5.020735 0
1727125739237 0.449223 0
1727125739367 0.313766 0
1727125739499 0.29691 0
1727125739628 0.296824 0
1727125739759 0.365355 0
1727125739891 0.70359 2
1727125740021 0.313307 2
1727125740152 0.400763 2
1727125740284 5920.907715 2
1727125740417 1.105441 2
1727125740548 4.444351 2
1727125740679 1.726407 2
1727125740811 1.95641 2
1727125740942 0.721066 2
1727125741075 1.538941 2
1727125741206 1.092026 4
1727125741337 4.610108 4
1727125741468 8.467653 4
1727125741599 5.166359 4
1727125741730 1.818527 4
1727125741860 2.258337 4
1727125741991 1.27426 4
1727125742121 1.247782 4
1727125742251 0.821643 4
1727125742382 0.58021 4
1727125742514 0.496964 6
1727125742644 1.282855 6
1727125742774 3.728014 6
1727125742905 2.670415 6
1727125743036 0.741056 6
1727125743169 1.156943 6
1727125743301 0.801003 6
1727125743433 18.298794 6
1727125743563 3.040956 6
1727125745958 0.245174 0
1727125746085 0.266919 0
1727125746214 0.284763 0
1727125746345 1.694484 0
1727125746475 22.969494 0
1727125746606 0.240983 0
1727125746735 0.216501 0
1727125746865 0.177677 0
1727125746994 0.222571 0
1727125747127 0.361036 0
1727125747258 0.441517 3
1727125747390 0.216274 3
1727125747520 0.357497 3
1727125747651 2.480863 3
1727125747782 0.519581 3
1727125747913 2.159413 3
1727125748045 0.816165 3
1727125748176 1.231704 3
1727125748306 0.512024 3
1727125748437 3.273156 3
1727125748569 7.613833 6
1727125748699 5.309075 6
1727125748829 2.671801 6
1727125748962 1.732685 6
1727125749092 1.295994 6
1727125749222 3.494671 6
1727125749355 2.642278 6
1727125749485 2.271063 6
1727125749617 0.823918 6
1727125749749 0.850943 6
1727125749880 0.582164 9
1727125750012 1.26884 9
1727125750144 2.348057 9
1727125750276 2.631171 9
1727125750406 0.675512 9
1727125750538 1.04552 9
1727125750669 3.34612 9
1727125750801 1.501316 9
1727125750933 2.512493 9
1727125752844 0.280242 0
1727125752965 0.232254 0
1727125753094 0.434954 0
1727125753224 1.034998 0
1727125753355 0.752265 0
1727125753486 0.398399 0
1727125753618 0.281471 0
1727125753749 0.22143 0
1727125753878 0.222625 0
1727125754009 0.373267 0
1727125754140 0.334255 4
1727125754270 0.246248 4
1727125754401 0.340417 4
1727125754531 6.547356 4
1727125754664 0.243228 4
1727125754795 8.548491 4
1727125754925 0.642268 4
1727125755056 1.157609 4
1727125755187 0.443603 4
1727125755319 2.300007 4
1727125755450 1.188763 8
1727125755581 1.554034 8
1727125755712 14.039684 8
1727125755845 3.072855 8
1727125755974 1.081003 8
1727125756104 4.41529 8
1727125756235 3.436672 8
1727125756366 3.773077 8
1727125756496 2.125282 8
1727125756628 0.992625 8
1727125756761 0.712081 12
1727125756892 1.113232 12
1727125757032 2.17136 12
1727125757164 2.006314 12
1727125757295 0.696711 12
1727125757427 0.720738 12
1727125757561 1.465745 12
1727125757694 1.543187 12
1727125757828 1.762837 12
1727125759554 0.318982 0
1727125759681 0.280409 0
1727125759811 0.232882 0
1727125759944 1.084327 0
1727125760076 0.924857 0
1727125760206 0.486515 0
1727125760335 0.306368 0
1727125760466 0.345689 0
1727125760597 0.220914 0
1727125760732 0.364827 0
1727125760865 0.311319 5
1727125760996 0.335389 5
1727125761127 0.371502 5
1727125761256 1.755508 5
1727125761386 0.938097 5
1727125761519 3.244552 5
1727125761653 1.861907 5
1727125761783 0.693364 5
1727125761914 0.507692 5
1727125762044 5.876366 5
1727125762174 1.068623 10
1727125762304 1.247479 10
1727125762435 3.43959 10
1727125762566 0.843371 10
1727125762697 1.981302 10
1727125762828 1.990661 10
1727125762960 3.208151 10
1727125763091 3.483987 10
1727125763223 1.270812 10
1727125763354 0.630211 10
1727125763486 0.57343 15
1727125763619 1.104291 15
1727125763752 2.726033 15
1727125763885 2.255159 15
1727125764015 0.783742 15
1727125764145 1.2002 15
1727125764277 1.773375 15
1727125764408 15.417643 15
1727125764538 3.717398 15
1727125767177 3.426933 0
1727125767300 0.354808 0
1727125767431 0.305376 0
1727125767562 1.583043 0
1727125767694 0.551154 0
1727125767826 0.362066 0
1727125767956 0.281628 0
1727125768086 0.284124 0
1727125768214 0.263367 0
1727125768345 0.371725 0
1727125768476 0.345878 6
1727125768609 0.253207 6
1727125768739 0.351317 6
1727125768870 1.612317 6
1727125769003 0.425113 6
1727125769135 36.808949 6
1727125769266 0.745181 6
1727125769396 1.171927 6
1727125769527 0.346476 6
1727125769660 4.17671 6
1727125769791 0.987327 12
1727125769924 1.384243 12
1727125770060 2.488407 12
1727125770188 1.074651 12
1727125770318 3.170085 12
1727125770450 3.098914 12
1727125770587 3.773088 12
1727125770720 2.542475 12
1727125770851 2.312327 12
1727125770988 0.607136 12
1727125771118 0.458834 18
1727125771248 1.090803 18
1727125771377 1.496403 18
1727125771508 2.005581 18
1727125771639 0.802277 18
1727125771770 0.901917 18
1727125771903 0.654281 18
1727125772034 3.07693 18
1727125772165 2.662912 18
1727125774757 0.742301 0
1727125774884 0.462918 0
1727125775016 0.286873 0
1727125775151 0.954178 0
1727125775282 2.603983 0
1727125775413 0.331952 0
1727125775543 0.232968 0
1727125775673 0.246325 0
1727125775803 0.285399 0
1727125775936 0.372616 0
1727125776067 0.389437 7
1727125776198 0.214121 7
1727125776329 0.365679 7
1727125776461 1.649989 7
1727125776590 0.326526 7
1727125776722 1.191398 7
1727125776852 0.759127 7
1727125776984 1.238043 7
1727125777116 0.334013 7
1727125777248 3.763604 7
1727125777379 1.156466 14
1727125777512 1.534184 14
1727125777643 3.099993 14
1727125777773 1.03131 14
1727125777904 1.190262 14
1727125778035 4.962404 14
1727125778166 6.993681 14
1727125778296 4.142955 14
1727125778427 1.134315 14
1727125778557 0.67361 14
1727125778687 0.458583 21
1727125778818 1.271739 21
1727125778949 4.373903 21
1727125779079 2.497931 21
1727125779212 0.554458 21
1727125779344 1.015573 21
1727125779474 0.668367 21
1727125779603 4.693308 21
1727125779734 4.747657 21
