1726675434356 31.990326 0
1726675434515 2.618928 0
1726675434644 2.064824 0
1726675434762 13.307272 0
1726675434874 1.751244 0
1726675434985 0.952939 0
1726675435097 1.56341 0
1726675435208 0.793204 0
1726675435318 1.15874 0
1726675435430 1.091501 0
1726675435541 3.097251 1
1726675435652 0.859644 1
1726675435762 0.76454 1
1726675435876 1.572265 1
1726675435987 2.610907 1
1726675436099 1.915568 1
1726675436211 1.620164 1
1726675436322 4.896403 1
1726675436432 1.125708 1
1726675436543 0.492519 1
1726675436653 1.158173 2
1726675436766 0.624178 2
1726675436876 2.010674 2
1726675436987 0.720035 2
1726675437099 0.3896 2
1726675440905 1.053465 0
1726675441050 0.891897 0
1726675441182 2.419436 0
1726675441306 1.602612 0
1726675441423 1.493723 0
1726675441535 1.116663 0
1726675441647 1.603012 0
1726675441757 0.387536 0
1726675441867 0.675787 0
1726675441977 0.821765 0
1726675442087 1.718373 2
1726675442197 3.838974 2
1726675442308 0.562256 2
1726675442418 3.208874 2
1726675442529 1.792171 2
1726675442639 0.832533 2
1726675442750 1.69575 2
1726675442860 2.415711 2
1726675442972 1.272269 2
1726675443084 1.596291 2
1726675443194 15.025457 4
1726675443305 1.433838 4
1726675443415 4.881756 4
1726675443525 0.952771 4
1726675443635 0.593813 4
1726675447039 3.453842 0
1726675447196 7.302006 0
1726675447326 0.991749 0
1726675447443 2.970609 0
1726675447555 0.675425 0
1726675447667 0.856237 0
1726675447777 1.182764 0
1726675447889 0.821475 0
1726675448000 0.486134 0
1726675448112 1.432033 0
1726675448223 2.820634 3
1726675448334 3.987043 3
1726675448444 0.791795 3
1726675448555 1.346924 3
1726675448665 1.399426 3
1726675448776 1.00521 3
1726675448887 0.783796 3
1726675448998 1.560596 3
1726675449109 1.251586 3
1726675449219 1.580711 3
1726675449330 1.596749 6
1726675449440 0.759682 6
1726675449552 2.328288 6
1726675449664 12.488116 6
1726675449774 0.471814 6
1726675453342 0.779793 0
1726675453503 1.432442 0
1726675453634 0.380508 0
1726675453756 2.148782 0
1726675453869 3.962119 0
1726675453980 1.486787 0
1726675454093 0.797525 0
1726675454204 0.724144 0
1726675454315 0.954751 0
1726675454429 1.403549 0
1726675454541 2.952473 4
1726675454654 2.317557 4
1726675454766 2.134937 4
1726675454879 1.825004 4
1726675454990 1.445187 4
1726675455102 0.749817 4
1726675455215 0.341563 4
1726675455326 71.06192 4
1726675455440 1.526329 4
1726675455552 0.776378 4
1726675455665 2.291227 8
1726675455776 0.914723 8
1726675455887 0.706216 8
1726675455997 2.078307 8
1726675456108 1.224503 8
