1726936384751 9.153302 0
1726936384896 36.079521 0
1726936385040 15.581758 0
1726936385183 7.281819 0
1726936385327 7.514371 0
1726936385469 2.875166 0
1726936385610 1.433016 0
1726936385753 1.376722 0
1726936385895 0.667082 0
1726936386749 1.507491 0
1726936386896 2.11812 0
1726936387038 4.605485 0
1726936387182 7.602338 0
1726936387324 5.826055 0
1726936387466 2.032622 0
1726936387612 5.172123 0
1726936387755 1.171049 0
1726936387898 0.803271 0
1726936388679 3.150727 0
1726936388826 2.307635 0
1726936388968 15.569139 0
1726936389110 1.672767 0
1726936389252 3.230311 0
1726936389396 1.13754 0
1726936389539 0.875792 0
1726936389681 0.772917 0
1726936389824 0.686115 0
1726936390605 1.863486 0
1726936390750 3.270772 0
1726936390892 5.145396 0
1726936391033 12.056101 0
1726936391175 2.776655 0
1726936391320 1.204191 0
1726936391462 0.678157 0
1726936391603 1.577033 0
1726936391747 0.542309 0
1726936392499 2.402312 0
1726936392644 1.686599 0
1726936392788 3.86501 0
1726936392931 7.566784 0
1726936393072 7.124143 0
1726936393214 1.08289 0
1726936393356 1.299715 0
1726936393499 0.904537 0
1726936393641 0.715397 0
1726936394400 1.489595 0
1726936394548 3.176362 0
1726936394692 5.686537 0
1726936394836 1.496205 0
1726936394980 5.177023 0
1726936395123 6.783864 0
1726936395265 0.703382 0
1726936395407 0.702325 0
1726936395549 0.579324 0
1726936396328 2.636995 0
1726936396471 1.792002 0
1726936396617 11.650437 0
1726936396761 4.929169 0
1726936396904 4.5374 0
1726936397048 1.017514 0
1726936397190 0.949683 0
1726936397334 2.01087 0
1726936397479 0.706339 0
1726936398453 1.969496 0
1726936398621 1.981345 0
1726936398767 3.827077 0
1726936398910 18.114836 0
1726936399051 3.255148 0
1726936399194 1.243685 0
1726936399372 1.386137 0
1726936399515 0.780609 0
1726936399659 0.672474 0
1726936400433 3.317426 0
1726936400579 2.246142 0
1726936400728 39.361462 0
1726936400877 3.713953 0
1726936401023 2.751966 0
1726936401172 1.307741 0
1726936401318 0.701942 0
1726936401462 2.781757 0
1726936401606 0.529454 0
1726936402376 1.386222 0
1726936402523 1.810945 0
1726936402670 4.136415 0
1726936402818 6.457697 0
1726936402962 2.915605 0
1726936403107 1.034756 0
1726936403253 1.001639 0
1726936403396 1.024884 0
1726936403539 1.028839 0
