1726848606053 49.465313 0
1726848606220 0.342925 0
1726848606383 1.952825 0
1726848606539 0.908818 0
1726848606686 8.600348 0
1726848606831 1.84597 0
1726848606974 13.789535 0
1726848607124 0.98828 0
1726848607288 2.561332 0
1726848607454 1.595182 0
1726848607616 1.102422 1
1726848607774 0.998466 1
1726848607936 1.960654 1
1726848608092 104.310043 1
1726848610105 2.01616 0
1726848610294 0.246283 0
1726848610463 0.190189 0
1726848610622 3.099208 0
1726848610776 1.599025 0
1726848610928 4.369377 0
1726848611079 1.406003 0
1726848611227 1.691103 0
1726848611373 2.111881 0
1726848611518 400.821991 0
1726848611662 1.236481 2
1726848611806 0.77703 2
1726848611952 3.388613 2
1726848612097 1.534476 2
1726848614134 0.429019 0
1726848614310 0.523634 0
1726848614479 0.184573 0
1726848614644 3.628686 0
1726848614809 1.679764 0
1726848614977 26.144606 0
1726848615136 2.228585 0
1726848615290 3.188652 0
1726848615438 4.11386 0
1726848615584 1.064035 0
1726848615728 2.911314 3
1726848615871 0.951128 3
1726848616013 5.646886 3
1726848616152 0.318064 3
1726848618252 0.264 0
1726848618435 0.48748 0
1726848618596 0.754434 0
1726848618743 3.494707 0
1726848618884 4.230743 0
1726848619022 2.663961 0
1726848619161 1.681904 0
1726848619304 0.959203 0
1726848619446 1.209011 0
1726848619587 3.112974 0
1726848619728 0.816935 4
1726848619874 1.603853 4
1726848620023 2.595828 4
1726848620170 0.669419 4
1726848622120 0.245112 0
1726848622346 0.16087 0
1726848622511 0.167734 0
1726848622664 5.025842 0
1726848622806 1.443236 0
1726848622942 4.144551 0
1726848623077 2.480783 0
1726848623213 1.797833 0
1726848623350 2.68415 0
1726848623488 1.164181 0
1726848623629 1.254179 5
1726848623772 3.468365 5
1726848623918 9.561086 5
1726848624061 1.143305 5
1726848626153 1.87221 0
1726848626340 0.153465 0
1726848626518 0.170425 0
1726848626682 1.787734 0
1726848626830 1.358135 0
1726848626970 47.178059 0
1726848627107 1.228276 0
1726848627246 1.002087 0
1726848627384 1.432529 0
1726848627521 0.954162 0
1726848627658 2.311624 6
1726848627793 1.174186 6
1726848627928 2.448033 6
1726848628064 0.448657 6
1726848630023 0.25087 0
1726848630212 0.158289 0
1726848630394 0.237267 0
1726848630565 7.097932 0
1726848630726 2.455997 0
1726848630878 1.829298 0
1726848631027 1.251502 0
1726848631174 0.980278 0
1726848631325 1.232157 0
1726848631482 0.882331 0
1726848631630 1.154444 7
1726848631770 0.767608 7
1726848631909 8.790544 7
1726848632048 0.513889 7
1726848634060 0.331595 0
1726848634274 0.139316 0
1726848634426 0.200027 0
1726848634567 5.600018 0
1726848634705 1.544074 0
1726848634839 2.035644 0
1726848634972 0.984656 0
1726848635106 0.929806 0
1726848635243 4.455244 0
1726848635382 0.69266 0
1726848635525 0.867005 8
1726848635669 0.996057 8
1726848635811 2.295846 8
1726848635953 0.387828 8
1726848638136 0.331493 0
1726848638324 0.190719 0
1726848638499 0.206513 0
1726848638655 5.568829 0
1726848638809 1.817189 0
1726848638957 2.631486 0
1726848639102 0.751527 0
1726848639248 1.063169 0
1726848639389 1.325413 0
1726848639533 1.104989 0
1726848639680 3.667183 9
1726848639828 1.142424 9
1726848639979 3.857342 9
1726848640127 0.822941 9
