1726885016179 3.548618 0
1726885016315 3.619823 0
1726885016452 5.184387 0
1726885016589 25.084988 0
1726885016727 17.140427 0
1726885016863 10.550853 0
1726885016999 34.196449 0
1726885017605 1.72384 0
1726885017745 2.778783 0
1726885017885 4.397025 0
1726885018022 11.7623 0
1726885018158 23.351412 0
1726885018294 7.061271 0
1726885018432 7.497574 0
1726885019027 3.137411 0
1726885019168 7.076201 0
1726885019305 6.159622 0
1726885019444 55.881851 0
1726885019580 8.831944 0
1726885019716 8.950624 0
1726885019854 12.587496 0
1726885020456 5.820809 0
1726885020594 16.366768 0
1726885020731 3.386599 0
1726885020868 6892.134766 0
1726885021005 15.150858 0
1726885021143 20.665798 0
1726885021281 4.681582 0
1726885021881 6.13791 0
1726885022020 40.842846 0
1726885022156 248.784607 0
1726885022292 15.673525 0
1726885022431 32.991798 0
1726885022568 26.854221 0
1726885022705 5.130405 0
1726885023307 6.876134 0
1726885023446 9.685804 0
1726885023581 10.726356 0
1726885023718 9.755442 0
1726885023855 7.083901 0
1726885023993 137.895233 0
1726885024129 5.894979 0
1726885024728 5.321399 0
1726885024869 15.087723 0
1726885025006 7.703276 0
1726885025144 6.294683 0
1726885025283 7.64245 0
1726885025420 15.728794 0
1726885025556 7.913789 0
1726885026171 14.268732 0
1726885026307 9.646544 0
1726885026443 6.090781 0
1726885026581 13.32862 0
1726885026717 7.510578 0
1726885026854 15.103465 0
1726885026990 4.194004 0
1726885027592 4.809719 0
1726885027746 17.510059 0
1726885027882 11.005309 0
1726885028020 7.747562 0
1726885028157 40.733444 0
1726885028293 12.046419 0
1726885028430 7.12964 0
1726885029028 4.309843 0
1726885029166 23.882368 0
1726885029303 95.384903 0
1726885029442 6.439641 0
1726885029578 11.344147 0
1726885029715 21.561382 0
1726885029851 9.652498 0
