1727262302462 0.649168 0
1727262302628 0.17301 0
1727262302793 0.0941 0
1727262302971 0.142436 0
1727262303127 0.105637 0
1727262303286 0.362699 0
1727262303446 0.204502 0
1727262304233 0.278158 0
1727262304395 0.094833 0
1727262304571 0.073559 0
1727262304733 0.079685 0
1727262304896 0.179556 0
1727262305046 0.260945 0
1727262305197 0.137612 0
1727262305913 0.281861 0
1727262306068 0.173849 0
1727262306222 0.098453 0
1727262306379 0.072732 0
1727262306537 0.069258 0
1727262306698 0.320026 0
1727262306863 0.151509 0
1727262307572 0.217713 0
1727262307727 0.717487 0
1727262307898 0.093301 0
1727262308055 0.183638 0
1727262308216 0.078079 0
1727262308366 0.184887 0
1727262308527 0.190926 0
1727262309274 0.44499 0
1727262309435 0.066999 0
1727262309588 0.133826 0
1727262309744 0.111702 0
1727262309909 0.292585 0
1727262310077 0.269016 0
1727262310237 0.165061 0
1727262311031 0.192565 0
1727262311188 0.294762 0
1727262311338 0.089089 0
1727262311503 0.090031 0
1727262311656 0.061352 0
1727262311794 0.340556 0
1727262311951 0.139416 0
1727262312616 0.235435 0
1727262312791 0.149067 0
1727262312953 0.07901 0
1727262313119 0.186623 0
1727262313277 0.12026 0
1727262313444 0.158014 0
1727262313591 0.152087 0
1727262314176 0.200957 0
1727262314328 0.140303 0
1727262314480 0.102975 0
1727262314630 0.121828 0
1727262314768 0.08583 0
1727262314910 0.201021 0
1727262315056 0.154573 0
1727262315685 0.215233 0
1727262315830 0.076686 0
1727262315977 0.08321 0
1727262316119 0.09698 0
1727262316267 0.101302 0
1727262316410 0.212749 0
1727262316554 0.148525 0
1727262317183 0.190419 0
1727262317333 0.128221 0
1727262317484 0.099203 0
1727262317637 0.089895 0
1727262317797 0.061271 0
1727262317952 0.185996 0
1727262318103 0.147753 0
