1726765183432 0.488958 0
1726765183547 0.137117 0
1726765183662 0.766665 0
1726765183777 0.390213 0
1726765183892 0.259092 0
1726765184007 0.321554 0
1726765184122 0.161144 0
1726765184237 0.220476 0
1726765184351 1.228705 0
1726765184465 0.337138 0
1726765185183 0.343065 0
1726765185297 0.124415 0
1726765185412 0.637083 0
1726765185527 0.43171 0
1726765185642 0.415552 0
1726765185757 0.139536 0
1726765185872 0.180041 0
1726765185987 0.564675 0
1726765186101 1.548599 0
1726765186216 0.261624 0
1726765186919 0.757754 0
1726765187034 0.107527 0
1726765187149 0.652375 0
1726765187263 0.498982 0
1726765187378 0.344241 0
1726765187495 0.167695 0
1726765187610 0.176348 0
1726765187725 0.222316 0
1726765187839 0.999326 0
1726765187953 0.240674 0
1726765188658 0.161374 0
1726765188772 0.26448 0
1726765188887 0.794798 0
1726765189002 0.5344 0
1726765189117 0.17938 0
1726765189231 0.145685 0
1726765189346 0.154477 0
1726765189461 0.107458 0
1726765189577 1.753586 0
1726765189692 0.213217 0
1726765190396 0.160776 0
1726765190510 0.128222 0
1726765190625 0.513641 0
1726765190740 0.382074 0
1726765190854 0.180556 0
1726765190969 0.173343 0
1726765191083 0.16891 0
1726765191198 0.113614 0
1726765191312 1.067356 0
1726765191427 0.211507 0
1726765192142 0.161294 0
1726765192257 0.09381 0
1726765192372 0.499616 0
1726765192487 0.391279 0
1726765192601 0.164774 0
1726765192716 0.17157 0
1726765192831 0.159725 0
1726765192946 0.115685 0
1726765193063 0.911831 0
1726765193178 0.209662 0
1726765193891 0.159462 0
1726765194005 0.097934 0
1726765194119 0.474654 0
1726765194234 0.387249 0
1726765194348 0.142764 0
1726765194462 0.159991 0
1726765194577 0.156503 0
1726765194692 0.110471 0
1726765194806 0.837637 0
1726765194922 0.201472 0
