1727097339749 0.0 0
1727097339847 10.0 0
1727097339945 20.0 0
1727097340039 30.0 0
1727097340134 40.0 0
1727097340226 50.0 0
1727097340321 60.0 0
1727097340413 70.0 0
1727097340506 80.0 0
1727097340597 90.0 0
1727097340685 100.0 1
1727097340774 110.0 1
1727097340864 120.0 1
1727097340954 130.0 1
1727097341047 140.0 1
1727097341141 150.0 1
1727097341724 0.0 0
1727097341814 10.0 0
1727097341904 20.0 0
1727097341996 30.0 0
1727097342089 40.0 0
1727097342175 50.0 0
1727097342267 60.0 0
1727097342362 70.0 0
1727097342451 80.0 0
1727097342540 90.0 0
1727097342629 100.0 2
1727097342719 110.0 2
1727097342809 120.0 2
1727097342899 130.0 2
1727097342988 140.0 2
1727097343079 150.0 2
1727097343725 0.0 0
1727097343822 10.0 0
1727097343920 20.0 0
1727097344020 30.0 0
1727097344116 40.0 0
1727097344212 50.0 0
1727097344304 60.0 0
1727097344400 70.0 0
1727097344502 80.0 0
1727097344597 90.0 0
1727097344686 100.0 3
1727097344777 110.0 3
1727097344868 120.0 3
1727097344955 130.0 3
1727097345047 140.0 3
1727097345135 150.0 3
1727097345743 0.0 0
1727097345837 10.0 0
1727097345931 20.0 0
1727097346027 30.0 0
1727097346124 40.0 0
1727097346253 50.0 0
1727097346351 60.0 0
1727097346445 70.0 0
1727097346536 80.0 0
1727097346625 90.0 0
1727097346715 100.0 4
1727097346805 110.0 4
1727097346892 120.0 4
1727097346979 130.0 4
1727097347067 140.0 4
1727097347157 150.0 4
1727097347725 0.0 0
1727097347816 10.0 0
1727097347905 20.0 0
1727097347998 30.0 0
1727097348097 40.0 0
1727097348195 50.0 0
1727097348284 60.0 0
1727097348372 70.0 0
1727097348462 80.0 0
1727097348549 90.0 0
1727097348637 100.0 5
1727097348725 110.0 5
1727097348813 120.0 5
1727097348900 130.0 5
1727097348997 140.0 5
1727097349093 150.0 5
1727097349708 0.0 0
1727097349801 10.0 0
1727097349893 20.0 0
1727097349980 30.0 0
1727097350067 40.0 0
1727097350161 50.0 0
1727097350253 60.0 0
1727097350348 70.0 0
1727097350440 80.0 0
1727097350529 90.0 0
1727097350626 100.0 6
1727097350720 110.0 6
1727097350817 120.0 6
1727097350915 130.0 6
1727097351009 140.0 6
1727097351101 150.0 6
1727097351667 0.0 0
1727097351758 10.0 0
1727097351846 20.0 0
1727097351937 30.0 0
1727097352026 40.0 0
1727097352118 50.0 0
1727097352211 60.0 0
1727097352302 70.0 0
1727097352393 80.0 0
1727097352483 90.0 0
1727097352571 100.0 7
1727097352662 110.0 7
1727097352751 120.0 7
1727097352845 130.0 7
1727097352933 140.0 7
1727097353023 150.0 7
1727097353621 0.0 0
1727097353719 10.0 0
1727097353814 20.0 0
1727097353909 30.0 0
1727097354008 40.0 0
1727097354104 50.0 0
1727097354203 60.0 0
1727097354299 70.0 0
1727097354398 80.0 0
1727097354499 90.0 0
1727097354591 100.0 8
1727097354689 110.0 8
1727097354787 120.0 8
1727097354883 130.0 8
1727097354981 140.0 8
1727097355081 150.0 8
1727097355708 0.0 0
1727097355806 10.0 0
1727097355899 20.0 0
1727097355995 30.0 0
1727097356088 40.0 0
1727097356184 50.0 0
1727097356282 60.0 0
1727097356375 70.0 0
1727097356474 80.0 0
1727097356569 90.0 0
1727097356669 100.0 9
1727097356767 110.0 9
1727097356860 120.0 9
1727097356954 130.0 9
1727097357042 140.0 9
1727097357135 150.0 9
