1727273686300 35.012798 0
1727273686492 0.658227 0
1727273686680 0.129076 0
1727273686873 0.459507 0
1727273687055 0.859391 0
1727273687243 0.162626 0
1727273687875 0.199332 0
1727273688056 0.305551 0
1727273688242 0.197221 0
1727273688434 19.999298 0
1727273688618 0.245467 0
1727273688811 0.110001 0
1727273689458 0.103603 0
1727273689652 0.163862 0
1727273689848 0.45701 0
1727273690038 3.133865 0
1727273690233 0.139237 0
1727273690419 0.17157 0
1727273691021 0.152706 0
1727273691202 0.131503 0
1727273691380 0.098207 0
1727273691574 1.071911 0
1727273691764 0.138528 0
1727273691948 0.16953 0
1727273692540 0.200504 0
1727273692714 0.144353 0
1727273692898 0.221302 0
1727273693076 1.178712 0
1727273693255 0.172436 0
1727273693440 0.29551 0
1727273694043 0.280762 0
1727273694228 0.127721 0
1727273694416 0.115505 0
1727273694608 1.009149 0
1727273694790 0.297789 0
1727273694972 0.099157 0
1727273695577 0.106448 0
1727273695766 0.188132 0
1727273695954 0.095387 0
1727273696133 0.970109 0
1727273696314 0.58842 0
1727273696522 0.131327 0
1727273697108 0.125379 0
1727273697286 0.121321 0
1727273697466 0.165326 0
1727273697645 1.623558 0
1727273697823 0.195399 0
1727273698008 0.177603 0
1727273698684 0.206686 0
1727273698878 0.105237 0
1727273699065 0.214265 0
1727273699243 2.886362 0
1727273699431 0.157861 0
1727273699609 0.340704 0
