1726829945921 0.453566 0
1726829946047 0.308622 0
1726829946173 0.265177 0
1726829946302 0.234505 0
1726829946428 0.555067 0
1726829946878 0.334062 0
1726829947003 0.217108 0
1726829947129 0.163171 0
1726829947256 0.115471 0
1726829947383 0.407073 0
1726829947805 0.207351 0
1726829947931 0.187577 0
1726829948057 0.1622 0
1726829948184 0.104653 0
1726829948311 0.293752 0
1726829948733 0.230435 0
1726829948859 0.169418 0
1726829948985 0.16822 0
1726829949111 0.10659 0
1726829949237 0.259739 0
1726829949656 0.215569 0
1726829949782 0.181035 0
1726829949908 0.163551 0
1726829950034 0.101332 0
1726829950160 0.22086 0
