1727090925077 0.0 0
1727090925171 10.0 0
1727090925263 20.0 0
1727090925359 30.0 0
1727090925454 40.0 0
1727090925543 50.0 0
1727090925867 0.0 0
1727090925961 10.0 0
1727090926052 20.0 0
1727090926142 30.0 0
1727090926236 40.0 0
1727090926326 50.0 0
1727090926647 0.0 0
1727090926742 10.0 0
1727090926844 20.0 0
1727090926937 30.0 0
1727090927044 40.0 0
1727090927138 50.0 0
1727090927462 0.0 0
1727090927553 10.0 0
1727090927644 20.0 0
1727090927735 30.0 0
1727090927830 40.0 0
1727090927922 50.0 0
