1726764595658 0.851458 0
1726764595808 0.596829 0
1726764595924 0.343974 0
1726764596040 0.341045 0
1726764596155 0.574285 0
1726764596270 0.552308 0
1726764596385 0.638812 0
1726764596890 0.656761 0
1726764597005 0.684581 0
1726764597119 0.341449 0
1726764597233 0.433796 0
1726764597347 0.490049 0
1726764597462 0.586701 0
1726764597576 0.602865 0
1726764598079 0.699052 0
1726764598196 0.638604 0
1726764598311 0.36616 0
1726764598426 0.33646 0
1726764598541 0.414713 0
1726764598655 0.532666 0
1726764598769 0.583443 0
1726764599274 0.688632 0
1726764599388 0.595456 0
1726764599503 0.406989 0
1726764599618 0.359288 0
1726764599734 0.453202 0
1726764599849 0.494973 0
1726764599963 0.552931 0
1726764600471 0.619486 0
1726764600585 0.614288 0
1726764600700 0.326242 0
1726764600816 0.347959 0
1726764600931 0.431982 0
1726764601046 0.48554 0
1726764601160 0.549834 0
1726764601663 0.608004 0
1726764601777 0.612297 0
1726764601892 0.315262 0
1726764602007 0.338994 0
1726764602122 0.420573 0
1726764602243 0.486753 0
1726764602358 0.557007 0
