1727111389003 0.955224 0
1727111389134 0.699163 0
1727111389268 0.463521 0
1727111389379 0.181067 0
1727111389499 0.288269 0
1727111389628 0.314225 0
1727111389758 0.573816 0
1727111389886 3.651572 0
1727111390005 0.490568 0
1727111390132 0.292342 0
1727111390262 0.544546 1
1727111390392 0.410873 1
1727111390499 0.514957 1
1727111390631 1.053792 1
1727111390764 0.301641 1
1727111390898 0.345489 1
1727111391642 0.533764 0
1727111391769 0.15168 0
1727111391891 0.082631 0
1727111392001 0.141198 0
1727111392124 0.227785 0
1727111392253 0.140964 0
1727111392384 0.590318 0
1727111392510 3.60249 0
1727111392639 0.30914 0
1727111392770 0.088935 0
1727111392902 0.376004 2
1727111393030 0.235079 2
1727111393162 0.390287 2
1727111393292 1.036882 2
1727111393419 0.169349 2
1727111393556 0.224756 2
1727111394355 0.41868 0
1727111394482 0.101975 0
1727111394598 0.089435 0
1727111394723 0.110722 0
1727111394847 0.210497 0
1727111394971 0.152721 0
1727111395080 0.382416 0
1727111395206 3.484972 0
1727111395338 0.323356 0
1727111395463 0.09 0
1727111395591 0.388089 3
1727111395722 0.206677 3
1727111395855 0.326725 3
1727111395973 1.008387 3
1727111396094 0.238222 3
1727111396224 0.237111 3
1727111397048 0.327702 0
1727111397173 0.07721 0
1727111397301 0.067139 0
1727111397428 0.141614 0
1727111397561 0.232784 0
1727111397691 0.125645 0
1727111397821 0.260334 0
1727111397948 3.501542 0
1727111398064 0.301237 0
1727111398193 0.096982 0
1727111398323 0.3574 4
1727111398455 0.19558 4
1727111398582 0.324386 4
1727111398713 1.023746 4
1727111398844 0.197053 4
1727111398965 0.284526 4
1727111399716 0.347286 0
1727111399853 0.045347 0
1727111399979 0.050159 0
1727111400101 0.135181 0
1727111400233 0.23128 0
1727111400364 0.097897 0
1727111400503 0.232659 0
1727111400638 3.483465 0
1727111400753 0.307656 0
1727111400873 0.09004 0
1727111400989 0.365669 5
1727111401114 0.216887 5
1727111401246 0.344126 5
1727111401388 1.105744 5
1727111401534 0.195804 5
1727111401654 0.274748 5
1727111402611 0.287283 0
1727111402723 0.043213 0
1727111402860 0.045192 0
1727111402992 0.116514 0
1727111403109 0.210059 0
1727111403231 0.078124 0
1727111403360 0.226671 0
1727111403490 3.493508 0
1727111403616 0.324876 0
1727111403726 0.086617 0
1727111403846 0.385782 6
1727111403982 0.214504 6
1727111404116 0.336249 6
1727111404225 1.074304 6
1727111404347 0.174355 6
1727111404475 0.292205 6
1727111405235 0.327007 0
1727111405361 0.043804 0
1727111405482 0.038835 0
1727111405614 0.154295 0
1727111405768 0.202835 0
1727111405897 0.072968 0
1727111406007 0.221663 0
1727111406136 3.495599 0
1727111406265 0.287213 0
1727111406401 0.075045 0
1727111406541 0.394527 7
1727111406675 0.254297 7
1727111406820 0.328332 7
1727111406956 1.065166 7
1727111407076 0.176466 7
1727111407210 0.274424 7
1727111407963 0.275144 0
1727111408086 0.042449 0
1727111408211 0.059459 0
1727111408337 0.141322 0
1727111408467 0.19727 0
1727111408603 0.057837 0
1727111408737 0.210588 0
1727111408869 3.514637 0
1727111408989 0.286142 0
1727111409114 0.066941 0
1727111409247 0.379027 8
1727111409379 0.218875 8
1727111409513 0.294838 8
1727111409644 1.092837 8
1727111409773 0.194728 8
1727111409903 0.281831 8
