1726879506955 0.0 0
1726879507091 10.0 0
1726879507226 20.0 0
1726879507361 30.0 0
1726879507501 40.0 0
1726879507638 50.0 0
1726879507774 60.0 0
1726879507910 70.0 0
1726879508047 80.0 0
1726879508183 90.0 0
1726879508318 100.0 1
1726879509161 0.0 0
1726879509298 10.0 0
1726879509433 20.0 0
1726879509573 30.0 0
1726879509709 40.0 0
1726879509846 50.0 0
1726879509982 60.0 0
1726879510118 70.0 0
1726879510254 80.0 0
1726879510389 90.0 0
1726879510524 100.0 2
1726879511367 0.0 0
1726879511504 10.0 0
1726879511643 20.0 0
1726879511778 30.0 0
1726879511914 40.0 0
1726879512049 50.0 0
1726879512184 60.0 0
1726879512321 70.0 0
1726879512455 80.0 0
1726879512591 90.0 0
1726879512727 100.0 3
1726879513561 0.0 0
1726879513702 10.0 0
1726879513838 20.0 0
1726879513973 30.0 0
1726879514109 40.0 0
1726879514244 50.0 0
1726879514380 60.0 0
1726879514516 70.0 0
1726879514652 80.0 0
1726879514787 90.0 0
1726879514923 100.0 4
1726879515768 0.0 0
1726879515905 10.0 0
1726879516041 20.0 0
1726879516176 30.0 0
1726879516313 40.0 0
1726879516452 50.0 0
1726879516588 60.0 0
1726879516724 70.0 0
1726879516860 80.0 0
1726879516996 90.0 0
1726879517132 100.0 5
1726879517984 0.0 0
1726879518122 10.0 0
1726879518258 20.0 0
1726879518393 30.0 0
1726879518529 40.0 0
1726879518665 50.0 0
1726879518800 60.0 0
1726879518935 70.0 0
1726879519071 80.0 0
1726879519206 90.0 0
1726879519343 100.0 6
1726879520198 0.0 0
1726879520338 10.0 0
1726879520474 20.0 0
1726879520609 30.0 0
1726879520745 40.0 0
1726879520880 50.0 0
1726879521015 60.0 0
1726879521151 70.0 0
1726879521286 80.0 0
1726879521424 90.0 0
1726879521559 100.0 7
