1726836618573 0.0 0
1726836618710 10.0 0
1726836618843 20.0 0
1726836618978 30.0 0
1726836619112 40.0 0
1726836619246 50.0 0
1726836619380 60.0 0
1726836619516 70.0 0
1726836619651 80.0 0
1726836619786 90.0 0
1726836620626 0.0 0
1726836620762 10.0 0
1726836620895 20.0 0
1726836621028 30.0 0
1726836621162 40.0 0
1726836621296 50.0 0
1726836621428 60.0 0
1726836621562 70.0 0
1726836621696 80.0 0
1726836621831 90.0 0
1726836622633 0.0 0
1726836622768 10.0 0
1726836622901 20.0 0
1726836623034 30.0 0
1726836623167 40.0 0
1726836623303 50.0 0
1726836623436 60.0 0
1726836623569 70.0 0
1726836623705 80.0 0
1726836623839 90.0 0
1726836624662 0.0 0
1726836624798 10.0 0
1726836624932 20.0 0
1726836625065 30.0 0
1726836625197 40.0 0
1726836625333 50.0 0
1726836625467 60.0 0
1726836625599 70.0 0
1726836625734 80.0 0
1726836625868 90.0 0
1726836626679 0.0 0
1726836626813 10.0 0
1726836626946 20.0 0
1726836627079 30.0 0
1726836627211 40.0 0
1726836627348 50.0 0
1726836627482 60.0 0
1726836627614 70.0 0
1726836627749 80.0 0
1726836627886 90.0 0
1726836628702 0.0 0
1726836628837 10.0 0
1726836628972 20.0 0
1726836629106 30.0 0
1726836629241 40.0 0
1726836629376 50.0 0
1726836629511 60.0 0
1726836629645 70.0 0
1726836629779 80.0 0
1726836629913 90.0 0
1726836630718 0.0 0
1726836630853 10.0 0
1726836630985 20.0 0
1726836631118 30.0 0
1726836631251 40.0 0
1726836631387 50.0 0
1726836631520 60.0 0
1726836631652 70.0 0
1726836631786 80.0 0
1726836631918 90.0 0
1726836632720 0.0 0
1726836632855 10.0 0
1726836632988 20.0 0
1726836633119 30.0 0
1726836633252 40.0 0
1726836633386 50.0 0
1726836633520 60.0 0
1726836633652 70.0 0
1726836633786 80.0 0
1726836633921 90.0 0
1726836634726 0.0 0
1726836634860 10.0 0
1726836634994 20.0 0
1726836635128 30.0 0
1726836635261 40.0 0
1726836635394 50.0 0
1726836635528 60.0 0
1726836635663 70.0 0
1726836635799 80.0 0
1726836635934 90.0 0
1726836636743 0.0 0
1726836636877 10.0 0
1726836637012 20.0 0
1726836637146 30.0 0
1726836637283 40.0 0
1726836637416 50.0 0
1726836637551 60.0 0
1726836637684 70.0 0
1726836637818 80.0 0
1726836637960 90.0 0
