1726835401440 42.052956 0
1726835401568 4.24175 0
1726835401695 1.574633 0
1726835402113 9.547824 0
1726835402241 5.014904 0
1726835402369 7.103724 0
1726835402729 4.120883 0
1726835402856 3.304975 0
1726835402984 3.280691 0
1726835403338 5.297977 0
1726835403467 6.735001 0
1726835403594 1.359075 0
1726835403950 7.746799 0
1726835404077 2.91154 0
1726835404204 2.284543 0
1726835404558 3.131485 0
1726835404690 2.7323 0
1726835404819 0.98996 0
1726835405179 1.591517 0
1726835405307 2.119887 0
1726835405436 2.359621 0
1726835405791 2.31655 0
1726835405919 25.420341 0
1726835406048 5.046651 0
1726835406403 9.596046 0
1726835406575 8.08202 0
1726835406703 1.990595 0
1726835407066 3.04332 0
1726835407194 5.955258 0
1726835407323 1.14658 0
