1726872618476 31.329632 0
1726872618611 6.837801 0
1726872618744 1.557173 0
1726872618878 4.033143 0
1726872619012 9.241678 0
1726872619146 5.555984 0
1726872619806 9.334364 0
1726872619942 2.597845 0
1726872620076 1.444443 0
1726872620214 2.57616 0
1726872620348 3.612196 0
1726872620482 1.144019 0
1726872621069 0.573573 0
1726872621204 1.45708 0
1726872621338 49.926075 0
1726872621472 11.435848 0
1726872621606 4.809393 0
1726872621741 3.999256 0
1726872622336 2.010067 0
1726872622472 1.417439 0
1726872622607 3.32519 0
1726872622741 5.154892 0
1726872622875 1.870494 0
1726872623010 3.629055 0
1726872623598 4.14814 0
1726872623734 3.933789 0
1726872623868 3.583918 0
1726872624002 0.505538 0
1726872624136 9.545181 0
1726872624275 8.99508 0
1726872624862 3.025756 0
1726872624999 12.541054 0
1726872625132 4.552162 0
1726872625266 20.621525 0
1726872625400 3.527677 0
1726872625535 4.081525 0
1726872626127 2.371326 0
1726872626264 2.732006 0
1726872626402 2.686146 0
1726872626536 5.306608 0
1726872626671 3.060004 0
1726872626806 7.824132 0
