1726912162850 0.521117 0
1726912162998 0.425621 0
1726912163142 0.380179 0
1726912163285 0.351408 0
1726912163428 0.618597 0
1726912164015 0.261545 0
1726912164159 0.256169 0
1726912164303 0.188815 0
1726912164446 0.161131 0
1726912164589 0.432088 0
1726912165096 0.200772 0
1726912165242 0.203861 0
1726912165386 0.164225 0
1726912165529 0.11775 0
1726912165677 0.329925 0
1726912166169 0.189995 0
1726912166314 0.196765 0
1726912166458 0.158954 0
1726912166602 0.115025 0
1726912166745 0.282144 0
1726912167296 0.191699 0
1726912167439 0.187768 0
1726912167584 0.160989 0
1726912167731 0.107311 0
1726912167875 0.251673 0
1726912168375 0.194836 0
1726912168518 0.177351 0
1726912168662 0.161713 0
1726912168804 0.102687 0
1726912168947 0.231177 0
1726912169453 0.194733 0
1726912169599 0.175507 0
1726912169742 0.161816 0
1726912169886 0.103188 0
1726912170029 0.22309 0
