1726801290174 51.562019 0
1726801290309 7.390743 0
1726801290425 130.324158 0
1726801290527 6.819265 0
1726801290647 38.967972 0
1726801290754 6.731162 0
1726801290872 36.188641 0
1726801290975 6.486537 0
1726801291096 31.368938 0
1726801291204 7.968679 0
1726801291320 61.834415 0
1726801291421 11.015453 0
1726801291543 38.823036 0
1726801291642 7.901886 0
1726801291760 30.35693 0
1726801291861 9.584098 0
1726801291981 37.111256 0
1726801292087 9.506313 0
1726801292205 51.496044 0
1726801292306 7.826009 0
