1726910164241 0.0 0
1726910164385 10.0 0
1726910164526 20.0 0
1726910164667 30.0 0
1726910164808 40.0 0
1726910164949 50.0 0
1726910165090 60.0 0
1726910165233 70.0 0
1726910165375 80.0 0
1726910165516 90.0 0
1726910165658 100.0 1
1726910165802 110.0 1
1726910166847 0.0 0
1726910166993 10.0 0
1726910167134 20.0 0
1726910167275 30.0 0
1726910167417 40.0 0
1726910167560 50.0 0
1726910167701 60.0 0
1726910167842 70.0 0
1726910167986 80.0 0
1726910168127 90.0 0
1726910168270 100.0 2
1726910168415 110.0 2
1726910169299 0.0 0
1726910169443 10.0 0
1726910169584 20.0 0
1726910169726 30.0 0
1726910169867 40.0 0
1726910170014 50.0 0
1726910170156 60.0 0
1726910170298 70.0 0
1726910170445 80.0 0
1726910170590 90.0 0
1726910170732 100.0 3
1726910170875 110.0 3
1726910171734 0.0 0
1726910171879 10.0 0
1726910172024 20.0 0
1726910172167 30.0 0
1726910172309 40.0 0
1726910172453 50.0 0
1726910172596 60.0 0
1726910172739 70.0 0
1726910172880 80.0 0
1726910173022 90.0 0
1726910173165 100.0 4
1726910173308 110.0 4
1726910174190 0.0 0
1726910174332 10.0 0
1726910174475 20.0 0
1726910174621 30.0 0
1726910174762 40.0 0
1726910174904 50.0 0
1726910175046 60.0 0
1726910175189 70.0 0
1726910175331 80.0 0
1726910175474 90.0 0
1726910175615 100.0 5
1726910175757 110.0 5
1726910176665 0.0 0
1726910176809 10.0 0
1726910176950 20.0 0
1726910177091 30.0 0
1726910177234 40.0 0
1726910177376 50.0 0
1726910177518 60.0 0
1726910177660 70.0 0
1726910177801 80.0 0
1726910177943 90.0 0
1726910178084 100.0 6
1726910178227 110.0 6
1726910179109 0.0 0
1726910179253 10.0 0
1726910179395 20.0 0
1726910179536 30.0 0
1726910179677 40.0 0
1726910179819 50.0 0
1726910179960 60.0 0
1726910180101 70.0 0
1726910180243 80.0 0
1726910180395 90.0 0
1726910180544 100.0 7
1726910180691 110.0 7
1726910181559 0.0 0
1726910181703 10.0 0
1726910181847 20.0 0
1726910181988 30.0 0
1726910182130 40.0 0
1726910182271 50.0 0
1726910182416 60.0 0
1726910182557 70.0 0
1726910182704 80.0 0
1726910182850 90.0 0
1726910182992 100.0 8
1726910183133 110.0 8
