1726841446808 0.762133 0
1726841446944 0.509463 0
1726841447078 0.331845 0
1726841447214 0.352061 0
1726841447359 0.806612 0
1726841447517 0.27542 0
1726841447651 0.72443 0
1726841447783 0.424422 0
1726841447918 0.252523 0
1726841448059 0.121952 0
1726841448193 0.226256 1
1726841448326 0.222424 1
1726841448477 0.1903 1
1726841448618 0.184031 1
1726841448753 0.125514 1
1726841448889 0.215243 1
1726841450199 0.374862 0
1726841450342 0.092587 0
1726841450491 0.252349 0
1726841450630 0.193767 0
1726841450772 0.3993 0
1726841450912 0.152215 0
1726841451045 0.431545 0
1726841451179 0.169269 0
1726841451310 0.227409 0
1726841451443 0.076351 0
1726841451574 0.275285 2
1726841451709 0.140701 2
1726841451839 0.164528 2
1726841451971 0.114617 2
1726841452104 0.098415 2
1726841452236 0.194613 2
1726841453331 0.224113 0
1726841453464 0.093263 0
1726841453595 0.146331 0
1726841453725 0.170018 0
1726841453855 0.318337 0
1726841453985 0.135198 0
1726841454119 0.383598 0
1726841454250 0.15314 0
1726841454382 0.218587 0
1726841454515 0.081164 0
1726841454646 0.181197 3
1726841454778 0.125065 3
1726841454911 0.157791 3
1726841455043 0.105578 3
1726841455174 0.074178 3
1726841455308 0.178907 3
1726841456414 0.209105 0
1726841456550 0.099508 0
1726841456681 0.104189 0
1726841456813 0.161577 0
1726841456946 0.290167 0
1726841457077 0.132291 0
1726841457208 0.357382 0
1726841457340 0.142416 0
1726841457472 0.224438 0
1726841457603 0.097796 0
1726841457734 0.149896 4
1726841457867 0.110681 4
1726841457998 0.152229 4
1726841458131 0.09825 4
1726841458263 0.065209 4
1726841458394 0.161987 4
1726841459472 0.208066 0
1726841459603 0.103179 0
1726841459735 0.095563 0
1726841459867 0.15674 0
1726841459998 0.282613 0
1726841460130 0.117482 0
1726841460263 0.330408 0
1726841460394 0.16325 0
1726841460526 0.203076 0
1726841460658 0.081611 0
1726841460789 0.135239 5
1726841460922 0.119207 5
1726841461056 0.151698 5
1726841461187 0.102306 5
1726841461318 0.063252 5
1726841461450 0.16932 5
1726841462539 0.204 0
1726841462670 0.086876 0
1726841462802 0.08977 0
1726841462933 0.154356 0
1726841463064 0.286373 0
1726841463195 0.11947 0
1726841463326 0.312751 0
1726841463457 0.14863 0
1726841463589 0.195587 0
1726841463721 0.074918 0
1726841463852 0.122643 6
1726841463987 0.115054 6
1726841464119 0.145066 6
1726841464250 0.105689 6
1726841464384 0.062635 6
1726841464515 0.170327 6
1726841465613 0.193454 0
1726841465745 0.089674 0
1726841465878 0.086838 0
1726841466010 0.152251 0
1726841466142 0.286843 0
1726841466278 0.106619 0
1726841466414 0.284378 0
1726841466547 0.12574 0
1726841466679 0.207848 0
1726841466809 0.085598 0
1726841466941 0.120976 7
1726841467078 0.110757 7
1726841467216 0.160785 7
1726841467348 0.087737 7
1726841467481 0.059205 7
1726841467618 0.166418 7
1726841468723 0.187911 0
1726841468855 0.078802 0
1726841468987 0.071725 0
1726841469118 0.139766 0
1726841469250 0.279921 0
1726841469382 0.101541 0
1726841469513 0.253013 0
1726841469644 0.130717 0
1726841469775 0.19748 0
1726841469907 0.076619 0
1726841470037 0.103474 8
1726841470174 0.111622 8
1726841470305 0.147554 8
1726841470439 0.087385 8
1726841470570 0.060054 8
1726841470701 0.165671 8
1726841471828 0.182454 0
1726841471963 0.083497 0
1726841472098 0.065784 0
1726841472229 0.13744 0
1726841472361 0.285157 0
1726841472493 0.13439 0
1726841472625 0.264148 0
1726841472757 0.125487 0
1726841472895 0.213595 0
1726841473028 0.074432 0
1726841473183 0.10256 9
1726841473328 0.113838 9
1726841473462 0.14661 9
1726841473593 0.08153 9
1726841473732 0.059575 9
1726841473867 0.170209 9
1726841475048 0.174035 0
1726841475186 0.083793 0
1726841475322 0.075134 0
1726841475455 0.144649 0
1726841475587 0.286762 0
1726841475718 0.094907 0
1726841475849 0.226869 0
1726841475980 0.110994 0
1726841476111 0.211268 0
1726841476247 0.075025 0
1726841476379 0.104029 10
1726841476510 0.105314 10
1726841476644 0.147387 10
1726841476776 0.084346 10
1726841476908 0.069265 10
1726841477040 0.173901 10
