1726875438671 48.950005 0
1726875438819 493.886047 0
1726875438957 7.082422 0
1726875439099 17.75436 0
1726875439247 9.703448 0
1726875439390 12.653911 0
1726875439529 5.726541 0
1726875439669 3.907807 0
1726875439811 3.054392 0
1726875439961 1.904373 0
1726875440874 2.07307 0
1726875441020 5.030947 0
1726875441162 3.632566 0
1726875441306 6.829123 0
1726875441445 6.284357 0
1726875441584 6.173433 0
1726875441731 1.33478 0
1726875441870 1.767161 0
1726875442009 1.359455 0
1726875442150 1.591226 0
1726875442983 1.716064 0
1726875443124 7.429962 0
1726875443270 5.602728 0
1726875443413 1.82365 0
1726875443552 4.268892 0
1726875443692 2.385006 0
1726875443833 1.170804 0
1726875443981 6.911973 0
1726875444126 0.772631 0
1726875444267 1.113588 0
1726875445105 3.144849 0
1726875445248 4.674398 0
1726875445390 5.067904 0
1726875445529 1.412848 0
1726875445671 8.79546 0
1726875445811 3.491723 0
1726875445950 2.045765 0
1726875446090 2.45434 0
1726875446231 1.068642 0
1726875446382 1.411269 0
1726875447221 2.588321 0
1726875447365 4.300686 0
1726875447508 6.686035 0
1726875447647 1.461678 0
1726875447790 4.230623 0
1726875447929 3.257276 0
1726875448068 1.950181 0
1726875448210 1.043941 0
1726875448353 0.993255 0
1726875448492 1.209245 0
1726875449331 4.586987 0
1726875449474 18.062513 0
1726875449623 5.116994 0
1726875449763 1.52013 0
1726875449905 6.851904 0
1726875450043 3.716994 0
1726875450182 2.066743 0
1726875450325 1.520942 0
1726875450465 1.504267 0
1726875450601 2.011873 0
1726875451440 5.523185 0
1726875451581 13.177298 0
1726875451722 8.125531 0
1726875451862 1.226249 0
1726875452002 3.973435 0
1726875452148 5.691479 0
1726875452287 4.037831 0
1726875452427 1.094378 0
1726875452567 1.240337 0
1726875452708 1.576625 0
1726875453584 9.557074 0
1726875453726 10.621511 0
1726875453867 4.885571 0
1726875454008 1.375934 0
1726875454148 6.947683 0
1726875454291 2.718175 0
1726875454430 3.190219 0
1726875454571 1.527388 0
1726875454712 2.203107 0
1726875454851 1.165737 0
1726875455702 4.327478 0
1726875455841 4.15469 0
1726875455982 13.829363 0
1726875456122 1.219553 0
1726875456261 6.157395 0
1726875456402 2.803212 0
1726875456541 3.84507 0
1726875456681 1.142064 0
1726875456821 2.915305 0
1726875456962 2.189218 0
1726875457824 2.641966 0
1726875457964 3.584995 0
1726875458100 17.196564 0
1726875458240 3.915262 0
1726875458384 5.142795 0
1726875458526 2.381183 0
1726875458663 2.136899 0
1726875458809 1.098591 0
1726875458950 1.705939 0
1726875459088 1.231438 0
