1727093456949 0.0 0
1727093457045 10.0 0
1727093457137 20.0 0
1727093457225 30.0 0
1727093457313 40.0 0
1727093457400 50.0 0
1727093457488 60.0 0
1727093457577 70.0 0
1727093457668 80.0 0
1727093457756 90.0 0
1727093458209 0.0 0
1727093458305 10.0 0
1727093458393 20.0 0
1727093458480 30.0 0
1727093458566 40.0 0
1727093458655 50.0 0
1727093458741 60.0 0
1727093458830 70.0 0
1727093458919 80.0 0
1727093459006 90.0 0
1727093459470 0.0 0
1727093459560 10.0 0
1727093459653 20.0 0
1727093459743 30.0 0
1727093459830 40.0 0
1727093459919 50.0 0
1727093460007 60.0 0
1727093460094 70.0 0
1727093460184 80.0 0
1727093460276 90.0 0
1727093460731 0.0 0
1727093460822 10.0 0
1727093460911 20.0 0
1727093460999 30.0 0
1727093461087 40.0 0
1727093461179 50.0 0
1727093461266 60.0 0
1727093461355 70.0 0
1727093461445 80.0 0
1727093461535 90.0 0
1727093461994 0.0 0
1727093462085 10.0 0
1727093462172 20.0 0
1727093462259 30.0 0
1727093462346 40.0 0
1727093462432 50.0 0
1727093462521 60.0 0
1727093462608 70.0 0
1727093462699 80.0 0
1727093462787 90.0 0
1727093463245 0.0 0
1727093463337 10.0 0
1727093463425 20.0 0
1727093463514 30.0 0
1727093463604 40.0 0
1727093463692 50.0 0
1727093463784 60.0 0
1727093463871 70.0 0
1727093463959 80.0 0
1727093464049 90.0 0
1727093464504 0.0 0
1727093464595 10.0 0
1727093464683 20.0 0
1727093464772 30.0 0
1727093464860 40.0 0
1727093464950 50.0 0
1727093465041 60.0 0
1727093465130 70.0 0
1727093465217 80.0 0
1727093465308 90.0 0
1727093465767 0.0 0
1727093465858 10.0 0
1727093465946 20.0 0
1727093466036 30.0 0
1727093466127 40.0 0
1727093466215 50.0 0
1727093466305 60.0 0
1727093466393 70.0 0
1727093466482 80.0 0
1727093466569 90.0 0
1727093467058 0.0 0
1727093467148 10.0 0
1727093467235 20.0 0
1727093467326 30.0 0
1727093467415 40.0 0
1727093467504 50.0 0
1727093467591 60.0 0
1727093467679 70.0 0
1727093467769 80.0 0
1727093467861 90.0 0
1727093468316 0.0 0
1727093468406 10.0 0
1727093468495 20.0 0
1727093468584 30.0 0
1727093468671 40.0 0
1727093468758 50.0 0
1727093468846 60.0 0
1727093468933 70.0 0
1727093469021 80.0 0
1727093469110 90.0 0
