1726895819467 0.0 0
1726895819610 10.0 0
1726895819750 20.0 0
1726895819891 30.0 0
1726895820033 40.0 0
1726895820173 50.0 0
1726895820313 60.0 0
1726895820452 70.0 0
1726895820592 80.0 0
1726895820737 90.0 0
1726895820877 100.0 1
1726895821017 110.0 1
1726895821161 120.0 1
1726895821302 130.0 1
1726895822314 0.0 0
1726895822458 10.0 0
1726895822601 20.0 0
1726895822740 30.0 0
1726895822882 40.0 0
1726895823023 50.0 0
1726895823166 60.0 0
1726895823308 70.0 0
1726895823449 80.0 0
1726895823591 90.0 0
1726895823732 100.0 2
1726895823870 110.0 2
1726895824011 120.0 2
1726895824151 130.0 2
1726895825177 0.0 0
1726895825322 10.0 0
1726895825462 20.0 0
1726895825600 30.0 0
1726895825740 40.0 0
1726895825880 50.0 0
1726895826024 60.0 0
1726895826165 70.0 0
1726895826305 80.0 0
1726895826445 90.0 0
1726895826586 100.0 3
1726895826727 110.0 3
1726895826869 120.0 3
1726895827010 130.0 3
1726895828027 0.0 0
1726895828173 10.0 0
1726895828317 20.0 0
1726895828463 30.0 0
1726895828603 40.0 0
1726895828748 50.0 0
1726895828887 60.0 0
1726895829031 70.0 0
1726895829174 80.0 0
1726895829328 90.0 0
1726895829470 100.0 4
1726895829611 110.0 4
1726895829752 120.0 4
1726895829892 130.0 4
1726895830892 0.0 0
1726895831033 10.0 0
1726895831172 20.0 0
1726895831315 30.0 0
1726895831457 40.0 0
1726895831598 50.0 0
1726895831739 60.0 0
1726895831883 70.0 0
1726895832026 80.0 0
1726895832165 90.0 0
1726895832307 100.0 5
1726895832447 110.0 5
1726895832587 120.0 5
1726895832730 130.0 5
