1726754603041 0.950966 0
1726754603135 0.547442 0
1726754603227 0.958738 0
1726754603316 0.649424 0
1726754603407 0.646687 0
1726754603496 0.625891 0
1726754603586 0.429339 0
1726754603676 0.265906 0
1726754603770 0.574553 0
1726754603861 0.539075 0
1726754603953 0.336085 1
1726754604046 0.860604 1
1726754604140 2.612032 1
1726754604229 0.281042 1
1726754604318 1.752225 1
1726754604407 1.560103 1
1726754604498 0.192173 1
1726754604589 0.304866 1
1726754605472 0.526161 0
1726754605574 0.174418 0
1726754605668 0.47086 0
1726754605759 0.476083 0
1726754605859 0.439718 0
1726754605956 0.309511 0
1726754606045 0.322221 0
1726754606135 0.2046 0
1726754606223 0.21599 0
1726754606317 0.36539 0
1726754606408 0.210336 2
1726754606501 0.832517 2
1726754606591 1.22549 2
1726754606680 0.428822 2
1726754606773 1.073692 2
1726754606864 1.04298 2
1726754606956 0.187113 2
1726754607045 0.309872 2
1726754607955 0.531323 0
1726754608060 0.147449 0
1726754608149 0.444739 0
1726754608239 0.449564 0
1726754608330 0.406256 0
1726754608420 0.270107 0
1726754608509 0.329906 0
1726754608600 0.208242 0
1726754608688 0.223118 0
1726754608784 0.345559 0
1726754608873 0.199257 3
1726754608966 0.832757 3
1726754609060 1.099316 3
1726754609150 0.441558 3
1726754609238 1.000852 3
1726754609328 0.982422 3
1726754609422 0.189099 3
1726754609514 0.312174 3
1726754610460 0.542062 0
1726754610562 0.150234 0
1726754610653 0.453141 0
1726754610742 0.445986 0
1726754610833 0.397662 0
1726754610927 0.267606 0
1726754611015 0.331973 0
1726754611105 0.203245 0
1726754611196 0.221616 0
1726754611288 0.349862 0
1726754611382 0.188266 4
1726754611473 0.807943 4
1726754611562 1.073533 4
1726754611650 0.4337 4
1726754611738 0.972946 4
1726754611832 0.965665 4
1726754611926 0.18185 4
1726754612021 0.304551 4
1726754612936 0.536428 0
1726754613034 0.145543 0
1726754613124 0.445642 0
1726754613212 0.452325 0
1726754613303 0.404081 0
1726754613391 0.258394 0
1726754613481 0.327145 0
1726754613572 0.205643 0
1726754613661 0.222277 0
1726754613751 0.34146 0
1726754613839 0.184798 5
1726754613928 0.802549 5
1726754614025 1.05828 5
1726754614114 0.439334 5
1726754614204 0.982851 5
1726754614293 0.949834 5
1726754614381 0.191401 5
1726754614471 0.310917 5
1726754615335 0.54542 0
1726754615435 0.14586 0
1726754615523 0.443076 0
1726754615612 0.449489 0
1726754615702 0.405093 0
1726754615790 0.256358 0
1726754615878 0.33356 0
1726754615971 0.205648 0
1726754616067 0.233768 0
1726754616157 0.337734 0
1726754616247 0.184616 6
1726754616341 0.806698 6
1726754616430 1.081755 6
1726754616520 0.446838 6
1726754616609 0.965371 6
1726754616701 0.934326 6
1726754616795 0.189233 6
1726754616887 0.306334 6
1726754617762 0.544522 0
1726754617864 0.149209 0
1726754617958 0.440453 0
1726754618051 0.443028 0
1726754618147 0.404606 0
1726754618237 0.260106 0
1726754618326 0.336648 0
1726754618417 0.20489 0
1726754618507 0.220603 0
1726754618597 0.351017 0
1726754618686 0.187277 7
1726754618784 0.803178 7
1726754618892 1.05184 7
1726754619000 0.458262 7
1726754619093 0.977208 7
1726754619186 0.95631 7
1726754619277 0.183834 7
1726754619366 0.309025 7
