1726873622011 45.824463 0
1726873622148 11.937574 0
1726873622282 3.94446 0
1726873622416 2.780035 0
1726873622552 1.57476 0
1726873622687 1.181384 0
1726873622822 0.724181 0
1726873622956 2.063499 0
1726873623091 1.275832 0
1726873623807 2.015875 0
1726873623942 2.758885 0
1726873624076 2.867988 0
1726873624211 2.058009 0
1726873624345 1.577626 0
1726873624479 1.989785 0
1726873624615 1.345124 0
1726873624750 1.143868 0
1726873624886 11.192849 0
1726873625599 2.731965 0
1726873625733 37.655254 0
1726873625867 5.147489 0
1726873626001 9.544192 0
1726873626135 1.381549 0
1726873626269 1.018211 0
1726873626404 3.789304 0
1726873626538 1.025258 0
1726873626673 1.563741 0
1726873627385 4.391197 0
1726873627522 5.175365 0
1726873627656 3.484704 0
1726873627791 3.209848 0
1726873627925 2.378712 0
1726873628059 2.279683 0
1726873628193 1.191639 0
1726873628328 1.168911 0
1726873628462 1.205819 0
1726873629171 4.273484 0
1726873629307 3.454948 0
1726873629444 3.083982 0
1726873629580 1.433713 0
1726873629714 2.676377 0
1726873629849 0.9588 0
1726873629984 1.381443 0
1726873630120 3.05128 0
1726873630254 2.303382 0
1726873630959 4.033325 0
1726873631095 1.797559 0
1726873631229 4.568871 0
1726873631365 3.814741 0
1726873631501 2.833899 0
1726873631637 3.551722 0
1726873631772 2.895483 0
1726873631906 0.962977 0
1726873632040 0.863283 0
1726873632744 3.219489 0
1726873632881 2.569652 0
1726873633015 3.00232 0
1726873633149 3.283775 0
1726873633283 2.772121 0
1726873633419 1.217453 0
1726873633555 0.627751 0
1726873633691 1.133287 0
1726873633826 1.596049 0
1726873634532 12.049112 0
1726873634666 2.92221 0
1726873634801 6.088231 0
1726873634937 5.068352 0
1726873635073 1.310722 0
1726873635207 1.166874 0
1726873635342 1.009157 0
1726873635478 1.050437 0
1726873635613 2.442108 0
1726873636321 2.055684 0
1726873636456 2.665174 0
1726873636591 4.247438 0
1726873636725 5.744805 0
1726873636860 1.7344 0
1726873636994 1.274195 0
1726873637129 0.88532 0
1726873637263 1.006047 0
1726873637397 1.449335 0
1726873638114 3.154252 0
1726873638249 11.687262 0
1726873638385 4.269877 0
1726873638525 3.309433 0
1726873638660 1.470912 0
1726873638795 1.753327 0
1726873638929 1.877079 0
1726873639063 1.558029 0
1726873639198 1.376305 0
