1727113966916 0.0 0
1727113967057 10.0 0
1727113967188 20.0 0
1727113967311 30.0 0
1727113967448 40.0 0
1727113967580 50.0 0
1727113967712 60.0 0
1727113967858 70.0 0
1727113967983 80.0 0
1727113968119 90.0 0
1727113968257 100.0 1
1727113968390 110.0 1
1727113968532 120.0 1
1727113968688 130.0 1
1727113968834 140.0 1
1727113968982 150.0 1
1727113969920 0.0 0
1727113970055 10.0 0
1727113970190 20.0 0
1727113970328 30.0 0
1727113970467 40.0 0
1727113970603 50.0 0
1727113970735 60.0 0
1727113970868 70.0 0
1727113971003 80.0 0
1727113971146 90.0 0
1727113971270 100.0 2
1727113971405 110.0 2
1727113971538 120.0 2
1727113971667 130.0 2
1727113971804 140.0 2
1727113971947 150.0 2
1727113972866 0.0 0
1727113973008 10.0 0
1727113973146 20.0 0
1727113973279 30.0 0
1727113973408 40.0 0
1727113973552 50.0 0
1727113973690 60.0 0
1727113973815 70.0 0
1727113973953 80.0 0
1727113974089 90.0 0
1727113974227 100.0 3
1727113974357 110.0 3
1727113974496 120.0 3
1727113974637 130.0 3
1727113974778 140.0 3
1727113974907 150.0 3
1727113975778 0.0 0
1727113975918 10.0 0
1727113976051 20.0 0
1727113976186 30.0 0
1727113976324 40.0 0
1727113976457 50.0 0
1727113976580 60.0 0
1727113976711 70.0 0
1727113976854 80.0 0
1727113976994 90.0 0
1727113977121 100.0 4
1727113977263 110.0 4
1727113977406 120.0 4
1727113977545 130.0 4
1727113977675 140.0 4
1727113977814 150.0 4
