1726922475653 6.43292 0
1726922475801 5.364116 0
1726922475949 70.914062 0
1726922476097 5.635596 0
1726922476244 17.489758 0
1726922476390 4.208776 0
1726922476537 7.085394 0
1726922476684 8.11863 0
1726922476834 10.084274 0
1726922476982 5.259527 0
1726922477967 7.381849 0
1726922478112 4.683185 0
1726922478258 3.271766 0
1726922478423 1.295983 0
1726922478571 4.869668 0
1726922478720 2.838741 0
1726922478870 5.928086 0
1726922479017 13.834826 0
1726922479166 1.491323 0
1726922479315 1.050955 0
1726922480220 2.57886 0
1726922480367 3.463874 0
1726922480513 1.927734 0
1726922480659 0.967393 0
1726922480809 1.176768 0
1726922480957 7.465689 0
1726922481103 4.219809 0
1726922481250 5.635817 0
1726922481397 0.743562 0
1726922481546 3.545073 0
1726922482443 4.014929 0
1726922482588 3.402456 0
1726922482734 1.205245 0
1726922482885 24.326122 0
1726922483033 1.548453 0
1726922483181 8.472052 0
1726922483328 3.602186 0
1726922483474 9.2138 0
1726922483619 0.669653 0
1726922483767 2.114586 0
1726922484668 2.084925 0
1726922484814 3.919203 0
1726922484963 1.60886 0
1726922485108 1.737336 0
1726922485255 0.948585 0
1726922485402 1.945119 0
1726922485549 5.087528 0
1726922485697 4.053302 0
1726922485844 0.585533 0
1726922485989 1.311091 0
1726922486883 2.144361 0
1726922487032 6.986357 0
1726922487179 1.632621 0
1726922487325 1.245757 0
1726922487471 1.408767 0
1726922487630 5.486032 0
1726922487784 7.770331 0
1726922487943 10.290783 0
1726922488097 0.556456 0
1726922488254 1.35039 0
1726922489164 4.234692 0
1726922489313 4.282423 0
1726922489462 1.357548 0
1726922489612 0.812454 0
1726922489762 1.224215 0
1726922489909 7.821554 0
1726922490056 8.530204 0
1726922490203 4.024648 0
1726922490349 0.612767 0
1726922490496 1.293355 0
1726922491419 4.096469 0
1726922491567 3.645015 0
1726922491715 2.418776 0
1726922491863 0.688064 0
1726922492010 0.786593 0
1726922492158 8.0909 0
1726922492305 4.288729 0
1726922492452 3.325035 0
1726922492598 0.632629 0
1726922492745 2.213562 0
