1726809755619 0.0 0
1726809755732 10.0 0
1726809755832 20.0 0
1726809755933 30.0 0
1726809756033 40.0 0
1726809756133 50.0 0
1726809756234 60.0 0
1726809756334 70.0 0
1726809756434 80.0 0
1726809756535 90.0 0
1726809756641 100.0 1
1726809756741 110.0 1
1726809756841 120.0 1
1726809756941 130.0 1
1726809757041 140.0 1
1726809757142 150.0 1
1726809757242 160.0 1
1726809757342 170.0 1
1726809757442 180.0 1
1726809757544 190.0 1
1726809757643 200.0 2
1726809757752 210.0 2
1726809757853 220.0 2
1726809757953 230.0 2
1726809758054 240.0 2
1726809758154 250.0 2
1726809758254 260.0 2
1726809758356 270.0 2
1726809758454 280.0 2
1726809758553 290.0 2
1726809758654 300.0 3
1726809758757 310.0 3
1726809758861 320.0 3
1726809758962 330.0 3
1726809759065 340.0 3
1726809759168 350.0 3
1726809759279 360.0 3
1726809759384 370.0 3
1726809759484 380.0 3
1726809759585 390.0 3
1726809761694 0.0 0
1726809761799 10.0 0
1726809761909 20.0 0
1726809762012 30.0 0
1726809762115 40.0 0
1726809762220 50.0 0
1726809762326 60.0 0
1726809762428 70.0 0
1726809762532 80.0 0
1726809762638 90.0 0
1726809762741 100.0 2
1726809762842 110.0 2
1726809762943 120.0 2
1726809763048 130.0 2
1726809763148 140.0 2
1726809763252 150.0 2
1726809763358 160.0 2
1726809763462 170.0 2
1726809763562 180.0 2
1726809763664 190.0 2
1726809763764 200.0 4
1726809763870 210.0 4
1726809763973 220.0 4
1726809764076 230.0 4
1726809764179 240.0 4
1726809764281 250.0 4
1726809764382 260.0 4
1726809764486 270.0 4
1726809764589 280.0 4
1726809764692 290.0 4
1726809764794 300.0 6
1726809764895 310.0 6
1726809764996 320.0 6
1726809765097 330.0 6
1726809765199 340.0 6
1726809765300 350.0 6
1726809765402 360.0 6
1726809765509 370.0 6
1726809765613 380.0 6
1726809765715 390.0 6
1726809767810 0.0 0
1726809767921 10.0 0
1726809768030 20.0 0
1726809768131 30.0 0
1726809768235 40.0 0
1726809768339 50.0 0
1726809768440 60.0 0
1726809768546 70.0 0
1726809768647 80.0 0
1726809768750 90.0 0
1726809768855 100.0 3
1726809768955 110.0 3
1726809769060 120.0 3
1726809769164 130.0 3
1726809769266 140.0 3
1726809769367 150.0 3
1726809769467 160.0 3
1726809769567 170.0 3
1726809769672 180.0 3
1726809769777 190.0 3
1726809769880 200.0 6
1726809769984 210.0 6
1726809770091 220.0 6
1726809770193 230.0 6
1726809770295 240.0 6
1726809770396 250.0 6
1726809770495 260.0 6
1726809770596 270.0 6
1726809770696 280.0 6
1726809770797 290.0 6
1726809770901 300.0 9
1726809771003 310.0 9
1726809771103 320.0 9
1726809771204 330.0 9
1726809771306 340.0 9
1726809771407 350.0 9
1726809771506 360.0 9
1726809771610 370.0 9
1726809771712 380.0 9
1726809771812 390.0 9
1726809773902 0.0 0
1726809774005 10.0 0
1726809774115 20.0 0
1726809774220 30.0 0
1726809774324 40.0 0
1726809774432 50.0 0
1726809774536 60.0 0
1726809774638 70.0 0
1726809774741 80.0 0
1726809774842 90.0 0
1726809774944 100.0 4
1726809775045 110.0 4
1726809775148 120.0 4
1726809775252 130.0 4
1726809775354 140.0 4
1726809775455 150.0 4
1726809775558 160.0 4
1726809775660 170.0 4
1726809775762 180.0 4
1726809775862 190.0 4
1726809775964 200.0 8
1726809776068 210.0 8
1726809776178 220.0 8
1726809776284 230.0 8
1726809776385 240.0 8
1726809776486 250.0 8
1726809776587 260.0 8
1726809776722 270.0 8
1726809776825 280.0 8
1726809776926 290.0 8
1726809777030 300.0 12
1726809777131 310.0 12
1726809777232 320.0 12
1726809777336 330.0 12
1726809777437 340.0 12
1726809777540 350.0 12
1726809777641 360.0 12
1726809777746 370.0 12
1726809777847 380.0 12
1726809777947 390.0 12
1726809780035 0.0 0
1726809780139 10.0 0
1726809780249 20.0 0
1726809780352 30.0 0
1726809780452 40.0 0
1726809780553 50.0 0
1726809780655 60.0 0
1726809780756 70.0 0
1726809780859 80.0 0
1726809780963 90.0 0
1726809781067 100.0 5
1726809781170 110.0 5
1726809781279 120.0 5
1726809781384 130.0 5
1726809781490 140.0 5
1726809781596 150.0 5
1726809781701 160.0 5
1726809781801 170.0 5
1726809781903 180.0 5
1726809782009 190.0 5
1726809782116 200.0 10
1726809782228 210.0 10
1726809782339 220.0 10
1726809782440 230.0 10
1726809782542 240.0 10
1726809782646 250.0 10
1726809782752 260.0 10
1726809782853 270.0 10
1726809782955 280.0 10
1726809783056 290.0 10
1726809783157 300.0 15
1726809783263 310.0 15
1726809783365 320.0 15
1726809783465 330.0 15
1726809783566 340.0 15
1726809783665 350.0 15
1726809783766 360.0 15
1726809783869 370.0 15
1726809783970 380.0 15
1726809784074 390.0 15
1726809786177 0.0 0
1726809786284 10.0 0
1726809786395 20.0 0
1726809786499 30.0 0
1726809786600 40.0 0
1726809786703 50.0 0
1726809786808 60.0 0
1726809786909 70.0 0
1726809787011 80.0 0
1726809787115 90.0 0
1726809787224 100.0 6
1726809787326 110.0 6
1726809787427 120.0 6
1726809787527 130.0 6
1726809787627 140.0 6
1726809787728 150.0 6
1726809787829 160.0 6
1726809787931 170.0 6
1726809788031 180.0 6
1726809788132 190.0 6
1726809788235 200.0 12
1726809788341 210.0 12
1726809788450 220.0 12
1726809788553 230.0 12
1726809788658 240.0 12
1726809788759 250.0 12
1726809788860 260.0 12
1726809788961 270.0 12
1726809789062 280.0 12
1726809789163 290.0 12
1726809789263 300.0 18
1726809789364 310.0 18
1726809789466 320.0 18
1726809789570 330.0 18
1726809789671 340.0 18
1726809789776 350.0 18
1726809789877 360.0 18
1726809789980 370.0 18
1726809790084 380.0 18
1726809790186 390.0 18
1726809792294 0.0 0
1726809792405 10.0 0
1726809792514 20.0 0
1726809792616 30.0 0
1726809792718 40.0 0
1726809792818 50.0 0
1726809792920 60.0 0
1726809793024 70.0 0
1726809793128 80.0 0
1726809793231 90.0 0
1726809793339 100.0 7
1726809793443 110.0 7
1726809793547 120.0 7
1726809793648 130.0 7
1726809793749 140.0 7
1726809793851 150.0 7
1726809793954 160.0 7
1726809794056 170.0 7
1726809794157 180.0 7
1726809794264 190.0 7
1726809794365 200.0 14
1726809794466 210.0 14
1726809794574 220.0 14
1726809794675 230.0 14
1726809794778 240.0 14
1726809794880 250.0 14
1726809794984 260.0 14
1726809795086 270.0 14
1726809795191 280.0 14
1726809795295 290.0 14
1726809795401 300.0 21
1726809795502 310.0 21
1726809795604 320.0 21
1726809795706 330.0 21
1726809795808 340.0 21
1726809795909 350.0 21
1726809796010 360.0 21
1726809796115 370.0 21
1726809796219 380.0 21
1726809796322 390.0 21
