1726771892823 37.859554 0
1726771892930 2.949146 0
1726771893022 12.438294 0
1726771893114 62.873409 0
1726771893206 4.805109 0
1726771893305 6.046542 0
1726771893399 4.508677 0
1726771893490 3.803511 0
1726771893582 1.014779 0
1726771893673 5.86638 0
1726771893764 1.405389 1
1726771893862 1.163156 1
1726771893954 0.984654 1
1726771894047 1.469912 1
1726771894139 0.896113 1
1726771894232 0.831339 1
1726771894325 0.650258 1
1726771894416 0.718949 1
1726771894507 0.884232 1
1726771894599 1.776216 1
1726771894691 0.382936 2
1726771894782 0.479128 2
1726771894876 1.798321 2
1726771894971 34.473267 2
1726771895067 0.385593 2
1726771895160 0.54985 2
1726771895253 0.446024 2
1726771895353 1.061255 2
1726771895446 1.591662 2
1726771895545 3.731909 2
1726771895638 1.254745 3
1726771895730 0.755187 3
1726771895821 2.804192 3
1726771895911 0.661927 3
1726771896003 2.006065 3
1726771896094 0.351359 3
1726771896184 0.883601 3
1726771896274 0.80843 3
1726771896368 0.670549 3
1726771896461 0.762313 3
1726771896552 0.477799 4
1726771896643 1.381739 4
1726771896733 0.860871 4
1726771896824 0.373979 4
1726771896915 0.317496 4
1726771897006 0.808624 4
1726771897098 0.276733 4
1726771897189 0.270139 4
1726771897280 0.471762 4
1726771897377 0.361986 4
1726771899872 1.215892 0
1726771899971 0.677608 0
1726771900061 1.493739 0
1726771900152 0.459932 0
1726771900242 0.499247 0
1726771900333 0.933973 0
1726771900424 1.097942 0
1726771900515 1.414078 0
1726771900606 0.528705 0
1726771900697 1.352803 0
1726771900787 1.189475 2
1726771900878 3.703558 2
1726771900969 0.639412 2
1726771901061 1.210137 2
1726771901161 0.561914 2
1726771901258 0.623862 2
1726771901350 4.990464 2
1726771901443 0.608635 2
1726771901538 0.638626 2
1726771901628 0.415538 2
1726771901720 0.291065 4
1726771901811 0.66176 4
1726771901902 1.111375 4
1726771901994 6.039671 4
1726771902087 0.250787 4
1726771902179 0.689271 4
1726771902269 0.36124 4
1726771902358 1.01527 4
1726771902448 1.251624 4
1726771902540 0.607259 4
1726771902630 1.01934 6
1726771902719 0.940422 6
1726771902813 5.63245 6
1726771902908 0.571057 6
1726771903005 2.736551 6
1726771903103 0.355018 6
1726771903196 1.55163 6
1726771903287 0.501974 6
1726771903378 1.118192 6
1726771903469 0.617928 6
1726771903571 1.876234 8
1726771903664 0.869805 8
1726771903756 1.192878 8
1726771903853 0.386969 8
1726771903945 0.385668 8
1726771904036 0.900067 8
1726771904127 0.314281 8
1726771904221 0.315586 8
1726771904312 1.674506 8
1726771904403 0.938927 8
1726771906828 2.275036 0
1726771906924 0.77183 0
1726771907017 1.363694 0
1726771907109 0.503723 0
1726771907199 3.289588 0
1726771907293 1.277883 0
1726771907384 25.139347 0
1726771907475 28.772789 0
1726771907566 2.374184 0
1726771907666 1.173184 0
1726771907758 1.168972 3
1726771907852 3.088392 3
1726771907946 0.529145 3
1726771908045 2.527931 3
1726771908151 1.637896 3
1726771908256 0.582802 3
1726771908354 0.56794 3
1726771908451 0.482627 3
1726771908545 0.932583 3
1726771908640 0.385033 3
1726771908733 0.355829 6
1726771908828 0.432727 6
1726771908921 1.164882 6
1726771909015 9.446286 6
1726771909108 0.21696 6
1726771909200 0.66904 6
1726771909291 0.405762 6
1726771909384 1.293098 6
1726771909476 1.000219 6
1726771909567 0.526341 6
1726771909667 1.93386 9
1726771909760 2.048404 9
1726771909853 0.954213 9
1726771909949 1.039234 9
1726771910044 4.07488 9
1726771910137 0.316503 9
1726771910229 1.015425 9
1726771910323 0.535812 9
1726771910419 0.654158 9
1726771910514 0.573624 9
1726771910608 1.484191 12
1726771910702 1.016195 12
1726771910795 0.86351 12
1726771910886 0.831054 12
1726771910977 0.332842 12
1726771911069 0.6654 12
1726771911164 0.290574 12
1726771911258 0.311332 12
1726771911354 0.366052 12
1726771911447 0.369512 12
1726771913992 6.082374 0
1726771914099 0.748515 0
1726771914192 2.45173 0
1726771914285 0.650465 0
1726771914379 1.077994 0
1726771914473 0.790714 0
1726771914565 1.343791 0
1726771914659 1.400987 0
1726771914751 0.583495 0
1726771914842 3.076187 0
1726771914935 1.528732 4
1726771915031 6.516042 4
1726771915125 0.473269 4
1726771915217 1.110004 4
1726771915309 0.579452 4
1726771915401 0.580417 4
1726771915492 16.766001 4
1726771915585 0.779902 4
1726771915678 0.823223 4
1726771915773 0.383338 4
1726771915870 2.029158 8
1726771915964 0.417969 8
1726771916058 0.814614 8
1726771916151 4.265383 8
1726771916244 0.221203 8
1726771916336 0.734842 8
1726771916427 0.626531 8
1726771916518 1.692637 8
1726771916610 1.605005 8
1726771916702 5.752756 8
1726771916819 6.82771 12
1726771916916 1.004394 12
1726771917009 1.165358 12
1726771917101 0.583651 12
1726771917192 1.521515 12
1726771917284 0.31286 12
1726771917376 1.062099 12
1726771917476 0.566745 12
1726771917572 0.400383 12
1726771917666 0.579108 12
1726771917758 0.728372 16
1726771917859 0.743027 16
1726771917954 1.023947 16
1726771918047 0.621842 16
1726771918141 0.458989 16
1726771918235 0.651257 16
1726771918327 0.305351 16
1726771918418 0.427506 16
1726771918512 0.406048 16
1726771918603 0.350494 16
1726771921119 6.355597 0
1726771921211 0.716879 0
1726771921303 0.962826 0
1726771921394 0.591401 0
1726771921486 0.4853 0
1726771921578 1.498119 0
1726771921669 0.833315 0
1726771921760 0.726788 0
1726771921852 1.027977 0
1726771921951 19.493433 0
1726771922043 1.442226 5
1726771922139 4.98696 5
1726771922233 0.454847 5
1726771922325 17.599287 5
1726771922415 0.646019 5
1726771922509 0.697501 5
1726771922601 1.126035 5
1726771922694 0.412469 5
1726771922785 0.535318 5
1726771922879 0.457267 5
1726771922972 0.4492 10
1726771923064 0.429546 10
1726771923157 0.673242 10
1726771923249 2.642664 10
1726771923341 0.224279 10
1726771923434 0.671321 10
1726771923528 0.498782 10
1726771923621 3.321779 10
1726771923713 1.776653 10
1726771923805 0.492039 10
1726771923899 10.311144 15
1726771923999 5.610701 15
1726771924095 4.850952 15
1726771924186 2.680073 15
1726771924277 1.499402 15
1726771924375 0.27679 15
1726771924468 2.198501 15
1726771924563 0.568943 15
1726771924656 0.434333 15
1726771924750 0.575069 15
1726771924839 0.771585 20
1726771924931 0.643068 20
1726771925022 2.247416 20
1726771925114 0.624962 20
1726771925207 0.357001 20
1726771925301 0.913362 20
1726771925394 0.317448 20
1726771925487 0.356804 20
1726771925579 1.04195 20
1726771925674 0.35001 20
1726771928214 2.098997 0
1726771928314 0.757947 0
1726771928406 0.740653 0
1726771928500 1.395769 0
1726771928592 0.602443 0
1726771928684 10.00844 0
1726771928777 0.406492 0
1726771928870 6.420847 0
1726771928961 0.67872 0
1726771929054 1.530428 0
1726771929146 2.930269 6
1726771929241 3.502736 6
1726771929336 0.454233 6
1726771929430 1.856962 6
1726771929522 0.946655 6
1726771929615 0.653078 6
1726771929711 0.738599 6
1726771929803 0.420335 6
1726771929897 0.55773 6
1726771929992 0.637653 6
1726771930089 0.639059 12
1726771930187 0.478267 12
1726771930280 0.926645 12
1726771930374 1.432137 12
1726771930466 0.202887 12
1726771930561 0.599854 12
1726771930655 2.208863 12
1726771930747 1.352668 12
1726771930838 2.083099 12
1726771930931 0.468692 12
1726771931023 1.542287 18
1726771931127 1.261602 18
1726771931220 0.978001 18
1726771931319 0.480654 18
1726771931413 0.927524 18
1726771931506 0.3201 18
1726771931599 2.038501 18
1726771931691 2.880436 18
1726771931798 0.578243 18
1726771931892 0.587072 18
1726771931984 1.473627 24
1726771932078 0.605795 24
1726771932178 1.576206 24
1726771932270 0.384925 24
1726771932365 0.432639 24
1726771932459 0.592184 24
1726771932558 0.259888 24
1726771932651 1.159213 24
1726771932742 14.674006 24
1726771932833 0.534697 24
1726771935314 3.036848 0
1726771935420 15.363398 0
1726771935517 0.599597 0
1726771935611 1.167908 0
1726771935703 0.548282 0
1726771935797 0.987501 0
1726771935889 0.453317 0
1726771935982 0.785175 0
1726771936075 0.536894 0
1726771936167 1.402637 0
1726771936271 1.830967 7
1726771936372 6.582737 7
1726771936466 0.979656 7
1726771936558 4.617105 7
1726771936650 0.569884 7
1726771936744 0.569561 7
1726771936836 0.833953 7
1726771936931 0.430703 7
1726771937025 0.639143 7
1726771937119 0.553898 7
1726771937213 0.659505 14
1726771937307 0.469432 14
1726771937400 0.743643 14
1726771937492 1.051603 14
1726771937583 0.209992 14
1726771937677 0.653212 14
1726771937774 2.384902 14
1726771937867 1.234149 14
1726771937959 2.305233 14
1726771938051 0.490717 14
1726771938147 33.009274 21
1726771938247 0.342167 21
1726771938351 0.677045 21
1726771938446 0.677937 21
1726771938538 1.186787 21
1726771938632 0.300075 21
1726771938724 1.657079 21
1726771938819 0.347925 21
1726771938913 0.721609 21
1726771939006 0.567081 21
1726771939100 1.895614 28
1726771939193 0.550549 28
1726771939284 0.730308 28
1726771939377 0.379408 28
1726771939471 0.562851 28
1726771939563 0.637905 28
1726771939655 0.374167 28
1726771939747 0.40233 28
1726771939841 0.380987 28
1726771939933 0.293458 28
1726771942429 1.556083 0
1726771942525 1.05417 0
1726771942618 0.744368 0
1726771942715 0.938966 0
1726771942811 0.488248 0
1726771942904 1.468723 0
1726771942997 0.3019 0
1726771943093 0.853578 0
1726771943185 0.573968 0
1726771943281 3.389547 0
1726771943374 4.424446 8
1726771943473 2.431402 8
1726771943567 0.822203 8
1726771943658 1.546824 8
1726771943750 1.308219 8
1726771943841 0.700628 8
1726771943933 1.121599 8
1726771944026 0.461818 8
1726771944121 0.617292 8
1726771944213 0.404559 8
1726771944306 0.768304 16
1726771944398 0.535217 16
1726771944498 11.943233 16
1726771944594 1.497127 16
1726771944687 0.206161 16
1726771944780 0.541772 16
1726771944873 0.386292 16
1726771944970 1.180461 16
1726771945063 0.848291 16
1726771945161 0.494367 16
1726771945256 1.268679 24
1726771945349 0.444823 24
1726771945441 0.575336 24
1726771945533 0.468508 24
1726771945625 0.937688 24
1726771945718 0.712295 24
1726771945809 1.186002 24
1726771945901 0.409439 24
1726771945994 0.49581 24
1726771946091 0.540577 24
1726771946226 1.417872 32
1726771946321 0.554968 32
1726771946413 0.739394 32
1726771946513 0.381722 32
1726771946607 0.403138 32
1726771946700 0.69257 32
1726771946792 0.35114 32
1726771946886 0.369751 32
1726771946981 0.382629 32
1726771947075 0.603242 32
1726771949531 2.226398 0
1726771949638 0.817941 0
1726771949731 0.671333 0
1726771949823 34.571434 0
1726771949920 0.711122 0
1726771950013 0.810897 0
1726771950110 0.488172 0
1726771950202 0.731469 0
1726771950297 0.589459 0
1726771950392 1.169711 0
1726771950483 8.829604 9
1726771950585 15.006093 9
1726771950679 3.566718 9
1726771950773 15.715774 9
1726771950870 0.428386 9
1726771950964 0.730498 9
1726771951057 0.690532 9
1726771951150 0.412186 9
1726771951244 0.564941 9
1726771951337 0.5762 9
1726771951429 0.751614 18
1726771951521 0.55311 18
1726771951612 0.920728 18
1726771951703 1.202346 18
1726771951798 0.203425 18
1726771951890 0.714837 18
1726771951983 0.75134 18
1726771952084 9.308499 18
1726771952178 0.928532 18
1726771952271 0.47207 18
1726771952362 0.94297 27
1726771952454 0.41223 27
1726771952545 0.735413 27
1726771952646 0.588611 27
1726771952741 1.686585 27
1726771952835 0.410004 27
1726771952926 2.004548 27
1726771953018 0.360628 27
1726771953110 0.524324 27
1726771953203 0.563929 27
1726771953296 0.720543 36
1726771953389 0.541144 36
1726771953481 0.983449 36
1726771953575 0.480427 36
1726771953667 0.380206 36
1726771953759 1.185363 36
1726771953854 0.776913 36
1726771953953 0.331494 36
1726771954054 0.34253 36
1726771954158 0.643406 36
1726771956688 1.270114 0
1726771956792 1.104566 0
1726771956903 0.872385 0
1726771957004 1.302538 0
1726771957103 0.476905 0
1726771957200 0.82746 0
1726771957301 0.288803 0
1726771957399 0.888215 0
1726771957492 1.132619 0
1726771957590 2.621812 0
1726771957689 3.082431 10
1726771957843 2.1736 10
1726771958042 1.33735 10
1726771958211 1.192886 10
1726771958328 0.464442 10
1726771958435 0.890354 10
1726771958547 4.472896 10
1726771958655 0.555379 10
1726771958763 0.515731 10
1726771958874 0.362429 10
1726771958987 0.389176 20
1726771959103 0.706066 20
1726771959222 5.139292 20
1726771959338 1.95661 20
1726771959452 0.19638 20
1726771959567 0.887008 20
1726771959682 0.436576 20
1726771959794 2.705851 20
1726771959903 2.049883 20
1726771960021 0.95843 20
1726771960134 2.589966 30
1726771960238 2.41549 30
1726771960342 0.567553 30
1726771960447 0.658448 30
1726771960550 1.097937 30
1726771960656 0.769045 30
1726771960760 1.053502 30
1726771960876 0.385551 30
1726771960973 0.341076 30
1726771961071 0.546891 30
1726771961168 0.520976 40
1726771961266 1.112448 40
1726771961363 0.835055 40
1726771961459 0.310965 40
1726771961553 0.382827 40
1726771961647 1.054097 40
1726771961741 0.567406 40
1726771961836 0.355462 40
1726771961931 0.449542 40
1726771962025 0.538796 40
