1727131419213 0.0 0
1727131419477 10.0 0
1727131419719 20.0 0
1727131419961 30.0 0
1727131420204 40.0 0
1727131421123 0.0 0
1727131421390 10.0 0
1727131421632 20.0 0
1727131421876 30.0 0
1727131422118 40.0 0
1727131423006 0.0 0
1727131423268 10.0 0
1727131423509 20.0 0
1727131423751 30.0 0
1727131423993 40.0 0
1727131424879 0.0 0
1727131425161 10.0 0
1727131425403 20.0 0
1727131425644 30.0 0
1727131425886 40.0 0
1727131426774 0.0 0
1727131427032 10.0 0
1727131427277 20.0 0
1727131427519 30.0 0
1727131427760 40.0 0
1727131428658 0.0 0
1727131428929 10.0 0
1727131429169 20.0 0
1727131429411 30.0 0
1727131429652 40.0 0
1727131430551 0.0 0
1727131430808 10.0 0
1727131431051 20.0 0
1727131431293 30.0 0
1727131431534 40.0 0
