1727105799945 0.937007 0
1727105800192 0.182236 0
1727105800439 0.193099 0
1727105800681 0.082575 0
1727105800917 0.120055 0
1727105801153 0.304087 0
1727105801390 0.117649 0
1727105801627 0.240615 0
1727105801866 0.11662 0
1727105802101 0.81132 0
1727105802339 0.155522 1
1727105803680 0.137878 0
1727105803919 0.173123 0
1727105804157 0.3448 0
1727105804395 0.102681 0
1727105804633 0.249899 0
1727105804871 0.186084 0
1727105805108 0.249985 0
1727105805345 0.2029 0
1727105805583 0.320554 0
1727105805822 1.11628 0
1727105806061 0.163016 2
1727105807428 0.164541 0
1727105807676 0.161352 0
1727105807917 0.191929 0
1727105808158 0.066694 0
1727105808403 0.145294 0
1727105808646 0.319211 0
1727105808889 0.120413 0
1727105809131 0.163843 0
1727105809370 0.126254 0
1727105809611 0.883264 0
1727105809851 0.198655 3
1727105811226 0.12893 0
1727105811465 0.173845 0
1727105811704 0.183484 0
1727105811940 0.059601 0
1727105812176 0.120465 0
1727105812413 0.230309 0
1727105812651 0.117177 0
1727105812893 0.166874 0
1727105813134 0.105034 0
1727105813371 1.023363 0
1727105813609 0.193353 4
1727105814977 0.108756 0
1727105815214 0.169713 0
1727105815452 0.173911 0
1727105815692 0.072612 0
1727105815928 0.184826 0
1727105816165 0.26273 0
1727105816403 0.116385 0
1727105816640 0.149633 0
1727105816877 0.127508 0
1727105817114 0.49859 0
1727105817352 0.213996 5
