1726783229657 0.0 0
1726783229755 10.0 0
1726783229853 20.0 0
1726783229947 30.0 0
1726783230041 40.0 0
1726783230136 50.0 0
1726783230230 60.0 0
1726783230323 70.0 0
1726783230417 80.0 0
1726783230511 90.0 0
1726783230606 100.0 1
1726783230703 110.0 1
1726783230796 120.0 1
1726783230890 130.0 1
1726783230992 140.0 1
1726783231088 150.0 1
1726783231188 160.0 1
1726783231286 170.0 1
1726783231380 180.0 1
1726783231476 190.0 1
1726783232493 0.0 0
1726783232595 10.0 0
1726783232694 20.0 0
1726783232791 30.0 0
1726783232885 40.0 0
1726783232984 50.0 0
1726783233082 60.0 0
1726783233177 70.0 0
1726783233272 80.0 0
1726783233369 90.0 0
1726783233463 100.0 2
1726783233559 110.0 2
1726783233658 120.0 2
1726783233755 130.0 2
1726783233851 140.0 2
1726783233946 150.0 2
1726783234041 160.0 2
1726783234136 170.0 2
1726783234230 180.0 2
1726783234328 190.0 2
1726783235386 0.0 0
1726783235488 10.0 0
1726783235583 20.0 0
1726783235683 30.0 0
1726783235780 40.0 0
1726783235878 50.0 0
1726783235974 60.0 0
1726783236069 70.0 0
1726783236165 80.0 0
1726783236260 90.0 0
1726783236355 100.0 3
1726783236449 110.0 3
1726783236544 120.0 3
1726783236639 130.0 3
1726783236733 140.0 3
1726783236827 150.0 3
1726783236921 160.0 3
1726783237015 170.0 3
1726783237118 180.0 3
1726783237214 190.0 3
1726783238233 0.0 0
1726783238337 10.0 0
1726783238435 20.0 0
1726783238536 30.0 0
1726783238633 40.0 0
1726783238727 50.0 0
1726783238820 60.0 0
1726783238916 70.0 0
1726783239011 80.0 0
1726783239111 90.0 0
1726783239213 100.0 4
1726783239310 110.0 4
1726783239407 120.0 4
1726783239504 130.0 4
1726783239599 140.0 4
1726783239695 150.0 4
1726783239790 160.0 4
1726783239885 170.0 4
1726783239980 180.0 4
1726783240078 190.0 4
1726783241172 0.0 0
1726783241273 10.0 0
1726783241369 20.0 0
1726783241463 30.0 0
1726783241556 40.0 0
1726783241648 50.0 0
1726783241747 60.0 0
1726783241844 70.0 0
1726783241938 80.0 0
1726783242033 90.0 0
1726783242128 100.0 5
1726783242224 110.0 5
1726783242321 120.0 5
1726783242415 130.0 5
1726783242510 140.0 5
1726783242604 150.0 5
1726783242695 160.0 5
1726783242789 170.0 5
1726783242882 180.0 5
1726783242975 190.0 5
1726783244096 0.0 0
1726783244198 10.0 0
1726783244292 20.0 0
1726783244387 30.0 0
1726783244478 40.0 0
1726783244574 50.0 0
1726783244670 60.0 0
1726783244763 70.0 0
1726783244859 80.0 0
1726783244953 90.0 0
1726783245050 100.0 6
1726783245145 110.0 6
1726783245244 120.0 6
1726783245342 130.0 6
1726783245436 140.0 6
1726783245528 150.0 6
1726783245623 160.0 6
1726783245725 170.0 6
1726783245820 180.0 6
1726783245916 190.0 6
1726783246965 0.0 0
1726783247068 10.0 0
1726783247176 20.0 0
1726783247279 30.0 0
1726783247379 40.0 0
1726783247475 50.0 0
1726783247569 60.0 0
1726783247662 70.0 0
1726783247756 80.0 0
1726783247851 90.0 0
1726783247945 100.0 7
1726783248041 110.0 7
1726783248140 120.0 7
1726783248239 130.0 7
1726783248337 140.0 7
1726783248435 150.0 7
1726783248531 160.0 7
1726783248625 170.0 7
1726783248722 180.0 7
1726783248821 190.0 7
1726783249903 0.0 0
1726783250009 10.0 0
1726783250106 20.0 0
1726783250203 30.0 0
1726783250302 40.0 0
1726783250399 50.0 0
1726783250496 60.0 0
1726783250592 70.0 0
1726783250692 80.0 0
1726783250788 90.0 0
1726783250883 100.0 8
1726783250977 110.0 8
1726783251072 120.0 8
1726783251168 130.0 8
1726783251264 140.0 8
1726783251363 150.0 8
1726783251466 160.0 8
1726783251562 170.0 8
1726783251659 180.0 8
1726783251754 190.0 8
1726783252799 0.0 0
1726783252905 10.0 0
1726783253001 20.0 0
1726783253097 30.0 0
1726783253194 40.0 0
1726783253288 50.0 0
1726783253384 60.0 0
1726783253490 70.0 0
1726783253587 80.0 0
1726783253683 90.0 0
1726783253780 100.0 9
1726783253880 110.0 9
1726783253977 120.0 9
1726783254075 130.0 9
1726783254173 140.0 9
1726783254270 150.0 9
1726783254371 160.0 9
1726783254468 170.0 9
1726783254564 180.0 9
1726783254659 190.0 9
1726783255749 0.0 0
1726783255857 10.0 0
1726783255952 20.0 0
1726783256048 30.0 0
1726783256149 40.0 0
1726783256246 50.0 0
1726783256341 60.0 0
1726783256436 70.0 0
1726783256529 80.0 0
1726783256623 90.0 0
1726783256719 100.0 10
1726783256813 110.0 10
1726783256906 120.0 10
1726783257000 130.0 10
1726783257094 140.0 10
1726783257187 150.0 10
1726783257280 160.0 10
1726783257375 170.0 10
1726783257468 180.0 10
1726783257571 190.0 10
