1727104781794 0.787271 0
1727104781959 0.349832 0
1727104782118 0.259392 0
1727104782277 0.419364 0
1727104782442 0.47085 0
1727104782606 0.950046 0
1727104782776 1.093981 0
1727104782935 0.672744 0
1727104783099 0.381397 0
1727104783996 1.179489 0
1727104784167 0.378606 0
1727104784330 0.188535 0
1727104784489 0.378636 0
1727104784647 0.43723 0
1727104784805 0.520957 0
1727104784973 0.654708 0
1727104785133 0.348794 0
1727104785299 0.332487 0
1727104786128 0.511448 0
1727104786286 0.242617 0
1727104786443 0.120279 0
1727104786601 0.24461 0
1727104786757 0.383658 0
1727104786915 0.352207 0
1727104787075 0.476952 0
1727104787235 0.304338 0
1727104787399 0.222084 0
1727104788219 0.519163 0
1727104788379 0.247919 0
1727104788546 0.118582 0
1727104788705 0.219837 0
1727104788863 0.315841 0
1727104789023 0.343637 0
1727104789181 0.424845 0
1727104789347 0.254491 0
1727104789505 0.247543 0
1727104790317 0.316102 0
1727104790475 0.308113 0
1727104790640 0.115211 0
1727104790805 0.248351 0
1727104790969 0.309195 0
1727104791128 0.446627 0
1727104791290 0.471925 0
1727104791454 0.241632 0
1727104791614 0.256236 0
1727104792394 0.355127 0
1727104792553 0.237293 0
1727104792717 0.121253 0
1727104792877 0.224254 0
1727104793036 0.318062 0
1727104793195 0.497401 0
1727104793362 0.475008 0
1727104793523 0.283564 0
1727104793681 0.229556 0
1727104794462 0.317332 0
1727104794626 0.238326 0
1727104794787 0.104567 0
1727104794948 0.183557 0
1727104795108 0.305964 0
1727104795266 0.360955 0
1727104795431 0.440946 0
1727104795594 0.222376 0
1727104795753 0.242446 0
1727104796540 0.498448 0
1727104796699 0.260143 0
1727104796858 0.111243 0
1727104797018 0.199137 0
1727104797176 0.290333 0
1727104797334 0.459417 0
1727104797498 0.43171 0
1727104797664 0.259544 0
1727104797823 0.227632 0
1727104798579 0.320746 0
1727104798744 0.216828 0
1727104798906 0.121282 0
1727104799068 0.242038 0
1727104799224 0.284845 0
1727104799382 0.298775 0
1727104799546 0.407969 0
1727104799705 0.220619 0
1727104799863 0.191055 0
1727104800661 0.288387 0
1727104800822 0.211535 0
1727104800987 0.107361 0
1727104801148 0.192365 0
1727104801310 0.308345 0
1727104801471 0.306046 0
1727104801636 0.400642 0
1727104801801 0.21628 0
1727104801960 0.191912 0
