1726788074060 77.721802 0
1726788074161 1.231391 0
1726788074259 2.312201 0
1726788074358 4.177086 0
1726788074456 2.477349 0
1726788074557 6.43455 0
1726788074654 2.153024 0
1726788074751 37.394871 0
1726788074853 4.71029 0
1726788074970 2.602161 0
1726788075490 2.864983 0
1726788075591 8.778774 0
1726788075687 4.221661 0
1726788075782 1.347325 0
1726788075877 1.301987 0
1726788075972 10.120211 0
1726788076067 2.683887 0
1726788076164 1.698292 0
1726788076259 2.641688 0
1726788076355 2.435306 0
1726788076932 6.296184 0
1726788077029 6.311749 0
1726788077128 18.51951 0
1726788077225 5.367085 0
1726788077321 3.505076 0
1726788077416 6.313257 0
1726788077511 47.09074 0
1726788077613 4.745275 0
1726788077709 3.201092 0
1726788077807 3.9225 0
1726788078329 5.909453 0
1726788078436 4.822868 0
1726788078531 5.774559 0
1726788078629 2.14965 0
1726788078724 1.794074 0
1726788078820 12.824069 0
1726788078917 5.256379 0
1726788079018 2.221565 0
1726788079114 1.987511 0
1726788079211 1.851823 0
1726788079736 2.395278 0
1726788079844 2.593596 0
1726788079943 10.283294 0
1726788080040 5.962733 0
1726788080135 1.370112 0
1726788080231 3.385634 0
1726788080327 1.457814 0
1726788080422 2.379827 0
1726788080518 2.994246 0
1726788080616 22.373278 0
1726788081122 1.977021 0
1726788081228 7.369364 0
1726788081327 1.311689 0
1726788081428 1.728056 0
1726788081525 5.29219 0
1726788081622 3.064557 0
1726788081717 1.218481 0
1726788081820 3.189669 0
1726788081925 1.573416 0
1726788082025 1.468962 0
1726788082612 2.399736 0
1726788082714 2.93557 0
1726788082810 2.316208 0
1726788082906 1.674484 0
1726788083003 1.144537 0
1726788083111 3.652452 0
1726788083210 1.441772 0
1726788083310 2.012375 0
1726788083409 2.337707 0
1726788083507 1.399643 0
1726788084033 4.897268 0
1726788084144 2.217135 0
1726788084243 1.667327 0
1726788084338 1.205328 0
1726788084434 1.369763 0
1726788084531 2.738145 0
1726788084625 1.065604 0
1726788084720 6.467793 0
1726788084819 1.836595 0
1726788084914 1.295333 0
1726788085482 5.45509 0
1726788085581 2.385346 0
1726788085676 1.669731 0
1726788085771 1.206725 0
1726788085868 1.522573 0
1726788085964 8.141953 0
1726788086059 1.126753 0
1726788086155 6.96416 0
1726788086251 3.679243 0
1726788086346 2.66378 0
1726788086913 4.262949 0
1726788087014 2.633258 0
1726788087115 2.271276 0
1726788087214 1.288505 0
1726788087312 1.150213 0
1726788087408 4.40071 0
1726788087504 1.627496 0
1726788087600 2.959964 0
1726788087694 39.516514 0
1726788087791 3.083416 0
