1726798103050 0.0 0
1726798103147 10.0 0
1726798103243 20.0 0
1726798103339 30.0 0
1726798103434 40.0 0
1726798103539 50.0 0
1726798103635 60.0 0
1726798103733 70.0 0
1726798103844 80.0 0
1726798103943 90.0 0
1726798104043 100.0 1
1726798104140 110.0 1
1726798104239 120.0 1
1726798104338 130.0 1
1726798104435 140.0 1
1726798104530 150.0 1
1726798104627 160.0 1
1726798104723 170.0 1
1726798104821 180.0 1
1726798104916 190.0 1
1726798105014 200.0 2
1726798105112 210.0 2
1726798105208 220.0 2
1726798105305 230.0 2
1726798105401 240.0 2
1726798105497 250.0 2
1726798105600 260.0 2
1726798105697 270.0 2
1726798105796 280.0 2
1726798105892 290.0 2
1726798105989 300.0 3
1726798106087 310.0 3
1726798106183 320.0 3
1726798106283 330.0 3
1726798106380 340.0 3
1726798106476 350.0 3
1726798106574 360.0 3
1726798106672 370.0 3
1726798106770 380.0 3
1726798106871 390.0 3
1726798106968 400.0 4
1726798107064 410.0 4
1726798107163 420.0 4
1726798107260 430.0 4
1726798107356 440.0 4
1726798107452 450.0 4
1726798107547 460.0 4
1726798107653 470.0 4
1726798107748 480.0 4
1726798107848 490.0 4
1726798107947 500.0 5
1726798108048 510.0 5
1726798108145 520.0 5
1726798110433 0.0 0
1726798110531 10.0 0
1726798110626 20.0 0
1726798110723 30.0 0
1726798110819 40.0 0
1726798110918 50.0 0
1726798111014 60.0 0
1726798111109 70.0 0
1726798111205 80.0 0
1726798111301 90.0 0
1726798111397 100.0 2
1726798111492 110.0 2
1726798111593 120.0 2
1726798111698 130.0 2
1726798111798 140.0 2
1726798111895 150.0 2
1726798111992 160.0 2
1726798112088 170.0 2
1726798112185 180.0 2
1726798112281 190.0 2
1726798112378 200.0 4
1726798112474 210.0 4
1726798112572 220.0 4
1726798112669 230.0 4
1726798112766 240.0 4
1726798112862 250.0 4
1726798112960 260.0 4
1726798113056 270.0 4
1726798113153 280.0 4
1726798113250 290.0 4
1726798113346 300.0 6
1726798113441 310.0 6
1726798113541 320.0 6
1726798113638 330.0 6
1726798113741 340.0 6
1726798113839 350.0 6
1726798113935 360.0 6
1726798114031 370.0 6
1726798114129 380.0 6
1726798114226 390.0 6
1726798114323 400.0 8
1726798114418 410.0 8
1726798114515 420.0 8
1726798114612 430.0 8
1726798114708 440.0 8
1726798114807 450.0 8
1726798114907 460.0 8
1726798115005 470.0 8
1726798115107 480.0 8
1726798115204 490.0 8
1726798115306 500.0 10
1726798115402 510.0 10
1726798115498 520.0 10
1726798117807 0.0 0
1726798117906 10.0 0
1726798118001 20.0 0
1726798118097 30.0 0
1726798118192 40.0 0
1726798118288 50.0 0
1726798118383 60.0 0
1726798118478 70.0 0
1726798118573 80.0 0
1726798118669 90.0 0
1726798118763 100.0 3
1726798118867 110.0 3
1726798118967 120.0 3
1726798119064 130.0 3
1726798119161 140.0 3
1726798119257 150.0 3
1726798119353 160.0 3
1726798119452 170.0 3
1726798119547 180.0 3
1726798119644 190.0 3
1726798119738 200.0 6
1726798119834 210.0 6
1726798119939 220.0 6
1726798120036 230.0 6
1726798120132 240.0 6
1726798120228 250.0 6
1726798120324 260.0 6
1726798120420 270.0 6
1726798120515 280.0 6
1726798120610 290.0 6
1726798120705 300.0 9
1726798120800 310.0 9
1726798120897 320.0 9
1726798120992 330.0 9
1726798121087 340.0 9
1726798121186 350.0 9
1726798121282 360.0 9
1726798121379 370.0 9
1726798121478 380.0 9
1726798121574 390.0 9
1726798121671 400.0 12
1726798121767 410.0 12
1726798121866 420.0 12
1726798121975 430.0 12
1726798122075 440.0 12
1726798122172 450.0 12
1726798122272 460.0 12
1726798122369 470.0 12
1726798122465 480.0 12
1726798122562 490.0 12
1726798122657 500.0 15
1726798122754 510.0 15
1726798122849 520.0 15
1726798125156 0.0 0
1726798125255 10.0 0
1726798125352 20.0 0
1726798125450 30.0 0
1726798125551 40.0 0
1726798125650 50.0 0
1726798125751 60.0 0
1726798125849 70.0 0
1726798125947 80.0 0
1726798126052 90.0 0
1726798126150 100.0 4
1726798126251 110.0 4
1726798126348 120.0 4
1726798126446 130.0 4
1726798126544 140.0 4
1726798126640 150.0 4
1726798126738 160.0 4
1726798126835 170.0 4
1726798126932 180.0 4
1726798127031 190.0 4
1726798127130 200.0 8
1726798127230 210.0 8
1726798127330 220.0 8
1726798127427 230.0 8
1726798127524 240.0 8
1726798127621 250.0 8
1726798127720 260.0 8
1726798127819 270.0 8
1726798127918 280.0 8
1726798128015 290.0 8
1726798128122 300.0 12
1726798128219 310.0 12
1726798128315 320.0 12
1726798128413 330.0 12
1726798128511 340.0 12
1726798128608 350.0 12
1726798128705 360.0 12
1726798128807 370.0 12
1726798128904 380.0 12
1726798129003 390.0 12
1726798129100 400.0 16
1726798129199 410.0 16
1726798129296 420.0 16
1726798129393 430.0 16
1726798129492 440.0 16
1726798129589 450.0 16
1726798129685 460.0 16
1726798129782 470.0 16
1726798129880 480.0 16
1726798129981 490.0 16
1726798130079 500.0 20
1726798130181 510.0 20
1726798130284 520.0 20
1726798132583 0.0 0
1726798132679 10.0 0
1726798132774 20.0 0
1726798132872 30.0 0
1726798132968 40.0 0
1726798133066 50.0 0
1726798133162 60.0 0
1726798133260 70.0 0
1726798133378 80.0 0
1726798133477 90.0 0
1726798133573 100.0 5
1726798133673 110.0 5
1726798133772 120.0 5
1726798133871 130.0 5
1726798133969 140.0 5
1726798134066 150.0 5
1726798134163 160.0 5
1726798134266 170.0 5
1726798134365 180.0 5
1726798134462 190.0 5
1726798134561 200.0 10
1726798134658 210.0 10
1726798134756 220.0 10
1726798134857 230.0 10
1726798134957 240.0 10
1726798135054 250.0 10
1726798135155 260.0 10
1726798135258 270.0 10
1726798135354 280.0 10
1726798135450 290.0 10
1726798135547 300.0 15
1726798135644 310.0 15
1726798135741 320.0 15
1726798135837 330.0 15
1726798135937 340.0 15
1726798136033 350.0 15
1726798136131 360.0 15
1726798136234 370.0 15
1726798136337 380.0 15
1726798136435 390.0 15
1726798136532 400.0 20
1726798136632 410.0 20
1726798136817 420.0 20
1726798136917 430.0 20
1726798137015 440.0 20
1726798137114 450.0 20
1726798137213 460.0 20
1726798137310 470.0 20
1726798137406 480.0 20
1726798137503 490.0 20
1726798137600 500.0 25
1726798137697 510.0 25
1726798137792 520.0 25
1726798140139 0.0 0
1726798140237 10.0 0
1726798140340 20.0 0
1726798140438 30.0 0
1726798140535 40.0 0
1726798140633 50.0 0
1726798140732 60.0 0
1726798140830 70.0 0
1726798140928 80.0 0
1726798141028 90.0 0
1726798141125 100.0 6
1726798141228 110.0 6
1726798141325 120.0 6
1726798141421 130.0 6
1726798141518 140.0 6
1726798141614 150.0 6
1726798141713 160.0 6
1726798141812 170.0 6
1726798141909 180.0 6
1726798142008 190.0 6
1726798142107 200.0 12
1726798142205 210.0 12
1726798142301 220.0 12
1726798142405 230.0 12
1726798142502 240.0 12
1726798142600 250.0 12
1726798142696 260.0 12
1726798142792 270.0 12
1726798142888 280.0 12
1726798142983 290.0 12
1726798143081 300.0 18
1726798143181 310.0 18
1726798143280 320.0 18
1726798143376 330.0 18
1726798143472 340.0 18
1726798143567 350.0 18
1726798143664 360.0 18
1726798143760 370.0 18
1726798143858 380.0 18
1726798143955 390.0 18
1726798144051 400.0 24
1726798144147 410.0 24
1726798144242 420.0 24
1726798144339 430.0 24
1726798144442 440.0 24
1726798144541 450.0 24
1726798144638 460.0 24
1726798144737 470.0 24
1726798144838 480.0 24
1726798144938 490.0 24
1726798145036 500.0 30
1726798145132 510.0 30
1726798145228 520.0 30
1726798147641 0.0 0
1726798147739 10.0 0
1726798147834 20.0 0
1726798147931 30.0 0
1726798148030 40.0 0
1726798148125 50.0 0
1726798148225 60.0 0
1726798148322 70.0 0
1726798148418 80.0 0
1726798148517 90.0 0
1726798148617 100.0 7
1726798148720 110.0 7
1726798148816 120.0 7
1726798148913 130.0 7
1726798149015 140.0 7
1726798149113 150.0 7
1726798149209 160.0 7
1726798149305 170.0 7
1726798149402 180.0 7
1726798149505 190.0 7
1726798149605 200.0 14
1726798149704 210.0 14
1726798149801 220.0 14
1726798149897 230.0 14
1726798149994 240.0 14
1726798150091 250.0 14
1726798150187 260.0 14
1726798150283 270.0 14
1726798150379 280.0 14
1726798150480 290.0 14
1726798150585 300.0 21
1726798150683 310.0 21
1726798150780 320.0 21
1726798150880 330.0 21
1726798150977 340.0 21
1726798151074 350.0 21
1726798151171 360.0 21
1726798151272 370.0 21
1726798151371 380.0 21
1726798151468 390.0 21
1726798151563 400.0 28
1726798151661 410.0 28
1726798151756 420.0 28
1726798151852 430.0 28
1726798151951 440.0 28
1726798152048 450.0 28
1726798152145 460.0 28
1726798152242 470.0 28
1726798152338 480.0 28
1726798152439 490.0 28
1726798152536 500.0 35
1726798152642 510.0 35
1726798152739 520.0 35
