1726831683809 0.0 0
1726831683937 10.0 0
1726831684064 20.0 0
1726831684483 0.0 0
1726831684611 10.0 0
1726831684737 20.0 0
1726831685085 0.0 0
1726831685212 10.0 0
1726831685343 20.0 0
1726831685691 0.0 0
1726831685822 10.0 0
1726831685951 20.0 0
1726831686302 0.0 0
1726831686430 10.0 0
1726831686559 20.0 0
1726831686921 0.0 0
1726831687049 10.0 0
1726831687178 20.0 0
1726831687535 0.0 0
1726831687664 10.0 0
1726831687795 20.0 0
1726831688147 0.0 0
1726831688274 10.0 0
1726831688402 20.0 0
1726831688752 0.0 0
1726831688880 10.0 0
1726831689007 20.0 0
1726831689379 0.0 0
1726831689510 10.0 0
1726831689638 20.0 0
