1726773359009 0.0 0
1726773359125 10.0 0
1726773359241 20.0 0
1726773359357 30.0 0
1726773359473 40.0 0
1726773359589 50.0 0
1726773359705 60.0 0
1726773359821 70.0 0
1726773359937 80.0 0
1726773360053 90.0 0
1726773360169 100.0 1
1726773360285 110.0 1
1726773360404 120.0 1
1726773360521 130.0 1
1726773360636 140.0 1
1726773360753 150.0 1
1726773360870 160.0 1
1726773360985 170.0 1
1726773361101 180.0 1
1726773361217 190.0 1
1726773361333 200.0 2
1726773361449 210.0 2
1726773361566 220.0 2
1726773361682 230.0 2
1726773361797 240.0 2
1726773363507 0.0 0
1726773363623 10.0 0
1726773363739 20.0 0
1726773363856 30.0 0
1726773363971 40.0 0
1726773364087 50.0 0
1726773364203 60.0 0
1726773364320 70.0 0
1726773364437 80.0 0
1726773364561 90.0 0
1726773364677 100.0 2
1726773364793 110.0 2
1726773364910 120.0 2
1726773365026 130.0 2
1726773365142 140.0 2
1726773365258 150.0 2
1726773365375 160.0 2
1726773365492 170.0 2
1726773365608 180.0 2
1726773365724 190.0 2
1726773365840 200.0 4
1726773365956 210.0 4
1726773366073 220.0 4
1726773366190 230.0 4
1726773366306 240.0 4
1726773367990 0.0 0
1726773368107 10.0 0
1726773368223 20.0 0
1726773368339 30.0 0
1726773368456 40.0 0
1726773368573 50.0 0
1726773368689 60.0 0
1726773368806 70.0 0
1726773368922 80.0 0
1726773369038 90.0 0
1726773369154 100.0 3
1726773369270 110.0 3
1726773369389 120.0 3
1726773369505 130.0 3
1726773369621 140.0 3
1726773369738 150.0 3
1726773369854 160.0 3
1726773369970 170.0 3
1726773370087 180.0 3
1726773370203 190.0 3
1726773370320 200.0 6
1726773370436 210.0 6
1726773370552 220.0 6
1726773370671 230.0 6
1726773370786 240.0 6
1726773372466 0.0 0
1726773372581 10.0 0
1726773372700 20.0 0
1726773372816 30.0 0
1726773372933 40.0 0
1726773373049 50.0 0
1726773373167 60.0 0
1726773373285 70.0 0
1726773373401 80.0 0
1726773373518 90.0 0
1726773373634 100.0 4
1726773373750 110.0 4
1726773373868 120.0 4
1726773373985 130.0 4
1726773374101 140.0 4
1726773374217 150.0 4
1726773374333 160.0 4
1726773374449 170.0 4
1726773374565 180.0 4
1726773374683 190.0 4
1726773374799 200.0 8
1726773374915 210.0 8
1726773375031 220.0 8
1726773375147 230.0 8
1726773375264 240.0 8
