1726775805817 0.0 0
1726775805937 10.0 0
1726775806053 20.0 0
1726775806170 30.0 0
1726775806286 40.0 0
1726775806404 50.0 0
1726775806520 60.0 0
1726775806636 70.0 0
1726775806753 80.0 0
1726775806869 90.0 0
1726775806987 100.0 1
1726775807835 0.0 0
1726775807952 10.0 0
1726775808069 20.0 0
1726775808186 30.0 0
1726775808303 40.0 0
1726775808419 50.0 0
1726775808535 60.0 0
1726775808652 70.0 0
1726775808769 80.0 0
1726775808885 90.0 0
1726775809002 100.0 2
1726775809784 0.0 0
1726775809900 10.0 0
1726775810017 20.0 0
1726775810134 30.0 0
1726775810252 40.0 0
1726775810368 50.0 0
1726775810485 60.0 0
1726775810601 70.0 0
1726775810718 80.0 0
1726775810835 90.0 0
1726775810952 100.0 3
1726775811745 0.0 0
1726775811861 10.0 0
1726775811980 20.0 0
1726775812097 30.0 0
1726775812214 40.0 0
1726775812331 50.0 0
1726775812451 60.0 0
1726775812569 70.0 0
1726775812685 80.0 0
1726775812803 90.0 0
1726775812920 100.0 4
1726775813700 0.0 0
1726775813817 10.0 0
1726775813933 20.0 0
1726775814051 30.0 0
1726775814168 40.0 0
1726775814284 50.0 0
1726775814401 60.0 0
1726775814518 70.0 0
1726775814636 80.0 0
1726775814752 90.0 0
1726775814869 100.0 5
