1726846899982 16.89735 0
1726846900156 71.104492 0
1726846900337 32.651413 0
1726846900528 44.571762 0
1726846900730 46.812889 0
1726846900922 26.812836 0
1726846902013 45.169312 0
1726846902205 54.895164 0
1726846902418 32.101795 0
1726846902610 13.552235 0
1726846902809 13.384836 0
1726846903009 20.002934 0
1726846903771 16.089226 0
1726846903952 17.692596 0
1726846904140 5.708459 0
1726846904331 11.256714 0
1726846904528 9.10369 0
1726846904725 4.18427 0
1726846905435 9.043301 0
1726846905609 22.283813 0
1726846905781 1.321707 0
1726846905946 1.978973 0
1726846906107 3.199798 0
1726846906273 2.291632 0
1726846907110 4.072729 0
1726846907312 16.279161 0
1726846907487 1.236729 0
1726846907647 3.031729 0
1726846907802 4.407816 0
1726846907957 1.703884 0
1726846908838 5.248672 0
1726846909023 5.731734 0
1726846909220 1.140827 0
1726846909408 2.138101 0
1726846909574 4.337855 0
1726846909730 2.256935 0
1726846910371 4.197305 0
1726846910553 5.918608 0
1726846910744 1.045747 0
1726846910944 1.821413 0
1726846911122 4.630458 0
1726846911311 2.413047 0
1726846912296 3.210494 0
1726846912479 4.89268 0
1726846912650 0.956534 0
1726846912811 4.66335 0
1726846912968 5.179739 0
1726846913120 1.755672 0
1726846913853 2.96634 0
1726846914032 4.770914 0
1726846914212 0.928621 0
1726846914393 1.889378 0
1726846914584 32.08041 0
1726846914766 2.031575 0
1726846915586 4.05252 0
1726846915776 5.346442 0
1726846915960 0.847332 0
1726846916138 2.129492 0
1726846916301 3.669046 0
1726846916453 1.567507 0
