1726879617878 0.384848 0
1726879618021 0.211339 0
1726879618158 2.106946 0
1726879618300 1.00688 0
1726879618437 0.927955 0
1726879618573 0.311087 0
1726879618708 0.269283 0
1726879618844 0.182102 0
1726879618980 3.052335 0
1726879619116 0.309052 0
1726879619993 0.273806 0
1726879620135 0.137213 0
1726879620272 1.221626 0
1726879620407 0.568948 0
1726879620543 0.25301 0
1726879620678 0.264241 0
1726879620813 0.29817 0
1726879620949 0.233597 0
1726879621085 1.676547 0
1726879621222 0.274746 0
1726879622065 0.200276 0
1726879622204 0.117536 0
1726879622340 1.288509 0
1726879622475 0.501564 0
1726879622610 0.159327 0
1726879622746 0.17336 0
1726879622881 0.241774 0
1726879623018 0.171427 0
1726879623154 1.272987 0
1726879623291 0.295834 0
1726879624140 0.320341 0
1726879624278 0.307067 0
1726879624414 1.210985 0
1726879624550 0.545251 0
1726879624687 0.198566 0
1726879624823 0.141177 0
1726879624959 0.232461 0
1726879625094 0.174218 0
1726879625230 1.196832 0
1726879625367 0.291217 0
1726879626214 0.186521 0
1726879626351 0.156125 0
1726879626488 1.1765 0
1726879626624 0.498524 0
1726879626760 0.188207 0
1726879626896 0.139885 0
1726879627032 0.235776 0
1726879627167 0.155609 0
1726879627303 1.140817 0
1726879627439 0.267195 0
1726879628286 0.172928 0
1726879628423 0.12841 0
1726879628559 1.174865 0
1726879628694 0.496327 0
1726879628829 0.191995 0
1726879628964 0.139143 0
1726879629098 0.228063 0
1726879629234 0.160843 0
1726879629371 1.176391 0
1726879629506 0.259962 0
1726879630350 0.17129 0
1726879630486 0.117218 0
1726879630622 1.18077 0
1726879630758 0.486135 0
1726879630894 0.198572 0
1726879631030 0.134058 0
1726879631166 0.224859 0
1726879631301 0.155512 0
1726879631439 1.131094 0
1726879631574 0.259386 0
