1726780620914 0.484258 0
1726780621012 0.644432 0
1726780621109 1.05069 0
1726780621202 0.748663 0
1726780621295 0.918497 0
1726780621389 0.848682 0
1726780621809 0.498211 0
1726780621907 0.590592 0
1726780622000 1.097628 0
1726780622094 0.758082 0
1726780622187 1.02404 0
1726780622281 0.898552 0
1726780622648 0.696466 0
1726780622754 0.678201 0
1726780622857 0.958732 0
1726780622951 0.734882 0
1726780623045 0.908378 0
1726780623143 0.859987 0
1726780623513 0.402606 0
1726780623618 0.574922 0
1726780623710 0.963225 0
1726780623803 0.711774 0
1726780623895 1.044402 0
1726780623992 0.919778 0
1726780624360 0.567812 0
1726780624458 0.656812 0
1726780624550 0.920424 0
1726780624644 0.702744 0
1726780624736 0.900809 0
1726780624831 0.857565 0
1726780625224 0.405463 0
1726780625332 0.563592 0
1726780625426 0.956138 0
1726780625519 0.716495 0
1726780625614 0.944684 0
1726780625708 0.901774 0
1726780626060 0.457096 0
1726780626160 0.592712 0
1726780626256 0.925072 0
1726780626351 0.701552 0
1726780626444 0.930964 0
1726780626539 0.888768 0
1726780626928 0.388379 0
1726780627025 0.569446 0
1726780627121 0.910451 0
1726780627220 0.707823 0
1726780627317 0.949445 0
1726780627410 0.882467 0
1726780627772 0.413165 0
1726780627877 0.577356 0
1726780627970 0.903432 0
1726780628063 0.685273 0
1726780628161 0.935826 0
1726780628256 0.884043 0
1726780628622 0.373591 0
1726780628731 0.561794 0
1726780628826 0.893657 0
1726780628922 0.677744 0
1726780629021 0.933237 0
1726780629117 0.895031 0
