1727098968715 3.484324 0
1727098968846 0.381956 0
1727098968971 3.785447 0
1727098969102 5.428493 0
1727098969552 1.650342 0
1727098969665 7.627598 0
1727098969788 6.186905 0
1727098969911 7.097803 0
1727098970282 6.674961 0
1727098970413 0.179181 0
1727098970544 6.234984 0
1727098970669 3.987997 0
1727098971025 2.324507 0
1727098971152 0.745564 0
1727098971272 4.558719 0
1727098971403 1.663994 0
1727098971769 1.833516 0
1727098971877 0.121687 0
1727098972003 12.540432 0
1727098972135 3.224638 0
1727098972522 0.686962 0
1727098972646 0.110058 0
1727098972766 1.81108 0
1727098972902 5.916344 0
1727098973283 7.494317 0
1727098973406 0.203175 0
1727098973529 4.357635 0
1727098973665 2.01224 0
1727098974046 0.809705 0
1727098974170 0.125662 0
1727098974297 1.779487 0
1727098974429 2.749771 0
1727098974832 0.735001 0
1727098974959 0.127065 0
1727098975090 1.974892 0
1727098975213 2.712487 0
1727098975612 0.754831 0
1727098975731 0.137892 0
1727098975865 6.042329 0
1727098975996 1.176396 0
