1726880634244 2.866967 0
1726880634380 0.800393 0
1726880634516 1.110508 0
1726880634652 0.192266 0
1726880634788 0.274786 0
1726880634924 0.229532 0
1726880635061 1.978675 0
1726880635197 1.34008 0
1726880635338 1.601303 0
1726880635475 0.270956 0
1726880636296 0.792315 0
1726880636435 0.369051 0
1726880636572 0.889442 0
1726880636708 0.213205 0
1726880636844 0.277569 0
1726880636980 0.196157 0
1726880637118 1.399981 0
1726880637255 1.161216 0
1726880637397 1.620175 0
1726880637533 0.30931 0
1726880638317 0.781275 0
1726880638455 0.383269 0
1726880638592 0.742186 0
1726880638728 0.087908 0
1726880638864 0.223053 0
1726880639000 0.224023 0
1726880639137 1.000312 0
1726880639274 1.096247 0
1726880639414 1.749184 0
1726880639551 0.286499 0
1726880640353 0.920349 0
1726880640492 0.427452 0
1726880640628 0.681152 0
1726880640765 0.088373 0
1726880640902 0.224142 0
1726880641039 0.197432 0
1726880641177 1.459619 0
1726880641315 1.022535 0
1726880641454 1.755508 0
1726880641591 0.278126 0
1726880642372 0.872074 0
1726880642510 0.37034 0
1726880642647 0.713135 0
1726880642784 0.082133 0
1726880642921 0.209987 0
1726880643058 0.199194 0
1726880643196 1.053533 0
1726880643333 1.031409 0
1726880643471 1.708711 0
1726880643609 0.276373 0
