1727109319003 25.748589 0
1727109319135 5.372159 0
1727109319263 3.155187 0
1727109319596 2.317739 0
1727109319721 1.61421 0
1727109319845 0.74298 0
1727109320138 0.883348 0
1727109320262 0.534345 0
1727109320387 0.242365 0
1727109320678 0.243004 0
1727109320807 0.096843 0
1727109320940 0.213919 0
1727109321239 0.128726 0
1727109321364 0.091367 0
1727109321488 0.213604 0
1727109321777 0.104542 0
1727109321904 0.099038 0
1727109322029 0.208238 0
1727109322317 0.109276 0
1727109322440 0.090948 0
1727109322564 0.173388 0
1727109322854 0.129193 0
1727109322981 0.088326 0
1727109323107 0.209536 0
1727109323411 0.107342 0
1727109323533 0.094192 0
1727109323664 0.198466 0
1727109323959 0.098835 0
1727109324084 0.102011 0
1727109324208 0.211015 0
