1726909438794 0.304839 0
1726909438938 0.307837 0
1726909439080 0.472726 0
1726909439221 0.369269 0
1726909439363 0.107828 0
1726909439505 0.04766 0
1726909439647 0.127243 0
1726909439788 0.597019 0
1726909439935 0.300133 0
1726909440079 0.626506 0
1726909440220 0.138155 1
1726909440362 0.186791 1
1726909440503 0.317809 1
1726909440646 0.073079 1
1726909440787 0.113351 1
1726909440933 0.095458 1
1726909441081 0.141255 1
1726909441226 0.272607 1
1726909441367 0.131165 1
1726909441509 0.199383 1
1726909441651 0.294742 2
1726909441793 0.251916 2
1726909441937 0.34005 2
1726909442080 0.018313 2
1726909443767 0.28288 0
1726909443913 0.129859 0
1726909444059 0.05232 0
1726909444201 0.256747 0
1726909444344 0.065553 0
1726909444485 0.046627 0
1726909444627 0.108447 0
1726909444769 0.421606 0
1726909444911 0.254587 0
1726909445053 0.502532 0
1726909445195 0.11506 2
1726909445337 0.105822 2
1726909445479 0.177907 2
1726909445620 0.063555 2
1726909445761 0.0907 2
1726909445904 0.076449 2
1726909446049 0.109082 2
1726909446191 0.222884 2
1726909446333 0.112479 2
1726909446477 0.190841 2
1726909446619 0.313461 4
1726909446760 0.233903 4
1726909446903 0.201262 4
1726909447049 0.013813 4
1726909448702 0.180531 0
1726909448845 0.120798 0
1726909448987 0.049234 0
1726909449131 0.236869 0
1726909449273 0.062934 0
1726909449414 0.057796 0
1726909449557 0.080038 0
1726909449699 0.320493 0
1726909449842 0.259744 0
1726909449984 0.434545 0
1726909450129 0.095959 3
1726909450271 0.070113 3
1726909450413 0.111769 3
1726909450556 0.059264 3
1726909450698 0.081524 3
1726909450841 0.079103 3
1726909450982 0.071912 3
1726909451124 0.217 3
1726909451273 0.101776 3
1726909451415 0.190101 3
1726909451557 0.300354 6
1726909451700 0.258255 6
1726909451842 0.163322 6
1726909451981 0.004295 6
1726909453604 0.23648 0
1726909453748 0.084698 0
1726909453890 0.056576 0
1726909454031 0.240541 0
1726909454173 0.061934 0
1726909454319 0.060163 0
1726909454461 0.076611 0
1726909454606 0.265314 0
1726909454748 0.244535 0
1726909454890 0.395417 0
1726909455032 0.095198 4
1726909455173 0.068163 4
1726909455316 0.093688 4
1726909455459 0.056463 4
1726909455600 0.072083 4
1726909455744 0.066228 4
1726909455886 0.066439 4
1726909456028 0.215719 4
1726909456169 0.103051 4
1726909456315 0.178042 4
1726909456456 0.292233 8
1726909456597 0.248704 8
1726909456740 0.134674 8
1726909456881 0.005898 8
1726909458534 0.142047 0
1726909458679 0.091522 0
1726909458824 0.066739 0
1726909458966 0.227588 0
1726909459107 0.058278 0
1726909459249 0.054076 0
1726909459389 0.073117 0
1726909459531 0.246489 0
1726909459673 0.244575 0
1726909459815 0.374678 0
1726909459956 0.080855 5
1726909460097 0.047893 5
1726909460238 0.061687 5
1726909460384 0.060009 5
1726909460526 0.065122 5
1726909460668 0.062261 5
1726909460809 0.061446 5
1726909460950 0.229615 5
1726909461092 0.098329 5
1726909461234 0.180026 5
1726909461376 0.311175 10
1726909461518 0.23703 10
1726909461659 0.122404 10
1726909461799 0.004663 10
