1726847690284 43.709686 0
1726847690455 265.885651 0
1726847690626 9.212496 0
1726847690789 11.780895 0
1726847690944 21.064711 0
1726847691092 3.144264 0
1726847691919 7.96629 0
1726847692090 9.175504 0
1726847692255 4.220729 0
1726847692411 2.097119 0
1726847692564 8.333092 0
1726847692715 7.351412 0
1726847693500 7.533892 0
1726847693676 3.95434 0
1726847693832 46.219398 0
1726847693983 16.389994 0
1726847694127 7.175119 0
1726847694273 5.907197 0
1726847695077 0.637741 0
1726847695236 10.2864 0
1726847695383 3.093955 0
1726847695521 1.068657 0
1726847695655 10.572105 0
1726847695788 37.264664 0
