1727120661785 12.924999 0
1727120661889 4.569388 0
1727120661989 2.334923 0
1727120662091 1.532676 0
1727120662191 2.474948 0
1727120662293 3.097626 0
1727120662391 4.484051 0
1727120662491 3.101616 0
1727120662592 6.282093 0
1727120662693 4.399815 0
1727120662795 1.039637 1
1727120663302 0.529486 0
1727120663408 0.33255 0
1727120663510 0.537479 0
1727120663610 1.004734 0
1727120663712 1.490294 0
1727120663814 2.004675 0
1727120663914 3.289459 0
1727120664015 2.247894 0
1727120664114 3.254987 0
1727120664216 2.22424 0
1727120664317 1.070424 2
1727120664823 0.868309 0
1727120664935 0.63285 0
1727120665041 0.631207 0
1727120665142 1.088032 0
1727120665241 2.713626 0
1727120665345 2.230426 0
1727120665448 3.606889 0
1727120665549 1.899961 0
1727120665649 2.583977 0
1727120665752 1.718603 0
1727120665855 0.865819 3
1727120666372 1.28414 0
1727120666472 10.358958 0
1727120666572 0.659024 0
1727120666676 1.118921 0
1727120666776 15.602114 0
1727120666876 5.132751 0
1727120666975 4.670668 0
1727120667075 2.163888 0
1727120667175 3.504853 0
1727120667274 1.580104 0
1727120667374 0.785868 4
1727120667909 0.933191 0
1727120668010 2.042615 0
1727120668112 0.729198 0
1727120668211 1.076535 0
1727120668311 7.829854 0
1727120668412 6.367124 0
1727120668512 15.33872 0
1727120668611 5.575823 0
1727120668710 7.079165 0
1727120668810 1.666893 0
1727120668909 0.731041 5
