1726785759894 33.909706 0
1726785759993 77.82515 0
1726785760089 119.991302 0
1726785760185 32.531834 0
1726785760281 12.435608 0
1726785760375 5.726875 0
1726785760471 4.75432 0
1726785760565 66.982765 0
1726785760659 21.261669 0
1726785760753 32.599403 0
1726785761468 66.163147 0
1726785761573 1556.75708 0
1726785761668 29.262804 0
1726785761764 2.673901 0
1726785761859 2.046344 0
1726785761953 2.300571 0
1726785762048 3.494311 0
1726785762142 5.552247 0
1726785762241 2.875744 0
1726785762339 4.267656 0
1726785762936 8.450427 0
1726785763042 11.522966 0
1726785763137 12.88808 0
1726785763243 1.649806 0
1726785763347 1.400436 0
1726785763442 1.784782 0
1726785763540 2.37913 0
1726785763634 4.278789 0
1726785763730 2.174053 0
1726785763825 2.914187 0
1726785764436 5.479144 0
1726785764540 7.57058 0
1726785764633 126.815025 0
1726785764731 1.59652 0
1726785764827 1.438102 0
1726785764922 1.747826 0
1726785765017 1.798151 0
1726785765113 6.681707 0
1726785765208 2.071663 0
1726785765311 2.74121 0
1726785765961 10.002919 0
1726785766067 6.72606 0
1726785766163 25.479305 0
1726785766258 1.735001 0
1726785766355 1.620166 0
1726785766451 1.770396 0
1726785766548 1.644891 0
1726785766644 5.424733 0
1726785766738 2.061063 0
1726785766834 2.598853 0
1726785767517 11.241537 0
1726785767615 6.999502 0
1726785767710 39.3647 0
1726785767807 1.830796 0
1726785767902 2.356966 0
1726785767997 1.811652 0
1726785768092 1.683631 0
1726785768190 6.660204 0
1726785768285 2.165712 0
1726785768381 2.460905 0
1726785768972 12.446569 0
1726785769073 11.101845 0
1726785769169 38.476006 0
1726785769264 1.917149 0
1726785769364 1.638784 0
1726785769467 1.86835 0
1726785769567 1.634909 0
1726785769672 19.07283 0
1726785769771 2.128068 0
1726785769867 2.47821 0
1726785770488 12.291819 0
1726785770588 10.043129 0
1726785770688 14.28806 0
1726785770785 2.234892 0
1726785770885 1.719039 0
1726785770993 1.887197 0
1726785771089 1.654844 0
1726785771186 13.81499 0
1726785771281 2.107753 0
1726785771376 2.503698 0
1726785772003 17.304272 0
1726785772108 14.536966 0
1726785772205 9.794747 0
1726785772301 60.419586 0
1726785772397 1.861131 0
1726785772496 1.963273 0
1726785772592 1.661228 0
1726785772689 31.106356 0
1726785772787 2.217764 0
1726785772882 2.344006 0
1726785773498 16.793827 0
1726785773600 14.449947 0
1726785773696 13.958987 0
1726785773792 2.858768 0
1726785773888 1.983066 0
1726785773983 2.020008 0
1726785774080 1.653058 0
1726785774175 17.743587 0
1726785774271 2.308518 0
1726785774367 2.404892 0
