1727264014492 0.0 0
1727264014667 10.0 0
1727264014862 20.0 0
1727264015049 30.0 0
1727264015216 40.0 0
1727264015388 50.0 0
1727264015556 60.0 0
1727264015715 70.0 0
1727264015880 80.0 0
1727264016040 90.0 0
1727264016199 100.0 1
1727264016365 110.0 1
1727264017241 0.0 0
1727264017415 10.0 0
1727264017589 20.0 0
1727264017753 30.0 0
1727264017913 40.0 0
1727264018083 50.0 0
1727264018250 60.0 0
1727264018423 70.0 0
1727264018597 80.0 0
1727264018771 90.0 0
1727264018960 100.0 2
1727264019143 110.0 2
1727264020007 0.0 0
1727264020171 10.0 0
1727264020329 20.0 0
1727264020486 30.0 0
1727264020641 40.0 0
1727264020805 50.0 0
1727264020971 60.0 0
1727264021141 70.0 0
1727264021311 80.0 0
1727264021480 90.0 0
1727264021650 100.0 3
1727264021818 110.0 3
1727264022700 0.0 0
1727264022881 10.0 0
1727264023039 20.0 0
1727264023209 30.0 0
1727264023373 40.0 0
1727264023560 50.0 0
1727264023742 60.0 0
1727264023913 70.0 0
1727264024076 80.0 0
1727264024246 90.0 0
1727264024422 100.0 4
1727264024592 110.0 4
1727264025456 0.0 0
1727264025628 10.0 0
1727264025796 20.0 0
1727264025973 30.0 0
1727264026139 40.0 0
1727264026310 50.0 0
1727264026485 60.0 0
1727264026655 70.0 0
1727264026827 80.0 0
1727264027011 90.0 0
1727264027190 100.0 5
1727264027380 110.0 5
1727264028282 0.0 0
1727264028444 10.0 0
1727264028611 20.0 0
1727264028788 30.0 0
1727264028962 40.0 0
1727264029131 50.0 0
1727264029298 60.0 0
1727264029470 70.0 0
1727264029647 80.0 0
1727264029817 90.0 0
1727264029979 100.0 6
1727264030147 110.0 6
1727264031025 0.0 0
1727264031179 10.0 0
1727264031338 20.0 0
1727264031495 30.0 0
1727264031653 40.0 0
1727264031809 50.0 0
1727264031971 60.0 0
1727264032146 70.0 0
1727264032326 80.0 0
1727264032494 90.0 0
1727264032670 100.0 7
1727264032830 110.0 7
1727264033690 0.0 0
1727264033855 10.0 0
1727264034022 20.0 0
1727264034195 30.0 0
1727264034369 40.0 0
1727264034542 50.0 0
1727264034705 60.0 0
1727264034879 70.0 0
1727264035045 80.0 0
1727264035216 90.0 0
1727264035385 100.0 8
1727264035550 110.0 8
1727264036423 0.0 0
1727264036608 10.0 0
1727264036784 20.0 0
1727264036947 30.0 0
1727264037123 40.0 0
1727264037284 50.0 0
1727264037450 60.0 0
1727264037619 70.0 0
1727264037799 80.0 0
1727264037983 90.0 0
1727264038150 100.0 9
1727264038316 110.0 9
1727264039240 0.0 0
1727264039412 10.0 0
1727264039576 20.0 0
1727264039746 30.0 0
1727264039934 40.0 0
1727264040117 50.0 0
1727264040300 60.0 0
1727264040539 70.0 0
1727264040730 80.0 0
1727264040915 90.0 0
1727264041081 100.0 10
1727264041253 110.0 10
