1726797812913 12.18592 0
1726797813010 0.144913 0
1726797813114 0.986075 0
1726797813210 0.250744 0
1726797813309 0.411511 0
1726797813406 0.079138 0
1726797813504 0.531128 0
1726797813605 0.694159 0
1726797813704 1.465182 0
1726797813805 1.150576 0
1726797813907 3.803699 1
1726797814005 11.836308 1
1726797814102 0.84089 1
1726797814201 1.57922 1
1726797814301 0.974245 1
1726797814398 0.339718 1
1726797814494 0.890448 1
1726797814590 0.744505 1
1726797814697 1.569949 1
1726797814795 0.416407 1
1726797814895 1.757664 2
1726797814993 0.776822 2
1726797815091 3.293975 2
1726797815193 6.0901 2
1726797815289 0.651007 2
1726797815390 1.294053 2
1726797815487 3.461347 2
1726797815588 1.107515 2
1726797815687 2.249414 2
1726797815785 0.956289 2
1726797815881 0.754322 3
1726797815977 1.626715 3
1726797816079 0.834472 3
1726797816176 2.598401 3
1726797816273 0.068071 3
1726797816369 1.064299 3
1726797816465 0.635207 3
1726797816559 0.397894 3
1726797816657 0.571655 3
1726797816752 0.161721 3
1726797816849 0.597084 4
1726797816945 1.104443 4
1726797817042 0.061732 4
1726797817142 1.728386 4
1726797817242 3.094182 4
1726797817339 4.285768 4
1726797817436 0.103984 4
1726797817532 0.334859 4
1726797817628 0.388388 4
1726797817727 2.021695 4
1726797817824 2.815966 5
1726797817920 0.073619 5
1726797818016 0.564156 5
1726797818112 0.188506 5
1726797818208 1.083941 5
1726797818304 0.065813 5
1726797818400 0.305252 5
1726797818501 2.381561 5
1726797818599 0.05433 5
1726797818697 1.300245 5
1726797818796 2.937615 6
1726797818896 0.45549 6
1726797818992 0.421193 6
1726797819088 0.492364 6
1726797819186 1.070393 6
1726797819284 2.032334 6
1726797819381 0.639724 6
1726797819477 9.898978 6
1726797819572 2.112176 6
1726797819667 3.601776 6
1726797819762 0.248897 7
1726797819856 0.656927 7
1726797819951 1.38932 7
1726797820048 0.132462 7
1726797820143 0.745107 7
1726797820239 0.803578 7
1726797820335 0.454265 7
1726797820430 0.827371 7
1726797820528 1.291619 7
1726797820626 1.030603 7
1726797820721 0.789701 8
1726797820818 0.73527 8
1726797820912 0.265007 8
1726797821010 0.505166 8
1726797821106 0.687535 8
1726797821201 0.706056 8
1726797821309 0.386981 8
1726797821406 0.214465 8
1726797821500 0.093788 8
1726797821596 0.324885 8
1726797821692 0.841427 9
1726797821787 0.169575 9
1726797821885 0.047337 9
1726797825759 2.895964 0
1726797825858 0.137154 0
1726797825955 0.556653 0
1726797826051 0.146504 0
1726797826147 0.313386 0
1726797826245 0.079167 0
1726797826345 0.391547 0
1726797826443 1.293164 0
1726797826543 0.707549 0
1726797826642 1.238497 0
1726797826743 1.664501 2
1726797826845 0.54924 2
1726797826944 0.631724 2
1726797827043 1.87482 2
1726797827142 6.582772 2
1726797827240 0.293395 2
1726797827337 1.817244 2
1726797827442 27.246698 2
1726797827539 1.70173 2
1726797827639 0.592372 2
1726797827737 3.423649 4
1726797827836 0.411321 4
1726797827935 3.528117 4
1726797828031 1.321293 4
1726797828127 4.899172 4
1726797828224 2.656103 4
1726797828322 3.569249 4
1726797828419 1.138906 4
1726797828518 0.569308 4
1726797828614 4.435895 4
1726797828721 0.325409 6
1726797828821 3.12123 6
1726797828915 1.05343 6
1726797829010 2.007537 6
1726797829107 0.087774 6
1726797829205 0.641709 6
1726797829306 7.491873 6
1726797829406 0.412718 6
1726797829507 6.27085 6
1726797829602 0.212646 6
1726797829698 0.458013 8
1726797829792 0.318937 8
1726797829887 0.081639 8
1726797829984 1.0705 8
1726797830081 1.05586 8
1726797830179 20.450027 8
1726797830276 0.1202 8
1726797830376 0.171347 8
1726797830472 0.420623 8
1726797830568 1.243989 8
1726797830664 2.189694 10
1726797830760 0.171009 10
1726797830855 1.455443 10
1726797830949 0.047941 10
1726797831043 1.23235 10
1726797831138 0.073616 10
1726797831234 0.196558 10
1726797831331 11.8833 10
1726797831427 0.055912 10
1726797831531 2.056917 10
1726797831626 1.301711 12
1726797831722 0.366787 12
1726797831822 0.450984 12
1726797831918 0.492223 12
1726797832015 0.552119 12
1726797832113 6.159229 12
1726797832209 0.327411 12
1726797832329 1.915748 12
1726797832428 0.600615 12
1726797832524 2.882297 12
1726797832620 0.233208 14
1726797832715 17.980585 14
1726797832811 2.193187 14
1726797832907 0.108501 14
1726797833002 0.430223 14
1726797833097 0.763795 14
1726797833192 0.477925 14
1726797833286 0.856288 14
1726797833381 2.564827 14
1726797833477 0.693596 14
1726797833584 2.250491 16
1726797833681 0.562775 16
1726797833776 0.25772 16
1726797833871 0.540443 16
1726797833967 0.60252 16
1726797834061 0.562204 16
1726797834157 0.413776 16
1726797834254 0.158154 16
1726797834351 0.058245 16
1726797834449 0.243266 16
1726797834548 0.5456 18
1726797834644 0.168151 18
1726797834742 0.035323 18
1726797838594 1.987098 0
1726797838693 0.133401 0
1726797838792 0.415666 0
1726797838889 0.139108 0
1726797838986 0.206615 0
1726797839083 0.075132 0
1726797839180 0.433395 0
1726797839282 0.872285 0
1726797839388 0.66422 0
1726797839495 0.911581 0
1726797839594 2.39018 3
1726797839701 0.569298 3
1726797839798 0.623989 3
1726797839894 6.374535 3
1726797839994 2.073171 3
1726797840091 0.282627 3
1726797840188 0.478633 3
1726797840288 2.619313 3
1726797840387 0.953165 3
1726797840485 0.439038 3
1726797840583 3.170473 6
1726797840683 0.36101 6
1726797840783 10.978211 6
1726797840883 1.073351 6
1726797840980 2.855434 6
1726797841076 2.696526 6
1726797841176 3.983519 6
1726797841273 2.378201 6
1726797841374 0.509938 6
1726797841472 2.175602 6
1726797841567 0.321825 9
1726797841665 1.153434 9
1726797841768 0.762229 9
1726797841865 1.441129 9
1726797841962 0.073801 9
1726797842059 0.682676 9
1726797842155 1.739943 9
1726797842255 0.567908 9
1726797842355 0.563455 9
1726797842452 0.226567 9
1726797842550 0.656386 12
1726797842653 0.662865 12
1726797842753 0.07237 12
1726797842852 1.769634 12
1726797842950 1.893789 12
1726797843045 3.221619 12
1726797843141 0.118392 12
1726797843236 0.171711 12
1726797843332 0.462996 12
1726797843431 1.697965 12
1726797843529 4.115903 15
1726797843627 0.124709 15
1726797843739 1.886891 15
1726797843838 0.032658 15
1726797843936 2.214571 15
1726797844036 0.069463 15
1726797844134 1.120187 15
1726797844233 0.787526 15
1726797844328 0.051794 15
1726797844423 1.415882 15
1726797844519 0.838505 18
1726797844618 0.365186 18
1726797844712 0.434942 18
1726797844810 0.722844 18
1726797844906 0.33481 18
1726797845001 3.108371 18
1726797845099 0.286516 18
1726797845195 1.602065 18
1726797845293 0.41054 18
1726797845387 3.4547 18
1726797845484 0.244627 21
1726797845583 2.484327 21
1726797845680 0.613768 21
1726797845780 0.102195 21
1726797845878 0.566615 21
1726797845977 0.795175 21
1726797846076 0.498221 21
1726797846170 0.743172 21
1726797846268 1.544686 21
1726797846365 0.588912 21
1726797846461 1.348532 24
1726797846557 0.516737 24
1726797846652 0.270492 24
1726797846751 0.551152 24
1726797846850 4.334918 24
1726797846947 0.483919 24
1726797847044 0.458807 24
1726797847143 0.118345 24
1726797847240 0.070205 24
1726797847334 0.230261 24
1726797847429 0.412282 27
1726797847524 0.175313 27
1726797847618 0.041051 27
1726797851461 1.347273 0
1726797851561 0.137566 0
1726797851659 0.337841 0
1726797851760 0.15573 0
1726797851859 0.219981 0
1726797851965 0.073086 0
1726797852064 0.46257 0
1726797852161 0.484132 0
1726797852260 0.766738 0
1726797852358 1.367918 0
1726797852458 7.273134 4
1726797852560 0.713069 4
1726797852656 0.730396 4
1726797852754 87.251686 4
1726797852853 5.632273 4
1726797852951 0.289967 4
1726797853048 0.559402 4
1726797853147 7.015324 4
1726797853246 0.645067 4
1726797853345 0.44418 4
1726797853443 2.593293 8
1726797853540 0.32604 8
1726797853636 3.710868 8
1726797853735 1.166449 8
1726797853832 0.871827 8
1726797853931 1.918994 8
1726797854037 2.439488 8
1726797854137 1.907582 8
1726797854236 0.36651 8
1726797854334 3.436687 8
1726797854431 0.32632 12
1726797854528 0.785291 12
1726797854626 0.798996 12
1726797854723 3.919744 12
1726797854821 0.069956 12
1726797854918 0.90419 12
1726797855018 0.620453 12
1726797855115 6.77811 12
1726797855212 0.461806 12
1726797855310 0.189662 12
1726797855406 0.231252 16
1726797855504 0.313427 16
1726797855604 0.055336 16
1726797855701 1.268308 16
1726797855798 2.563108 16
1726797855902 2.594 16
1726797856002 0.114466 16
1726797856110 0.194501 16
1726797856205 0.425023 16
1726797856304 2.193832 16
1726797856401 137.294479 20
1726797856500 0.110944 20
1726797856597 0.913978 20
1726797856693 0.041254 20
1726797856788 1.352593 20
1726797856885 0.081367 20
1726797856981 0.152746 20
1726797857075 0.388411 20
1726797857170 0.066129 20
1726797857270 2.35331 20
1726797857368 1.765996 24
1726797857463 0.379905 24
1726797857560 0.453476 24
1726797857655 1.078492 24
1726797857754 0.373586 24
1726797857850 7.597454 24
1726797857949 0.301531 24
1726797858046 2.003471 24
1726797858148 0.430043 24
1726797858251 12.374509 24
1726797858351 0.261862 28
1726797858447 2.220207 28
1726797858542 1.039804 28
1726797858637 0.093396 28
1726797858732 0.355838 28
1726797858826 1.252589 28
1726797858923 0.505863 28
1726797859018 0.588383 28
1726797859115 2.308214 28
1726797859210 0.670541 28
1726797859307 0.86287 32
1726797859403 0.74639 32
1726797859501 0.274622 32
1726797859597 0.56283 32
1726797859694 0.75479 32
1726797859790 0.626006 32
1726797859884 1.172302 32
1726797859980 0.131875 32
1726797860076 0.066923 32
1726797860179 0.237364 32
1726797860282 0.374447 36
1726797860379 0.172103 36
1726797860477 0.030795 36
1726797864217 2.423871 0
1726797864319 0.123438 0
1726797864418 0.285914 0
1726797864515 0.150041 0
1726797864612 0.198244 0
1726797864713 0.064398 0
1726797864811 0.574913 0
1726797864909 2.01361 0
1726797865010 1.136862 0
1726797865110 0.553339 0
1726797865207 5.043636 5
1726797865310 0.503044 5
1726797865410 0.716565 5
1726797865508 1.590425 5
1726797865606 22.203657 5
1726797865704 0.292544 5
1726797865801 0.553364 5
1726797865899 2.247137 5
1726797865995 0.896034 5
1726797866093 0.373737 5
1726797866189 2.745407 10
1726797866294 0.304466 10
1726797866397 3.017726 10
1726797866497 1.026188 10
1726797866594 0.995691 10
1726797866693 1.027203 10
1726797866791 2.23195 10
1726797866890 0.704821 10
1726797866987 0.355486 10
1726797867085 2.272297 10
1726797867185 0.305138 15
1726797867285 0.595566 15
1726797867383 0.75132 15
1726797867482 4.309585 15
1726797867580 0.075198 15
1726797867678 0.840273 15
1726797867776 0.398183 15
1726797867877 0.615649 15
1726797867976 0.491245 15
1726797868074 0.137467 15
1726797868172 0.186981 20
1726797868272 0.970085 20
1726797868383 0.063565 20
1726797868485 1.18924 20
1726797868585 1.716761 20
1726797868683 1.716228 20
1726797868781 0.100622 20
1726797868878 0.185312 20
1726797868978 0.608476 20
1726797869079 1.589072 20
1726797869177 2.386194 25
1726797869277 0.043496 25
1726797869377 0.736727 25
1726797869474 0.054379 25
1726797869574 0.73648 25
1726797869674 0.066814 25
1726797869779 0.160593 25
1726797869877 0.256408 25
1726797869975 0.064002 25
1726797870073 1.438041 25
1726797870171 1.476337 30
1726797870268 0.375204 30
1726797870375 0.358932 30
1726797870472 3.734301 30
1726797870568 0.236736 30
1726797870669 2.322793 30
1726797870768 0.193897 30
1726797870868 2.677887 30
1726797870965 0.348137 30
1726797871062 2.98058 30
1726797871159 0.768681 35
1726797871258 0.874762 35
1726797871377 2.209218 35
1726797871476 0.136004 35
1726797871574 0.467236 35
1726797871671 0.4175 35
1726797871768 0.840308 35
1726797871864 4.437702 35
1726797871960 0.78956 35
1726797872056 0.508654 35
1726797872152 5.721941 40
1726797872247 1.742913 40
1726797872342 0.347117 40
1726797872448 0.570942 40
1726797872545 0.676001 40
1726797872643 0.342656 40
1726797872742 0.80984 40
1726797872842 0.121149 40
1726797872940 0.060115 40
1726797873039 0.250172 40
1726797873136 0.330403 45
1726797873235 0.189983 45
1726797873336 0.052895 45
