1726876770730 0.820291 0
1726876770872 2.215075 0
1726876771013 0.635094 0
1726876771152 0.363609 0
1726876771291 0.529577 0
1726876771428 0.396343 0
1726876771565 0.317949 0
1726876771721 0.272382 0
1726876771868 0.231141 0
1726876772015 0.381128 0
1726876772154 1.497301 1
1726876773069 0.615477 0
1726876773215 1.188335 0
1726876773358 0.194539 0
1726876773494 0.200982 0
1726876773634 0.296405 0
1726876773771 0.216887 0
1726876773907 0.310526 0
1726876774046 0.294435 0
1726876774193 0.147352 0
1726876774330 0.192453 0
1726876774466 0.913566 2
1726876775379 0.254994 0
1726876775523 1.049325 0
1726876775669 0.184348 0
1726876775806 0.227503 0
1726876775943 0.304832 0
1726876776081 0.243024 0
1726876776220 0.284725 0
1726876776359 0.3054 0
1726876776497 0.145242 0
1726876776632 0.181752 0
1726876776768 0.669785 3
1726876777641 0.262181 0
1726876777778 0.954246 0
1726876777914 0.213983 0
1726876778050 0.179852 0
1726876778189 0.26579 0
1726876778326 0.226686 0
1726876778464 0.285288 0
1726876778600 0.271201 0
1726876778737 0.131282 0
1726876778873 0.17497 0
1726876779010 0.558048 4
1726876779850 0.156034 0
1726876779987 0.92455 0
1726876780124 0.178516 0
1726876780262 0.178058 0
1726876780399 0.251787 0
1726876780535 0.204612 0
1726876780672 0.261722 0
1726876780808 0.266765 0
1726876780945 0.141371 0
1726876781082 0.171489 0
1726876781218 0.536667 5
1726876782059 0.150153 0
1726876782196 0.900525 0
1726876782334 0.169847 0
1726876782473 0.179569 0
1726876782610 0.244424 0
1726876782747 0.206948 0
1726876782886 0.267405 0
1726876783022 0.262752 0
1726876783159 0.131581 0
1726876783294 0.175819 0
1726876783430 0.525479 6
1726876784286 0.146933 0
1726876784422 0.861369 0
1726876784560 0.171046 0
1726876784696 0.173357 0
1726876784831 0.248933 0
1726876784966 0.197416 0
1726876785102 0.257387 0
1726876785237 0.25686 0
1726876785375 0.121337 0
1726876785511 0.167989 0
1726876785647 0.503652 7
1726876786489 0.154472 0
1726876786626 0.854526 0
1726876786761 0.164548 0
1726876786898 0.173473 0
1726876787034 0.243313 0
1726876787170 0.191275 0
1726876787306 0.254502 0
1726876787442 0.254962 0
1726876787578 0.122033 0
1726876787715 0.178293 0
1726876787851 0.510885 8
1726876788694 0.152947 0
1726876788831 0.825756 0
1726876788966 0.161652 0
1726876789116 0.174873 0
1726876789271 0.241111 0
1726876789413 0.189556 0
1726876789550 0.25151 0
1726876789686 0.258054 0
1726876789822 0.126978 0
1726876789958 0.171075 0
1726876790097 0.48843 9
