1726906662886 0.401717 0
1726906663029 0.175037 0
1726906663171 0.233421 0
1726906663313 0.14987 0
1726906663454 0.52224 0
1726906663595 0.147322 0
1726906663735 0.215145 0
1726906663876 0.127429 0
1726906664017 0.545452 0
1726906664159 0.287545 0
1726906664301 0.633709 1
1726906664442 0.280046 1
1726906664669 0.333918 1
1726906664812 0.467401 1
1726906664952 0.357847 1
1726906665096 0.341049 1
1726906665238 0.502528 1
1726906665380 0.613027 1
1726906665521 0.715884 1
1726906665663 0.42298 1
1726906665874 0.5924 2
1726906667511 0.209148 0
1726906667653 0.153108 0
1726906667794 0.245986 0
1726906667935 0.12786 0
1726906668076 0.350804 0
1726906668216 0.123303 0
1726906668357 0.194869 0
1726906668499 0.086834 0
1726906668641 0.347793 0
1726906668783 0.255707 0
1726906668925 0.616463 2
1726906669066 0.266803 2
1726906669209 0.325018 2
1726906669351 0.372467 2
1726906669492 0.383716 2
1726906669636 0.397916 2
1726906669777 0.449518 2
1726906669917 0.543538 2
1726906670058 0.748298 2
1726906670199 0.426674 2
1726906670339 0.617204 4
1726906671783 0.203899 0
1726906671930 0.133583 0
1726906672073 0.186085 0
1726906672214 0.117531 0
1726906672354 0.327817 0
1726906672494 0.186722 0
1726906672636 0.212003 0
1726906672777 0.073987 0
1726906672919 0.363851 0
1726906673060 0.305919 0
1726906673203 0.64661 3
1726906673348 0.28769 3
1726906673488 0.312368 3
1726906673629 0.165496 3
1726906673771 0.411659 3
1726906673911 0.294741 3
1726906674051 0.517967 3
1726906674192 0.538374 3
1726906674333 0.774277 3
1726906674474 0.485893 3
1726906674613 0.644293 6
1726906676043 0.121279 0
1726906676185 0.112778 0
1726906676326 0.176092 0
1726906676467 0.115858 0
1726906676607 0.321362 0
1726906676747 0.109426 0
1726906676896 0.167964 0
1726906677037 0.090616 0
1726906677178 0.299938 0
1726906677321 0.24736 0
1726906677465 0.559411 4
1726906677605 0.253051 4
1726906677747 0.282582 4
1726906677891 0.186936 4
1726906678032 0.350996 4
1726906678173 0.267313 4
1726906678315 0.497223 4
1726906678455 0.559243 4
1726906678596 0.723605 4
1726906678737 0.403456 4
1726906678878 0.616447 8
1726906680309 0.093886 0
1726906680450 0.120699 0
1726906680591 0.172387 0
1726906680731 0.113454 0
1726906680873 0.354569 0
1726906681019 0.120474 0
1726906681168 0.162939 0
1726906681308 0.077793 0
1726906681452 0.308818 0
1726906681594 0.242986 0
1726906681735 0.580191 5
1726906681876 0.265906 5
1726906682023 0.28716 5
1726906682164 0.215766 5
1726906682305 0.336107 5
1726906682445 0.342757 5
1726906682586 0.476768 5
1726906682727 0.53229 5
1726906682868 0.70029 5
1726906683009 0.431557 5
1726906683147 0.604675 10
1726906684575 0.08016 0
1726906684718 0.123484 0
1726906684859 0.159954 0
1726906685000 0.106645 0
1726906685146 0.321834 0
1726906685286 0.111577 0
1726906685427 0.173607 0
1726906685572 0.076584 0
1726906685713 0.291356 0
1726906685854 0.251822 0
1726906685995 0.555027 6
1726906686138 0.249561 6
1726906686279 0.259446 6
1726906686419 0.156567 6
1726906686560 0.343983 6
1726906686699 0.249774 6
1726906686841 0.466113 6
1726906686982 0.510271 6
1726906687125 0.698623 6
1726906687268 0.405808 6
1726906687407 0.634199 12
1726906688832 0.116984 0
1726906688977 0.109263 0
1726906689118 0.156482 0
1726906689260 0.100625 0
1726906689400 0.33381 0
1726906689541 0.107809 0
1726906689686 0.152154 0
1726906689826 0.075336 0
1726906689967 0.284356 0
1726906690107 0.239296 0
1726906690249 0.534425 7
1726906690390 0.245638 7
1726906690531 0.248195 7
1726906690672 0.169721 7
1726906690813 0.329409 7
1726906690954 0.25348 7
1726906691096 0.436683 7
1726906691240 0.500864 7
1726906691382 0.665164 7
1726906691523 0.390329 7
1726906691666 0.642305 14
1726906693078 0.074818 0
1726906693222 0.105121 0
1726906693364 0.147044 0
1726906693504 0.104301 0
1726906693645 0.33439 0
1726906693790 0.119002 0
1726906693932 0.152362 0
1726906694073 0.068326 0
1726906694214 0.282743 0
1726906694356 0.233761 0
1726906694499 0.518821 8
1726906694641 0.247272 8
1726906694781 0.231609 8
1726906694922 0.145595 8
1726906695062 0.32704 8
1726906695203 0.24563 8
1726906695345 0.415238 8
1726906695488 0.485483 8
1726906695628 0.643203 8
1726906695771 0.414507 8
1726906695913 0.632359 16
1726906697319 0.075523 0
1726906697461 0.10096 0
1726906697603 0.143228 0
1726906697744 0.095035 0
1726906697888 0.327749 0
1726906698028 0.113434 0
1726906698169 0.156357 0
1726906698311 0.0692 0
1726906698453 0.264484 0
1726906698594 0.22953 0
1726906698736 0.482436 9
1726906698877 0.245339 9
1726906699017 0.211225 9
1726906699158 0.134853 9
1726906699299 0.334484 9
1726906699439 0.205633 9
1726906699580 0.408604 9
1726906699721 0.474557 9
1726906699864 0.623881 9
1726906700007 0.378965 9
1726906700147 0.614816 18
1726906701563 0.088306 0
1726906701707 0.103856 0
1726906701848 0.133182 0
1726906701994 0.094084 0
1726906702135 0.334413 0
1726906702276 0.116771 0
1726906702417 0.154227 0
1726906702558 0.071111 0
1726906702700 0.261027 0
1726906702842 0.233288 0
1726906702983 0.466778 10
1726906703130 0.25099 10
1726906703270 0.197891 10
1726906703410 0.140655 10
1726906703551 0.323907 10
1726906703691 0.215482 10
1726906703833 0.366461 10
1726906703977 0.466272 10
1726906704118 0.612306 10
1726906704258 0.369856 10
1726906704397 0.608258 20
