1726776621054 1.270011 0
1726776621173 0.468009 0
1726776621290 0.415795 0
1726776621406 0.157793 0
1726776621527 0.133363 0
1726776621644 0.142941 0
1726776621762 0.093202 0
1726776621880 0.161547 0
1726776621997 0.169684 0
1726776622117 0.572351 0
1726776622235 0.768245 1
1726776622995 0.449558 0
1726776623112 0.255969 0
1726776623229 0.282759 0
1726776623346 0.162819 0
1726776623464 0.111843 0
1726776623581 0.130114 0
1726776623698 0.076315 0
1726776623817 0.151195 0
1726776623934 0.15752 0
1726776624051 0.647506 0
1726776624169 0.800503 2
1726776624908 0.471294 0
1726776625025 0.257504 0
1726776625142 0.252651 0
1726776625260 0.147925 0
1726776625378 0.118025 0
1726776625495 0.13037 0
1726776625612 0.081597 0
1726776625729 0.154383 0
1726776625848 0.164712 0
1726776625965 0.454879 0
1726776626082 0.69553 3
1726776626820 0.540753 0
1726776626937 0.229418 0
1726776627053 0.240708 0
1726776627170 0.153575 0
1726776627287 0.09616 0
1726776627404 0.128472 0
1726776627802 0.070483 0
1726776627922 0.156979 0
1726776628040 0.18706 0
1726776628158 0.674791 0
1726776628275 0.823518 4
1726776629069 0.467032 0
1726776629185 0.247522 0
1726776629303 0.235932 0
1726776629420 0.17488 0
1726776629536 0.102436 0
1726776629652 0.138565 0
1726776629768 0.081955 0
1726776629886 0.148452 0
1726776630003 0.165364 0
1726776630120 0.503345 0
1726776630238 0.65486 5
