1726887237612 0.764298 0
1726887237753 0.381495 0
1726887237890 0.386518 0
1726887238030 0.439621 0
1726887238167 0.758942 0
1726887238304 0.634326 0
1726887238440 0.986495 0
1726887238577 0.693551 0
1726887238715 0.30457 0
1726887238852 0.16054 0
1726887238990 0.224207 1
1726887239126 0.365705 1
1726887239266 0.351106 1
1726887239404 0.33671 1
1726887239541 0.224592 1
1726887239678 0.310002 1
1726887240823 0.350584 0
1726887240969 0.093177 0
1726887241108 0.143028 0
1726887241244 0.169171 0
1726887241384 0.387527 0
1726887241521 0.157753 0
1726887241658 0.328714 0
1726887241794 0.194875 0
1726887241931 0.264622 0
1726887242069 0.214564 0
1726887242205 0.362205 2
1726887242342 0.162479 2
1726887242479 0.14755 2
1726887242616 0.095349 2
1726887242753 0.136973 2
1726887242892 0.19089 2
1726887244004 0.170762 0
1726887244142 0.107286 0
1726887244278 0.089716 0
1726887244416 0.146635 0
1726887244552 0.310179 0
1726887244689 0.1335 0
1726887244827 0.251958 0
1726887244965 0.223451 0
1726887245103 0.216932 0
1726887245240 0.142935 0
1726887245379 0.098939 3
1726887245519 0.164383 3
1726887245656 0.140318 3
1726887245793 0.082819 3
1726887245930 0.10196 3
1726887246068 0.17842 3
1726887247175 0.162984 0
1726887247314 0.085881 0
1726887247453 0.082005 0
1726887247590 0.135763 0
1726887247727 0.297832 0
1726887247864 0.114521 0
1726887248000 0.230531 0
1726887248138 0.166791 0
1726887248275 0.197267 0
1726887248411 0.09374 0
1726887248548 0.102503 4
1726887248685 0.140009 4
1726887248821 0.127546 4
1726887248959 0.071015 4
1726887249095 0.101472 4
1726887249232 0.175012 4
1726887250360 0.160724 0
1726887250500 0.078289 0
1726887250637 0.075705 0
1726887250774 0.127956 0
1726887250911 0.28588 0
1726887251051 0.105082 0
1726887251188 0.214851 0
1726887251324 0.139626 0
1726887251461 0.19013 0
1726887251601 0.078341 0
1726887251742 0.103875 5
1726887251882 0.131692 5
1726887252019 0.122951 5
1726887252155 0.069437 5
1726887252292 0.098206 5
1726887252429 0.172569 5
1726887253556 0.160668 0
1726887253697 0.077228 0
1726887253835 0.075185 0
1726887253974 0.126888 0
1726887254111 0.285257 0
1726887254247 0.104081 0
1726887254437 0.212935 0
1726887254575 0.136694 0
1726887254712 0.189164 0
1726887254852 0.077446 0
1726887254989 0.103954 6
1726887255127 0.130638 6
1726887255263 0.122368 6
1726887255400 0.068654 6
1726887255537 0.098121 6
1726887255676 0.17178 6
1726887256830 0.159635 0
1726887256969 0.076472 0
1726887257107 0.074586 0
1726887257246 0.125689 0
1726887257385 0.284577 0
1726887257522 0.102793 0
1726887257661 0.212103 0
1726887257800 0.134416 0
1726887257939 0.188107 0
1726887258076 0.077286 0
1726887258214 0.104571 7
1726887258352 0.129848 7
1726887258489 0.122674 7
1726887258626 0.068367 7
1726887258766 0.096912 7
1726887258905 0.172325 7
1726887260020 0.159987 0
1726887260159 0.076054 0
1726887260296 0.074491 0
1726887260433 0.125259 0
1726887260571 0.283126 0
1726887260708 0.102159 0
1726887260845 0.212013 0
1726887260983 0.134679 0
1726887261121 0.18737 0
1726887261259 0.076653 0
1726887261397 0.104892 8
1726887261535 0.129703 8
1726887261672 0.122348 8
1726887261810 0.068203 8
1726887261947 0.097655 8
1726887262085 0.171728 8
1726887263199 0.159167 0
1726887263338 0.076446 0
1726887263476 0.074698 0
1726887263613 0.124557 0
1726887263749 0.282965 0
1726887263889 0.102737 0
1726887264026 0.212719 0
1726887264164 0.134322 0
1726887264302 0.187441 0
1726887264440 0.076678 0
1726887264576 0.104512 9
1726887264714 0.129531 9
1726887264852 0.122193 9
1726887264990 0.06803 9
1726887265126 0.096676 9
1726887265265 0.172926 9
