1726824096766 0.0 0
1726824096900 10.0 0
1726824097023 20.0 0
1726824097156 30.0 0
1726824097295 40.0 0
1726824097441 50.0 0
1726824097587 60.0 0
1726824097730 70.0 0
1726824097864 80.0 0
1726824097997 90.0 0
1726824098131 100.0 1
1726824098271 110.0 1
1726824098409 120.0 1
1726824098544 130.0 1
1726824098674 140.0 1
1726824098801 150.0 1
1726824098928 160.0 1
1726824099056 170.0 1
1726824101210 0.0 0
1726824101337 10.0 0
1726824101465 20.0 0
1726824101595 30.0 0
1726824101723 40.0 0
1726824101859 50.0 0
1726824101990 60.0 0
1726824102114 70.0 0
1726824102236 80.0 0
1726824102357 90.0 0
1726824102478 100.0 2
1726824102601 110.0 2
1726824102731 120.0 2
1726824102874 130.0 2
1726824103014 140.0 2
1726824103144 150.0 2
1726824103271 160.0 2
1726824103392 170.0 2
1726824105394 0.0 0
1726824105517 10.0 0
1726824105644 20.0 0
1726824105770 30.0 0
1726824105894 40.0 0
1726824106014 50.0 0
1726824106136 60.0 0
1726824106255 70.0 0
1726824106374 80.0 0
1726824106499 90.0 0
1726824106632 100.0 3
1726824106764 110.0 3
1726824106902 120.0 3
1726824107039 130.0 3
1726824107169 140.0 3
1726824107298 150.0 3
1726824107424 160.0 3
1726824107549 170.0 3
1726824109642 0.0 0
1726824109771 10.0 0
1726824109900 20.0 0
1726824110033 30.0 0
1726824110170 40.0 0
1726824110318 50.0 0
1726824110463 60.0 0
1726824110599 70.0 0
1726824110730 80.0 0
1726824110861 90.0 0
1726824110992 100.0 4
1726824111121 110.0 4
1726824111246 120.0 4
1726824111372 130.0 4
1726824111517 140.0 4
1726824111667 150.0 4
1726824111822 160.0 4
1726824111968 170.0 4
1726824114117 0.0 0
1726824114255 10.0 0
1726824114390 20.0 0
1726824114530 30.0 0
1726824114664 40.0 0
1726824114797 50.0 0
1726824114924 60.0 0
1726824115052 70.0 0
1726824115176 80.0 0
1726824115295 90.0 0
1726824115416 100.0 5
1726824115545 110.0 5
1726824115680 120.0 5
1726824115817 130.0 5
1726824115959 140.0 5
1726824116108 150.0 5
1726824116290 160.0 5
1726824116483 170.0 5
1726824118505 0.0 0
1726824118659 10.0 0
1726824118780 20.0 0
1726824118905 30.0 0
1726824119035 40.0 0
1726824119172 50.0 0
1726824119303 60.0 0
1726824119429 70.0 0
1726824119554 80.0 0
1726824119694 90.0 0
1726824119837 100.0 6
1726824119978 110.0 6
1726824120110 120.0 6
1726824120244 130.0 6
1726824120404 140.0 6
1726824120551 150.0 6
1726824120714 160.0 6
1726824120879 170.0 6
1726824122980 0.0 0
1726824123116 10.0 0
1726824123255 20.0 0
1726824123475 30.0 0
1726824123642 40.0 0
1726824123795 50.0 0
1726824123934 60.0 0
1726824124066 70.0 0
1726824124190 80.0 0
1726824124316 90.0 0
1726824124441 100.0 7
1726824124566 110.0 7
1726824124689 120.0 7
1726824124814 130.0 7
1726824124946 140.0 7
1726824125099 150.0 7
1726824125281 160.0 7
1726824125462 170.0 7
1726824127558 0.0 0
1726824127688 10.0 0
1726824127813 20.0 0
1726824127937 30.0 0
1726824128060 40.0 0
1726824128178 50.0 0
1726824128296 60.0 0
1726824128415 70.0 0
1726824128538 80.0 0
1726824128662 90.0 0
1726824128792 100.0 8
1726824128930 110.0 8
1726824129070 120.0 8
1726824129210 130.0 8
1726824129345 140.0 8
1726824129483 150.0 8
1726824129619 160.0 8
1726824129736 170.0 8
1726824131692 0.0 0
1726824131824 10.0 0
1726824131951 20.0 0
1726824132079 30.0 0
1726824132207 40.0 0
1726824132343 50.0 0
1726824132482 60.0 0
1726824132629 70.0 0
1726824132766 80.0 0
1726824132899 90.0 0
1726824133046 100.0 9
1726824133199 110.0 9
1726824133372 120.0 9
1726824133542 130.0 9
1726824133686 140.0 9
1726824133816 150.0 9
1726824133943 160.0 9
1726824134070 170.0 9
1726824136142 0.0 0
1726824136273 10.0 0
1726824136401 20.0 0
1726824136537 30.0 0
1726824136670 40.0 0
1726824136793 50.0 0
1726824136917 60.0 0
1726824137047 70.0 0
1726824137184 80.0 0
1726824137316 90.0 0
1726824137444 100.0 10
1726824137566 110.0 10
1726824137688 120.0 10
1726824137809 130.0 10
1726824137925 140.0 10
1726824138047 150.0 10
1726824138169 160.0 10
1726824138290 170.0 10
