1726899441048 0.0 0
1726899441196 10.0 0
1726899441335 20.0 0
1726899441473 30.0 0
1726899441946 0.0 0
1726899442087 10.0 0
1726899442227 20.0 0
1726899442367 30.0 0
1726899442798 0.0 0
1726899442942 10.0 0
1726899443082 20.0 0
1726899443221 30.0 0
1726899443632 0.0 0
1726899443775 10.0 0
1726899443914 20.0 0
1726899444053 30.0 0
1726899444481 0.0 0
1726899444623 10.0 0
1726899444766 20.0 0
1726899444904 30.0 0
1726899445318 0.0 0
1726899445459 10.0 0
1726899445598 20.0 0
1726899445737 30.0 0
1726899446162 0.0 0
1726899446304 10.0 0
1726899446443 20.0 0
1726899446582 30.0 0
1726899447018 0.0 0
1726899447159 10.0 0
1726899447299 20.0 0
1726899447438 30.0 0
1726899448014 0.0 0
1726899448159 10.0 0
1726899448297 20.0 0
1726899448436 30.0 0
1726899448873 0.0 0
1726899449016 10.0 0
1726899449156 20.0 0
1726899449294 30.0 0
