1726828326028 3.447803 0
1726828326142 0.837711 0
1726828326249 0.193528 0
1726828326357 1.709744 0
1726828326463 0.795801 0
1726828326569 0.65091 0
1726828326677 5.588492 0
1726828326786 5.882152 0
1726828326899 1.786749 0
1726828327013 0.486262 0
1726828327130 0.316779 1
1726828327240 0.288244 1
1726828327348 0.707982 1
1726828327456 0.535135 1
1726828327561 0.254609 1
1726828327691 0.238252 1
1726828327820 0.439472 1
1726828328846 2.614047 0
1726828328956 0.585546 0
1726828329064 0.245582 0
1726828329171 1.379741 0
1726828329280 0.557569 0
1726828329391 0.632891 0
1726828329499 4.30558 0
1726828329606 4.27182 0
1726828329712 1.542821 0
1726828329823 0.356207 0
1726828329936 0.28895 2
1726828330059 0.275791 2
1726828330194 0.514444 2
1726828330314 0.441969 2
1726828330425 0.154928 2
1726828330530 0.228156 2
1726828330636 0.463432 2
1726828331591 1.659722 0
1726828331706 0.426459 0
1726828331839 0.412329 0
1726828331974 1.024879 0
1726828332114 0.419409 0
1726828332242 0.748812 0
1726828332357 2.908991 0
1726828332467 2.655291 0
1726828332586 1.320467 0
1726828332694 0.266005 0
1726828332804 0.284581 3
1726828332914 0.283337 3
1726828333022 0.360249 3
1726828333135 0.40093 3
1726828333247 0.10977 3
1726828333355 0.243504 3
1726828333463 0.508145 3
1726828334540 0.929592 0
1726828334663 0.554674 0
1726828334788 0.522768 0
1726828334899 0.904683 0
1726828335006 0.446189 0
1726828335114 0.753816 0
1726828335225 2.490546 0
1726828335334 2.143831 0
1726828335442 1.255045 0
1726828335547 0.260229 0
1726828335655 0.269035 4
1726828335763 0.279177 4
1726828335875 0.301844 4
1726828335983 0.388021 4
1726828336090 0.088087 4
1726828336205 0.229295 4
1726828336314 0.515869 4
1726828337326 0.863593 0
1726828337435 0.531569 0
1726828337542 0.382865 0
1726828337647 0.873176 0
1726828337766 0.4537 0
1726828337872 0.67397 0
1726828337985 2.312001 0
1726828338096 1.964165 0
1726828338214 1.171633 0
1726828338322 0.23723 0
1726828338429 0.239036 5
1726828338539 0.263624 5
1726828338644 0.271754 5
1726828338749 0.390231 5
1726828338855 0.070341 5
1726828338961 0.218936 5
1726828339068 0.526192 5
1726828340027 0.820677 0
1726828340162 0.530386 0
1726828340292 0.304001 0
1726828340430 0.82717 0
1726828340559 0.442352 0
1726828340678 0.625587 0
1726828340797 2.245686 0
1726828340906 1.823943 0
1726828341025 1.059693 0
1726828341137 0.233755 0
1726828341249 0.213353 6
1726828341365 0.248401 6
1726828341475 0.25165 6
1726828341588 0.388806 6
1726828341705 0.060747 6
1726828341812 0.215171 6
1726828341918 0.525484 6
1726828342920 0.790778 0
1726828343033 0.533217 0
1726828343140 0.257379 0
1726828343247 0.814606 0
1726828343355 0.437204 0
1726828343464 0.59023 0
1726828343571 2.200735 0
1726828343696 1.779633 0
1726828343827 0.969238 0
1726828343967 0.244506 0
1726828344088 0.189993 7
1726828344212 0.233681 7
1726828344337 0.242458 7
1726828344448 0.386918 7
1726828344576 0.054684 7
1726828344684 0.217982 7
1726828344792 0.516732 7
1726828345711 0.740398 0
1726828345819 0.548232 0
1726828345928 0.228593 0
1726828346036 0.78286 0
1726828346150 0.455755 0
1726828346258 0.529849 0
1726828346377 2.134446 0
1726828346486 1.778778 0
1726828346593 0.899621 0
1726828346701 0.242049 0
1726828346812 0.170291 8
1726828346920 0.221037 8
1726828347033 0.2386 8
1726828347141 0.401928 8
1726828347249 0.046157 8
1726828347359 0.206094 8
1726828347468 0.503493 8
1726828348422 0.716086 0
1726828348531 0.541591 0
1726828348639 0.219695 0
1726828348746 0.798708 0
1726828348854 0.460054 0
1726828348962 0.52084 0
1726828349076 2.14102 0
1726828349185 1.715345 0
1726828349296 0.858195 0
1726828349404 0.241947 0
1726828349512 0.156168 9
1726828349618 0.219404 9
1726828349724 0.236433 9
1726828349834 0.395201 9
1726828349939 0.040342 9
1726828350044 0.214302 9
1726828350154 0.496992 9
1726828351190 0.722736 0
1726828351296 0.551836 0
1726828351403 0.217828 0
1726828351511 0.78697 0
1726828351622 0.46743 0
1726828351731 0.521689 0
1726828351839 2.18117 0
1726828351949 1.738417 0
1726828352062 0.840907 0
1726828352168 0.243913 0
1726828352274 0.148308 10
1726828352380 0.216217 10
1726828352495 0.23496 10
1726828352602 0.401977 10
1726828352724 0.039089 10
1726828352831 0.207274 10
1726828352938 0.494127 10
