1727109622444 0.335865 0
1727109622557 0.274545 0
1727109622685 0.244107 0
1727109622813 0.14237 0
1727109622940 0.103989 0
1727109623057 0.084554 0
1727109623190 0.05196 0
1727109623321 0.42247 0
1727109623448 0.209577 0
1727109623579 0.484681 0
1727109623708 0.373023 1
1727109623841 0.200193 1
1727109623956 0.192846 1
1727109624090 0.074274 1
1727109624815 0.084818 0
1727109624951 0.102648 0
1727109625086 0.021577 0
1727109625229 0.035533 0
1727109625368 0.019098 0
1727109625507 0.045987 0
1727109625642 0.134733 0
1727109625784 0.271298 0
1727109625925 0.113473 0
1727109626062 0.340075 0
1727109626201 0.20069 2
1727109626334 0.232902 2
1727109626468 0.202402 2
1727109626605 0.066528 2
1727109627537 0.076506 0
1727109627676 0.056187 0
1727109627814 0.017557 0
1727109627953 0.06352 0
1727109628091 0.022027 0
1727109628218 0.016602 0
1727109628354 0.091007 0
1727109628494 0.268188 0
1727109628629 0.106731 0
1727109628765 0.37665 0
1727109628886 0.190192 3
1727109629024 0.265706 3
1727109629168 0.181806 3
1727109629303 0.062366 3
1727109630252 0.074706 0
1727109630387 0.052805 0
1727109630525 0.027283 0
1727109630668 0.02209 0
1727109630804 0.023629 0
1727109630944 0.016916 0
1727109631085 0.090446 0
1727109631232 0.312997 0
1727109631384 0.12505 0
1727109631527 0.373827 0
1727109631667 0.238972 4
1727109631806 0.210489 4
1727109631947 0.177183 4
1727109632087 0.048042 4
1727109632940 0.051583 0
1727109633078 0.057291 0
1727109633219 0.020864 0
1727109633352 0.022778 0
1727109633493 0.015804 0
1727109633631 0.016398 0
1727109633769 0.089467 0
1727109633901 0.302764 0
1727109634034 0.138523 0
1727109634167 0.275622 0
1727109634298 0.245533 5
1727109634434 0.114062 5
1727109634568 0.189513 5
1727109634699 0.076418 5
1727109635470 0.052143 0
1727109635601 0.061032 0
1727109635733 0.024492 0
1727109635843 0.030447 0
1727109635967 0.018996 0
1727109636099 0.009905 0
1727109636232 0.080416 0
1727109636363 0.258504 0
1727109636491 0.132245 0
1727109636622 0.228617 0
1727109636751 0.149121 6
1727109636883 0.106547 6
1727109637016 0.158856 6
1727109637131 0.055399 6
1727109637844 0.059112 0
1727109637953 0.066335 0
1727109638084 0.034676 0
1727109638222 0.038213 0
1727109638360 0.018117 0
1727109638494 0.014396 0
1727109638626 0.05079 0
1727109638760 0.28441 0
1727109638887 0.119205 0
1727109639021 0.261042 0
1727109639153 0.126426 7
1727109639301 0.205831 7
1727109639435 0.123979 7
1727109639566 0.055384 7
