1726868932135 82.760582 0
1726868932268 42.27631 0
1726868932401 11.134914 0
1726868932534 13.298048 0
1726868932667 15.403942 0
1726868932801 8.487848 0
1726868932937 8.44605 0
1726868933070 3.063304 0
1726868933204 3.789149 0
1726868933337 3.2291 0
1726868934075 6.050313 0
1726868934210 10.908701 0
1726868934343 5.02539 0
1726868934477 2.535738 0
1726868934610 5.048835 0
1726868934744 1.96047 0
1726868934878 1.487217 0
1726868935015 1.714756 0
1726868935149 3.69248 0
1726868935283 1.991584 0
1726868935984 1.415184 0
1726868936119 2.711111 0
1726868936252 6.166282 0
1726868936386 7.207049 0
1726868936519 1.783278 0
1726868936653 3.271809 0
1726868936786 1.684819 0
1726868936919 1.440605 0
1726868937054 0.529222 0
1726868937188 1.553378 0
1726868937884 3.056079 0
1726868938019 3.18526 0
1726868938152 3.971103 0
1726868938285 6.495012 0
1726868938419 4.886647 0
1726868938551 3.809085 0
1726868938685 0.871213 0
1726868938818 0.737381 0
1726868938951 9.530772 0
1726868939086 0.960416 0
1726868939786 4.264212 0
1726868939920 3.306518 0
1726868940053 5.099555 0
1726868940187 6.374859 0
1726868940320 2.264911 0
1726868940454 3.326408 0
1726868940587 1.398727 0
1726868940720 0.758453 0
1726868940853 0.647769 0
1726868940987 0.734218 0
1726868941691 9.069427 0
1726868941827 2.884527 0
1726868941960 5.417295 0
1726868942093 7.199706 0
1726868942234 2.930022 0
1726868942368 2.143475 0
1726868942502 1.445888 0
1726868942635 0.997419 0
1726868942768 0.716329 0
1726868942902 0.749814 0
1726868943607 5.111312 0
1726868943741 4.409109 0
1726868943874 5.352754 0
1726868944007 12.680157 0
1726868944141 1.724035 0
1726868944274 2.558448 0
1726868944407 1.21734 0
1726868944541 2.404416 0
1726868944674 0.639357 0
1726868944808 0.690775 0
1726868945514 2.8373 0
1726868945647 2.258996 0
1726868945781 8.47461 0
1726868945915 19.372259 0
1726868946048 1.550816 0
1726868946181 3.106496 0
1726868946315 1.013577 0
1726868946448 1.17326 0
1726868946582 0.595807 0
1726868946717 0.678547 0
1726868947422 9.079186 0
1726868947558 1.903065 0
1726868947697 2.873391 0
1726868947832 6.567612 0
1726868947967 1.520139 0
1726868948101 4.995534 0
1726868948234 0.976343 0
1726868948367 1.105486 0
1726868948501 0.595265 0
1726868948635 0.628882 0
1726868949339 3.546662 0
1726868949473 9.50734 0
1726868949606 5.500827 0
1726868949739 25.06588 0
1726868949873 2.27808 0
1726868950007 1.858628 0
1726868950142 1.01018 0
1726868950276 1.423344 0
1726868950410 0.622844 0
1726868950544 0.64991 0
