1726892641022 0.0 0
1726892641143 10.0 0
1726892641263 20.0 0
1726892641381 30.0 0
1726892641503 40.0 0
1726892641630 50.0 0
1726892641751 60.0 0
1726892641872 70.0 0
1726892641993 80.0 0
1726892642114 90.0 0
1726892642234 100.0 1
1726892642351 110.0 1
1726892642469 120.0 1
1726892642586 130.0 1
1726892642703 140.0 1
1726892642827 150.0 1
1726892642948 160.0 1
1726892643070 170.0 1
1726892643190 180.0 1
1726892643307 190.0 1
1726892643424 200.0 2
1726892643540 210.0 2
1726892643665 220.0 2
1726892643786 230.0 2
1726892643909 240.0 2
1726892644028 250.0 2
1726892644146 260.0 2
1726892644267 270.0 2
1726892644385 280.0 2
1726892644502 290.0 2
1726892644621 300.0 3
1726892644738 310.0 3
1726892644857 320.0 3
1726892644977 330.0 3
1726892645095 340.0 3
1726892645216 350.0 3
1726892645336 360.0 3
1726892645454 370.0 3
1726892645572 380.0 3
1726892647599 0.0 0
1726892647729 10.0 0
1726892647853 20.0 0
1726892647976 30.0 0
1726892648098 40.0 0
1726892648217 50.0 0
1726892648340 60.0 0
1726892648458 70.0 0
1726892648577 80.0 0
1726892648695 90.0 0
1726892648814 100.0 2
1726892648932 110.0 2
1726892649056 120.0 2
1726892649175 130.0 2
1726892649292 140.0 2
1726892649411 150.0 2
1726892649530 160.0 2
1726892649648 170.0 2
1726892649774 180.0 2
1726892649893 190.0 2
1726892650010 200.0 4
1726892650135 210.0 4
1726892650255 220.0 4
1726892650375 230.0 4
1726892650494 240.0 4
1726892650611 250.0 4
1726892650729 260.0 4
1726892650848 270.0 4
1726892650967 280.0 4
1726892651084 290.0 4
1726892651204 300.0 6
1726892651323 310.0 6
1726892651443 320.0 6
1726892651564 330.0 6
1726892651682 340.0 6
1726892651812 350.0 6
1726892651931 360.0 6
1726892652051 370.0 6
1726892652174 380.0 6
1726892654038 0.0 0
1726892654158 10.0 0
1726892654280 20.0 0
1726892654399 30.0 0
1726892654516 40.0 0
1726892654635 50.0 0
1726892654751 60.0 0
1726892654867 70.0 0
1726892654988 80.0 0
1726892655107 90.0 0
1726892655225 100.0 3
1726892655347 110.0 3
1726892655465 120.0 3
1726892655582 130.0 3
1726892655699 140.0 3
1726892655816 150.0 3
1726892655940 160.0 3
1726892656057 170.0 3
1726892656175 180.0 3
1726892656295 190.0 3
1726892656413 200.0 6
1726892656531 210.0 6
1726892656648 220.0 6
1726892656764 230.0 6
1726892656888 240.0 6
1726892657006 250.0 6
1726892657123 260.0 6
1726892657241 270.0 6
1726892657363 280.0 6
1726892657480 290.0 6
1726892657597 300.0 9
1726892657717 310.0 9
1726892657837 320.0 9
1726892657964 330.0 9
1726892658082 340.0 9
1726892658199 350.0 9
1726892658320 360.0 9
1726892658440 370.0 9
1726892658557 380.0 9
1726892660516 0.0 0
1726892660637 10.0 0
1726892660755 20.0 0
1726892660873 30.0 0
1726892660990 40.0 0
1726892661109 50.0 0
1726892661226 60.0 0
1726892661343 70.0 0
1726892661464 80.0 0
1726892661581 90.0 0
1726892661697 100.0 4
1726892661817 110.0 4
1726892661941 120.0 4
1726892662068 130.0 4
1726892662185 140.0 4
1726892662304 150.0 4
1726892662425 160.0 4
1726892662548 170.0 4
1726892662666 180.0 4
1726892662783 190.0 4
1726892662900 200.0 8
1726892663016 210.0 8
1726892663135 220.0 8
1726892663264 230.0 8
1726892663382 240.0 8
1726892663498 250.0 8
1726892663619 260.0 8
1726892663737 270.0 8
1726892663856 280.0 8
1726892663974 290.0 8
1726892664101 300.0 12
1726892664218 310.0 12
1726892664335 320.0 12
1726892664452 330.0 12
1726892664573 340.0 12
1726892664694 350.0 12
1726892664812 360.0 12
1726892664930 370.0 12
1726892665049 380.0 12
