1726873640044 749.495544 0
1726873640182 0.770724 0
1726873640316 17.430655 0
1726873640451 5.179885 0
1726873640586 10.416727 0
1726873640720 1.099815 0
1726873640855 5.782783 0
1726873641488 0.762164 0
1726873641625 2.402274 0
1726873641759 0.442728 0
1726873641896 6.790141 0
1726873642030 2.732963 0
1726873642166 2.026244 0
1726873642301 2.148616 0
1726873642902 0.568817 0
1726873643037 1.555346 0
1726873643172 1.042088 0
1726873643307 2.878349 0
1726873643441 3.593432 0
1726873643577 2.25836 0
1726873643713 4.048744 0
1726873644310 1.819117 0
1726873644447 10.415312 0
1726873644584 9.117726 0
1726873644720 5.140584 0
1726873644854 1.8724 0
1726873644989 1.773886 0
1726873645123 9.179281 0
1726873645724 0.49618 0
1726873645861 0.541084 0
1726873645996 0.405556 0
1726873646131 3.553257 0
1726873646265 14.058453 0
1726873646400 1.405318 0
1726873646534 2.242048 0
1726873647132 1.364593 0
1726873647268 1.17596 0
1726873647402 1.615609 0
1726873647537 16.580246 0
1726873647671 30.211454 0
1726873647809 0.720071 0
1726873647945 10.918928 0
1726873648546 0.706065 0
1726873648682 0.808285 0
1726873648816 1.234573 0
1726873648951 4.391652 0
1726873649086 7.056031 0
1726873649221 0.864012 0
1726873649356 4.771934 0
1726873649961 0.670795 0
1726873650098 0.779335 0
1726873650232 1.121838 0
1726873650366 5.618334 0
1726873650500 12.04465 0
1726873650634 1.182489 0
1726873650769 5.334293 0
1726873651391 0.639858 0
1726873651527 0.776531 0
1726873651661 1.688544 0
1726873651796 5.244324 0
1726873651933 8.688993 0
1726873652070 0.949188 0
1726873652205 4.828268 0
1726873652799 0.613518 0
1726873652935 0.776935 0
1726873653069 1.124975 0
1726873653203 2.565926 0
1726873653337 278.200226 0
1726873653472 1.095646 0
1726873653608 5.939614 0
