1726765389484 52.973377 0
1726765389598 12.326807 0
1726765389714 24.406008 0
1726765389830 0.152885 0
1726765389945 4.476242 0
1726765390061 2.645666 0
1726765390177 2.03358 0
1726765390292 0.901303 0
1726765390407 0.995473 0
1726765390522 0.391069 0
1726765390636 1.062938 1
1726765391456 3.188326 0
1726765391571 7.368697 0
1726765391685 4.502466 0
1726765391800 0.752533 0
1726765391915 1.551993 0
1726765392030 3.71942 0
1726765392145 7.375384 0
1726765392262 1.032378 0
1726765392378 0.755287 0
1726765392493 0.433574 0
1726765392608 3.912634 2
1726765393424 1.377522 0
1726765393538 5.29164 0
1726765393653 10.342903 0
1726765393769 0.364265 0
1726765393884 2.757484 0
1726765394000 3.931139 0
1726765394115 5.437588 0
1726765394232 4.930303 0
1726765394347 1.726893 0
1726765394461 0.567973 0
1726765394577 22.374458 3
1726765395390 1.926006 0
1726765395505 1.564778 0
1726765395620 2.411652 0
1726765395735 0.077172 0
1726765395849 1.646379 0
1726765395963 2.988787 0
1726765396078 2.51289 0
1726765396193 2.34481 0
1726765396310 23.627375 0
1726765396425 0.576702 0
1726765396540 0.702506 4
1726765397355 1.913015 0
1726765397469 3.888509 0
1726765397584 1.515383 0
1726765397699 0.105442 0
1726765397814 1.773025 0
1726765397928 1.851833 0
1726765398044 2.191641 0
1726765398158 2.26221 0
1726765398273 1.317901 0
1726765398389 0.582325 0
1726765398504 1.099873 5
1726765399316 3.248971 0
1726765399431 3.067298 0
1726765399546 1.836439 0
1726765399661 0.097535 0
1726765399775 2.055173 0
1726765399890 5.082116 0
1726765400005 5.010314 0
1726765400120 1.496104 0
1726765400235 1.571107 0
1726765400351 0.642434 0
1726765400467 0.660964 6
1726765401283 4.596041 0
1726765401397 20.644112 0
1726765401512 1.870127 0
1726765401627 0.126981 0
1726765401742 3.612646 0
1726765401857 5.840695 0
1726765401972 7.716534 0
1726765402086 1.24292 0
1726765402201 1.696302 0
1726765402316 0.466922 0
1726765402432 0.749237 7
1726765403254 4.067225 0
1726765403369 2.583493 0
1726765403484 2.316097 0
1726765403604 0.115655 0
1726765403719 1.621329 0
1726765403834 4.267669 0
1726765403948 2.117076 0
1726765404063 1.464313 0
1726765404178 1.26625 0
1726765404293 0.480046 0
1726765404408 0.656549 8
1726765405237 2.552831 0
1726765405352 2.468978 0
1726765405466 2.511644 0
1726765405581 0.115054 0
1726765405696 1.859866 0
1726765405811 3.178535 0
1726765405926 5.103178 0
1726765406042 1.836193 0
1726765406157 1.246132 0
1726765406272 0.954137 0
1726765406387 1.906604 9
1726765407209 3.167311 0
1726765407323 2.775123 0
1726765407438 40.473923 0
1726765407553 0.117991 0
1726765407668 1.654614 0
1726765407783 4.125442 0
1726765407897 4.133549 0
1726765408012 1.193667 0
1726765408127 2.817586 0
1726765408242 0.458208 0
1726765408357 0.723508 10
