1726903761837 2.920842 0
1726903761978 0.98342 0
1726903762118 1.515621 0
1726903762259 0.18817 0
1726903762400 0.296155 0
1726903762540 0.338216 0
1726903762680 3.52441 0
1726903762820 2.972736 0
1726903762960 1.912582 0
1726903763100 0.483226 0
1726903764008 1.458971 0
1726903764158 0.636555 0
1726903764298 1.06622 0
1726903764439 0.099137 0
1726903764579 0.292545 0
1726903764726 0.216689 0
1726903764865 1.995085 0
1726903765005 1.575283 0
1726903765144 1.610675 0
1726903765286 0.39356 0
1726903766091 0.923317 0
1726903766235 0.458167 0
1726903766377 0.870856 0
1726903766520 0.135451 0
1726903766660 0.323693 0
1726903766800 0.204757 0
1726903766940 1.340373 0
1726903767081 1.149054 0
1726903767221 1.601445 0
1726903767361 0.306607 0
1726903768176 0.790285 0
1726903768321 0.395926 0
1726903768462 0.830622 0
1726903768604 0.134529 0
1726903768745 0.294423 0
1726903768897 0.204345 0
1726903769038 1.147984 0
1726903769178 1.108473 0
1726903769318 1.638696 0
1726903769459 0.273989 0
