1727109090842 97.863297 0
1727109090973 14.144251 0
1727109091298 5.26821 0
1727109091426 7.635091 0
1727109091767 2.318818 0
1727109091918 1.718413 0
1727109092271 0.939103 0
1727109092412 0.578095 0
1727109092746 0.488066 0
1727109092881 0.215176 0
1727109093205 0.281083 0
1727109093357 0.127996 0
1727109093681 0.261794 0
1727109093814 0.122879 0
1727109094105 0.231941 0
1727109094229 0.140029 0
1727109094535 0.256417 0
1727109094658 0.151817 0
1727109095000 0.228934 0
1727109095142 0.160662 0
