1727268060039 0.0 0
1727268060222 10.0 0
1727268060400 20.0 0
1727268060617 30.0 0
1727268060800 40.0 0
1727268060987 50.0 0
1727268061162 60.0 0
1727268061339 70.0 0
1727268061522 80.0 0
1727268061699 90.0 0
1727268061881 100.0 1
1727268062063 110.0 1
1727268062239 120.0 1
1727268062416 130.0 1
1727268062607 140.0 1
1727268062789 150.0 1
1727268062971 160.0 1
1727268063142 170.0 1
1727268063316 180.0 1
1727268063491 190.0 1
1727268063661 200.0 2
1727268063840 210.0 2
1727268064011 220.0 2
1727268064193 230.0 2
1727268064363 240.0 2
1727268064546 250.0 2
1727268064726 260.0 2
1727268064900 270.0 2
1727268065082 280.0 2
1727268065257 290.0 2
1727268065440 300.0 3
1727268065628 310.0 3
1727268065819 320.0 3
1727268066006 330.0 3
1727268066201 340.0 3
1727268066381 350.0 3
1727268066566 360.0 3
1727268066748 370.0 3
1727268066937 380.0 3
1727268067107 390.0 3
1727268067274 400.0 4
1727268067441 410.0 4
1727268067608 420.0 4
1727268067776 430.0 4
1727268067949 440.0 4
1727268068127 450.0 4
1727268068294 460.0 4
1727268068460 470.0 4
1727268068625 480.0 4
1727268068795 490.0 4
1727268069025 500.0 5
1727268069216 510.0 5
1727268069388 520.0 5
1727268069563 530.0 5
1727268069739 540.0 5
1727268074148 0.0 0
1727268074332 10.0 0
1727268074510 20.0 0
1727268074691 30.0 0
1727268074872 40.0 0
1727268075051 50.0 0
1727268075256 60.0 0
1727268075439 70.0 0
1727268075622 80.0 0
1727268075798 90.0 0
1727268075980 100.0 2
1727268076166 110.0 2
1727268076357 120.0 2
1727268076536 130.0 2
1727268077192 140.0 2
1727268077389 150.0 2
1727268077573 160.0 2
1727268077780 170.0 2
1727268077945 180.0 2
1727268078112 190.0 2
1727268078281 200.0 4
1727268078457 210.0 4
1727268078630 220.0 4
1727268078812 230.0 4
1727268078992 240.0 4
1727268079167 250.0 4
1727268079349 260.0 4
1727268079528 270.0 4
1727268079717 280.0 4
1727268079891 290.0 4
1727268080067 300.0 6
1727268080244 310.0 6
1727268080419 320.0 6
1727268080590 330.0 6
1727268080776 340.0 6
1727268080963 350.0 6
1727268081145 360.0 6
1727268081334 370.0 6
1727268081507 380.0 6
1727268081678 390.0 6
1727268081861 400.0 8
1727268082042 410.0 8
1727268082218 420.0 8
1727268082404 430.0 8
1727268082603 440.0 8
1727268082773 450.0 8
1727268082948 460.0 8
1727268083127 470.0 8
1727268083313 480.0 8
1727268083489 490.0 8
1727268083655 500.0 10
1727268083833 510.0 10
1727268084004 520.0 10
1727268084178 530.0 10
1727268084371 540.0 10
1727268089421 0.0 0
1727268089602 10.0 0
1727268089796 20.0 0
1727268089963 30.0 0
1727268090136 40.0 0
1727268090309 50.0 0
1727268090487 60.0 0
1727268090665 70.0 0
1727268090832 80.0 0
1727268091011 90.0 0
1727268091185 100.0 3
1727268091358 110.0 3
1727268091537 120.0 3
1727268091713 130.0 3
1727268091892 140.0 3
1727268092083 150.0 3
1727268092258 160.0 3
1727268092428 170.0 3
1727268092605 180.0 3
1727268092783 190.0 3
1727268092968 200.0 6
1727268093151 210.0 6
1727268093322 220.0 6
1727268093495 230.0 6
1727268093672 240.0 6
1727268093850 250.0 6
1727268094028 260.0 6
1727268094205 270.0 6
1727268094385 280.0 6
1727268094574 290.0 6
1727268094747 300.0 9
1727268094942 310.0 9
1727268095116 320.0 9
1727268095291 330.0 9
1727268095494 340.0 9
1727268095681 350.0 9
1727268095867 360.0 9
1727268096055 370.0 9
1727268096241 380.0 9
1727268096422 390.0 9
1727268096627 400.0 12
1727268096813 410.0 12
1727268096979 420.0 12
1727268097152 430.0 12
1727268097318 440.0 12
1727268097488 450.0 12
1727268097671 460.0 12
1727268097853 470.0 12
1727268098035 480.0 12
1727268098210 490.0 12
1727268098379 500.0 15
1727268098552 510.0 15
1727268098730 520.0 15
1727268098903 530.0 15
1727268099078 540.0 15
1727268104395 0.0 0
1727268104580 10.0 0
1727268104767 20.0 0
1727268104950 30.0 0
1727268105147 40.0 0
1727268105333 50.0 0
1727268105515 60.0 0
1727268105701 70.0 0
1727268105891 80.0 0
1727268106077 90.0 0
1727268106252 100.0 4
1727268106436 110.0 4
1727268106619 120.0 4
1727268106794 130.0 4
1727268106964 140.0 4
1727268107132 150.0 4
1727268107297 160.0 4
1727268107470 170.0 4
1727268107645 180.0 4
1727268107822 190.0 4
1727268107989 200.0 8
1727268108154 210.0 8
1727268108351 220.0 8
1727268108534 230.0 8
1727268108708 240.0 8
1727268108895 250.0 8
1727268109076 260.0 8
1727268109252 270.0 8
1727268109424 280.0 8
1727268109594 290.0 8
1727268109775 300.0 12
1727268109950 310.0 12
1727268110143 320.0 12
1727268110317 330.0 12
1727268110496 340.0 12
1727268110677 350.0 12
1727268110849 360.0 12
1727268111036 370.0 12
1727268111258 380.0 12
1727268111449 390.0 12
1727268111631 400.0 16
1727268111809 410.0 16
1727268111989 420.0 16
1727268112203 430.0 16
1727268112401 440.0 16
1727268112608 450.0 16
1727268112802 460.0 16
1727268113004 470.0 16
1727268113186 480.0 16
1727268113380 490.0 16
1727268113554 500.0 20
1727268113744 510.0 20
1727268113941 520.0 20
1727268114130 530.0 20
1727268114322 540.0 20
1727268119346 0.0 0
1727268119546 10.0 0
1727268119728 20.0 0
1727268119899 30.0 0
1727268120078 40.0 0
1727268120252 50.0 0
1727268120439 60.0 0
1727268120615 70.0 0
1727268120791 80.0 0
1727268120970 90.0 0
1727268121169 100.0 5
1727268121363 110.0 5
1727268121547 120.0 5
1727268121726 130.0 5
1727268121914 140.0 5
1727268122096 150.0 5
1727268122285 160.0 5
1727268122475 170.0 5
1727268122668 180.0 5
1727268122861 190.0 5
1727268123055 200.0 10
1727268123251 210.0 10
1727268123444 220.0 10
1727268123648 230.0 10
1727268123838 240.0 10
1727268124022 250.0 10
1727268124210 260.0 10
1727268124386 270.0 10
1727268124573 280.0 10
1727268124754 290.0 10
1727268124929 300.0 15
1727268125137 310.0 15
1727268125319 320.0 15
1727268125499 330.0 15
1727268125680 340.0 15
1727268125858 350.0 15
1727268126040 360.0 15
1727268126223 370.0 15
1727268126414 380.0 15
1727268126600 390.0 15
1727268126780 400.0 20
1727268126960 410.0 20
1727268127146 420.0 20
1727268127324 430.0 20
1727268127509 440.0 20
1727268127679 450.0 20
1727268127857 460.0 20
1727268128041 470.0 20
1727268128215 480.0 20
1727268128389 490.0 20
1727268128555 500.0 25
1727268128727 510.0 25
1727268128895 520.0 25
1727268129065 530.0 25
1727268129244 540.0 25
1727268134199 0.0 0
1727268134402 10.0 0
1727268134590 20.0 0
1727268134762 30.0 0
1727268134929 40.0 0
1727268135117 50.0 0
1727268135298 60.0 0
1727268135479 70.0 0
1727268135660 80.0 0
1727268135840 90.0 0
1727268136013 100.0 6
1727268136193 110.0 6
1727268136363 120.0 6
1727268136536 130.0 6
1727268136749 140.0 6
1727268136927 150.0 6
1727268137106 160.0 6
1727268137278 170.0 6
1727268137457 180.0 6
1727268137640 190.0 6
1727268137818 200.0 12
1727268137996 210.0 12
1727268138178 220.0 12
1727268138351 230.0 12
1727268138529 240.0 12
1727268138710 250.0 12
1727268138885 260.0 12
1727268139057 270.0 12
1727268139230 280.0 12
1727268139416 290.0 12
1727268139611 300.0 18
1727268139790 310.0 18
1727268139968 320.0 18
1727268140146 330.0 18
1727268140322 340.0 18
1727268140498 350.0 18
1727268140672 360.0 18
1727268140845 370.0 18
1727268141017 380.0 18
1727268141188 390.0 18
1727268141364 400.0 24
1727268141539 410.0 24
1727268141730 420.0 24
1727268141918 430.0 24
1727268142104 440.0 24
1727268142279 450.0 24
1727268142479 460.0 24
1727268142673 470.0 24
1727268142858 480.0 24
1727268143044 490.0 24
1727268143226 500.0 30
1727268143411 510.0 30
1727268143596 520.0 30
1727268143787 530.0 30
1727268143987 540.0 30
