1726914356586 0.481306 0
1726914356744 0.27287 0
1726914356898 0.17282 0
1726914357053 0.18055 0
1726914357209 0.465784 0
1726914357367 0.199431 0
1726914357520 0.248787 0
1726914357675 0.228063 0
1726914357831 0.41714 0
1726914357990 0.402109 0
1726914358143 0.669962 1
1726914358301 0.388845 1
1726914358453 0.423522 1
1726914358604 0.587763 1
1726914358761 0.259611 1
1726914358913 0.62187 1
1726914359059 0.239152 1
1726914359207 0.180679 1
1726914359355 0.157321 1
1726914359500 0.165878 1
1726914361079 0.321897 0
1726914361231 0.165099 0
1726914361383 0.168234 0
1726914361528 0.198312 0
1726914361673 0.431723 0
1726914361818 0.157194 0
1726914361965 0.236492 0
1726914362109 0.177604 0
1726914362256 0.30617 0
1726914362402 0.395234 0
1726914362546 0.648921 2
1726914362691 0.406293 2
1726914362843 0.45141 2
1726914362997 0.597223 2
1726914363142 0.306366 2
1726914363290 0.734749 2
1726914363437 0.222154 2
1726914363582 0.244984 2
1726914363804 0.216951 2
1726914363949 0.209786 2
1726914365475 0.20479 0
1726914365624 0.183984 0
1726914365769 0.221346 0
1726914365914 0.185013 0
1726914366058 0.653725 0
1726914366204 0.169191 0
1726914366350 0.258726 0
1726914366497 0.177721 0
1726914366641 0.294793 0
1726914366787 0.383268 0
1726914366935 0.632822 3
1726914367080 0.362451 3
1726914367225 0.426907 3
1726914367372 0.587753 3
1726914367518 0.247907 3
1726914367663 0.652769 3
1726914367808 0.239346 3
1726914367952 0.167527 3
1726914368097 0.157665 3
1726914368242 0.153718 3
1726914369770 0.156668 0
1726914369920 0.216009 0
1726914370065 0.175423 0
1726914370210 0.224555 0
1726914370357 0.390667 0
1726914370502 0.271065 0
1726914370647 0.208391 0
1726914370794 0.171404 0
1726914370939 0.384287 0
1726914371084 0.470873 0
1726914371228 0.636696 4
1726914371375 0.460493 4
1726914371524 0.484246 4
1726914371670 0.692291 4
1726914371816 0.30774 4
1726914371962 0.739943 4
1726914372107 0.282581 4
1726914372252 0.166251 4
1726914372397 0.166314 4
1726914372541 0.172942 4
1726914374038 0.193448 0
1726914374188 0.184912 0
1726914374334 0.145668 0
1726914374478 0.188706 0
1726914374623 0.380333 0
1726914374767 0.165645 0
1726914374913 0.186618 0
1726914375058 0.160992 0
1726914375204 0.287217 0
1726914375351 0.40394 0
1726914375498 0.623624 5
1726914375644 0.355064 5
1726914375789 0.414908 5
1726914375934 0.558283 5
1726914376079 0.262534 5
1726914376225 0.587433 5
1726914376372 0.209666 5
1726914376517 0.164005 5
1726914376663 0.147338 5
1726914376809 0.184192 5
1726914378309 0.154509 0
1726914378455 0.163876 0
1726914378598 0.144134 0
1726914378744 0.173891 0
1726914378889 0.404294 0
1726914379033 0.15754 0
1726914379178 0.200331 0
1726914379323 0.172931 0
1726914379468 0.265905 0
1726914379615 0.394249 0
1726914379761 0.587676 6
1726914379907 0.355829 6
1726914380053 0.413293 6
1726914380211 0.563709 6
1726914380356 0.260751 6
1726914380503 0.564242 6
1726914380648 0.208522 6
1726914380793 0.166319 6
1726914380938 0.145083 6
1726914381083 0.156825 6
1726914382586 0.17193 0
1726914382733 0.154971 0
1726914382879 0.141222 0
1726914383023 0.17371 0
1726914383169 0.367492 0
1726914383312 0.140542 0
1726914383457 0.186984 0
1726914383603 0.169685 0
1726914383752 0.265686 0
1726914383899 0.392684 0
1726914384044 0.612687 7
1726914384188 0.326185 7
1726914384334 0.408895 7
1726914384478 0.587672 7
1726914384621 0.242344 7
1726914384768 0.584373 7
1726914384913 0.201385 7
1726914385058 0.158787 7
1726914385202 0.144951 7
1726914385347 0.158208 7
1726914386846 0.219135 0
1726914386997 0.157366 0
1726914387143 0.135041 0
1726914387289 0.169041 0
1726914387435 0.378132 0
1726914387579 0.134982 0
1726914387726 0.183271 0
1726914387873 0.166267 0
1726914388018 0.258697 0
1726914388164 0.370284 0
1726914388310 0.600317 8
1726914388454 0.334173 8
1726914388599 0.390871 8
1726914388744 0.56271 8
1726914388889 0.247659 8
1726914389033 0.568489 8
1726914389179 0.195984 8
1726914389331 0.147887 8
1726914389476 0.141697 8
1726914389620 0.149662 8
1726914391126 0.15932 0
1726914391277 0.155264 0
1726914391421 0.132557 0
1726914391566 0.167245 0
1726914391711 0.383521 0
1726914391859 0.130399 0
1726914392006 0.182902 0
1726914392152 0.160747 0
1726914392298 0.269782 0
1726914392442 0.381623 0
1726914392586 0.566467 9
1726914392731 0.329911 9
1726914392876 0.376583 9
1726914393021 0.554013 9
1726914393166 0.233908 9
1726914393312 0.619978 9
1726914393457 0.207176 9
1726914393601 0.148406 9
1726914393745 0.13649 9
1726914393892 0.144699 9
