1726868133583 0.004978 0
1726868133720 0.019506 0
1726868133855 0.012083 0
1726868133989 0.005039 0
1726868134123 0.006582 0
1726868134290 0.00257 0
1726868134727 0.01503 0
1726868134861 0.002509 0
1726868134997 0.003538 0
1726868135130 0.001396 0
1726868135263 0.001887 0
1726868135393 0.000682 0
1726868135824 0.090685 0
1726868135959 0.012059 0
1726868136091 0.021397 0
1726868136224 0.046957 0
1726868136358 0.002477 0
1726868136488 0.012745 0
1726868136916 0.0676 0
1726868137052 0.01076 0
1726868137185 0.070894 0
1726868137318 0.048122 0
1726868137451 0.065165 0
1726868137581 0.000859 0
1726868138011 0.163273 0
1726868138145 0.108392 0
1726868138277 0.111488 0
1726868138410 0.19031 0
1726868138543 0.063149 0
1726868138674 0.048294 0
