1726868133572 0.0 0
1726868133709 10.0 0
1726868133846 20.0 0
1726868133979 30.0 0
1726868134113 40.0 0
1726868134280 50.0 0
1726868134716 0.0 0
1726868134851 10.0 0
1726868134987 20.0 0
1726868135120 30.0 0
1726868135253 40.0 0
1726868135384 50.0 0
1726868135814 0.0 0
1726868135949 10.0 0
1726868136082 20.0 0
1726868136215 30.0 0
1726868136348 40.0 0
1726868136479 50.0 0
1726868136906 0.0 0
1726868137043 10.0 0
1726868137176 20.0 0
1726868137308 30.0 0
1726868137441 40.0 0
1726868137572 50.0 0
1726868138001 0.0 0
1726868138135 10.0 0
1726868138267 20.0 0
1726868138401 30.0 0
1726868138533 40.0 0
1726868138665 50.0 0
