1726918327047 0.546735 0
1726918327200 0.577084 0
1726918327347 0.494604 0
1726918327492 0.384966 0
1726918327638 0.576925 0
1726918327789 0.42069 0
1726918327936 0.816861 0
1726918328726 0.290363 0
1726918328872 0.510224 0
1726918329019 0.427403 0
1726918329164 0.34094 0
1726918329310 0.493064 0
1726918329458 0.461855 0
1726918329606 0.912953 0
1726918330259 0.307981 0
1726918330408 0.589666 0
1726918330555 0.433877 0
1726918330700 0.327713 0
1726918330846 0.480724 0
1726918330991 0.437134 0
1726918331140 0.866032 0
1726918331800 0.398307 0
1726918331947 0.512345 0
1726918332093 0.427558 0
1726918332239 0.385303 0
1726918332387 0.462809 0
1726918332536 0.432726 0
1726918332681 0.879941 0
1726918333337 0.289498 0
1726918333483 0.560317 0
1726918333631 0.433212 0
1726918333779 0.330683 0
1726918333926 0.448019 0
1726918334073 0.406577 0
1726918334227 0.934111 0
1726918334870 0.330074 0
1726918335017 0.505984 0
1726918335163 0.452147 0
1726918335310 0.325127 0
1726918335456 0.514881 0
1726918335601 0.433889 0
1726918335749 0.881571 0
1726918336401 0.321539 0
1726918336550 0.519392 0
1726918336697 0.447918 0
1726918336842 0.339363 0
1726918336987 0.438671 0
1726918337132 0.426407 0
1726918337277 0.901853 0
1726918337922 0.409501 0
1726918338068 0.507016 0
1726918338214 0.419527 0
1726918338359 0.356238 0
1726918338504 0.443367 0
1726918338649 0.401326 0
1726918338795 0.796702 0
