1726772945952 48.854477 0
1726772946047 2.929824 0
1726772946139 2.022357 0
1726772946236 5.192389 0
1726772946328 29.967339 0
1726772946422 6.830504 0
1726772946514 3.784951 0
1726772946609 39.776714 0
1726772946702 4.23311 0
1726772946794 23.478258 0
1726772946888 10.385502 1
1726772946983 2.974957 1
1726772947074 6.280148 1
1726772947166 27.785269 1
1726772947256 10.836127 1
1726772947347 2.159019 1
1726772947437 1.307879 1
1726772947529 0.888724 1
1726772947620 1.453596 1
1726772947712 1.489604 1
1726772948848 2.407588 0
1726772948948 2.344944 0
1726772949047 2.391186 0
1726772949142 2.49302 0
1726772949236 2.136258 0
1726772949330 1.353764 0
1726772949422 0.866524 0
1726772949514 2.379228 0
1726772949606 6.787124 0
1726772949698 4.065661 0
1726772949790 136.086136 2
1726772949882 11.969428 2
1726772949973 2.993322 2
1726772950064 4.470176 2
1726772950156 8.600798 2
1726772950247 8.219376 2
1726772950339 0.703132 2
1726772950431 0.839653 2
1726772950521 3.017248 2
1726772950614 11.216338 2
1726772951751 2.207498 0
1726772951854 5.201386 0
1726772951951 10.951988 0
1726772952045 4.25884 0
1726772952138 2.863854 0
1726772952234 2.384388 0
1726772952327 0.731406 0
1726772952417 3.771307 0
1726772952509 18.751247 0
1726772952600 13.599566 0
1726772952690 4.14666 3
1726772952781 7.115696 3
1726772952874 12.31416 3
1726772952965 2.845902 3
1726772953066 5.310593 3
1726772953165 4.50319 3
1726772953261 0.671283 3
1726772953353 0.980644 3
1726772953446 3.59345 3
1726772953538 2.296126 3
1726772954655 3.376063 0
1726772954760 10.323038 0
1726772954853 7.879251 0
1726772954944 6.125068 0
1726772955036 1.561716 0
1726772955140 1.25607 0
1726772955235 0.704759 0
1726772955329 3.860496 0
1726772955420 8.305021 0
1726772955511 6.504492 0
1726772955602 3.025953 4
1726772955693 4.875009 4
1726772955784 2.151426 4
1726772955874 3.831262 4
1726772955965 5.100466 4
1726772956057 1.022441 4
1726772956149 0.56265 4
1726772956240 0.849511 4
1726772956332 6.196781 4
1726772956424 3.654783 4
