1726761900557 0.290134 0
1726761900652 0.10683 0
1726761900742 0.17045 0
1726761900829 0.184305 0
1726761900918 0.118531 0
1726761901011 0.07067 0
1726761901103 0.14118 0
1726761901194 0.051174 0
1726761901283 0.069151 0
1726761901374 0.12827 0
1726761901465 0.310826 1
1726761901565 0.094632 1
1726761901655 0.167741 1
1726761901745 0.089559 1
1726761901837 0.14281 1
1726761901927 0.175215 1
1726761902017 0.311856 1
1726761902108 0.225256 1
1726761902200 0.301538 1
1726761902293 0.365991 1
1726761902386 0.257625 2
1726761902476 0.197675 2
1726761902565 0.267284 2
1726761902654 0.118632 2
1726761902743 0.198602 2
1726761902832 0.317977 2
1726761902923 0.407968 2
1726761903015 3.64097 2
1726761903107 0.364606 2
1726761903201 0.416493 2
1726761903306 0.211484 3
1726761904854 0.114376 0
1726761904949 0.086268 0
1726761905042 0.073905 0
1726761905136 0.162295 0
1726761905228 0.114922 0
1726761905318 0.064726 0
1726761905408 0.11343 0
1726761905500 0.09211 0
1726761905596 0.084004 0
1726761905690 0.148083 0
1726761905780 0.338845 2
1726761905868 0.09975 2
1726761905956 0.157584 2
1726761906046 0.108105 2
1726761906135 0.146546 2
1726761906223 0.168017 2
1726761906314 0.221297 2
1726761906403 0.140128 2
1726761906493 0.283978 2
1726761906582 0.299935 2
1726761906672 0.250794 4
1726761906761 0.223549 4
1726761906851 0.277074 4
1726761906938 0.132112 4
1726761907027 0.224506 4
1726761907116 0.270002 4
1726761907205 0.371525 4
1726761907294 3.408499 4
1726761907384 0.348142 4
1726761907475 0.44976 4
1726761907565 0.486788 6
1726761909062 0.266077 0
1726761909163 0.148114 0
1726761909256 0.07142 0
1726761909348 0.180022 0
1726761909467 0.107999 0
1726761909560 0.072071 0
1726761909651 0.118117 0
1726761909752 0.074605 0
1726761909844 0.107494 0
1726761909934 0.140491 0
1726761910027 0.321512 3
1726761910120 0.111784 3
1726761910210 0.166665 3
1726761910300 0.091951 3
1726761910391 0.153786 3
1726761910481 0.135386 3
1726761910578 0.186098 3
1726761910669 0.137286 3
1726761910760 0.273215 3
1726761910850 0.257657 3
1726761910940 0.240515 6
1726761911031 0.20124 6
1726761911119 0.272717 6
1726761911209 0.127829 6
1726761911298 0.217436 6
1726761911386 0.299831 6
1726761911481 0.328169 6
1726761911571 3.620519 6
1726761911665 0.296199 6
1726761911765 0.462215 6
1726761911856 0.210312 9
1726761913339 0.363987 0
1726761913442 0.079394 0
1726761913534 0.23827 0
1726761913624 0.159519 0
1726761913713 0.106672 0
1726761913811 0.076132 0
1726761913902 0.133727 0
1726761913993 0.120452 0
1726761914083 0.100427 0
1726761914173 0.166101 0
1726761914261 0.353402 4
1726761914351 0.107184 4
1726761914441 0.184986 4
1726761914531 0.101667 4
1726761914621 0.15809 4
1726761914709 0.163679 4
1726761914799 0.147028 4
1726761914888 0.119055 4
1726761914985 0.275227 4
1726761915080 0.3647 4
1726761915171 0.291881 8
1726761915261 0.185009 8
1726761915351 0.316455 8
1726761915441 0.15091 8
1726761915534 0.215526 8
1726761915630 0.300268 8
1726761915723 0.355402 8
1726761915816 3.093992 8
1726761915910 0.295526 8
1726761916000 0.510884 8
1726761916091 0.157132 12
1726761917581 0.367756 0
1726761917677 0.087879 0
1726761917767 0.05629 0
1726761917861 0.189335 0
1726761917954 0.110357 0
1726761918044 0.051465 0
1726761918133 0.105736 0
1726761918226 0.077677 0
1726761918318 0.073741 0
1726761918411 0.14166 0
1726761918502 0.333746 5
1726761918592 0.102131 5
1726761918682 0.170477 5
1726761918772 0.10624 5
1726761918862 0.157067 5
1726761918951 0.143952 5
1726761919042 0.153401 5
1726761919133 0.136535 5
1726761919224 0.299277 5
1726761919312 0.282012 5
1726761919404 0.241842 10
1726761919495 0.18375 10
1726761919584 0.311837 10
1726761919674 0.146159 10
1726761919764 0.207996 10
1726761919853 0.334019 10
1726761919952 0.37584 10
1726761920043 3.283723 10
1726761920135 0.277372 10
1726761920226 0.42949 10
1726761920317 0.160924 15
1726761921849 0.188818 0
1726761921955 0.092961 0
1726761922051 0.080441 0
1726761922142 0.182105 0
1726761922233 0.108361 0
1726761922324 0.050343 0
1726761922414 0.109759 0
1726761922506 0.07545 0
1726761922596 0.076816 0
1726761922686 0.146573 0
1726761922776 0.37156 6
1726761922866 0.101595 6
1726761922955 0.166695 6
1726761923045 0.098376 6
1726761923134 0.149187 6
1726761923223 0.13943 6
1726761923312 0.153392 6
1726761923400 0.107994 6
1726761923488 0.302909 6
1726761923578 0.312707 6
1726761923668 0.236692 12
1726761923757 0.186895 12
1726761923847 0.312242 12
1726761923935 0.131099 12
1726761924034 0.188291 12
1726761924125 0.310357 12
1726761924216 0.35207 12
1726761924305 2.932191 12
1726761924394 0.287874 12
1726761924490 0.401887 12
1726761924580 0.186126 18
1726761926119 0.177941 0
1726761926221 0.096875 0
1726761926313 0.075274 0
1726761926403 0.175865 0
1726761926493 0.108754 0
1726761926582 0.058859 0
1726761926673 0.107687 0
1726761926764 0.076552 0
1726761926856 0.062139 0
1726761926949 0.148946 0
1726761927043 0.337902 7
1726761927136 0.099616 7
1726761927227 0.166062 7
1726761927317 0.102294 7
1726761927406 0.153737 7
1726761927495 0.132285 7
1726761927583 0.154424 7
1726761927678 0.118136 7
1726761927776 0.282212 7
1726761927868 0.2944 7
1726761927959 0.239942 14
1726761928050 0.174938 14
1726761928148 0.326781 14
1726761928237 0.150113 14
1726761928329 0.195477 14
1726761928422 0.271121 14
1726761928517 0.332152 14
1726761928608 2.433649 14
1726761928698 0.292154 14
1726761928787 0.402562 14
1726761928876 0.167856 21
1726761930370 0.139169 0
1726761930473 0.088643 0
1726761930568 0.066684 0
1726761930661 0.174142 0
1726761930751 0.100883 0
1726761930841 0.048841 0
1726761930932 0.101588 0
1726761931022 0.060576 0
1726761931111 0.066689 0
1726761931200 0.140427 0
1726761931293 0.333506 8
1726761931384 0.098687 8
1726761931475 0.166468 8
1726761931565 0.102153 8
1726761931654 0.145171 8
1726761931743 0.136487 8
1726761931834 0.15234 8
1726761931925 0.126945 8
1726761932020 0.298702 8
1726761932111 0.297767 8
1726761932208 0.25684 16
1726761932300 0.178925 16
1726761932393 0.311245 16
1726761932487 0.146666 16
1726761932579 0.193996 16
1726761932669 0.280488 16
1726761932759 0.315145 16
1726761932851 2.534916 16
1726761932940 0.284332 16
1726761933030 0.395156 16
1726761933120 0.185289 24
1726761934615 0.139189 0
1726761934716 0.086722 0
1726761934807 0.066393 0
1726761934896 0.16885 0
1726761934985 0.103186 0
1726761935075 0.053791 0
1726761935165 0.102717 0
1726761935254 0.065107 0
1726761935343 0.067478 0
1726761935433 0.13796 0
1726761935522 0.349261 9
1726761935618 0.100622 9
1726761935710 0.171858 9
1726761935801 0.097107 9
1726761935890 0.151982 9
1726761935980 0.136471 9
1726761936072 0.164803 9
1726761936162 0.121627 9
1726761936254 0.277462 9
1726761936353 0.297074 9
1726761936444 0.240129 18
1726761936535 0.176493 18
1726761936625 0.3048 18
1726761936714 0.136614 18
1726761936803 0.194126 18
1726761936892 0.276005 18
1726761936981 0.298931 18
1726761937070 2.526931 18
1726761937163 0.280229 18
1726761937255 0.398836 18
1726761937345 0.173849 27
1726761938875 0.128006 0
1726761938976 0.080734 0
1726761939066 0.067566 0
1726761939153 0.170241 0
1726761939247 0.10744 0
1726761939339 0.05379 0
1726761939429 0.108521 0
1726761939523 0.06636 0
1726761939616 0.06378 0
1726761939706 0.143015 0
1726761939796 0.333726 10
1726761939885 0.100442 10
1726761939974 0.164109 10
1726761940066 0.099859 10
1726761940155 0.146308 10
1726761940244 0.131814 10
1726761940341 0.161669 10
1726761940442 0.134314 10
1726761940534 0.280105 10
1726761940628 0.298616 10
1726761940718 0.255178 20
1726761940807 0.165406 20
1726761940899 0.335647 20
1726761940989 0.149718 20
1726761941085 0.192718 20
1726761941175 0.269521 20
1726761941266 0.305099 20
1726761941356 2.379136 20
1726761941445 0.283175 20
1726761941534 0.399831 20
1726761941625 0.170629 30
