1727107505797 18.277348 0
1727107505973 5.48888 0
1727107506146 2.022995 0
1727107506514 7.238076 0
1727107506686 1.426658 0
1727107506874 1.068604 0
1727107507240 2.308552 0
1727107507420 0.582299 0
1727107507589 0.528025 0
1727107507942 1.18913 0
1727107508118 0.371932 0
1727107508291 0.35452 0
1727107508614 0.724424 0
1727107508788 0.24325 0
1727107508960 0.258453 0
1727107509296 0.421615 0
1727107509468 0.202757 0
1727107509638 0.1945 0
1727107510013 0.348666 0
1727107510188 0.259674 0
1727107510358 0.200919 0
1727107510741 0.255755 0
1727107510922 0.195012 0
1727107511095 0.186762 0
1727107511451 0.189112 0
1727107511622 0.175569 0
1727107511793 0.190013 0
1727107512166 0.193671 0
1727107512334 0.213815 0
1727107512503 0.169615 0
