1726874248556 0.615038 0
1726874248694 0.395412 0
1726874248829 0.456856 0
1726874248963 0.475593 0
1726874249099 0.295267 0
1726874249236 0.295734 0
1726874249370 0.328237 0
1726874249506 0.32823 0
1726874249642 0.448819 0
1726874249777 0.506371 0
1726874249912 0.277017 1
1726874250047 0.122576 1
1726874250181 0.383549 1
1726874250315 0.407799 1
1726874250449 0.346773 1
1726874250584 0.228465 1
1726874250719 0.320718 1
1726874250853 0.338624 1
1726874250989 1.570314 1
1726874251123 0.927252 1
1726874251259 0.921218 2
1726874251395 0.357887 2
1726874251531 0.408593 2
1726874251665 0.302195 2
1726874253366 0.319972 0
1726874253504 0.273606 0
1726874253639 0.303806 0
1726874253773 0.343324 0
1726874253907 0.179842 0
1726874254042 0.235614 0
1726874254176 0.105455 0
1726874254310 0.198685 0
1726874254445 0.260788 0
1726874254581 0.362048 0
1726874254716 0.200719 2
1726874254850 0.131486 2
1726874254984 0.255194 2
1726874255119 0.248666 2
1726874255253 0.308528 2
1726874255389 0.1822 2
1726874255525 0.223331 2
1726874255662 0.253442 2
1726874255797 1.107486 2
1726874255931 0.507342 2
1726874256065 0.430703 4
1726874256200 0.335425 4
1726874256334 0.38453 4
1726874256470 0.322723 4
1726874258154 0.460599 0
1726874258293 0.325378 0
1726874258428 0.277959 0
1726874258562 0.373219 0
1726874258696 0.165294 0
1726874258831 0.262875 0
1726874258966 0.137959 0
1726874259100 0.203768 0
1726874259234 0.27644 0
1726874259368 0.372141 0
1726874259506 0.227954 3
1726874259643 0.137267 3
1726874259778 0.237809 3
1726874259913 0.227209 3
1726874260047 0.309828 3
1726874260181 0.170708 3
1726874260320 0.202276 3
1726874260455 0.175238 3
1726874260590 1.088204 3
1726874260724 0.519237 3
1726874260859 0.418917 6
1726874260994 0.309274 6
1726874261128 0.360234 6
1726874261263 0.326934 6
1726874262923 0.272308 0
1726874263061 0.230894 0
1726874263196 0.273278 0
1726874263331 0.337879 0
1726874263465 0.16035 0
1726874263602 0.249101 0
1726874263737 0.098466 0
1726874263871 0.191137 0
1726874264006 0.272286 0
1726874264141 0.354218 0
1726874264276 0.216289 4
1726874264412 0.138541 4
1726874264547 0.239986 4
1726874264683 0.23024 4
1726874264819 0.313127 4
1726874264954 0.170236 4
1726874265088 0.195999 4
1726874265222 0.167086 4
1726874265357 1.080611 4
1726874265492 0.504595 4
1726874265630 0.369137 8
1726874265769 0.298829 8
1726874265906 0.349706 8
1726874266040 0.333677 8
1726874267697 0.268979 0
1726874267840 0.232687 0
1726874267976 0.258661 0
1726874268111 0.336412 0
1726874268246 0.152673 0
1726874268380 0.243146 0
1726874268515 0.082593 0
1726874268649 0.187559 0
1726874268783 0.266135 0
1726874268919 0.358709 0
1726874269054 0.220042 5
1726874269189 0.139944 5
1726874269324 0.242137 5
1726874269463 0.228089 5
1726874269598 0.316903 5
1726874269734 0.166998 5
1726874269878 0.199543 5
1726874270015 0.152254 5
1726874270149 1.077799 5
1726874270284 0.509954 5
1726874270418 0.36379 10
1726874270552 0.310413 10
1726874270687 0.344495 10
1726874270822 0.333687 10
1726874272507 0.263598 0
1726874272644 0.230977 0
1726874272778 0.266158 0
1726874272915 0.33378 0
1726874273050 0.156186 0
1726874273185 0.241188 0
1726874273320 0.081304 0
1726874273456 0.190799 0
1726874273590 0.271174 0
1726874273725 0.353322 0
1726874273865 0.211616 6
1726874274000 0.141046 6
1726874274135 0.239348 6
1726874274271 0.225526 6
1726874274406 0.312352 6
1726874274541 0.165485 6
1726874274679 0.195193 6
1726874274816 0.147304 6
1726874274951 1.06376 6
1726874275087 0.508259 6
1726874275222 0.364191 12
1726874275358 0.308703 12
1726874275493 0.348537 12
1726874275628 0.332948 12
1726874277299 0.262065 0
1726874277438 0.224311 0
1726874277573 0.265952 0
1726874277708 0.322756 0
1726874277852 0.153847 0
1726874277991 0.243017 0
1726874278128 0.073905 0
1726874278264 0.187427 0
1726874278399 0.269396 0
1726874278536 0.349629 0
1726874278671 0.212234 7
1726874278807 0.139839 7
1726874278942 0.240979 7
1726874279077 0.220425 7
1726874279212 0.319636 7
1726874279347 0.161176 7
1726874279483 0.196917 7
1726874279620 0.142896 7
1726874279754 1.052377 7
1726874279891 0.515401 7
1726874280029 0.356175 14
1726874280166 0.305053 14
1726874280301 0.347151 14
1726874280437 0.327027 14
