1727104940688 0.0 0
1727104940872 10.0 0
1727104941044 20.0 0
1727104941209 30.0 0
1727104941379 40.0 0
1727104941539 50.0 0
1727104941707 60.0 0
1727104942430 0.0 0
1727104942609 10.0 0
1727104942781 20.0 0
1727104942947 30.0 0
1727104943111 40.0 0
1727104943274 50.0 0
1727104943442 60.0 0
1727104944126 0.0 0
1727104944295 10.0 0
1727104944461 20.0 0
1727104944623 30.0 0
1727104944783 40.0 0
1727104944949 50.0 0
1727104945118 60.0 0
1727104945742 0.0 0
1727104945909 10.0 0
1727104946076 20.0 0
1727104946243 30.0 0
1727104946415 40.0 0
1727104946577 50.0 0
1727104946739 60.0 0
1727104947521 0.0 0
1727104947698 10.0 0
1727104947869 20.0 0
1727104948046 30.0 0
1727104948222 40.0 0
1727104948396 50.0 0
1727104948562 60.0 0
1727104949269 0.0 0
1727104949427 10.0 0
1727104949592 20.0 0
1727104949759 30.0 0
1727104949919 40.0 0
1727104950079 50.0 0
1727104950237 60.0 0
1727104950973 0.0 0
1727104951137 10.0 0
1727104951294 20.0 0
1727104951452 30.0 0
1727104951610 40.0 0
1727104951775 50.0 0
1727104951934 60.0 0
1727104952605 0.0 0
1727104952768 10.0 0
1727104952926 20.0 0
1727104953087 30.0 0
1727104953242 40.0 0
1727104953399 50.0 0
1727104953566 60.0 0
1727104954121 0.0 0
1727104954281 10.0 0
1727104954438 20.0 0
1727104954605 30.0 0
1727104954765 40.0 0
1727104954930 50.0 0
1727104955109 60.0 0
1727104955746 0.0 0
1727104955918 10.0 0
1727104956087 20.0 0
1727104956253 30.0 0
1727104956418 40.0 0
1727104956587 50.0 0
1727104956747 60.0 0
