1726780147337 0.471187 0
1726780147453 0.326988 0
1726780147571 1.769355 0
1726780147688 2.409941 0
1726780147806 1.153926 0
1726780147923 1.401962 0
1726780148042 0.415854 0
1726780148160 0.299476 0
1726780148277 0.345262 0
1726780148395 0.122951 0
1726780148512 0.335371 1
1726780149293 0.325078 0
1726780149410 0.261727 0
1726780149528 0.615713 0
1726780149645 1.364435 0
1726780149762 0.731025 0
1726780149879 0.785354 0
1726780149997 0.268445 0
1726780150116 0.25905 0
1726780150234 0.252734 0
1726780150351 0.138415 0
1726780150469 0.264913 2
1726780151234 0.133402 0
1726780151352 0.182903 0
1726780151470 0.605931 0
1726780151587 1.212735 0
1726780151705 0.704021 0
1726780151822 0.719994 0
1726780151942 0.264272 0
1726780152060 0.265448 0
1726780152178 0.21768 0
1726780152296 0.108945 0
1726780152414 0.27208 3
1726780153174 0.095331 0
1726780153292 0.14976 0
1726780153410 0.587867 0
1726780153528 1.184376 0
1726780153645 0.686348 0
1726780153763 0.664247 0
1726780153881 0.265781 0
1726780153998 0.254262 0
1726780154117 0.201953 0
1726780154236 0.129648 0
1726780154354 0.26835 4
1726780155116 0.070384 0
1726780155233 0.132851 0
1726780155351 0.522783 0
1726780155468 1.055774 0
1726780155601 0.663711 0
1726780155721 0.640325 0
1726780155839 0.275853 0
1726780155956 0.281072 0
1726780156074 0.189288 0
1726780156192 0.108638 0
1726780156311 0.274641 5
1726780157074 0.085313 0
1726780157192 0.128263 0
1726780157310 0.540019 0
1726780157428 1.031775 0
1726780157545 0.66668 0
1726780157663 0.627806 0
1726780157781 0.262181 0
1726780157898 0.280484 0
1726780158015 0.185337 0
1726780158133 0.104407 0
1726780158252 0.263138 6
1726780159019 0.068002 0
1726780159138 0.134267 0
1726780159255 0.515748 0
1726780159373 0.962622 0
1726780159491 0.646675 0
1726780159609 0.632082 0
1726780159726 0.265318 0
1726780159845 0.237665 0
1726780159962 0.174949 0
1726780160080 0.094945 0
1726780160199 0.269533 7
1726780160965 0.138595 0
1726780161082 0.1421 0
1726780161200 0.529763 0
1726780161317 0.927625 0
1726780161435 0.613128 0
1726780161552 0.63344 0
1726780161670 0.263584 0
1726780161787 0.250723 0
1726780161905 0.172985 0
1726780162023 0.076917 0
1726780162141 0.257911 8
1726780162909 0.075978 0
1726780163026 0.123613 0
1726780163143 0.523183 0
1726780163261 0.928978 0
1726780163379 0.625517 0
1726780163497 0.622323 0
1726780163614 0.266544 0
1726780163732 0.227256 0
1726780163849 0.171812 0
1726780163967 0.080084 0
1726780164085 0.255508 9
