1726801347624 31.083666 0
1726801347726 17.030937 0
1726801347957 150.899246 0
1726801348056 4.252509 0
1726801348266 56.602036 0
1726801348366 2.957565 0
1726801348573 21.707218 0
1726801348673 2.403519 0
1726801348880 27.342558 0
1726801348981 2.354409 0
1726801349188 17.359165 0
1726801349298 2.182266 0
1726801349508 10.761131 0
1726801349607 2.08911 0
1726801349812 11.769417 0
1726801349910 2.170651 0
1726801350117 16.407524 0
1726801350221 2.231946 0
1726801350432 12.128822 0
1726801350532 2.235009 0
