1726848973477 0.373086 0
1726848973634 0.380101 0
1726848973791 1.040414 0
1726848973937 1.852865 0
1726848974077 0.932992 0
1726848974215 0.595659 0
1726848974349 0.201584 0
1726848974484 0.461557 0
1726848974622 0.336124 0
1726848974766 0.320576 0
1726848974909 0.125831 1
1726848976558 0.614776 0
1726848976743 0.284672 0
1726848976904 0.707969 0
1726848977050 1.307269 0
1726848977186 0.67193 0
1726848977318 0.50144 0
1726848977449 0.206972 0
1726848977582 0.295833 0
1726848977721 0.168538 0
1726848977860 0.391946 0
1726848978010 0.123729 2
1726848979689 0.174593 0
1726848979877 0.283876 0
1726848980040 0.895112 0
1726848980195 1.146973 0
1726848980349 0.685834 0
1726848980499 0.724698 0
1726848980645 0.28263 0
1726848980786 0.404658 0
1726848980925 0.246917 0
1726848981069 0.620493 0
1726848981211 0.119258 3
1726848982780 0.101977 0
1726848982971 0.253096 0
1726848983140 0.648681 0
1726848983295 1.16192 0
1726848983437 0.628243 0
1726848983575 0.524315 0
1726848983715 0.193714 0
1726848983858 0.266131 0
1726848983998 0.169376 0
1726848984136 0.334885 0
1726848984277 0.194867 4
1726848985978 0.519191 0
1726848986167 0.271 0
1726848986354 0.632819 0
1726848986521 1.219052 0
1726848986673 0.601277 0
1726848986820 0.518691 0
1726848986965 0.238155 0
1726848987109 0.222053 0
1726848987256 0.166038 0
1726848987399 0.256796 0
1726848987539 0.120321 5
1726848989008 0.063752 0
1726848989181 0.245711 0
1726848989343 0.582535 0
1726848989500 0.988205 0
1726848989652 0.626848 0
1726848989807 0.43303 0
1726848989961 0.198599 0
1726848990110 0.229989 0
1726848990260 0.270373 0
1726848990414 0.268905 0
1726848990573 0.110191 6
1726848992060 0.099392 0
1726848992250 0.237922 0
1726848992423 0.573117 0
1726848992582 0.928478 0
1726848992731 0.605294 0
1726848992872 0.454307 0
1726848993009 0.194534 0
1726848993148 0.25083 0
1726848993289 0.186285 0
1726848993429 0.26911 0
1726848993567 0.105154 7
1726848995211 0.078546 0
1726848995401 0.242202 0
1726848995571 0.597529 0
1726848995729 0.920893 0
1726848995880 0.584521 0
1726848996029 0.403114 0
1726848996172 0.201403 0
1726848996309 0.238598 0
1726848996441 0.160689 0
1726848996574 0.266403 0
1726848996705 0.105067 8
