1726833862086 0.0 0
1726833862247 10.0 0
1726833862406 20.0 0
1726833862565 30.0 0
1726833862726 40.0 0
1726833862891 50.0 0
1726833863054 60.0 0
1726833863219 70.0 0
1726833863382 80.0 0
1726833863546 90.0 0
1726833863698 100.0 1
1726833863843 110.0 1
1726833864005 120.0 1
1726833864168 130.0 1
1726833864330 140.0 1
1726833864492 150.0 1
1726833864652 160.0 1
1726833864816 170.0 1
1726833864986 180.0 1
1726833865148 190.0 1
1726833865309 200.0 2
1726833865474 210.0 2
1726833865636 220.0 2
1726833865796 230.0 2
1726833867878 0.0 0
1726833868063 10.0 0
1726833868246 20.0 0
1726833868425 30.0 0
1726833868593 40.0 0
1726833868754 50.0 0
1726833868914 60.0 0
1726833869074 70.0 0
1726833869233 80.0 0
1726833869384 90.0 0
1726833869548 100.0 2
1726833869707 110.0 2
1726833869866 120.0 2
1726833870025 130.0 2
1726833870185 140.0 2
1726833870346 150.0 2
1726833870512 160.0 2
1726833870681 170.0 2
1726833870843 180.0 2
1726833871004 190.0 2
1726833871165 200.0 4
1726833871326 210.0 4
1726833871485 220.0 4
1726833871644 230.0 4
1726833873594 0.0 0
1726833873759 10.0 0
1726833873923 20.0 0
1726833874085 30.0 0
1726833874247 40.0 0
1726833874411 50.0 0
1726833874575 60.0 0
1726833874740 70.0 0
1726833874904 80.0 0
1726833875068 90.0 0
1726833875233 100.0 3
1726833875394 110.0 3
1726833875556 120.0 3
1726833875718 130.0 3
1726833875867 140.0 3
1726833876021 150.0 3
1726833876182 160.0 3
1726833876346 170.0 3
1726833876510 180.0 3
1726833876683 190.0 3
1726833876859 200.0 6
1726833877028 210.0 6
1726833877197 220.0 6
1726833877367 230.0 6
1726833879390 0.0 0
1726833879548 10.0 0
1726833879708 20.0 0
1726833879867 30.0 0
1726833880026 40.0 0
1726833880185 50.0 0
1726833880344 60.0 0
1726833880504 70.0 0
1726833880665 80.0 0
1726833880825 90.0 0
1726833880986 100.0 4
1726833881143 110.0 4
1726833881302 120.0 4
1726833881461 130.0 4
1726833881624 140.0 4
1726833881789 150.0 4
1726833881952 160.0 4
1726833882115 170.0 4
1726833882280 180.0 4
1726833882432 190.0 4
1726833882586 200.0 8
1726833882751 210.0 8
1726833882917 220.0 8
1726833883094 230.0 8
1726833885140 0.0 0
1726833885303 10.0 0
1726833885467 20.0 0
1726833885620 30.0 0
1726833885781 40.0 0
1726833885926 50.0 0
1726833886085 60.0 0
1726833886246 70.0 0
1726833886411 80.0 0
1726833886577 90.0 0
1726833886746 100.0 5
1726833886913 110.0 5
1726833887078 120.0 5
1726833887244 130.0 5
1726833887406 140.0 5
1726833887571 150.0 5
1726833887737 160.0 5
1726833887904 170.0 5
1726833888062 180.0 5
1726833888225 190.0 5
1726833888389 200.0 10
1726833888552 210.0 10
1726833888717 220.0 10
1726833888881 230.0 10
1726833890929 0.0 0
1726833891093 10.0 0
1726833891262 20.0 0
1726833891427 30.0 0
1726833891591 40.0 0
1726833891753 50.0 0
1726833891919 60.0 0
1726833892084 70.0 0
1726833892246 80.0 0
1726833892409 90.0 0
1726833892573 100.0 6
1726833892734 110.0 6
1726833892890 120.0 6
1726833893054 130.0 6
1726833893206 140.0 6
1726833893367 150.0 6
1726833893545 160.0 6
1726833893709 170.0 6
1726833893874 180.0 6
1726833894040 190.0 6
1726833894202 200.0 12
1726833894363 210.0 12
1726833894522 220.0 12
1726833894681 230.0 12
1726833896678 0.0 0
1726833896841 10.0 0
1726833897023 20.0 0
1726833897193 30.0 0
1726833897354 40.0 0
1726833897516 50.0 0
1726833897674 60.0 0
1726833897834 70.0 0
1726833897992 80.0 0
1726833898149 90.0 0
1726833898321 100.0 7
1726833898483 110.0 7
1726833898646 120.0 7
1726833898808 130.0 7
1726833898971 140.0 7
1726833899133 150.0 7
1726833899296 160.0 7
1726833899459 170.0 7
1726833899623 180.0 7
1726833899787 190.0 7
1726833899951 200.0 14
1726833900116 210.0 14
1726833900279 220.0 14
1726833900439 230.0 14
1726833902499 0.0 0
1726833902671 10.0 0
1726833902857 20.0 0
1726833903076 30.0 0
1726833903257 40.0 0
1726833903435 50.0 0
1726833903600 60.0 0
1726833903766 70.0 0
1726833903939 80.0 0
1726833904114 90.0 0
1726833904290 100.0 8
1726833904440 110.0 8
1726833904604 120.0 8
1726833904735 130.0 8
1726833904905 140.0 8
1726833905074 150.0 8
1726833905239 160.0 8
1726833905404 170.0 8
1726833905568 180.0 8
1726833905750 190.0 8
1726833905931 200.0 16
1726833906114 210.0 16
1726833906319 220.0 16
1726833906517 230.0 16
1726833908536 0.0 0
1726833908700 10.0 0
1726833908867 20.0 0
1726833909035 30.0 0
1726833909197 40.0 0
1726833909357 50.0 0
1726833909517 60.0 0
1726833909681 70.0 0
1726833909842 80.0 0
1726833910003 90.0 0
1726833910163 100.0 9
1726833910322 110.0 9
1726833910482 120.0 9
1726833910642 130.0 9
1726833910802 140.0 9
1726833910961 150.0 9
1726833911122 160.0 9
1726833911280 170.0 9
1726833911445 180.0 9
1726833911610 190.0 9
1726833911775 200.0 18
1726833911939 210.0 18
1726833912104 220.0 18
1726833912256 230.0 18
1726833914325 0.0 0
1726833914495 10.0 0
1726833914659 20.0 0
1726833914821 30.0 0
1726833914983 40.0 0
1726833915143 50.0 0
1726833915309 60.0 0
1726833915474 70.0 0
1726833915637 80.0 0
1726833915800 90.0 0
1726833915959 100.0 10
1726833916118 110.0 10
1726833916273 120.0 10
1726833916460 130.0 10
1726833916646 140.0 10
1726833916836 150.0 10
1726833917025 160.0 10
1726833917209 170.0 10
1726833917394 180.0 10
1726833917585 190.0 10
1726833917773 200.0 20
1726833917962 210.0 20
1726833918147 220.0 20
1726833918334 230.0 20
