1727125782543 0.0 0
1727125782667 10.0 0
1727125782798 20.0 0
1727125782929 30.0 0
1727125783059 40.0 0
1727125783190 50.0 0
1727125783322 60.0 0
1727125783455 70.0 0
1727125783587 80.0 0
1727125783718 90.0 0
1727125783830 100.0 1
1727125783941 110.0 1
1727125784068 120.0 1
1727125784202 130.0 1
1727125784333 140.0 1
1727125784462 150.0 1
1727125784592 160.0 1
1727125784722 170.0 1
1727125784853 180.0 1
1727125784984 190.0 1
1727125785113 200.0 2
1727125785243 210.0 2
1727125785374 220.0 2
1727125785505 230.0 2
1727125785634 240.0 2
1727125785763 250.0 2
1727125785892 260.0 2
1727125786024 270.0 2
1727125786155 280.0 2
1727125786287 290.0 2
1727125786417 300.0 3
1727125786546 310.0 3
1727125787988 0.0 0
1727125788114 10.0 0
1727125788246 20.0 0
1727125788377 30.0 0
1727125788510 40.0 0
1727125788640 50.0 0
1727125788770 60.0 0
1727125788901 70.0 0
1727125789033 80.0 0
1727125789164 90.0 0
1727125789271 100.0 2
1727125789384 110.0 2
1727125789512 120.0 2
1727125789643 130.0 2
1727125789773 140.0 2
1727125789905 150.0 2
1727125790036 160.0 2
1727125790167 170.0 2
1727125790300 180.0 2
1727125790431 190.0 2
1727125790538 200.0 4
1727125790649 210.0 4
1727125790776 220.0 4
1727125790906 230.0 4
1727125791036 240.0 4
1727125791165 250.0 4
1727125791273 260.0 4
1727125791390 270.0 4
1727125791520 280.0 4
1727125791649 290.0 4
1727125791780 300.0 6
1727125791918 310.0 6
1727125793423 0.0 0
1727125793542 10.0 0
1727125793672 20.0 0
1727125793803 30.0 0
1727125793940 40.0 0
1727125794071 50.0 0
1727125794202 60.0 0
1727125794333 70.0 0
1727125794465 80.0 0
1727125794597 90.0 0
1727125794729 100.0 3
1727125794860 110.0 3
1727125794990 120.0 3
1727125795120 130.0 3
1727125795249 140.0 3
1727125795381 150.0 3
1727125795512 160.0 3
1727125795645 170.0 3
1727125795774 180.0 3
1727125795906 190.0 3
1727125796036 200.0 6
1727125796166 210.0 6
1727125796299 220.0 6
1727125796431 230.0 6
1727125796563 240.0 6
1727125796695 250.0 6
1727125796825 260.0 6
1727125796955 270.0 6
1727125797086 280.0 6
1727125797215 290.0 6
1727125797345 300.0 9
1727125797475 310.0 9
1727125799350 0.0 0
1727125799474 10.0 0
1727125799605 20.0 0
1727125799736 30.0 0
1727125799865 40.0 0
1727125799995 50.0 0
1727125800124 60.0 0
1727125800253 70.0 0
1727125800382 80.0 0
1727125800515 90.0 0
1727125800646 100.0 4
1727125800774 110.0 4
1727125800904 120.0 4
1727125801033 130.0 4
1727125801164 140.0 4
1727125801295 150.0 4
1727125801423 160.0 4
1727125801552 170.0 4
1727125801683 180.0 4
1727125801813 190.0 4
1727125801941 200.0 8
1727125802070 210.0 8
1727125802201 220.0 8
1727125802332 230.0 8
1727125802462 240.0 8
1727125802594 250.0 8
1727125802723 260.0 8
1727125802852 270.0 8
1727125802982 280.0 8
1727125803113 290.0 8
1727125803242 300.0 12
1727125803373 310.0 12
1727125804977 0.0 0
1727125805099 10.0 0
1727125805228 20.0 0
1727125805357 30.0 0
1727125805489 40.0 0
1727125805619 50.0 0
1727125805754 60.0 0
1727125805887 70.0 0
1727125806018 80.0 0
1727125806147 90.0 0
1727125806278 100.0 5
1727125806408 110.0 5
1727125806539 120.0 5
1727125806673 130.0 5
1727125806804 140.0 5
1727125806937 150.0 5
1727125807068 160.0 5
1727125807200 170.0 5
1727125807330 180.0 5
1727125807463 190.0 5
1727125807595 200.0 10
1727125807728 210.0 10
1727125807858 220.0 10
1727125807987 230.0 10
1727125808117 240.0 10
1727125808248 250.0 10
1727125808379 260.0 10
1727125808510 270.0 10
1727125808641 280.0 10
1727125808772 290.0 10
1727125808904 300.0 15
1727125809037 310.0 15
1727125810500 0.0 0
1727125810625 10.0 0
1727125810757 20.0 0
1727125810889 30.0 0
1727125811021 40.0 0
1727125811153 50.0 0
1727125811284 60.0 0
1727125811413 70.0 0
1727125811545 80.0 0
1727125811675 90.0 0
1727125811807 100.0 6
1727125811939 110.0 6
1727125812070 120.0 6
1727125812201 130.0 6
1727125812333 140.0 6
1727125812463 150.0 6
1727125812593 160.0 6
1727125812723 170.0 6
1727125812856 180.0 6
1727125812987 190.0 6
1727125813119 200.0 12
1727125813250 210.0 12
1727125813381 220.0 12
1727125813513 230.0 12
1727125813645 240.0 12
1727125813775 250.0 12
1727125813909 260.0 12
1727125814040 270.0 12
1727125814171 280.0 12
1727125814303 290.0 12
1727125814435 300.0 18
1727125814566 310.0 18
1727125816686 0.0 0
1727125816820 10.0 0
1727125816950 20.0 0
1727125817081 30.0 0
1727125817188 40.0 0
1727125817298 50.0 0
1727125817426 60.0 0
1727125817556 70.0 0
1727125817687 80.0 0
1727125817820 90.0 0
1727125817951 100.0 7
1727125818083 110.0 7
1727125818213 120.0 7
1727125818345 130.0 7
1727125818476 140.0 7
1727125818607 150.0 7
1727125818738 160.0 7
1727125818868 170.0 7
1727125819001 180.0 7
1727125819132 190.0 7
1727125819263 200.0 14
1727125819393 210.0 14
1727125819524 220.0 14
1727125819656 230.0 14
1727125819787 240.0 14
1727125819918 250.0 14
1727125820053 260.0 14
1727125820184 270.0 14
1727125820315 280.0 14
1727125820446 290.0 14
1727125820579 300.0 21
1727125820709 310.0 21
1727125822793 0.0 0
1727125822936 10.0 0
1727125823067 20.0 0
1727125823197 30.0 0
1727125823326 40.0 0
1727125823456 50.0 0
1727125823587 60.0 0
1727125823717 70.0 0
1727125823847 80.0 0
1727125823979 90.0 0
1727125824109 100.0 8
1727125824243 110.0 8
1727125824375 120.0 8
1727125824505 130.0 8
1727125824637 140.0 8
1727125824768 150.0 8
1727125824899 160.0 8
1727125825034 170.0 8
1727125825166 180.0 8
1727125825297 190.0 8
1727125825427 200.0 16
1727125825558 210.0 16
1727125825689 220.0 16
1727125825820 230.0 16
1727125825950 240.0 16
1727125826080 250.0 16
1727125826222 260.0 16
1727125826355 270.0 16
1727125826486 280.0 16
1727125826617 290.0 16
1727125826749 300.0 24
1727125826881 310.0 24
1727125828351 0.0 0
1727125828477 10.0 0
1727125828606 20.0 0
1727125828736 30.0 0
1727125828866 40.0 0
1727125828997 50.0 0
1727125829131 60.0 0
1727125829261 70.0 0
1727125829392 80.0 0
1727125829524 90.0 0
1727125829654 100.0 9
1727125829785 110.0 9
1727125829915 120.0 9
1727125830047 130.0 9
1727125830156 140.0 9
1727125830272 150.0 9
1727125830400 160.0 9
1727125830531 170.0 9
1727125830661 180.0 9
1727125830792 190.0 9
1727125830923 200.0 18
1727125831056 210.0 18
1727125831188 220.0 18
1727125831318 230.0 18
1727125831450 240.0 18
1727125831580 250.0 18
1727125831714 260.0 18
1727125831845 270.0 18
1727125831975 280.0 18
1727125832106 290.0 18
1727125832239 300.0 27
1727125832370 310.0 27
1727125833854 0.0 0
1727125833980 10.0 0
1727125834112 20.0 0
1727125834243 30.0 0
1727125834376 40.0 0
1727125834507 50.0 0
1727125834639 60.0 0
1727125834770 70.0 0
1727125834900 80.0 0
1727125835032 90.0 0
1727125835162 100.0 10
1727125835293 110.0 10
1727125835424 120.0 10
1727125835553 130.0 10
1727125835683 140.0 10
1727125835814 150.0 10
1727125835948 160.0 10
1727125836079 170.0 10
1727125836209 180.0 10
1727125836340 190.0 10
1727125836471 200.0 20
1727125836602 210.0 20
1727125836733 220.0 20
1727125836864 230.0 20
1727125836971 240.0 20
1727125837081 250.0 20
1727125837208 260.0 20
1727125837339 270.0 20
1727125837472 280.0 20
1727125837604 290.0 20
1727125837734 300.0 30
1727125837865 310.0 30
