1726762681236 5.531333 0
1726762681328 0.631038 0
1726762681418 13.655109 0
1726762681506 5.236348 0
1726762681595 7.21884 0
1726762681683 3.43542 0
1726762681772 12.214924 0
1726762681861 3.629325 0
1726762681951 12.818788 0
1726762682042 0.557028 0
1726762682605 0.552708 0
1726762682698 1.805399 0
1726762682788 6.164065 0
1726762682877 1.860978 0
1726762682969 2.601491 0
1726762683062 5.244324 0
1726762683155 2.177543 0
1726762683246 1.844183 0
1726762683336 2.732518 0
1726762683424 0.65111 0
1726762683990 0.321135 0
1726762684088 0.656951 0
1726762684181 2.405086 0
1726762684274 1.776658 0
1726762684364 1.596517 0
1726762684454 1.537642 0
1726762684544 1.488779 0
1726762684633 1.159926 0
1726762684723 2.200155 0
1726762684816 0.913823 0
1726762685412 1.732629 0
1726762685513 1.886126 0
1726762685615 4.257259 0
1726762685707 1.18248 0
1726762685797 1.698368 0
1726762685887 1.258991 0
1726762685976 1.890518 0
1726762686070 1.527274 0
1726762686161 1.290771 0
1726762686249 1.151649 0
1726762686832 0.687594 0
1726762686934 1.057738 0
1726762687023 5.453203 0
1726762687121 1.543779 0
1726762687210 4.649568 0
1726762687299 7.559774 0
1726762687391 2.211914 0
1726762687482 2.38653 0
1726762687571 0.953944 0
1726762687660 1.018316 0
1726762688232 0.749084 0
1726762688330 9.164874 0
1726762688420 4.281254 0
1726762688511 2.289176 0
1726762688602 2.233953 0
1726762688691 4.009696 0
1726762688780 2.050133 0
1726762688868 2.292019 0
1726762688960 0.852168 0
1726762689050 0.99876 0
1726762689682 0.338907 0
1726762689783 1.226754 0
1726762689872 4.855713 0
1726762689961 3.543077 0
1726762690050 1.70175 0
1726762690139 3.119845 0
1726762690228 1.562674 0
1726762690317 2.710081 0
1726762690406 0.91907 0
1726762690496 1.050111 0
