1727092264164 0.0 0
1727092264340 10.0 0
1727092264516 20.0 0
1727092264691 30.0 0
1727092265104 0.0 0
1727092265282 10.0 0
1727092265456 20.0 0
1727092265632 30.0 0
1727092266041 0.0 0
1727092266217 10.0 0
1727092266395 20.0 0
1727092266569 30.0 0
1727092266980 0.0 0
1727092267155 10.0 0
1727092267330 20.0 0
1727092267506 30.0 0
1727092267918 0.0 0
1727092268095 10.0 0
1727092268272 20.0 0
1727092268448 30.0 0
1727092268859 0.0 0
1727092269035 10.0 0
1727092269214 20.0 0
1727092269388 30.0 0
1727092269799 0.0 0
1727092269977 10.0 0
1727092270153 20.0 0
1727092270331 30.0 0
1727092270740 0.0 0
1727092270917 10.0 0
1727092271093 20.0 0
1727092271267 30.0 0
