1726759600660 33.706482 0
1726759600753 0.818742 0
1726759600851 5.857352 0
1726759600944 4.358098 0
1726759601035 2.552283 0
1726759601123 1.732489 0
1726759601210 9.439354 0
1726759601297 3.761058 0
1726759601387 2.905154 0
1726759601482 4.15627 0
1726759601571 1.301754 1
1726759601659 1.41452 1
1726759602369 1.332023 0
1726759602468 3.549572 0
1726759602556 12.941027 0
1726759602646 7.309264 0
1726759602734 3.394727 0
1726759602823 1.23428 0
1726759602910 9.573651 0
1726759602999 1.632278 0
1726759603091 4.255533 0
1726759603178 2.06464 0
1726759603265 3.904958 2
1726759603354 2.036873 2
1726759604041 1.895849 0
1726759604135 2.335173 0
1726759604225 7.696584 0
1726759604313 6.579805 0
1726759604401 2.551867 0
1726759604488 4.6186 0
1726759604575 1.635744 0
1726759604663 2.039837 0
1726759604750 1.205616 0
1726759604837 3.891297 0
1726759604925 1.239115 3
1726759605014 2.901603 3
1726759605686 0.78939 0
1726759605777 3.059476 0
1726759605864 9.853523 0
1726759605952 4.550735 0
1726759606047 2.213759 0
1726759606144 2.317031 0
1726759606235 2.084187 0
1726759606322 4.60152 0
1726759606413 1.185099 0
1726759606507 3.779066 0
1726759606594 1.140657 4
1726759606683 1.835339 4
1726759607340 0.835711 0
1726759607436 2.117249 0
1726759607525 5.339295 0
1726759607612 8.607527 0
1726759607699 1.737749 0
1726759607786 1.344432 0
1726759607875 1.740266 0
1726759607963 1.978235 0
1726759608052 1.304258 0
1726759608144 2.074646 0
1726759608236 1.004237 5
1726759608324 2.45966 5
1726759608980 0.959243 0
1726759609078 2.30345 0
1726759609167 6.282301 0
1726759609255 11.249204 0
1726759609346 0.990112 0
1726759609435 1.360333 0
1726759609526 1.919087 0
1726759609614 1.365207 0
1726759609702 2.548311 0
1726759609790 2.930412 0
1726759609876 0.913744 6
1726759609963 1.792773 6
1726759610661 1.060483 0
1726759610762 1.890231 0
1726759610851 4.282742 0
1726759610938 38.068069 0
1726759611026 0.904785 0
1726759611114 1.438061 0
1726759611201 12.877947 0
1726759611288 1.511052 0
1726759611375 1.732369 0
1726759611468 6.494249 0
1726759611556 0.907568 7
1726759611645 3.466868 7
