1726818397382 1.34679 0
1726818397503 0.319366 0
1726818397626 0.422419 0
1726818397751 0.431958 0
1726818397889 0.227174 0
1726818398040 0.108394 0
1726818398181 0.223703 0
1726818398328 0.218015 0
1726818398480 0.170503 0
1726818398657 0.491997 0
1726818398831 0.396035 1
1726818398972 0.305861 1
1726818399103 0.157976 1
1726818399233 0.470985 1
1726818399361 0.348329 1
1726818399489 0.633495 1
1726818399621 0.322759 1
1726818399765 0.353097 1
1726818402130 0.55743 0
1726818402273 0.178063 0
1726818402397 0.44979 0
1726818402526 0.255099 0
1726818402651 0.207425 0
1726818402776 0.179454 0
1726818402901 0.189597 0
1726818403027 0.209355 0
1726818403148 0.195971 0
1726818403276 0.311387 0
1726818403416 0.414956 2
1726818403548 0.440573 2
1726818403682 0.186075 2
1726818403827 0.487795 2
1726818403976 0.39468 2
1726818404130 0.972768 2
1726818404268 0.304036 2
1726818404395 0.370639 2
1726818406454 0.452726 0
1726818406597 0.264326 0
1726818406739 0.485063 0
1726818406878 0.394095 0
1726818407010 0.19122 0
1726818407134 0.171221 0
1726818407256 0.150496 0
1726818407379 0.148551 0
1726818407512 0.184897 0
1726818407655 0.344646 0
1726818407796 0.450975 3
1726818407937 0.39633 3
1726818408072 0.18219 3
1726818408203 0.48263 3
1726818408335 0.493006 3
1726818408471 0.908335 3
1726818408611 0.37223 3
1726818408757 0.309153 3
1726818411045 0.584565 0
1726818411201 0.169928 0
1726818411328 0.476131 0
1726818411449 0.34183 0
1726818411568 0.216544 0
1726818411694 0.119296 0
1726818411824 0.153314 0
1726818411965 0.14059 0
1726818412142 0.17094 0
1726818412339 0.283836 0
1726818412491 0.477568 4
1726818412631 0.315869 4
1726818412764 0.17248 4
1726818412890 0.448784 4
1726818413015 0.250325 4
1726818413143 0.411843 4
1726818413287 0.302776 4
1726818413438 0.311017 4
1726818415488 0.608063 0
1726818415666 0.191038 0
1726818415788 0.448207 0
1726818415911 0.285378 0
1726818416024 0.24521 0
1726818416151 0.099131 0
1726818416270 0.161063 0
1726818416414 0.146103 0
1726818416550 0.161958 0
1726818416683 0.272861 0
1726818416848 0.488021 5
1726818417029 0.343705 5
1726818417215 0.189547 5
1726818417396 0.427409 5
1726818417570 0.235941 5
1726818417724 0.389435 5
1726818417859 0.292679 5
1726818417982 0.290649 5
1726818420152 0.481362 0
1726818420284 0.164639 0
1726818420436 0.428393 0
1726818420615 0.277135 0
1726818420779 0.258484 0
1726818420933 0.104693 0
1726818421086 0.144947 0
1726818421255 0.149171 0
1726818421416 0.168364 0
1726818421558 0.314162 0
1726818421687 0.488676 6
1726818421806 0.346766 6
1726818421925 0.185269 6
1726818422052 0.400185 6
1726818422199 0.238841 6
1726818422380 0.350451 6
1726818422582 0.292234 6
1726818422743 0.294322 6
1726818424904 0.490198 0
1726818425042 0.15746 0
1726818425187 0.42729 0
1726818425338 0.268541 0
1726818425480 0.283633 0
1726818425615 0.082097 0
1726818425751 0.123725 0
1726818425895 0.13131 0
1726818426063 0.181999 0
1726818426238 0.333271 0
1726818426411 0.571047 7
1726818426574 0.293448 7
1726818426740 0.201883 7
1726818426928 0.421305 7
1726818427108 0.245788 7
1726818427249 0.33176 7
1726818427392 0.322375 7
1726818427518 0.305919 7
1726818429546 0.483729 0
1726818429706 0.171249 0
1726818429834 0.446856 0
1726818429966 0.246782 0
1726818430112 0.219869 0
1726818430287 0.079478 0
1726818430460 0.123158 0
1726818430613 0.132553 0
1726818430759 0.17342 0
1726818430898 0.390183 0
1726818431041 0.597135 8
1726818431183 0.299772 8
1726818431314 0.213573 8
1726818431442 0.406926 8
1726818431572 0.237102 8
1726818431714 0.279293 8
1726818431853 0.318304 8
1726818432000 0.285333 8
