1726767514345 0.0 0
1726767514466 10.0 0
1726767514594 20.0 0
1726767514728 30.0 0
1726767514867 40.0 0
1726767514992 50.0 0
1726767515118 60.0 0
1726767515253 70.0 0
1726767515387 80.0 0
1726767515527 90.0 0
1726767516406 0.0 0
1726767516525 10.0 0
1726767516647 20.0 0
1726767516764 30.0 0
1726767516882 40.0 0
1726767517000 50.0 0
1726767517118 60.0 0
1726767517244 70.0 0
1726767517368 80.0 0
1726767517487 90.0 0
1726767518271 0.0 0
1726767518391 10.0 0
1726767518510 20.0 0
1726767518628 30.0 0
1726767518746 40.0 0
1726767518864 50.0 0
1726767518985 60.0 0
1726767519106 70.0 0
1726767519225 80.0 0
1726767519344 90.0 0
1726767520226 0.0 0
1726767520347 10.0 0
1726767520475 20.0 0
1726767520609 30.0 0
1726767520736 40.0 0
1726767520856 50.0 0
1726767520981 60.0 0
1726767521114 70.0 0
1726767521246 80.0 0
1726767521379 90.0 0
1726767522184 0.0 0
1726767522314 10.0 0
1726767522448 20.0 0
1726767522583 30.0 0
1726767522718 40.0 0
1726767522862 50.0 0
1726767522999 60.0 0
1726767523138 70.0 0
1726767523265 80.0 0
1726767523386 90.0 0
1726767524194 0.0 0
1726767524315 10.0 0
1726767524435 20.0 0
1726767524558 30.0 0
1726767524691 40.0 0
1726767524811 50.0 0
1726767524929 60.0 0
1726767525049 70.0 0
1726767525168 80.0 0
1726767525286 90.0 0
1726767526057 0.0 0
1726767526179 10.0 0
1726767526297 20.0 0
1726767526415 30.0 0
1726767526533 40.0 0
1726767526650 50.0 0
1726767526768 60.0 0
1726767526885 70.0 0
1726767527003 80.0 0
1726767527120 90.0 0
1726767527883 0.0 0
1726767528002 10.0 0
1726767528120 20.0 0
1726767528237 30.0 0
1726767528355 40.0 0
1726767528474 50.0 0
1726767528592 60.0 0
1726767528710 70.0 0
1726767528827 80.0 0
1726767528943 90.0 0
1726767529698 0.0 0
1726767529816 10.0 0
1726767529933 20.0 0
1726767530053 30.0 0
1726767530172 40.0 0
1726767530289 50.0 0
1726767530407 60.0 0
1726767530524 70.0 0
1726767530641 80.0 0
1726767530759 90.0 0
1726767531519 0.0 0
1726767531638 10.0 0
1726767531758 20.0 0
1726767531876 30.0 0
1726767531993 40.0 0
1726767532112 50.0 0
1726767532231 60.0 0
1726767532349 70.0 0
1726767532466 80.0 0
1726767532583 90.0 0
