1726849285394 24.670549 0
1726849285550 9.170021 0
1726849285706 10.714299 0
1726849285854 2.410758 0
1726849285994 3.023092 0
1726849286131 3.452062 0
1726849286264 1.472948 0
1726849286394 5.122652 0
1726849286527 1.108109 0
1726849286663 1.591213 0
1726849287951 1.63 0
1726849288123 3.78758 0
1726849288288 1.651058 0
1726849288450 0.798066 0
1726849288607 7.097427 0
1726849288758 2.734774 0
1726849288901 9.834907 0
1726849289039 5.239144 0
1726849289175 0.914494 0
1726849289309 1.177596 0
1726849290682 2.784569 0
1726849290869 3.630177 0
1726849291043 1.17491 0
1726849291197 0.813333 0
1726849291340 0.948651 0
1726849291482 5.982007 0
1726849291626 11.536967 0
1726849291770 1.222795 0
1726849291912 1.068828 0
1726849292048 3.114233 0
1726849293155 2.864914 0
1726849293337 4.232581 0
1726849293506 12.056256 0
1726849293661 0.735585 0
1726849293806 12.817746 0
1726849293944 10.600132 0
1726849294080 16.272495 0
1726849294215 10.017055 0
1726849294352 0.917697 0
1726849294492 6.405447 0
1726849295802 3.321492 0
1726849295994 2.246604 0
1726849296169 9.218034 0
1726849296331 0.794401 0
1726849296481 0.39022 0
1726849296628 3.226776 0
1726849296772 5.193394 0
1726849296914 5.244135 0
1726849297053 0.64647 0
1726849297191 9.680321 0
1726849298655 30.523232 0
1726849298837 8.008113 0
1726849299009 2.241867 0
1726849299170 1.235689 0
1726849299321 6.853213 0
1726849299464 1.465651 0
1726849299606 3.454456 0
1726849299746 3.827328 0
1726849299883 0.588614 0
1726849300020 50.852123 0
1726849301338 4.673969 0
1726849301528 3.991108 0
1726849301702 1.380943 0
1726849301859 0.918174 0
1726849302005 16.147488 0
1726849302149 3.117822 0
1726849302293 169.614609 0
1726849302436 4.749063 0
1726849302583 0.642777 0
1726849302732 2.378627 0
1726849304185 2.850338 0
1726849304374 10.762642 0
1726849304547 1.533054 0
1726849304712 0.932734 0
1726849304863 2.180185 0
1726849305003 1.962573 0
1726849305139 14.218927 0
1726849305274 4.626435 0
1726849305413 0.632152 0
1726849305554 7.617224 0
1726849307018 5.909532 0
1726849307207 5.896741 0
1726849307380 1.199713 0
1726849307540 0.666077 0
1726849307695 2.153874 0
1726849307845 2.507951 0
1726849307988 16.174213 0
1726849308127 8.072849 0
1726849308264 2.935246 0
1726849308399 1.838907 0
1726849309903 2.017373 0
1726849310091 3.622399 0
1726849310258 1.88458 0
1726849310413 0.656754 0
1726849310556 1.857926 0
1726849310694 3.619678 0
1726849310830 5.3081 0
1726849310963 4.774629 0
1726849311094 0.725044 0
1726849311225 1.526883 0
