1726877042419 0.0 0
1726877042573 10.0 0
1726877042719 20.0 0
1726877042866 30.0 0
1726877043008 40.0 0
1726877043155 50.0 0
1726877043299 60.0 0
1726877043444 70.0 0
1726877043594 80.0 0
1726877043746 90.0 0
1726877043896 100.0 1
1726877044041 110.0 1
1726877044185 120.0 1
1726877045237 0.0 0
1726877045382 10.0 0
1726877045529 20.0 0
1726877045679 30.0 0
1726877045831 40.0 0
1726877045976 50.0 0
1726877046122 60.0 0
1726877046264 70.0 0
1726877046408 80.0 0
1726877046554 90.0 0
1726877046699 100.0 2
1726877046843 110.0 2
1726877046987 120.0 2
1726877047981 0.0 0
1726877048126 10.0 0
1726877048268 20.0 0
1726877048412 30.0 0
1726877048557 40.0 0
1726877048704 50.0 0
1726877048848 60.0 0
1726877048991 70.0 0
1726877049139 80.0 0
1726877049283 90.0 0
1726877049426 100.0 3
1726877049568 110.0 3
1726877049715 120.0 3
1726877050676 0.0 0
1726877050825 10.0 0
1726877050973 20.0 0
1726877051116 30.0 0
1726877051261 40.0 0
1726877051407 50.0 0
1726877051553 60.0 0
1726877051701 70.0 0
1726877051849 80.0 0
1726877051996 90.0 0
1726877052139 100.0 4
1726877052280 110.0 4
1726877052426 120.0 4
1726877053385 0.0 0
1726877053532 10.0 0
1726877053676 20.0 0
1726877053827 30.0 0
1726877053976 40.0 0
1726877054122 50.0 0
1726877054263 60.0 0
1726877054406 70.0 0
1726877054550 80.0 0
1726877054693 90.0 0
1726877054842 100.0 5
1726877054987 110.0 5
1726877055131 120.0 5
