1727117347984 0.0 0
1727117348086 10.0 0
1727117348187 20.0 0
1727117348289 30.0 0
1727117348390 40.0 0
1727117348490 50.0 0
1727117348592 60.0 0
1727117348693 70.0 0
1727117348793 80.0 0
1727117348896 90.0 0
1727117348998 100.0 1
1727117349104 110.0 1
1727117349205 120.0 1
1727117349305 130.0 1
1727117349406 140.0 1
1727117349508 150.0 1
1727117349609 160.0 1
1727117349710 170.0 1
1727117349812 180.0 1
1727117350562 0.0 0
1727117350668 10.0 0
1727117350770 20.0 0
1727117350870 30.0 0
1727117350971 40.0 0
1727117351076 50.0 0
1727117351184 60.0 0
1727117351287 70.0 0
1727117351387 80.0 0
1727117351490 90.0 0
1727117351591 100.0 2
1727117351695 110.0 2
1727117351795 120.0 2
1727117351896 130.0 2
1727117351999 140.0 2
1727117352102 150.0 2
1727117352204 160.0 2
1727117352305 170.0 2
1727117352408 180.0 2
1727117353170 0.0 0
1727117353275 10.0 0
1727117353375 20.0 0
1727117353475 30.0 0
1727117353575 40.0 0
1727117353677 50.0 0
1727117353779 60.0 0
1727117353883 70.0 0
1727117353984 80.0 0
1727117354085 90.0 0
1727117354183 100.0 3
1727117354286 110.0 3
1727117354388 120.0 3
1727117354488 130.0 3
1727117354590 140.0 3
1727117354690 150.0 3
1727117354791 160.0 3
1727117354893 170.0 3
1727117354997 180.0 3
1727117355773 0.0 0
1727117355876 10.0 0
1727117355978 20.0 0
1727117356078 30.0 0
1727117356181 40.0 0
1727117356284 50.0 0
1727117356384 60.0 0
1727117356486 70.0 0
1727117356587 80.0 0
1727117356688 90.0 0
1727117356789 100.0 4
1727117356891 110.0 4
1727117356992 120.0 4
1727117357095 130.0 4
1727117357199 140.0 4
1727117357307 150.0 4
1727117357410 160.0 4
1727117357512 170.0 4
1727117357612 180.0 4
1727117358367 0.0 0
1727117358469 10.0 0
1727117358572 20.0 0
1727117358675 30.0 0
1727117358777 40.0 0
1727117358881 50.0 0
1727117358981 60.0 0
1727117359083 70.0 0
1727117359187 80.0 0
1727117359288 90.0 0
1727117359392 100.0 5
1727117359497 110.0 5
1727117359599 120.0 5
1727117359700 130.0 5
1727117359800 140.0 5
1727117359900 150.0 5
1727117360001 160.0 5
1727117360100 170.0 5
1727117360201 180.0 5
1727117360954 0.0 0
1727117361057 10.0 0
1727117361159 20.0 0
1727117361261 30.0 0
1727117361364 40.0 0
1727117361464 50.0 0
1727117361563 60.0 0
1727117361663 70.0 0
1727117361765 80.0 0
1727117361871 90.0 0
1727117361970 100.0 6
1727117362072 110.0 6
1727117362172 120.0 6
1727117362276 130.0 6
1727117362377 140.0 6
1727117362478 150.0 6
1727117362581 160.0 6
1727117362681 170.0 6
1727117362788 180.0 6
1727117363552 0.0 0
1727117363654 10.0 0
1727117363755 20.0 0
1727117363867 30.0 0
1727117363968 40.0 0
1727117364072 50.0 0
1727117364174 60.0 0
1727117364277 70.0 0
1727117364379 80.0 0
1727117364479 90.0 0
1727117364579 100.0 7
1727117364682 110.0 7
1727117364785 120.0 7
1727117364886 130.0 7
1727117364985 140.0 7
1727117365086 150.0 7
1727117365188 160.0 7
1727117365292 170.0 7
1727117365393 180.0 7
1727117366173 0.0 0
1727117366275 10.0 0
1727117366375 20.0 0
1727117366485 30.0 0
1727117366588 40.0 0
1727117366690 50.0 0
1727117366794 60.0 0
1727117366895 70.0 0
1727117366995 80.0 0
1727117367095 90.0 0
1727117367196 100.0 8
1727117367296 110.0 8
1727117367402 120.0 8
1727117367508 130.0 8
1727117367609 140.0 8
1727117367708 150.0 8
1727117367809 160.0 8
1727117367910 170.0 8
1727117368012 180.0 8
