1726779779426 21.981113 0
1726779779543 4.51754 0
1726779779660 27.743011 0
1726779779778 7.131068 0
1726779779896 2.95601 0
1726779780013 2.21109 0
1726779780131 1.948076 0
1726779780248 2.003513 0
1726779780365 4.794186 0
1726779780482 1.574031 0
1726779780599 0.799199 1
1726779780717 1.358238 1
1726779780835 1.541857 1
1726779780952 0.964643 1
1726779781070 9.159369 1
1726779781187 4.425191 1
1726779781305 1.669079 1
1726779781423 1.162774 1
1726779781540 0.69143 1
1726779781657 1.130092 1
1726779781776 1.034529 2
1726779781895 0.601152 2
1726779782012 1.451387 2
1726779782128 0.138436 2
1726779783653 6.062854 0
1726779783771 0.803053 0
1726779783891 0.557567 0
1726779784008 1.305894 0
1726779784126 1.006263 0
1726779784243 0.877019 0
1726779784361 0.642368 0
1726779784478 0.605373 0
1726779784596 0.776579 0
1726779784713 1.048212 0
1726779784831 0.468943 2
1726779784949 1.329281 2
1726779785066 0.728554 2
1726779785183 0.731922 2
1726779785300 6.414667 2
1726779785417 2.433718 2
1726779785535 1.065996 2
1726779785652 1.155564 2
1726779785769 2.051623 2
1726779785888 0.773336 2
1726779786006 3.364188 4
1726779786124 0.525985 4
1726779786243 0.61653 4
1726779786358 0.049764 4
1726779787842 13.781204 0
1726779787962 0.962011 0
1726779788080 0.547157 0
1726779788198 3.771634 0
1726779788316 1.601886 0
1726779788433 1.25296 0
1726779788552 0.807855 0
1726779788669 0.550217 0
1726779788786 7.360113 0
1726779788903 0.67487 0
1726779789021 0.637096 3
1726779789138 1.169483 3
1726779789256 0.609981 3
1726779789375 2.867806 3
1726779789492 2.927857 3
1726779789609 1.433114 3
1726779789727 1.222525 3
1726779789845 0.860046 3
1726779789964 0.661265 3
1726779790083 0.640241 3
1726779790201 1.481567 6
1726779790318 0.536924 6
1726779790436 1.031904 6
1726779790551 0.043148 6
1726779792053 1.881989 0
1726779792170 1.308205 0
1726779792288 0.604578 0
1726779792405 1.083113 0
1726779792524 0.797495 0
1726779792641 1.17302 0
1726779792758 0.721171 0
1726779792876 0.920621 0
1726779792994 0.899694 0
1726779793112 0.586343 0
1726779793229 1.103768 4
1726779793348 1.691968 4
1726779793466 0.619882 4
1726779793584 0.538679 4
1726779793702 0.630882 4
1726779793820 1.203356 4
1726779793937 1.199278 4
1726779794055 1.11921 4
1726779794175 1.045399 4
1726779794293 0.478027 4
1726779794410 1.088152 8
1726779794528 0.428723 8
1726779794645 0.733238 8
1726779794761 0.086487 8
1726779796261 0.785229 0
1726779796379 0.94549 0
1726779796497 1.064244 0
1726779796615 1.851734 0
1726779796733 1.119972 0
1726779796851 1.066463 0
1726779796969 0.560149 0
1726779797087 0.684309 0
1726779797205 1.410225 0
1726779797323 0.65877 0
1726779797441 0.445978 5
1726779797559 2.290071 5
1726779797677 0.779065 5
1726779797794 0.476031 5
1726779797911 0.600651 5
1726779798029 1.202896 5
1726779798147 1.423905 5
1726779798267 0.856395 5
1726779798384 0.773031 5
1726779798503 1.51844 5
1726779798621 0.883199 10
1726779798739 0.427667 10
1726779798857 2.53935 10
1726779798972 0.096241 10
