1727269751952 464.395325 0
1727269752078 69.875481 0
1727269752208 125.931366 0
1727269752333 87.950615 0
1727269752458 12.749747 0
1727269752590 17.175282 0
1727269752717 26.108833 0
1727269752841 16.955284 0
1727269752983 28.754189 0
1727269753124 46.255592 0
1727269753259 93.75264 1
1727269753919 10.779045 0
1727269754045 7.498322 0
1727269754175 9.972807 0
1727269754305 33.39777 0
1727269754422 26.275452 0
1727269754539 17.494589 0
1727269754659 12.49714 0
1727269754774 89.649521 0
1727269754885 29.206861 0
1727269755010 10.27227 0
1727269755129 230.06015 2
1727269755746 4.275113 0
1727269755870 3.087455 0
1727269756007 3.44637 0
1727269756163 6.268116 0
1727269756302 22.407543 0
1727269756433 7.108888 0
1727269756563 6.266411 0
1727269756697 6.068358 0
1727269756827 20.44351 0
1727269756953 4.840292 0
1727269757090 14.872908 3
1727269757837 1.704857 0
1727269757965 1.022729 0
1727269758094 1.107048 0
1727269758225 4.207968 0
1727269758354 9.074001 0
1727269758485 3.291975 0
1727269758612 13.661047 0
1727269758730 2.737379 0
1727269758856 4.36148 0
1727269758984 2.575329 0
1727269759113 3.969318 4
1727269759778 0.333626 0
1727269759907 0.270871 0
1727269760028 0.529668 0
1727269760154 3.69399 0
1727269760290 9.178617 0
1727269760417 2.300051 0
1727269760543 5.637562 0
1727269760684 1.932436 0
1727269760813 8.223102 0
1727269760939 3.020308 0
1727269761080 4.558015 5
1727269761753 0.363852 0
1727269761888 0.280832 0
1727269762015 0.535044 0
1727269762145 2.528206 0
1727269762266 10.668396 0
1727269762394 2.229011 0
1727269762517 2.584737 0
1727269762641 2.443177 0
1727269762768 5.429411 0
1727269762902 2.763334 0
1727269763035 3.21124 6
1727269763849 0.346641 0
1727269764002 0.267918 0
1727269764156 0.526374 0
1727269764295 3.861561 0
1727269764446 5.757921 0
1727269764593 3.810139 0
1727269764727 2.40523 0
1727269764870 2.018626 0
1727269765006 20.916664 0
1727269765168 2.299297 0
1727269765304 2.883693 7
1727269766119 0.322453 0
1727269766241 0.270083 0
1727269766371 0.513356 0
1727269766503 6.251221 0
1727269766622 5.330129 0
1727269766749 4.022365 0
1727269766867 1.875584 0
1727269767004 41.641354 0
1727269767141 4.613967 0
1727269767283 13.890628 0
1727269767415 4.15286 8
1727269768154 0.295294 0
1727269768281 0.259972 0
1727269768408 0.503334 0
1727269768537 2.368664 0
1727269768675 4.141702 0
1727269768804 4.310931 0
1727269768926 1.740854 0
1727269769055 3.909245 0
1727269769193 9.833237 0
1727269769317 3.179696 0
1727269769437 3.956333 9
1727269770225 0.287572 0
1727269770357 0.254799 0
1727269770485 0.511788 0
1727269770624 3.336671 0
1727269770753 4.188245 0
1727269770887 2.207746 0
1727269771015 1.658186 0
1727269771145 3.70314 0
1727269771283 3.760797 0
1727269771416 3.949862 0
1727269771546 3.631848 10
