1726886608106 0.882042 0
1726886608246 0.435481 0
1726886608384 0.355125 0
1726886608520 0.551585 0
1726886608657 0.395337 0
1726886608793 0.253517 0
1726886608932 0.26059 0
1726886609069 0.270957 0
1726886609207 0.206392 0
1726886609345 1.289717 0
1726886609483 0.531332 1
1726886609619 0.215628 1
1726886609757 0.486899 1
1726886609894 0.209605 1
1726886610033 0.291104 1
1726886610170 0.469564 1
1726886610307 0.255377 1
1726886610446 0.159106 1
1726886610583 0.395662 1
1726886610720 0.217744 1
1726886610857 0.232823 2
1726886610995 0.423545 2
1726886611132 0.556183 2
1726886611269 1.68451 2
1726886612927 0.277921 0
1726886613070 0.169126 0
1726886613208 0.223872 0
1726886613343 0.193502 0
1726886613481 0.201756 0
1726886613616 0.107325 0
1726886613753 0.157664 0
1726886613890 0.350761 0
1726886614028 0.051271 0
1726886614165 0.453507 0
1726886614302 0.22057 2
1726886614438 0.475859 2
1726886614575 0.267966 2
1726886614711 0.158122 2
1726886614848 0.280544 2
1726886614985 0.297069 2
1726886615125 0.308535 2
1726886615265 0.22183 2
1726886615402 0.298686 2
1726886615539 0.238253 2
1726886615676 0.319423 4
1726886615812 0.307738 4
1726886615948 0.414997 4
1726886616086 0.962261 4
1726886617715 0.307139 0
1726886617853 0.176777 0
1726886617990 0.200261 0
1726886618130 0.284864 0
1726886618268 0.205524 0
1726886618405 0.070262 0
1726886618542 0.100068 0
1726886618680 0.260293 0
1726886618817 0.100155 0
1726886618955 0.732843 0
1726886619093 0.251889 3
1726886619233 0.208927 3
1726886619374 0.284609 3
1726886619512 0.162261 3
1726886619655 0.233969 3
1726886619792 0.234251 3
1726886619930 0.185507 3
1726886620067 0.17709 3
1726886620205 0.307307 3
1726886620343 0.267034 3
1726886620480 0.16937 6
1726886620617 0.271926 6
1726886620755 0.403804 6
1726886620891 0.752494 6
1726886622573 0.163539 0
1726886622712 0.127009 0
1726886622849 0.157536 0
1726886622985 0.189373 0
1726886623122 0.184002 0
1726886623262 0.066628 0
1726886623401 0.100496 0
1726886623538 0.234644 0
1726886623675 0.05797 0
1726886623813 0.524567 0
1726886623952 0.180476 4
1726886624088 0.134869 4
1726886624225 0.200977 4
1726886624364 0.105017 4
1726886624501 0.171643 4
1726886624637 0.22291 4
1726886624773 0.179771 4
1726886624911 0.150678 4
1726886625047 0.257569 4
1726886625184 0.216189 4
1726886625322 0.187325 8
1726886625461 0.258238 8
1726886625599 0.372994 8
1726886625735 0.684287 8
1726886627357 0.138791 0
1726886627496 0.121307 0
1726886627633 0.155701 0
1726886627770 0.169159 0
1726886627906 0.175332 0
1726886628044 0.066293 0
1726886628182 0.09981 0
1726886628319 0.228093 0
1726886628457 0.053701 0
1726886628595 0.450595 0
1726886628732 0.156374 5
1726886628871 0.129072 5
1726886629007 0.187394 5
1726886629145 0.099243 5
1726886629282 0.164285 5
1726886629420 0.222222 5
1726886629557 0.182338 5
1726886629693 0.148445 5
1726886629830 0.240513 5
1726886629967 0.196828 5
1726886630104 0.187463 10
1726886630241 0.246152 10
1726886630378 0.360148 10
1726886630517 0.673378 10
1726886632130 0.137439 0
1726886632270 0.120366 0
1726886632407 0.155257 0
1726886632547 0.167427 0
1726886632684 0.175318 0
1726886632820 0.065962 0
1726886633268 0.099306 0
1726886633409 0.225883 0
1726886633549 0.0528 0
1726886633687 0.444065 0
1726886633826 0.155209 6
1726886634002 0.129922 6
1726886634140 0.185711 6
1726886634279 0.098729 6
1726886634416 0.164118 6
1726886634554 0.222674 6
1726886634691 0.183187 6
1726886634828 0.1474 6
1726886634966 0.239778 6
1726886635102 0.194465 6
1726886635238 0.187622 12
1726886635449 0.245406 12
1726886635631 0.358437 12
1726886635768 0.667624 12
1726886637400 0.135325 0
1726886637538 0.119383 0
1726886637677 0.154286 0
1726886637814 0.166673 0
1726886637952 0.174571 0
1726886638090 0.065201 0
1726886638230 0.09906 0
1726886638367 0.226778 0
1726886638505 0.052342 0
1726886638643 0.435018 0
1726886638780 0.153956 7
1726886638918 0.130035 7
1726886639056 0.183975 7
1726886639192 0.097825 7
1726886639329 0.163245 7
1726886639465 0.221039 7
1726886639603 0.182473 7
1726886639743 0.147403 7
1726886639880 0.237621 7
1726886640017 0.192927 7
1726886640155 0.188135 14
1726886640292 0.243576 14
1726886640428 0.356539 14
1726886640565 0.664572 14
1726886642225 0.135268 0
1726886642364 0.11965 0
1726886642501 0.154062 0
1726886642637 0.1661 0
1726886642776 0.174591 0
1726886642913 0.065498 0
1726886643050 0.098864 0
1726886643188 0.226589 0
1726886643324 0.052701 0
1726886643461 0.436841 0
1726886643598 0.153074 8
1726886643736 0.130159 8
1726886643873 0.184194 8
1726886644011 0.098115 8
1726886644147 0.16349 8
1726886644284 0.222202 8
1726886644422 0.182444 8
1726886644561 0.146948 8
1726886644700 0.237398 8
1726886644841 0.193156 8
1726886644978 0.187657 16
1726886645115 0.243701 16
1726886645252 0.357346 16
1726886645388 0.66379 16
1726886647016 0.134772 0
1726886647155 0.118959 0
1726886647291 0.154262 0
1726886647429 0.166801 0
1726886647566 0.174768 0
1726886647702 0.065555 0
1726886647843 0.098319 0
1726886647980 0.226973 0
1726886648122 0.052468 0
1726886648263 0.436713 0
1726886648401 0.153905 9
1726886648542 0.129885 9
1726886648681 0.183708 9
1726886648820 0.09721 9
1726886648957 0.162927 9
1726886649094 0.22123 9
1726886649231 0.180797 9
1726886649368 0.147452 9
1726886649505 0.237598 9
1726886649642 0.192444 9
1726886649780 0.187547 18
1726886649921 0.243799 18
1726886650058 0.356556 18
1726886650196 0.664716 18
1726886651833 0.134915 0
1726886651977 0.119768 0
1726886652116 0.153788 0
1726886652254 0.166786 0
1726886652392 0.174545 0
1726886652530 0.065172 0
1726886652669 0.098878 0
1726886652807 0.226429 0
1726886652947 0.052724 0
1726886653088 0.435732 0
1726886653227 0.153757 10
1726886653363 0.129801 10
1726886653500 0.183702 10
1726886653638 0.097887 10
1726886653776 0.162942 10
1726886653914 0.222043 10
1726886654097 0.18223 10
1726886654234 0.147412 10
1726886654370 0.236878 10
1726886654508 0.193095 10
1726886654645 0.187819 20
1726886654781 0.243134 20
1726886654918 0.355535 20
1726886655057 0.665317 20
