1726755118816 0.0 0
1726755118905 10.0 0
1726755118997 20.0 0
1726755119085 30.0 0
1726755119184 40.0 0
1726755119272 50.0 0
1726755119358 60.0 0
1726755119445 70.0 0
1726755119533 80.0 0
1726755119620 90.0 0
1726755119708 100.0 1
1726755119796 110.0 1
1726755119889 120.0 1
1726755119978 130.0 1
1726755120063 140.0 1
1726755120151 150.0 1
1726755120236 160.0 1
1726755120322 170.0 1
1726755120408 180.0 1
1726755120495 190.0 1
1726755120580 200.0 2
1726755120666 210.0 2
1726755120753 220.0 2
1726755120840 230.0 2
1726755120926 240.0 2
1726755121012 250.0 2
1726755121098 260.0 2
1726755121202 270.0 2
1726755121305 280.0 2
1726755121401 290.0 2
1726755121496 300.0 3
1726755121590 310.0 3
1726755121682 320.0 3
1726755121770 330.0 3
1726755121858 340.0 3
1726755121945 350.0 3
1726755122032 360.0 3
1726755122119 370.0 3
1726755122203 380.0 3
1726755122291 390.0 3
1726755122377 400.0 4
1726755122466 410.0 4
1726755122554 420.0 4
1726755125208 0.0 0
1726755125312 10.0 0
1726755125399 20.0 0
1726755125485 30.0 0
1726755125574 40.0 0
1726755125661 50.0 0
1726755125749 60.0 0
1726755125836 70.0 0
1726755125923 80.0 0
1726755126012 90.0 0
1726755126098 100.0 2
1726755126184 110.0 2
1726755126271 120.0 2
1726755126357 130.0 2
1726755126445 140.0 2
1726755126531 150.0 2
1726755126617 160.0 2
1726755126704 170.0 2
1726755126789 180.0 2
1726755126875 190.0 2
1726755126965 200.0 4
1726755127053 210.0 4
1726755127140 220.0 4
1726755127227 230.0 4
1726755127321 240.0 4
1726755127410 250.0 4
1726755127498 260.0 4
1726755127585 270.0 4
1726755127671 280.0 4
1726755127758 290.0 4
1726755127846 300.0 6
1726755127936 310.0 6
1726755128022 320.0 6
1726755128110 330.0 6
1726755128195 340.0 6
1726755128282 350.0 6
1726755128370 360.0 6
1726755128460 370.0 6
1726755128549 380.0 6
1726755128637 390.0 6
1726755128728 400.0 8
1726755128815 410.0 8
1726755128902 420.0 8
1726755131031 0.0 0
1726755131127 10.0 0
1726755131217 20.0 0
1726755131304 30.0 0
1726755131394 40.0 0
1726755131485 50.0 0
1726755131571 60.0 0
1726755131657 70.0 0
1726755131745 80.0 0
1726755131830 90.0 0
1726755131916 100.0 3
1726755132002 110.0 3
1726755132088 120.0 3
1726755132174 130.0 3
1726755132260 140.0 3
1726755132346 150.0 3
1726755132433 160.0 3
1726755132520 170.0 3
1726755132606 180.0 3
1726755132692 190.0 3
1726755132778 200.0 6
1726755132864 210.0 6
1726755132951 220.0 6
1726755133036 230.0 6
1726755133123 240.0 6
1726755133210 250.0 6
1726755133297 260.0 6
1726755133385 270.0 6
1726755133480 280.0 6
1726755133567 290.0 6
1726755133653 300.0 9
1726755133743 310.0 9
1726755133831 320.0 9
1726755133919 330.0 9
1726755134006 340.0 9
1726755134094 350.0 9
1726755134180 360.0 9
1726755134267 370.0 9
1726755134356 380.0 9
1726755134443 390.0 9
1726755134530 400.0 12
1726755134617 410.0 12
1726755134703 420.0 12
1726755136750 0.0 0
1726755136846 10.0 0
1726755136933 20.0 0
1726755137020 30.0 0
1726755137107 40.0 0
1726755137196 50.0 0
1726755137285 60.0 0
1726755137372 70.0 0
1726755137457 80.0 0
1726755137556 90.0 0
1726755137646 100.0 4
1726755137737 110.0 4
1726755137827 120.0 4
1726755137917 130.0 4
1726755138005 140.0 4
1726755138090 150.0 4
1726755138179 160.0 4
1726755138265 170.0 4
1726755138352 180.0 4
1726755138443 190.0 4
1726755138537 200.0 8
1726755138625 210.0 8
1726755138711 220.0 8
1726755138802 230.0 8
1726755138890 240.0 8
1726755138977 250.0 8
1726755139063 260.0 8
1726755139149 270.0 8
1726755139235 280.0 8
1726755139321 290.0 8
1726755139407 300.0 12
1726755139495 310.0 12
1726755139586 320.0 12
1726755139677 330.0 12
1726755139764 340.0 12
1726755139856 350.0 12
1726755139949 360.0 12
1726755140037 370.0 12
1726755140124 380.0 12
1726755140213 390.0 12
1726755140304 400.0 16
1726755140394 410.0 16
1726755140482 420.0 16
1726755142511 0.0 0
1726755142604 10.0 0
1726755142692 20.0 0
1726755142782 30.0 0
1726755142870 40.0 0
1726755142960 50.0 0
1726755143048 60.0 0
1726755143135 70.0 0
1726755143221 80.0 0
1726755143311 90.0 0
1726755143403 100.0 5
1726755143493 110.0 5
1726755143581 120.0 5
1726755143671 130.0 5
1726755143760 140.0 5
1726755143848 150.0 5
1726755143934 160.0 5
1726755144020 170.0 5
1726755144107 180.0 5
1726755144196 190.0 5
1726755144283 200.0 10
1726755144370 210.0 10
1726755144463 220.0 10
1726755144553 230.0 10
1726755144640 240.0 10
1726755144727 250.0 10
1726755144812 260.0 10
1726755144905 270.0 10
1726755144991 280.0 10
1726755145078 290.0 10
1726755145167 300.0 15
1726755145254 310.0 15
1726755145342 320.0 15
1726755145429 330.0 15
1726755145515 340.0 15
1726755145601 350.0 15
1726755145687 360.0 15
1726755145782 370.0 15
1726755145871 380.0 15
1726755145960 390.0 15
1726755146047 400.0 20
1726755146134 410.0 20
1726755146221 420.0 20
1726755148228 0.0 0
1726755148321 10.0 0
1726755148408 20.0 0
1726755148496 30.0 0
1726755148582 40.0 0
1726755148669 50.0 0
1726755148755 60.0 0
1726755148840 70.0 0
1726755148929 80.0 0
1726755149020 90.0 0
1726755149108 100.0 6
1726755149197 110.0 6
1726755149284 120.0 6
1726755149371 130.0 6
1726755149458 140.0 6
1726755149545 150.0 6
1726755149635 160.0 6
1726755149724 170.0 6
1726755149817 180.0 6
1726755149915 190.0 6
1726755150004 200.0 12
1726755150091 210.0 12
1726755150182 220.0 12
1726755150269 230.0 12
1726755150356 240.0 12
1726755150442 250.0 12
1726755150529 260.0 12
1726755150616 270.0 12
1726755150705 280.0 12
1726755150792 290.0 12
1726755150879 300.0 18
1726755150965 310.0 18
1726755151052 320.0 18
1726755151137 330.0 18
1726755151225 340.0 18
1726755151316 350.0 18
1726755151407 360.0 18
1726755151494 370.0 18
1726755151582 380.0 18
1726755151671 390.0 18
1726755151761 400.0 24
1726755151853 410.0 24
1726755151945 420.0 24
1726755154024 0.0 0
1726755154122 10.0 0
1726755154209 20.0 0
1726755154296 30.0 0
1726755154383 40.0 0
1726755154470 50.0 0
1726755154560 60.0 0
1726755154648 70.0 0
1726755154735 80.0 0
1726755154823 90.0 0
1726755154909 100.0 7
1726755154996 110.0 7
1726755155089 120.0 7
1726755155177 130.0 7
1726755155263 140.0 7
1726755155350 150.0 7
1726755155436 160.0 7
1726755155523 170.0 7
1726755155609 180.0 7
1726755155696 190.0 7
1726755155782 200.0 14
1726755155870 210.0 14
1726755155966 220.0 14
1726755156055 230.0 14
1726755156144 240.0 14
1726755156231 250.0 14
1726755156320 260.0 14
1726755156409 270.0 14
1726755156500 280.0 14
1726755156586 290.0 14
1726755156675 300.0 21
1726755156763 310.0 21
1726755156848 320.0 21
1726755156939 330.0 21
1726755157027 340.0 21
1726755157113 350.0 21
1726755157199 360.0 21
1726755157286 370.0 21
1726755157373 380.0 21
1726755157460 390.0 21
1726755157548 400.0 28
1726755157635 410.0 28
1726755157722 420.0 28
1726755159783 0.0 0
1726755159882 10.0 0
1726755159970 20.0 0
1726755160064 30.0 0
1726755160153 40.0 0
1726755160239 50.0 0
1726755160326 60.0 0
1726755160411 70.0 0
1726755160498 80.0 0
1726755160585 90.0 0
1726755160671 100.0 8
1726755160757 110.0 8
1726755160848 120.0 8
1726755160945 130.0 8
1726755161035 140.0 8
1726755161122 150.0 8
1726755161208 160.0 8
1726755161293 170.0 8
1726755161380 180.0 8
1726755161466 190.0 8
1726755161553 200.0 16
1726755161639 210.0 16
1726755161725 220.0 16
1726755161812 230.0 16
1726755161897 240.0 16
1726755161984 250.0 16
1726755162072 260.0 16
1726755162163 270.0 16
1726755162250 280.0 16
1726755162337 290.0 16
1726755162423 300.0 24
1726755162509 310.0 24
1726755162595 320.0 24
1726755162682 330.0 24
1726755162768 340.0 24
1726755162854 350.0 24
1726755162945 360.0 24
1726755163034 370.0 24
1726755163123 380.0 24
1726755163212 390.0 24
1726755163299 400.0 32
1726755163386 410.0 32
1726755163473 420.0 32
1726755165486 0.0 0
1726755165579 10.0 0
1726755165666 20.0 0
1726755165753 30.0 0
1726755165842 40.0 0
1726755165929 50.0 0
1726755166016 60.0 0
1726755166102 70.0 0
1726755166198 80.0 0
1726755166286 90.0 0
1726755166379 100.0 9
1726755166468 110.0 9
1726755166564 120.0 9
1726755166652 130.0 9
1726755166741 140.0 9
1726755166830 150.0 9
1726755166918 160.0 9
1726755167009 170.0 9
1726755167098 180.0 9
1726755167188 190.0 9
1726755167277 200.0 18
1726755167366 210.0 18
1726755167453 220.0 18
1726755167540 230.0 18
1726755167628 240.0 18
1726755167715 250.0 18
1726755167802 260.0 18
1726755167889 270.0 18
1726755167976 280.0 18
1726755168063 290.0 18
1726755168151 300.0 27
1726755168246 310.0 27
1726755168335 320.0 27
1726755168421 330.0 27
1726755168511 340.0 27
1726755168601 350.0 27
1726755168689 360.0 27
1726755168776 370.0 27
1726755168864 380.0 27
1726755168952 390.0 27
1726755169038 400.0 36
1726755169126 410.0 36
1726755169212 420.0 36
