1726918306314 0.0 0
1726918306462 10.0 0
1726918306609 20.0 0
1726918306756 30.0 0
1726918306903 40.0 0
1726918307049 50.0 0
1726918307194 60.0 0
1726918307342 70.0 0
1726918307488 80.0 0
1726918307634 90.0 0
1726918308642 0.0 0
1726918308791 10.0 0
1726918308939 20.0 0
1726918309086 30.0 0
1726918309231 40.0 0
1726918309379 50.0 0
1726918309524 60.0 0
1726918309671 70.0 0
1726918309818 80.0 0
1726918309967 90.0 0
1726918310813 0.0 0
1726918310959 10.0 0
1726918311105 20.0 0
1726918311251 30.0 0
1726918311402 40.0 0
1726918311548 50.0 0
1726918311694 60.0 0
1726918311839 70.0 0
1726918311985 80.0 0
1726918312131 90.0 0
1726918312981 0.0 0
1726918313128 10.0 0
1726918313274 20.0 0
1726918313423 30.0 0
1726918313568 40.0 0
1726918313714 50.0 0
1726918313859 60.0 0
1726918314005 70.0 0
1726918314150 80.0 0
1726918314296 90.0 0
1726918315143 0.0 0
1726918315290 10.0 0
1726918315438 20.0 0
1726918315583 30.0 0
1726918315731 40.0 0
1726918315877 50.0 0
1726918316024 60.0 0
1726918316171 70.0 0
1726918316317 80.0 0
1726918316463 90.0 0
