1726811011026 5.879058 0
1726811011126 1.763752 0
1726811011222 8.389055 0
1726811011321 180.675049 0
1726811011419 28.223942 0
1726811011521 9.357029 0
1726811011627 6.008574 0
1726811011726 31.849579 0
1726811011826 18.054611 0
1726811011925 4.857078 0
1726811012024 2.98371 1
1726811012122 5.017922 1
1726811012220 12.209805 1
1726811012319 3.964668 1
1726811012419 2.131552 1
1726811012518 1.309516 1
1726811012622 5.491865 1
1726811012722 16.528524 1
1726811012821 4.187604 1
1726811012921 9.366106 1
1726811013019 4.232412 2
1726811013118 8.212391 2
1726811013217 3.441307 2
1726811013315 13.35397 2
1726811014562 18.491346 0
1726811014663 9.2439 0
1726811014763 7.604066 0
1726811014865 15.243704 0
1726811014964 3.646192 0
1726811015066 2.889838 0
1726811015169 149.744598 0
1726811015269 5.386061 0
1726811015372 2.66466 0
1726811015472 4.811704 0
1726811015570 1.951366 2
1726811015677 6.375085 2
1726811015777 1.869147 2
1726811015878 1.97336 2
1726811015977 1.077349 2
1726811016075 0.789779 2
1726811016178 3.464527 2
1726811016278 2.580198 2
1726811016378 4.905265 2
1726811016476 0.722453 2
1726811016581 5.272844 4
1726811016682 4.128482 4
1726811016787 1.89688 4
1726811016888 10.89962 4
1726811018152 2.011793 0
1726811018251 3.712398 0
1726811018351 8.649762 0
1726811018450 2.978628 0
1726811018548 2.664881 0
1726811018650 5.242157 0
1726811018750 1.239002 0
1726811018848 9.070055 0
1726811018948 2.574422 0
1726811019049 19.217184 0
1726811019152 2.003821 3
1726811019252 1.58199 3
1726811019352 3.840703 3
1726811019453 18.571236 3
1726811019555 2.132667 3
1726811019655 2.618334 3
1726811019763 1.595507 3
1726811019862 3.845761 3
1726811019960 5.604133 3
1726811020060 2.216168 3
1726811020159 2.39993 6
1726811020260 3.764355 6
1726811020360 4.346107 6
1726811020458 11.060871 6
1726811021578 0.945429 0
1726811021683 2.911632 0
1726811021791 15.045353 0
1726811021890 1.615817 0
1726811021989 3.667279 0
1726811022087 1.603461 0
1726811022186 2.316196 0
1726811022285 2.213097 0
1726811022384 4.666911 0
1726811022484 2.630437 0
1726811022582 9.955972 4
1726811022681 11.99041 4
1726811022780 19.226791 4
1726811022879 2.497839 4
1726811022977 3.140615 4
1726811023075 2.080835 4
1726811023175 1.929229 4
1726811023275 4.864715 4
1726811023377 10.870318 4
1726811023478 1.73174 4
1726811023577 2.561974 8
1726811023680 3.367664 8
1726811023780 2.256409 8
1726811023888 3.404156 8
1726811024998 6.131395 0
1726811025096 4.57549 0
1726811025196 9.03227 0
1726811025294 4.230117 0
1726811025393 3.10282 0
1726811025493 3.598708 0
1726811025594 1.61702 0
1726811025693 4.199654 0
1726811025791 5.202435 0
1726811025898 2.926255 0
1726811025998 3.805839 5
1726811026099 2.995334 5
1726811026200 3.288763 5
1726811026301 2.152679 5
1726811026404 1.366992 5
1726811026504 3.526259 5
1726811026607 1.698273 5
1726811026708 6.291361 5
1726811026807 3.402508 5
1726811026905 0.888032 5
1726811027003 4.703984 10
1726811027100 4.237921 10
1726811027198 1.680131 10
1726811027298 5.254538 10
