1727103660542 0.0 0
1727103660784 10.0 0
1727103661020 20.0 0
1727103661257 30.0 0
1727103661495 40.0 0
1727103661738 50.0 0
1727103662625 0.0 0
1727103662864 10.0 0
1727103663105 20.0 0
1727103663345 30.0 0
1727103663586 40.0 0
1727103663822 50.0 0
1727103664692 0.0 0
1727103664926 10.0 0
1727103665159 20.0 0
1727103665396 30.0 0
1727103665633 40.0 0
1727103665866 50.0 0
1727103666741 0.0 0
1727103666977 10.0 0
1727103667210 20.0 0
1727103667444 30.0 0
1727103667681 40.0 0
1727103667915 50.0 0
