1726802315993 6.520666 0
1726802316095 29.350138 0
1726802316196 5.499076 0
1726802316297 11.993519 0
1726802316398 22.375601 0
1726802316498 21.565649 0
1726802316599 2.508968 0
1726802316708 3.243819 0
1726802316810 4.143726 0
1726802316910 3.226534 0
1726802317009 2.458318 1
1726802317108 2.606389 1
1726802317210 2.505715 1
1726802317311 2.510802 1
1726802317412 1.63726 1
1726802317513 1.628244 1
1726802317612 2.976317 1
1726802317711 1.043556 1
1726802317810 2.280059 1
1726802317909 1.148904 1
1726802318015 2.280644 2
1726802318116 3.156381 2
1726802318216 0.901691 2
1726802318316 0.679871 2
1726802318416 0.749718 2
1726802318516 0.902522 2
1726802318615 0.913281 2
1726802318718 0.52018 2
1726802318822 1.130577 2
1726802318926 5.823941 2
1726802319029 1.166929 3
1726802319129 1.10778 3
1726802320723 2.849915 0
1726802320834 1.848646 0
1726802320934 0.640701 0
1726802321034 1.068373 0
1726802321133 2.978442 0
1726802321232 1.397763 0
1726802321332 1.199291 0
1726802321431 2.249172 0
1726802321529 1.194953 0
1726802321631 1.371978 0
1726802321730 0.790682 2
1726802321831 1.224494 2
1726802321930 4.660963 2
1726802322029 8.744244 2
1726802322129 1.143799 2
1726802322229 0.532505 2
1726802322330 1.032031 2
1726802322436 1.154205 2
1726802322537 2.074631 2
1726802322637 1.404188 2
1726802322736 7.21266 4
1726802322843 6.255354 4
1726802322944 1.219677 4
1726802323042 0.363236 4
1726802323146 0.887509 4
1726802323251 1.241827 4
1726802323357 0.882898 4
1726802323457 0.398041 4
1726802323557 1.841875 4
1726802323656 1.571662 4
1726802323756 1.199311 6
1726802323855 0.477301 6
1726802325458 0.809905 0
1726802325561 0.677545 0
1726802325662 0.747688 0
1726802325771 0.438692 0
1726802325871 4.747855 0
1726802325971 0.99607 0
1726802326070 0.63296 0
1726802326172 1.51091 0
1726802326272 1.083668 0
1726802326370 1.506635 0
1726802326470 0.976144 3
1726802326568 0.87445 3
1726802326670 1.016197 3
1726802326771 1.576597 3
1726802326871 1.543408 3
1726802326979 0.498827 3
1726802327079 1.860996 3
1726802327179 0.795048 3
1726802327282 1.834299 3
1726802327383 1.263138 3
1726802327483 2.146066 6
1726802327582 2.942466 6
1726802327681 1.085629 6
1726802327780 0.806955 6
1726802327879 2.000698 6
1726802327979 1.356954 6
1726802328080 1.040362 6
1726802328180 0.799868 6
1726802328279 1.13642 6
1726802328380 2.20864 6
1726802328479 1.094178 9
1726802328579 0.443664 9
1726802330233 0.827412 0
1726802330337 1.449905 0
1726802330440 2.485153 0
1726802330544 0.413629 0
1726802330643 1.476026 0
1726802330748 1.120152 0
1726802330848 0.716431 0
1726802330950 1.009372 0
1726802331057 1.065602 0
1726802331157 1.270602 0
1726802331261 0.594119 4
1726802331363 0.800225 4
1726802331462 0.805004 4
1726802331563 7.907919 4
1726802331663 5.060764 4
1726802331762 0.721231 4
1726802331863 2.254444 4
1726802331962 1.626725 4
1726802332063 1.240708 4
1726802332162 0.394257 4
1726802332262 14.77738 8
1726802332362 2.733079 8
1726802332462 6.210574 8
1726802332560 0.349371 8
1726802332658 1.813286 8
1726802332760 2.19447 8
1726802332864 0.87467 8
1726802332967 6.252225 8
1726802333092 1.794149 8
1726802333192 0.850159 8
1726802333304 10.469623 12
1726802333404 0.424933 12
1726802334986 0.936172 0
1726802335090 1.802896 0
1726802335195 1.749223 0
1726802335296 0.418273 0
1726802335396 3.249507 0
1726802335495 1.206093 0
1726802335597 0.653899 0
1726802335698 1.399251 0
1726802335804 0.948762 0
1726802335904 1.772378 0
1726802336004 0.736445 5
1726802336104 0.808174 5
1726802336207 0.716955 5
1726802336312 4.765476 5
1726802336413 0.935174 5
1726802336513 0.535987 5
1726802336614 4.504215 5
1726802336717 1.030764 5
1726802336818 1.582951 5
1726802336919 0.514429 5
1726802337019 1.847382 10
1726802337119 1.120851 10
1726802337230 0.809554 10
1726802337331 0.314323 10
1726802337431 0.692358 10
1726802337531 2.734704 10
1726802337630 0.73409 10
1726802337729 0.491227 10
1726802337828 3.476043 10
1726802337928 0.612057 10
1726802338029 1.432986 15
1726802338129 0.411797 15
1726802339743 0.797334 0
1726802339847 0.598511 0
1726802339950 3.056181 0
1726802340052 0.459008 0
1726802340153 1.612514 0
1726802340253 0.867363 0
1726802340353 0.824007 0
1726802340452 1.999588 0
1726802340551 1.037786 0
1726802340651 1.215967 0
1726802340752 0.959147 6
1726802340854 1.544158 6
1726802340954 0.677723 6
1726802341053 9.467639 6
1726802341153 0.947684 6
1726802341259 0.553046 6
1726802341360 5.604218 6
1726802341460 2.511341 6
1726802341559 1.128333 6
1726802341659 0.427653 6
1726802341760 26.751812 12
1726802341859 1.885649 12
1726802341958 0.761712 12
1726802342057 0.321911 12
1726802342156 1.825912 12
1726802342255 1.875392 12
1726802342354 0.705116 12
1726802342454 0.644407 12
1726802342554 2.753212 12
1726802342654 0.55334 12
1726802342754 1.496963 18
1726802342854 0.407474 18
1726802344464 1.037217 0
1726802344577 0.782375 0
1726802344680 4.38116 0
1726802344780 0.738817 0
1726802344879 5.560981 0
1726802344982 1.742496 0
1726802345084 1.073492 0
1726802345187 0.834173 0
1726802345288 1.126912 0
1726802345400 1.00167 0
1726802345500 1.387527 7
1726802345599 0.680916 7
1726802345700 0.760742 7
1726802345805 23.54398 7
1726802345905 10.321987 7
1726802346008 0.563006 7
1726802346109 2.340993 7
1726802346210 2.617466 7
1726802346312 1.257035 7
1726802346416 0.476527 7
1726802346517 6.680059 14
1726802346618 2.814404 14
1726802346718 0.647944 14
1726802346817 0.485999 14
1726802346916 0.670534 14
1726802347015 1.424929 14
1726802347114 0.734881 14
1726802347212 0.565774 14
1726802347335 1.682007 14
1726802347444 0.684761 14
1726802347544 1.929513 21
1726802347643 0.378025 21
1726802349246 0.73409 0
1726802349360 0.925726 0
1726802349470 1.859974 0
1726802349574 0.478873 0
1726802349674 1.602604 0
1726802349774 0.942149 0
1726802349874 0.663658 0
1726802349974 0.95134 0
1726802350076 1.146599 0
1726802350178 1.916278 0
1726802350279 0.875997 8
1726802350379 0.59328 8
1726802350479 0.682941 8
1726802350593 9.521554 8
1726802350695 1.318251 8
1726802350802 0.541378 8
1726802350904 0.972798 8
1726802351007 1.280645 8
1726802351105 2.181471 8
1726802351204 0.596475 8
1726802351304 5.368752 16
1726802351404 3.937552 16
1726802351513 0.68761 16
1726802351618 0.300146 16
1726802351722 0.806065 16
1726802351821 3.124442 16
1726802351922 1.095073 16
1726802352022 0.3591 16
1726802352122 1.811576 16
1726802352221 0.565886 16
1726802352321 1.038271 24
1726802352421 0.39469 24
1726802354027 0.720629 0
1726802354135 0.660793 0
1726802354235 1.060118 0
1726802354336 0.384253 0
1726802354436 2.596625 0
1726802354535 1.672191 0
1726802354635 0.54053 0
1726802354734 0.883907 0
1726802354833 1.077422 0
1726802354932 1.694411 0
1726802355032 15.44406 9
1726802355131 0.581423 9
1726802355230 1.427532 9
1726802355330 4.348582 9
1726802355430 1.298182 9
1726802355530 0.549485 9
1726802355638 3.817342 9
1726802355737 1.087721 9
1726802355844 5.09454 9
1726802355943 0.573897 9
1726802356046 4.40819 18
1726802356148 1.502716 18
1726802356251 0.704644 18
1726802356351 0.309305 18
1726802356455 0.817654 18
1726802356559 5.02803 18
1726802356662 1.816382 18
1726802356766 0.401297 18
1726802356867 3.414184 18
1726802356967 0.672608 18
1726802357068 0.971691 27
1726802357167 0.392008 27
1726802358799 0.645944 0
1726802358912 2.037878 0
1726802359013 1.586511 0
1726802359113 0.496188 0
1726802359214 6.137879 0
1726802359317 1.211843 0
1726802359417 1.175688 0
1726802359516 1.465048 0
1726802359617 5.819084 0
1726802359728 0.970116 0
1726802359832 0.757575 10
1726802359931 0.525814 10
1726802360030 2.550138 10
1726802360133 2.657737 10
1726802360234 2.040645 10
1726802360335 0.658967 10
1726802360439 0.818768 10
1726802360540 3.951329 10
1726802360640 1.435796 10
1726802360739 0.639616 10
1726802360845 4.933081 20
1726802360948 2.227257 20
1726802361046 0.604654 20
1726802361147 0.336783 20
1726802361253 0.621428 20
1726802361353 1.197021 20
1726802361455 0.773969 20
1726802361555 0.376584 20
1726802361656 2.905108 20
1726802361764 0.777621 20
1726802361867 1.353457 30
1726802361970 0.382606 30
