1726775285679 0.390128 0
1726775285774 1.059941 0
1726775285867 0.209197 0
1726775285961 0.178549 0
1726775286056 0.740361 0
1726775286150 0.322148 0
1726775286242 0.509426 0
1726775286333 1.328035 0
1726775286428 0.180592 0
1726775286528 0.443808 0
1726775286622 0.23924 1
1726775286715 0.301519 1
1726775286807 0.173338 1
1726775286899 2.029287 1
1726775286992 0.151291 1
1726775287087 0.774632 1
1726775287179 1.594888 1
1726775287271 0.734037 1
1726775287363 0.39529 1
1726775287459 0.257525 1
1726775287556 0.214806 2
1726775287655 0.222928 2
1726775288804 0.315048 0
1726775288905 0.528253 0
1726775288997 0.24169 0
1726775289089 0.178424 0
1726775289178 0.564946 0
1726775289269 0.299685 0
1726775289361 0.333399 0
1726775289453 1.021393 0
1726775289544 0.160398 0
1726775289635 0.28252 0
1726775289736 0.257161 2
1726775289831 0.221104 2
1726775289926 0.169786 2
1726775290018 1.081604 2
1726775290112 0.188375 2
1726775290207 0.415628 2
1726775290303 0.889273 2
1726775290396 0.819817 2
1726775290490 0.417051 2
1726775290582 0.228414 2
1726775290675 0.206089 4
1726775290765 0.229455 4
1726775291960 0.21488 0
1726775292064 0.369256 0
1726775292156 0.176591 0
1726775292249 0.167654 0
1726775292340 0.560638 0
1726775292435 0.278687 0
1726775292527 0.321342 0
1726775292618 1.01944 0
1726775292707 0.164371 0
1726775292798 0.247877 0
1726775292890 0.190576 3
1726775292984 0.129681 3
1726775293077 0.166729 3
1726775293168 1.020457 3
1726775293261 0.159369 3
1726775293352 0.390639 3
1726775293443 0.784591 3
1726775293534 0.802775 3
1726775293624 0.42287 3
1726775293715 0.224768 3
1726775293817 0.21666 6
1726775293909 0.235393 6
1726775295071 0.206387 0
1726775295175 0.35518 0
1726775295269 0.169766 0
1726775295364 0.181723 0
1726775295458 0.471935 0
1726775295552 0.275377 0
1726775295643 0.322853 0
1726775295738 0.985404 0
1726775295840 0.148214 0
1726775295937 0.217225 0
1726775296033 0.206985 4
1726775296128 0.139359 4
1726775296221 0.144418 4
1726775296314 0.979858 4
1726775296407 0.152877 4
1726775296505 0.392513 4
1726775296600 0.716853 4
1726775296693 0.772437 4
1726775296785 0.408873 4
1726775296878 0.201885 4
1726775296972 0.202271 8
1726775297065 0.222905 8
1726775298251 0.261661 0
1726775298353 0.391958 0
1726775298446 0.17367 0
1726775298541 0.162014 0
1726775298635 0.489897 0
1726775298727 0.297782 0
1726775298820 0.315458 0
1726775298914 0.946917 0
1726775299009 0.151135 0
1726775299104 0.231092 0
1726775299199 0.200366 5
1726775299291 0.137341 5
1726775299383 0.159312 5
1726775299475 0.870113 5
1726775299567 0.143701 5
1726775299660 0.378639 5
1726775299751 0.678815 5
1726775299842 0.758695 5
1726775299944 0.392548 5
1726775300040 0.219903 5
1726775300135 0.208193 10
1726775300229 0.241733 10
1726775301369 0.188755 0
1726775301473 0.361919 0
1726775301569 0.161737 0
1726775301661 0.167865 0
1726775301753 0.455241 0
1726775301845 0.279951 0
1726775301939 0.308111 0
1726775302037 0.924783 0
1726775302131 0.154653 0
1726775302223 0.236137 0
1726775302315 0.198067 6
1726775302406 0.108571 6
1726775302498 0.13888 6
1726775302589 0.886644 6
1726775302681 0.139119 6
1726775302773 0.364406 6
1726775302863 0.640841 6
1726775302955 0.740995 6
1726775303046 0.38337 6
1726775303137 0.212245 6
1726775303228 0.21666 12
1726775303320 0.250039 12
1726775304509 0.188758 0
1726775304609 0.340512 0
1726775304704 0.16879 0
1726775304797 0.169145 0
1726775304888 0.461391 0
1726775304979 0.313855 0
1726775305075 0.309739 0
1726775305169 0.925512 0
1726775305263 0.138702 0
1726775305356 0.236283 0
1726775305449 0.20042 7
1726775305539 0.12009 7
1726775305631 0.158927 7
1726775305722 0.813472 7
1726775305813 0.138506 7
1726775305904 0.351908 7
1726775305996 0.622902 7
1726775306098 0.68471 7
1726775306190 0.368658 7
1726775306282 0.197912 7
1726775306373 0.215609 14
1726775306466 0.248008 14
1726775307622 0.248835 0
1726775307724 0.411495 0
1726775307816 0.161887 0
1726775307907 0.162912 0
1726775307998 0.465633 0
1726775308093 0.302963 0
1726775308190 0.300208 0
1726775308282 0.887643 0
1726775308373 0.148704 0
1726775308470 0.247095 0
1726775308563 0.191763 8
1726775308657 0.104566 8
1726775308754 0.155105 8
1726775308848 0.78732 8
1726775308941 0.142558 8
1726775309036 0.348352 8
1726775309127 0.609419 8
1726775309218 0.656587 8
1726775309307 0.371528 8
1726775309400 0.198413 8
1726775309493 0.218796 16
1726775309586 0.275244 16
1726775310791 0.176477 0
1726775310887 0.362169 0
1726775310980 0.161667 0
1726775311073 0.160048 0
1726775311165 0.451356 0
1726775311257 0.277556 0
1726775311348 0.302851 0
1726775311441 0.858884 0
1726775311540 0.148888 0
1726775311634 0.233373 0
1726775311730 0.19719 9
1726775311824 0.097147 9
1726775311917 0.150315 9
1726775312009 0.833156 9
1726775312101 0.144329 9
1726775312203 0.346418 9
1726775312298 0.590094 9
1726775312390 0.655097 9
1726775312490 0.361136 9
1726775312587 0.201738 9
1726775312681 0.209968 18
1726775312774 0.283446 18
1726775313917 0.186632 0
1726775314011 0.355319 0
1726775314107 0.161745 0
1726775314202 0.168496 0
1726775314303 0.466048 0
1726775314398 0.289361 0
1726775314490 0.30611 0
1726775314585 0.880127 0
1726775314679 0.148647 0
1726775314777 0.225083 0
1726775314871 0.198151 10
1726775314963 0.098945 10
1726775315057 0.145243 10
1726775315151 0.78963 10
1726775315243 0.137885 10
1726775315334 0.342425 10
1726775315426 0.558993 10
1726775315516 0.627958 10
1726775315607 0.34133 10
1726775315697 0.195217 10
1726775315791 0.213588 20
1726775315883 0.266955 20
