1727091695334 0.705725 0
1727091695517 0.205566 0
1727091695704 0.128518 0
1727091695888 0.104226 0
1727091696069 0.166018 0
1727091696248 0.109908 0
1727091696425 0.042301 0
1727091696602 0.179318 0
1727091696785 0.114769 0
1727091696964 0.154588 0
1727091697142 0.367894 1
1727091697320 0.28604 1
1727091697498 0.470833 1
1727091697672 0.453686 1
1727091697850 0.762044 1
1727091698024 1.524872 1
1727091699458 0.189436 0
1727091699635 0.138052 0
1727091699816 0.203163 0
1727091699993 0.133293 0
1727091700172 0.363052 0
1727091700352 0.076479 0
1727091700532 0.046564 0
1727091700711 0.160405 0
1727091700888 0.104444 0
1727091701068 0.159367 0
1727091701249 0.304468 2
1727091701431 0.292967 2
1727091701610 0.321558 2
1727091701787 0.307416 2
1727091701967 0.226371 2
1727091702148 1.596283 2
1727091703617 0.07043 0
1727091703793 0.130609 0
1727091703970 0.076373 0
1727091704147 0.070805 0
1727091704323 0.059194 0
1727091704500 0.049154 0
1727091704677 0.067237 0
1727091704854 0.168602 0
1727091705031 0.239034 0
1727091705207 0.189824 0
1727091705383 0.382109 3
1727091705560 0.202117 3
1727091705738 0.287203 3
1727091705920 0.312481 3
1727091706102 0.269749 3
1727091706282 1.553249 3
1727091707695 0.082909 0
1727091707871 0.174766 0
1727091708049 0.098273 0
1727091708225 0.078575 0
1727091708402 0.077641 0
1727091708580 0.069034 0
1727091708757 0.035676 0
1727091708937 0.195473 0
1727091709120 0.056334 0
1727091709300 0.133814 0
1727091709478 0.28177 4
1727091709662 0.275452 4
1727091709844 0.33251 4
1727091710029 0.308071 4
1727091710211 0.258658 4
1727091710398 1.597687 4
