1726917631630 118.292862 0
1726917631784 1.900736 0
1726917631938 20.891079 0
1726917632091 7.627572 0
1726917632251 8.301842 0
1726917632403 14.411787 0
1726917632555 10.46294 0
1726917632709 4.352252 0
1726917632862 1.274461 0
1726917633620 3.14813 0
1726917633774 6.190738 0
1726917633927 3.591242 0
1726917634083 18.345346 0
1726917634237 2.439681 0
1726917634388 14.794608 0
1726917634540 6.745864 0
1726917634693 1.554751 0
1726917634845 1.121911 0
1726917635592 3.60906 0
1726917635746 9.612558 0
1726917635899 5.36683 0
1726917636052 1.117216 0
1726917636205 2.18697 0
1726917636356 3.555327 0
1726917636508 2.715521 0
1726917636660 1.329777 0
1726917636812 1.993382 0
1726917637570 2.14034 0
1726917637724 9.65889 0
1726917637876 2.800249 0
1726917638026 2.832027 0
1726917638179 3.251516 0
1726917638332 17.245819 0
1726917638485 2.617162 0
1726917638637 0.922721 0
1726917638790 2.26319 0
1726917639561 0.685971 0
1726917639714 0.936034 0
1726917639864 2.853279 0
1726917640016 2.066645 0
1726917640166 1.935519 0
1726917640317 3.533996 0
1726917640473 1.761998 0
1726917640628 1.962559 0
1726917640781 1.775755 0
1726917641549 11.77734 0
1726917641703 5.743836 0
1726917641855 2.785483 0
1726917642005 2.629919 0
1726917642157 3.359229 0
1726917642310 15.69261 0
1726917642462 4.101316 0
1726917642614 1.082822 0
1726917642766 1.948487 0
1726917643521 9.980863 0
1726917643677 19.140408 0
1726917643828 3.788847 0
1726917643980 3.978166 0
1726917644130 2.542675 0
1726917644284 10.048966 0
1726917644437 2.883102 0
1726917644591 2.195993 0
1726917644742 1.956873 0
