1726800869814 0.879068 0
1726800869915 0.852876 0
1726800870013 1.713991 0
1726800870111 0.394453 0
1726800870211 0.202999 0
1726800870336 0.586753 0
1726800870436 0.254054 0
1726800870539 0.152535 0
1726800870636 0.494534 0
1726800870742 0.465715 0
1726800870843 0.220212 1
1726800870943 0.20579 1
1726800871040 0.222328 1
1726800871137 0.261286 1
1726800871238 0.309914 1
1726800871337 0.158815 1
1726800871438 0.138004 1
1726800871537 0.187084 1
1726800871635 0.287374 1
1726800871737 0.274059 1
1726800871841 0.702181 2
1726800871942 1.287862 2
1726800873037 0.781455 0
1726800873147 0.390343 0
1726800873249 0.906282 0
1726800873355 0.246921 0
1726800873452 0.084662 0
1726800873555 0.465054 0
1726800873658 0.285838 0
1726800873758 0.152676 0
1726800873855 0.317298 0
1726800873953 0.34734 0
1726800874051 0.211271 2
1726800874149 0.20798 2
1726800874254 0.228443 2
1726800874354 0.190779 2
1726800874454 0.334441 2
1726800874553 0.197922 2
1726800874650 0.111297 2
1726800874750 0.192997 2
1726800874857 0.255942 2
1726800874955 0.289555 2
1726800875055 0.575266 4
1726800875156 1.412379 4
1726800876254 0.28709 0
1726800876359 0.312844 0
1726800876457 0.960986 0
1726800876554 0.195738 0
1726800876654 0.084766 0
1726800876752 0.414396 0
1726800876858 0.21927 0
1726800876958 0.109253 0
1726800877057 0.331774 0
1726800877154 0.274543 0
1726800877253 0.241591 3
1726800877352 0.215984 3
1726800877449 0.244385 3
1726800877547 0.187675 3
1726800877645 0.342658 3
1726800877743 0.162762 3
1726800877844 0.098052 3
1726800877943 0.186765 3
1726800878046 0.243452 3
1726800878145 0.284999 3
1726800878244 0.556653 6
1726800878346 1.385301 6
1726800879486 0.188202 0
1726800879597 0.260348 0
1726800879695 0.758332 0
1726800879797 0.233691 0
1726800879897 0.078605 0
1726800879995 0.432926 0
1726800880093 0.186992 0
1726800880193 0.111686 0
1726800880297 0.381388 0
1726800880398 0.34898 0
1726800880498 0.232899 4
1726800880596 0.216332 4
1726800880694 0.228936 4
1726800880793 0.188882 4
1726800880893 0.331294 4
1726800881002 0.185656 4
1726800881101 0.094065 4
1726800881201 0.161877 4
1726800881300 0.2551 4
1726800881399 0.30318 4
1726800881497 0.51406 8
1726800881596 1.319847 8
1726800882699 0.23638 0
1726800882807 0.261025 0
1726800882906 0.664684 0
1726800883014 0.160942 0
1726800883113 0.07197 0
1726800883214 0.323157 0
1726800883319 0.182414 0
1726800883422 0.091113 0
1726800883523 0.349305 0
1726800883624 0.386229 0
1726800883723 0.200074 5
1726800883822 0.188988 5
1726800883921 0.216267 5
1726800884019 0.170141 5
1726800884121 0.332899 5
1726800884224 0.166404 5
1726800884325 0.092137 5
1726800884422 0.213907 5
1726800884523 0.244348 5
1726800884623 0.297262 5
1726800884722 0.441302 10
1726800884821 1.182824 10
