1726878516078 0.353005 0
1726878516216 0.227858 0
1726878516351 0.22804 0
1726878516488 0.436082 0
1726878516623 0.273538 0
1726878516759 0.168961 0
1726878516895 0.159198 0
1726878517036 0.210071 0
1726878517173 0.050401 0
1726878517309 1.117819 0
1726878517446 0.303231 1
1726878517582 0.148343 1
1726878517717 0.2459 1
1726878517853 0.11806 1
1726878517990 0.205028 1
1726878518130 0.269237 1
1726878518268 0.196699 1
1726878518405 0.143936 1
1726878518541 0.298781 1
1726878518678 0.252515 1
1726878518814 0.208646 2
1726878518952 0.352185 2
1726878519092 0.369779 2
1726878519228 0.301771 2
1726878520872 0.215856 0
1726878521011 0.123623 0
1726878521149 0.141768 0
1726878521287 0.168847 0
1726878521423 0.204173 0
1726878521559 0.062412 0
1726878521694 0.114963 0
1726878521831 0.265824 0
1726878521969 0.071152 0
1726878522104 0.468099 0
1726878522240 0.190464 2
1726878522387 0.166448 2
1726878522525 0.236627 2
1726878522660 0.230029 2
1726878522796 0.31615 2
1726878522934 0.313199 2
1726878523074 0.170116 2
1726878523211 0.147765 2
1726878523348 0.26139 2
1726878523484 0.322223 2
1726878523621 0.265372 4
1726878523757 0.298872 4
1726878523895 0.491181 4
1726878524032 0.538652 4
1726878525683 0.669254 0
1726878525821 0.136964 0
1726878525958 0.154198 0
1726878526094 0.160094 0
1726878526232 0.334833 0
1726878526367 0.074921 0
1726878526503 0.258932 0
1726878526639 0.308113 0
1726878526775 0.124686 0
1726878526911 0.393026 0
1726878527048 0.186938 3
1726878527187 0.213308 3
1726878527324 0.259854 3
1726878527461 0.106257 3
1726878527599 0.221056 3
1726878527735 0.288182 3
1726878527871 0.176562 3
1726878528009 0.152604 3
1726878528146 0.237421 3
1726878528282 0.211893 3
1726878528418 0.24299 6
1726878528555 0.371068 6
1726878528692 0.38016 6
1726878528828 0.443546 6
1726878530444 0.123777 0
1726878530583 0.136938 0
1726878530720 0.164071 0
1726878530855 0.456888 0
1726878530992 0.548226 0
1726878531130 0.072803 0
1726878531267 0.169497 0
1726878531404 0.244695 0
1726878531540 0.048734 0
1726878531676 0.393499 0
1726878531813 0.525507 4
1726878531950 1.074026 4
1726878532088 0.581908 4
1726878532223 0.208906 4
1726878532360 0.274078 4
1726878532498 0.255317 4
1726878532635 0.236721 4
1726878532771 0.150441 4
1726878532918 0.224073 4
1726878533055 0.21867 4
1726878533191 0.154534 8
1726878533331 0.380758 8
1726878533468 0.363371 8
1726878533604 0.438288 8
1726878535222 0.130562 0
1726878535363 0.135875 0
1726878535501 0.164679 0
1726878535637 0.232571 0
1726878535773 0.309138 0
1726878535910 0.061889 0
1726878536046 0.156276 0
1726878536183 0.228119 0
1726878536319 0.048726 0
1726878536454 0.496542 0
1726878536589 0.241368 5
1726878536726 0.328751 5
1726878536862 0.263968 5
1726878536999 0.107307 5
1726878537136 0.212482 5
1726878537272 0.250346 5
1726878537412 0.260019 5
1726878537549 0.176627 5
1726878537686 0.222288 5
1726878537821 0.214816 5
1726878537958 0.159716 10
1726878538095 0.306034 10
1726878538232 0.336314 10
1726878538368 0.387714 10
1726878540042 0.12195 0
1726878540183 0.129102 0
1726878540319 0.156494 0
1726878540456 0.214265 0
1726878540591 0.263108 0
1726878540727 0.064879 0
1726878540862 0.148036 0
1726878540999 0.226729 0
1726878541136 0.044713 0
1726878541317 0.515042 0
1726878541453 0.203428 6
1726878541595 0.227668 6
1726878541732 0.219192 6
1726878541868 0.096118 6
1726878542005 0.20357 6
1726878542143 0.251548 6
1726878542279 0.248093 6
1726878542416 0.181278 6
1726878542553 0.224066 6
1726878542690 0.222811 6
1726878542827 0.176165 12
1726878542963 0.293087 12
1726878543101 0.335313 12
1726878543242 0.360842 12
1726878544876 0.113128 0
1726878545018 0.124287 0
1726878545155 0.158859 0
1726878545292 0.204919 0
1726878545428 0.245687 0
1726878545564 0.069301 0
1726878545704 0.135036 0
1726878545840 0.229225 0
1726878545977 0.043376 0
1726878546114 0.492098 0
1726878546251 0.197385 7
1726878546391 0.19062 7
1726878546528 0.216036 7
1726878546664 0.094286 7
1726878546800 0.206659 7
1726878546937 0.24055 7
1726878547073 0.233623 7
1726878547209 0.174584 7
1726878547346 0.226095 7
1726878547482 0.220635 7
1726878547620 0.181035 14
1726878547759 0.295695 14
1726878547896 0.332232 14
1726878548038 0.364555 14
1726878549652 0.1179 0
1726878549798 0.124791 0
1726878549936 0.150788 0
1726878550072 0.202808 0
1726878550208 0.246543 0
1726878550344 0.067384 0
1726878550481 0.132553 0
1726878550617 0.227999 0
1726878550754 0.043947 0
1726878550889 0.489919 0
1726878551027 0.196144 8
1726878551163 0.193718 8
1726878551299 0.212253 8
1726878551434 0.093162 8
1726878551571 0.200237 8
1726878551709 0.245191 8
1726878551849 0.23154 8
1726878551985 0.173357 8
1726878552122 0.231501 8
1726878552259 0.220722 8
1726878552396 0.187238 16
1726878552533 0.304049 16
1726878552670 0.339515 16
1726878552808 0.372204 16
1726878554446 0.115597 0
1726878554583 0.122924 0
1726878554719 0.152179 0
1726878554856 0.208377 0
1726878554993 0.242183 0
1726878555130 0.066094 0
1726878555266 0.130398 0
1726878555402 0.234552 0
1726878555538 0.041949 0
1726878555677 0.486691 0
1726878555815 0.196966 9
1726878555954 0.192445 9
1726878556091 0.206724 9
1726878556226 0.093472 9
1726878556363 0.201993 9
1726878556500 0.24245 9
1726878556636 0.230879 9
1726878556773 0.173198 9
1726878556909 0.234822 9
1726878557046 0.224963 9
1726878557184 0.181874 18
1726878557320 0.29675 18
1726878557458 0.335692 18
1726878557596 0.348919 18
1726878559297 0.114084 0
1726878559442 0.12352 0
1726878559583 0.152396 0
1726878559721 0.205151 0
1726878559865 0.241739 0
1726878560008 0.066208 0
1726878560147 0.127982 0
1726878560290 0.227501 0
1726878560433 0.040546 0
1726878560577 0.479737 0
1726878560717 0.196769 10
1726878560859 0.189635 10
1726878560999 0.209935 10
1726878561142 0.094048 10
1726878561290 0.20119 10
1726878561431 0.248583 10
1726878561572 0.223477 10
1726878561720 0.171338 10
1726878561864 0.233202 10
1726878562012 0.226316 10
1726878562155 0.184187 20
1726878562297 0.300275 20
1726878562437 0.343534 20
1726878562578 0.358318 20
