1726783396057 0.0 0
1726783396164 10.0 0
1726783396263 20.0 0
1726783396376 30.0 0
1726783396477 40.0 0
1726783396574 50.0 0
1726783396683 60.0 0
1726783396789 70.0 0
1726783396887 80.0 0
1726783396987 90.0 0
1726783397085 100.0 1
1726783397184 110.0 1
1726783397280 120.0 1
1726783397378 130.0 1
1726783397473 140.0 1
1726783397571 150.0 1
1726783397668 160.0 1
1726783397766 170.0 1
1726783397862 180.0 1
1726783397957 190.0 1
1726783398058 200.0 2
1726783398156 210.0 2
1726783398253 220.0 2
1726783399513 0.0 0
1726783399612 10.0 0
1726783399712 20.0 0
1726783399810 30.0 0
1726783399912 40.0 0
1726783400010 50.0 0
1726783400106 60.0 0
1726783400207 70.0 0
1726783400304 80.0 0
1726783400403 90.0 0
1726783400501 100.0 2
1726783400600 110.0 2
1726783400704 120.0 2
1726783400805 130.0 2
1726783400916 140.0 2
1726783401016 150.0 2
1726783401114 160.0 2
1726783401216 170.0 2
1726783401314 180.0 2
1726783401413 190.0 2
1726783401515 200.0 4
1726783401612 210.0 4
1726783401709 220.0 4
1726783402907 0.0 0
1726783403019 10.0 0
1726783403116 20.0 0
1726783403212 30.0 0
1726783403307 40.0 0
1726783403403 50.0 0
1726783403499 60.0 0
1726783403595 70.0 0
1726783403690 80.0 0
1726783403787 90.0 0
1726783403890 100.0 3
1726783403989 110.0 3
1726783404092 120.0 3
1726783404191 130.0 3
1726783404295 140.0 3
1726783404397 150.0 3
1726783404499 160.0 3
1726783404602 170.0 3
1726783404702 180.0 3
1726783404806 190.0 3
1726783404907 200.0 6
1726783405008 210.0 6
1726783405109 220.0 6
1726783406361 0.0 0
1726783406472 10.0 0
1726783406569 20.0 0
1726783406665 30.0 0
1726783406766 40.0 0
1726783406874 50.0 0
1726783406976 60.0 0
1726783407076 70.0 0
1726783407174 80.0 0
1726783407272 90.0 0
1726783407375 100.0 4
1726783407474 110.0 4
1726783407575 120.0 4
1726783407678 130.0 4
1726783407775 140.0 4
1726783407877 150.0 4
1726783407977 160.0 4
1726783408076 170.0 4
1726783408176 180.0 4
1726783408276 190.0 4
1726783408375 200.0 8
1726783408477 210.0 8
1726783408577 220.0 8
