1726842234106 0.769228 0
1726842234242 0.877766 0
1726842234371 0.893809 0
1726842234782 0.747596 0
1726842234915 0.846978 0
1726842235046 0.834066 0
1726842235393 0.747055 0
1726842235525 0.825757 0
1726842235657 0.793381 0
1726842236003 0.748579 0
1726842236136 0.806431 0
1726842236267 0.784134 0
1726842236612 0.751992 0
1726842236744 0.796308 0
1726842236876 0.760216 0
1726842237227 0.756835 0
1726842237360 0.779846 0
1726842237493 0.756806 0
1726842237847 0.758754 0
1726842237979 0.775358 0
1726842238111 0.747226 0
1726842238454 0.752993 0
1726842238587 0.771804 0
1726842238718 0.741089 0
1726842239063 0.75505 0
1726842239195 0.761775 0
1726842239327 0.738417 0
1726842239673 0.761501 0
1726842239805 0.755943 0
1726842239936 0.739841 0
