1726900625431 0.0 0
1726900625576 10.0 0
1726900625716 20.0 0
1726900625857 30.0 0
1726900625997 40.0 0
1726900626137 50.0 0
1726900626277 60.0 0
1726900626418 70.0 0
1726900626559 80.0 0
1726900626699 90.0 0
1726900627594 0.0 0
1726900627739 10.0 0
1726900627878 20.0 0
1726900628019 30.0 0
1726900628159 40.0 0
1726900628299 50.0 0
1726900628439 60.0 0
1726900628580 70.0 0
1726900628722 80.0 0
1726900628868 90.0 0
1726900629697 0.0 0
1726900629837 10.0 0
1726900629976 20.0 0
1726900630122 30.0 0
1726900630262 40.0 0
1726900630401 50.0 0
1726900630541 60.0 0
1726900630682 70.0 0
1726900630822 80.0 0
1726900630962 90.0 0
1726900631788 0.0 0
1726900631929 10.0 0
1726900632068 20.0 0
1726900632208 30.0 0
1726900632348 40.0 0
1726900632488 50.0 0
1726900632627 60.0 0
1726900632767 70.0 0
1726900632907 80.0 0
1726900633048 90.0 0
1726900633865 0.0 0
1726900634007 10.0 0
1726900634147 20.0 0
1726900634404 30.0 0
1726900634558 40.0 0
1726900634698 50.0 0
1726900634839 60.0 0
1726900634979 70.0 0
1726900635119 80.0 0
1726900635258 90.0 0
1726900636100 0.0 0
1726900636241 10.0 0
1726900636379 20.0 0
1726900636519 30.0 0
1726900636658 40.0 0
1726900636798 50.0 0
1726900636938 60.0 0
1726900637078 70.0 0
1726900637219 80.0 0
1726900637359 90.0 0
1726900638175 0.0 0
1726900638316 10.0 0
1726900638456 20.0 0
1726900638595 30.0 0
1726900638734 40.0 0
1726900638875 50.0 0
1726900639014 60.0 0
1726900639153 70.0 0
1726900639292 80.0 0
1726900639432 90.0 0
1726900640251 0.0 0
1726900640394 10.0 0
1726900640533 20.0 0
1726900640673 30.0 0
1726900640812 40.0 0
1726900640952 50.0 0
1726900641092 60.0 0
1726900641232 70.0 0
1726900641372 80.0 0
1726900641514 90.0 0
1726900642332 0.0 0
1726900642473 10.0 0
1726900642613 20.0 0
1726900642752 30.0 0
1726900642891 40.0 0
1726900643032 50.0 0
1726900643172 60.0 0
1726900643311 70.0 0
1726900643451 80.0 0
1726900643594 90.0 0
1726900644416 0.0 0
1726900644557 10.0 0
1726900644697 20.0 0
1726900644836 30.0 0
1726900644976 40.0 0
1726900645116 50.0 0
1726900645255 60.0 0
1726900645394 70.0 0
1726900645533 80.0 0
1726900645676 90.0 0
