1727104218186 0.747339 0
1727104218305 0.888854 0
1727104218429 1.253797 0
1727104218550 0.361904 0
1727104219026 0.231816 0
1727104219147 0.949244 0
1727104219272 1.155521 0
1727104219392 0.30839 0
1727104219744 0.151973 0
1727104219868 0.70839 0
1727104219994 0.995826 0
1727104220118 0.286877 0
1727104220462 0.153768 0
1727104220586 0.623502 0
1727104220712 0.918141 0
1727104220851 0.23256 0
1727104221222 0.106233 0
1727104221348 0.586945 0
1727104221468 0.87011 0
1727104221596 0.211648 0
1727104221946 0.175967 0
1727104222065 0.570064 0
1727104222189 0.831178 0
1727104222306 0.223582 0
1727104222676 0.075246 0
1727104222795 0.554267 0
1727104222914 0.780798 0
1727104223036 0.204846 0
