1726788629992 98.253319 0
1726788630092 34.135899 0
1726788630199 1.276241 0
1726788630297 0.668526 0
1726788630395 2.151129 0
1726788630495 2.200827 0
1726788630591 41.332333 0
1726788630687 0.88228 0
1726788630784 1.120661 0
1726788630880 107.826874 0
1726788630977 0.810042 1
1726788631073 1.177628 1
1726788631169 0.639702 1
1726788631274 1.765837 1
1726788631373 0.887512 1
1726788631471 0.593812 1
1726788631568 5.337664 1
1726788631665 9.211219 1
1726788631761 1.840555 1
1726788631859 1.021766 1
1726788631954 2.469386 2
1726788632050 1.248492 2
1726788632145 1.046762 2
1726788632241 0.277006 2
1726788632338 0.73674 2
1726788632440 26.501715 2
1726788632537 1.405313 2
1726788632635 0.901407 2
1726788632732 7.516141 2
1726788632828 0.590841 2
1726788632924 1.62143 3
1726788633020 7.594541 3
1726788634684 2.02275 0
1726788634782 0.652381 0
1726788634879 0.831228 0
1726788634977 0.594444 0
1726788635077 1.821033 0
1726788635175 4.062888 0
1726788635272 1.636011 0
1726788635379 0.807094 0
1726788635476 1.554559 0
1726788635574 1.216465 0
1726788635670 0.825729 2
1726788635766 0.488099 2
1726788635862 1.091897 2
1726788635958 10.131394 2
1726788636060 1.002789 2
1726788636160 0.891109 2
1726788636258 1.438345 2
1726788636356 1.583649 2
1726788636455 1.006123 2
1726788636556 0.57252 2
1726788636654 6.000853 4
1726788636751 17.979555 4
1726788636847 0.710691 4
1726788636944 0.271848 4
1726788637040 0.448997 4
1726788637137 1.390802 4
1726788637237 0.750227 4
1726788637334 0.47457 4
1726788637439 1.952421 4
1726788637536 0.675097 4
1726788637634 0.481426 6
1726788637731 0.465744 6
1726788639290 1.702004 0
1726788639401 1.633963 0
1726788639503 2.513053 0
1726788639606 0.545741 0
1726788639704 1.124349 0
1726788639802 1.583937 0
1726788639898 0.499034 0
1726788639997 0.562058 0
1726788640095 1.580794 0
1726788640197 4.242451 0
1726788640296 0.966426 3
1726788640392 4.810149 3
1726788640489 0.797142 3
1726788640586 1.897781 3
1726788640686 0.960359 3
1726788640785 1.24306 3
1726788640883 0.499618 3
1726788640981 1.914287 3
1726788641079 0.878845 3
1726788641175 0.748092 3
1726788641272 4.216929 6
1726788641369 2.417448 6
1726788641472 1.29962 6
1726788641571 0.2579 6
1726788641669 0.90251 6
1726788641768 1.617694 6
1726788641866 1.995776 6
1726788641961 0.423452 6
1726788642058 1.831815 6
1726788642154 0.868648 6
1726788642250 1.528928 9
1726788642353 0.500318 9
1726788644003 1.337806 0
1726788644099 1.048985 0
1726788644196 0.623872 0
1726788644292 0.433137 0
1726788644388 8.977774 0
1726788644484 3.593981 0
1726788644580 0.541239 0
1726788644679 0.740862 0
1726788644775 1.967455 0
1726788644870 1.001301 0
1726788644966 3.495579 4
1726788645061 0.394679 4
1726788645158 0.663914 4
1726788645253 1.213057 4
1726788645353 0.608404 4
1726788645449 0.619454 4
1726788645552 4.540266 4
1726788645650 3.288365 4
1726788645750 0.721992 4
1726788645850 2.793331 4
1726788645945 4.186507 8
1726788646042 4.616715 8
1726788646138 1.270222 8
1726788646234 0.346888 8
1726788646331 0.441039 8
1726788646428 4.072672 8
1726788646526 0.536336 8
1726788646621 0.598395 8
1726788646715 1.197868 8
1726788646810 0.625198 8
1726788646905 0.540398 12
1726788647000 0.810085 12
1726788648616 0.59338 0
1726788648724 0.67817 0
1726788648825 3.492323 0
1726788648924 1.03225 0
1726788649020 1.826265 0
1726788649119 5.319797 0
1726788649230 0.692482 0
1726788649333 0.727415 0
1726788649431 0.537766 0
1726788649528 1.462365 0
1726788649633 1.343989 5
1726788649737 1.148085 5
1726788649837 0.593614 5
1726788649942 2.065094 5
1726788650040 0.928033 5
1726788650138 0.756374 5
1726788650236 0.618744 5
1726788650334 1.161583 5
1726788650433 0.969514 5
1726788650530 0.585877 5
1726788650630 2.911424 10
1726788650733 1.179792 10
1726788650832 1.297221 10
1726788650929 0.273316 10
1726788651028 0.758146 10
1726788651125 2.062504 10
1726788651225 1.34427 10
1726788651320 0.384428 10
1726788651417 1.030519 10
1726788651512 0.986902 10
1726788651607 1.637499 15
1726788651714 0.428771 15
1726788653289 0.766262 0
1726788653389 0.727056 0
1726788653489 0.717178 0
1726788653588 0.532151 0
1726788653686 1.919023 0
1726788653791 1.634858 0
1726788653889 0.962124 0
1726788653986 0.77292 0
1726788654082 2.537687 0
1726788654181 2.469637 0
1726788654278 0.392332 6
1726788654377 0.746332 6
1726788654472 6.097209 6
1726788654569 23.42244 6
1726788654670 1.357825 6
1726788654769 1.063448 6
1726788654866 1.75387 6
1726788654961 1.249321 6
1726788655058 4.040401 6
1726788655153 0.51117 6
1726788655261 8.216356 12
1726788655358 1.525451 12
1726788655455 0.594986 12
1726788655553 0.260141 12
1726788655651 0.611972 12
1726788655754 25.569996 12
1726788655857 1.199039 12
1726788655954 0.680887 12
1726788656053 1.002563 12
1726788656149 1.013916 12
1726788656247 0.751211 18
1726788656349 0.43978 18
1726788657976 0.613333 0
1726788658082 0.823888 0
1726788658181 2.257716 0
1726788658282 0.45171 0
1726788658382 4.399016 0
1726788658478 91.854782 0
1726788658576 0.654125 0
1726788658673 0.88693 0
1726788658775 0.52862 0
1726788658870 1.605746 0
1726788658965 0.535863 7
1726788659061 0.418041 7
1726788659157 0.543523 7
1726788659253 0.610284 7
1726788659350 1.527485 7
1726788659446 0.665777 7
1726788659544 1.365874 7
1726788659647 3.589032 7
1726788659747 0.87054 7
1726788659847 1.348579 7
1726788659951 2.695786 14
1726788660048 1.548645 14
1726788660144 0.786651 14
1726788660244 0.280359 14
1726788660343 0.527269 14
1726788660444 1.466 14
1726788660540 0.81455 14
1726788660636 0.402326 14
1726788660733 1.647699 14
1726788660829 0.567742 14
1726788660926 1.195901 21
1726788661023 0.532087 21
1726788662636 0.691496 0
1726788662744 0.704736 0
1726788662845 0.721783 0
1726788662944 0.428642 0
1726788663042 1.816189 0
1726788663140 1.134534 0
1726788663238 0.623417 0
1726788663335 0.855883 0
1726788663431 0.502548 0
1726788663528 1.133795 0
1726788663623 0.682958 8
1726788663720 0.468333 8
1726788663819 0.650001 8
1726788663915 2.252398 8
1726788664022 0.806995 8
1726788664122 1.349208 8
1726788664219 1.001303 8
1726788664320 2.035717 8
1726788664419 1.077474 8
1726788664516 0.864371 8
1726788664616 16.494329 16
1726788664720 2.031566 16
1726788664821 0.63716 16
1726788664920 0.285773 16
1726788665016 0.66136 16
1726788665112 2.123353 16
1726788665210 0.586403 16
1726788665309 0.403219 16
1726788665405 1.092184 16
1726788665501 0.573728 16
1726788665598 1.128149 24
1726788665694 0.491733 24
1726788667306 0.681242 0
1726788667407 0.594276 0
1726788667503 1.072521 0
1726788667599 0.355722 0
1726788667699 3.31851 0
1726788667795 1.179798 0
1726788667891 0.999103 0
1726788667988 0.561045 0
1726788668093 0.522116 0
1726788668193 1.418974 0
1726788668289 0.618697 9
1726788668387 0.435182 9
1726788668482 0.710863 9
1726788668578 0.901402 9
1726788668674 1.990256 9
1726788668771 3.051943 9
1726788668868 0.746407 9
1726788668967 4.787199 9
1726788669064 2.285065 9
1726788669161 0.853056 9
1726788669258 2.918388 18
1726788669354 1.940249 18
1726788669452 0.620738 18
1726788669549 0.26884 18
1726788669649 1.114011 18
1726788669751 3.36247 18
1726788669850 0.770144 18
1726788669947 0.378269 18
1726788670042 1.113342 18
1726788670149 0.989148 18
1726788670248 1.112534 27
1726788670345 0.542605 27
1726788671911 0.707161 0
1726788672010 2.579771 0
1726788672111 1.008948 0
1726788672217 0.90932 0
1726788672315 1.818874 0
1726788672412 1.19772 0
1726788672507 1.313611 0
1726788672604 0.50201 0
1726788672699 0.487246 0
1726788672795 1.116401 0
1726788672891 0.453559 10
1726788672987 0.547467 10
1726788673083 0.649242 10
1726788673180 0.765326 10
1726788673279 1.189935 10
1726788673381 0.921531 10
1726788673478 1.424773 10
1726788673575 1.667895 10
1726788673670 0.877114 10
1726788673766 0.592059 10
1726788673861 5.468993 20
1726788673956 1.932894 20
1726788674053 0.745529 20
1726788674148 0.253693 20
1726788674255 0.800959 20
1726788674353 3.899754 20
1726788674448 0.714898 20
1726788674544 0.664808 20
1726788674642 1.060254 20
1726788674742 0.566103 20
1726788674839 0.73917 30
1726788674936 0.383988 30
