1727108868933 0.0 0
1727108869059 10.0 0
1727108869181 20.0 0
1727108869308 30.0 0
1727108869432 40.0 0
1727108869558 50.0 0
1727108869691 60.0 0
1727108869823 70.0 0
1727108869954 80.0 0
1727108870083 90.0 0
1727108870213 100.0 1
1727108870339 110.0 1
1727108870466 120.0 1
1727108870595 130.0 1
1727108870726 140.0 1
1727108870856 150.0 1
1727108870986 160.0 1
1727108871114 170.0 1
1727108871243 180.0 1
1727108871374 190.0 1
1727108871505 200.0 2
1727108871633 210.0 2
1727108871766 220.0 2
1727108871897 230.0 2
1727108872027 240.0 2
1727108872157 250.0 2
1727108872287 260.0 2
1727108872412 270.0 2
1727108873645 0.0 0
1727108873771 10.0 0
1727108873896 20.0 0
1727108874023 30.0 0
1727108874151 40.0 0
1727108874281 50.0 0
1727108874411 60.0 0
1727108874540 70.0 0
1727108874668 80.0 0
1727108874798 90.0 0
1727108874927 100.0 2
1727108875057 110.0 2
1727108875187 120.0 2
1727108875316 130.0 2
1727108875447 140.0 2
1727108875576 150.0 2
1727108875702 160.0 2
1727108875833 170.0 2
1727108875964 180.0 2
1727108876092 190.0 2
1727108876220 200.0 4
1727108876328 210.0 4
1727108876458 220.0 4
1727108876584 230.0 4
1727108876715 240.0 4
1727108876846 250.0 4
1727108876975 260.0 4
1727108877103 270.0 4
1727108878358 0.0 0
1727108878484 10.0 0
1727108878611 20.0 0
1727108878739 30.0 0
1727108878851 40.0 0
1727108878971 50.0 0
1727108879080 60.0 0
1727108879203 70.0 0
1727108879329 80.0 0
1727108879458 90.0 0
1727108879585 100.0 3
1727108879715 110.0 3
1727108879849 120.0 3
1727108879980 130.0 3
1727108880108 140.0 3
1727108880238 150.0 3
1727108880366 160.0 3
1727108880495 170.0 3
1727108880619 180.0 3
1727108880748 190.0 3
1727108880883 200.0 6
1727108881014 210.0 6
1727108881145 220.0 6
1727108881274 230.0 6
1727108881404 240.0 6
1727108881511 250.0 6
1727108881642 260.0 6
1727108881768 270.0 6
1727108883014 0.0 0
1727108883136 10.0 0
1727108883266 20.0 0
1727108883397 30.0 0
1727108883525 40.0 0
1727108883660 50.0 0
1727108883796 60.0 0
1727108883926 70.0 0
1727108884055 80.0 0
1727108884186 90.0 0
1727108884316 100.0 4
1727108884445 110.0 4
1727108884572 120.0 4
1727108884700 130.0 4
1727108884831 140.0 4
1727108884947 150.0 4
1727108885075 160.0 4
1727108885205 170.0 4
1727108885332 180.0 4
1727108885462 190.0 4
1727108885572 200.0 8
1727108885704 210.0 8
1727108885833 220.0 8
1727108885947 230.0 8
1727108886075 240.0 8
1727108886207 250.0 8
1727108886336 260.0 8
1727108886466 270.0 8
1727108887711 0.0 0
1727108887834 10.0 0
1727108887959 20.0 0
1727108888088 30.0 0
1727108888217 40.0 0
1727108888345 50.0 0
1727108888473 60.0 0
1727108888602 70.0 0
1727108888732 80.0 0
1727108888862 90.0 0
1727108888992 100.0 5
1727108889123 110.0 5
1727108889248 120.0 5
1727108889378 130.0 5
1727108889506 140.0 5
1727108889634 150.0 5
1727108889764 160.0 5
1727108889892 170.0 5
1727108890022 180.0 5
1727108890153 190.0 5
1727108890283 200.0 10
1727108890414 210.0 10
1727108890545 220.0 10
1727108890678 230.0 10
1727108890807 240.0 10
1727108890937 250.0 10
1727108891068 260.0 10
1727108891199 270.0 10
