1726774596641 0.0 0
1726774596740 10.0 0
1726774596833 20.0 0
1726774596930 30.0 0
1726774597022 40.0 0
1726774597116 50.0 0
1726774597210 60.0 0
1726774597303 70.0 0
1726774597393 80.0 0
1726774597485 90.0 0
1726774597578 100.0 1
1726774597679 110.0 1
1726774597772 120.0 1
1726774597863 130.0 1
1726774597955 140.0 1
1726774598048 150.0 1
1726774598140 160.0 1
1726774598241 170.0 1
1726774598336 180.0 1
1726774598429 190.0 1
1726774598520 200.0 2
1726774598612 210.0 2
1726774598703 220.0 2
1726774598797 230.0 2
1726774598892 240.0 2
1726774598986 250.0 2
1726774599079 260.0 2
1726774599170 270.0 2
1726774599261 280.0 2
1726774599352 290.0 2
1726774599444 300.0 3
1726774599536 310.0 3
1726774599628 320.0 3
1726774599720 330.0 3
1726774599811 340.0 3
1726774599902 350.0 3
1726774599996 360.0 3
1726774600087 370.0 3
1726774600179 380.0 3
1726774600277 390.0 3
1726774600371 400.0 4
1726774600463 410.0 4
1726774600555 420.0 4
1726774600649 430.0 4
1726774600741 440.0 4
1726774600837 450.0 4
1726774600929 460.0 4
1726774601021 470.0 4
1726774601112 480.0 4
1726774603558 0.0 0
1726774603661 10.0 0
1726774603753 20.0 0
1726774603845 30.0 0
1726774603936 40.0 0
1726774604028 50.0 0
1726774604121 60.0 0
1726774604216 70.0 0
1726774604310 80.0 0
1726774604412 90.0 0
1726774604506 100.0 2
1726774604599 110.0 2
1726774604692 120.0 2
1726774604784 130.0 2
1726774604878 140.0 2
1726774604973 150.0 2
1726774605066 160.0 2
1726774605160 170.0 2
1726774605252 180.0 2
1726774605345 190.0 2
1726774605440 200.0 4
1726774605532 210.0 4
1726774605625 220.0 4
1726774605718 230.0 4
1726774605811 240.0 4
1726774605903 250.0 4
1726774605994 260.0 4
1726774606086 270.0 4
1726774606178 280.0 4
1726774606270 290.0 4
1726774606361 300.0 6
1726774606462 310.0 6
1726774606557 320.0 6
1726774606652 330.0 6
1726774606746 340.0 6
1726774606841 350.0 6
1726774606936 360.0 6
1726774607031 370.0 6
1726774607124 380.0 6
1726774607218 390.0 6
1726774607311 400.0 8
1726774607404 410.0 8
1726774607495 420.0 8
1726774607587 430.0 8
1726774607685 440.0 8
1726774607778 450.0 8
1726774607871 460.0 8
1726774607966 470.0 8
1726774608065 480.0 8
1726774610508 0.0 0
1726774610608 10.0 0
1726774610700 20.0 0
1726774610793 30.0 0
1726774610889 40.0 0
1726774610982 50.0 0
1726774611075 60.0 0
1726774611167 70.0 0
1726774611258 80.0 0
1726774611350 90.0 0
1726774611440 100.0 3
1726774611531 110.0 3
1726774611622 120.0 3
1726774611714 130.0 3
1726774611805 140.0 3
1726774611897 150.0 3
1726774611990 160.0 3
1726774612081 170.0 3
1726774612175 180.0 3
1726774612269 190.0 3
1726774612365 200.0 6
1726774612458 210.0 6
1726774612556 220.0 6
1726774612655 230.0 6
1726774612751 240.0 6
1726774612844 250.0 6
1726774612936 260.0 6
1726774613029 270.0 6
1726774613121 280.0 6
1726774613217 290.0 6
1726774613311 300.0 9
1726774613406 310.0 9
1726774613497 320.0 9
1726774613588 330.0 9
1726774613679 340.0 9
1726774613772 350.0 9
1726774613864 360.0 9
1726774613956 370.0 9
1726774614048 380.0 9
1726774614142 390.0 9
1726774614236 400.0 12
1726774614328 410.0 12
1726774614420 420.0 12
1726774614511 430.0 12
1726774614610 440.0 12
1726774614705 450.0 12
1726774614797 460.0 12
1726774614893 470.0 12
1726774614989 480.0 12
1726774617489 0.0 0
1726774617591 10.0 0
1726774617685 20.0 0
1726774617778 30.0 0
1726774617872 40.0 0
1726774617967 50.0 0
1726774618061 60.0 0
1726774618153 70.0 0
1726774618245 80.0 0
1726774618336 90.0 0
1726774618429 100.0 4
1726774618536 110.0 4
1726774618630 120.0 4
1726774618733 130.0 4
1726774618827 140.0 4
1726774618920 150.0 4
1726774619012 160.0 4
1726774619104 170.0 4
1726774619197 180.0 4
1726774619292 190.0 4
1726774619385 200.0 8
1726774619477 210.0 8
1726774619569 220.0 8
1726774619662 230.0 8
1726774619753 240.0 8
1726774619846 250.0 8
1726774619937 260.0 8
1726774620028 270.0 8
1726774620120 280.0 8
1726774620212 290.0 8
1726774620305 300.0 12
1726774620398 310.0 12
1726774620490 320.0 12
1726774620581 330.0 12
1726774620673 340.0 12
1726774620774 350.0 12
1726774620868 360.0 12
1726774620962 370.0 12
1726774621054 380.0 12
1726774621150 390.0 12
1726774621242 400.0 16
1726774621335 410.0 16
1726774621427 420.0 16
1726774621519 430.0 16
1726774621613 440.0 16
1726774621706 450.0 16
1726774621798 460.0 16
1726774621890 470.0 16
1726774621982 480.0 16
1726774624367 0.0 0
1726774624471 10.0 0
1726774624562 20.0 0
1726774624655 30.0 0
1726774624747 40.0 0
1726774624848 50.0 0
1726774624944 60.0 0
1726774625038 70.0 0
1726774625134 80.0 0
1726774625229 90.0 0
1726774625323 100.0 5
1726774625424 110.0 5
1726774625519 120.0 5
1726774625612 130.0 5
1726774625704 140.0 5
1726774625797 150.0 5
1726774625891 160.0 5
1726774625987 170.0 5
1726774626080 180.0 5
1726774626176 190.0 5
1726774626270 200.0 10
1726774626363 210.0 10
1726774626455 220.0 10
1726774626548 230.0 10
1726774626641 240.0 10
1726774626733 250.0 10
1726774626829 260.0 10
1726774626933 270.0 10
1726774627028 280.0 10
1726774627120 290.0 10
1726774627212 300.0 15
1726774627305 310.0 15
1726774627400 320.0 15
1726774627497 330.0 15
1726774627590 340.0 15
1726774627682 350.0 15
1726774627778 360.0 15
1726774627873 370.0 15
1726774627969 380.0 15
1726774628065 390.0 15
1726774628157 400.0 20
1726774628251 410.0 20
1726774628344 420.0 20
1726774628436 430.0 20
1726774628531 440.0 20
1726774628624 450.0 20
1726774628716 460.0 20
1726774628808 470.0 20
1726774628900 480.0 20
1726774631335 0.0 0
1726774631442 10.0 0
1726774631537 20.0 0
1726774631632 30.0 0
1726774631726 40.0 0
1726774631822 50.0 0
1726774631916 60.0 0
1726774632010 70.0 0
1726774632108 80.0 0
1726774632202 90.0 0
1726774632295 100.0 6
1726774632393 110.0 6
1726774632487 120.0 6
1726774632581 130.0 6
1726774632671 140.0 6
1726774632763 150.0 6
1726774632855 160.0 6
1726774632947 170.0 6
1726774633049 180.0 6
1726774633146 190.0 6
1726774633242 200.0 12
1726774633337 210.0 12
1726774633431 220.0 12
1726774633524 230.0 12
1726774633621 240.0 12
1726774633716 250.0 12
1726774633813 260.0 12
1726774633907 270.0 12
1726774634000 280.0 12
1726774634093 290.0 12
1726774634189 300.0 18
1726774634284 310.0 18
1726774634378 320.0 18
1726774634472 330.0 18
1726774634564 340.0 18
1726774634658 350.0 18
1726774634751 360.0 18
1726774634848 370.0 18
1726774634943 380.0 18
1726774635036 390.0 18
1726774635138 400.0 24
1726774635236 410.0 24
1726774635331 420.0 24
1726774635426 430.0 24
1726774635521 440.0 24
1726774635619 450.0 24
1726774635715 460.0 24
1726774635810 470.0 24
1726774635903 480.0 24
1726774638311 0.0 0
1726774638407 10.0 0
1726774638500 20.0 0
1726774638593 30.0 0
1726774638686 40.0 0
1726774638779 50.0 0
1726774638871 60.0 0
1726774638963 70.0 0
1726774639055 80.0 0
1726774639154 90.0 0
1726774639253 100.0 7
1726774639353 110.0 7
1726774639447 120.0 7
1726774639540 130.0 7
1726774639634 140.0 7
1726774639727 150.0 7
1726774639820 160.0 7
1726774639913 170.0 7
1726774640005 180.0 7
1726774640099 190.0 7
1726774640193 200.0 14
1726774640287 210.0 14
1726774640382 220.0 14
1726774640478 230.0 14
1726774640571 240.0 14
1726774640665 250.0 14
1726774640759 260.0 14
1726774640857 270.0 14
1726774640950 280.0 14
1726774641044 290.0 14
1726774641137 300.0 21
1726774641238 310.0 21
1726774641336 320.0 21
1726774641431 330.0 21
1726774641524 340.0 21
1726774641621 350.0 21
1726774641716 360.0 21
1726774641810 370.0 21
1726774641902 380.0 21
1726774641994 390.0 21
1726774642088 400.0 28
1726774642184 410.0 28
1726774642279 420.0 28
1726774642373 430.0 28
1726774642465 440.0 28
1726774642560 450.0 28
1726774642652 460.0 28
1726774642743 470.0 28
1726774642836 480.0 28
1726774645268 0.0 0
1726774645377 10.0 0
1726774645470 20.0 0
1726774645562 30.0 0
1726774645654 40.0 0
1726774645749 50.0 0
1726774645845 60.0 0
1726774645939 70.0 0
1726774646031 80.0 0
1726774646129 90.0 0
1726774646223 100.0 8
1726774646323 110.0 8
1726774646418 120.0 8
1726774646512 130.0 8
1726774646604 140.0 8
1726774646699 150.0 8
1726774646794 160.0 8
1726774646887 170.0 8
1726774646979 180.0 8
1726774647072 190.0 8
1726774647168 200.0 16
1726774647263 210.0 16
1726774647365 220.0 16
1726774647459 230.0 16
1726774647552 240.0 16
1726774647644 250.0 16
1726774647738 260.0 16
1726774647829 270.0 16
1726774647923 280.0 16
1726774648019 290.0 16
1726774648113 300.0 24
1726774648206 310.0 24
1726774648303 320.0 24
1726774648396 330.0 24
1726774648491 340.0 24
1726774648587 350.0 24
1726774648681 360.0 24
1726774648774 370.0 24
1726774648866 380.0 24
1726774648960 390.0 24
1726774649058 400.0 32
1726774649152 410.0 32
1726774649246 420.0 32
1726774649351 430.0 32
1726774649454 440.0 32
1726774649548 450.0 32
1726774649641 460.0 32
1726774649735 470.0 32
1726774649827 480.0 32
