1726801201720 1.542956 0
1726801201824 0.750441 0
1726801201923 0.607506 0
1726801202023 0.636896 0
1726801202132 0.996197 0
1726801202233 1.673244 0
1726801202333 0.70298 0
1726801202432 1.965442 0
1726801202532 0.274504 0
1726801202631 0.471734 0
1726801202731 0.5836 1
1726801202832 0.28167 1
1726801202934 0.242369 1
1726801203034 0.320564 1
1726801203137 0.330551 1
1726801203238 0.318884 1
1726801203339 0.340357 1
1726801203442 0.316471 1
1726801203543 0.32963 1
1726801203644 0.237232 1
1726801204812 0.757612 0
1726801204915 0.309774 0
1726801205013 0.332315 0
1726801205110 0.440963 0
1726801205209 0.875512 0
1726801205307 0.867623 0
1726801205405 0.330827 0
1726801205504 1.587396 0
1726801205602 0.247138 0
1726801205704 0.238055 0
1726801205804 0.4352 2
1726801205903 0.250032 2
1726801206002 0.217447 2
1726801206103 0.218154 2
1726801206216 0.149407 2
1726801206316 0.141828 2
1726801206415 0.20263 2
1726801206521 0.154717 2
1726801206622 0.229888 2
1726801206720 0.158246 2
1726801207790 0.778568 0
1726801207893 0.265372 0
1726801207992 0.227249 0
1726801208096 0.412203 0
1726801208204 0.838111 0
1726801208310 0.563889 0
1726801208411 0.2132 0
1726801208510 1.312604 0
1726801208610 0.242856 0
1726801208710 0.209341 0
1726801208812 0.285627 3
1726801208912 0.266573 3
1726801209012 0.223538 3
1726801209112 0.2057 3
1726801209211 0.153789 3
1726801209311 0.138623 3
1726801209409 0.221766 3
1726801209516 0.144526 3
1726801209616 0.21925 3
1726801209714 0.142165 3
1726801210829 0.821955 0
1726801210929 0.279319 0
1726801211029 0.214681 0
1726801211129 0.392751 0
1726801211229 0.807567 0
1726801211329 0.451651 0
1726801211430 0.191492 0
1726801211529 1.13591 0
1726801211629 0.237782 0
1726801211727 0.228904 0
1726801211826 0.167608 4
1726801211926 0.220763 4
1726801212023 0.205904 4
1726801212123 0.196457 4
1726801212224 0.147762 4
1726801212336 0.133291 4
1726801212437 0.214445 4
1726801212537 0.143042 4
1726801212637 0.214679 4
1726801212736 0.149894 4
1726801213818 0.809556 0
1726801213921 0.293491 0
1726801214025 0.221838 0
1726801214128 0.382946 0
1726801214230 0.816906 0
1726801214337 0.420492 0
1726801214437 0.180184 0
1726801214536 1.011419 0
1726801214637 0.220567 0
1726801214737 0.210363 0
1726801214842 0.135473 5
1726801214943 0.214948 5
1726801215043 0.180907 5
1726801215143 0.19262 5
1726801215241 0.140502 5
1726801215340 0.137796 5
1726801215439 0.220424 5
1726801215537 0.142594 5
1726801215635 0.224162 5
1726801215734 0.148183 5
1726801216822 0.8337 0
1726801216930 0.296383 0
1726801217032 0.235521 0
1726801217132 0.384955 0
1726801217231 0.809027 0
1726801217329 0.383431 0
1726801217428 0.174455 0
1726801217527 0.976793 0
1726801217627 0.21305 0
1726801217725 0.200643 0
1726801217824 0.11494 6
1726801217922 0.198844 6
1726801218021 0.175506 6
1726801218120 0.184619 6
1726801218219 0.147688 6
1726801218320 0.127232 6
1726801218427 0.22292 6
1726801218530 0.147263 6
1726801218633 0.220698 6
1726801218731 0.151343 6
1726801219824 0.821997 0
1726801219927 0.312878 0
1726801220026 0.23791 0
1726801220124 0.377135 0
1726801220223 0.81516 0
1726801220323 0.367857 0
1726801220423 0.170118 0
1726801220530 0.931706 0
1726801220629 0.211433 0
1726801220728 0.194421 0
1726801220826 0.095903 7
1726801220933 0.191748 7
1726801221034 0.165303 7
1726801221135 0.17704 7
1726801221237 0.141744 7
1726801221336 0.128635 7
1726801221437 0.211511 7
1726801221536 0.150086 7
1726801221638 0.215381 7
1726801221738 0.144177 7
1726801222844 0.808239 0
1726801222955 0.304588 0
1726801223056 0.238949 0
1726801223156 0.375382 0
1726801223256 0.827361 0
1726801223356 0.3632 0
1726801223456 0.179138 0
1726801223557 0.93201 0
1726801223661 0.20849 0
1726801223763 0.190941 0
1726801223863 0.09526 8
1726801223964 0.185426 8
1726801224066 0.166094 8
1726801224166 0.181626 8
1726801224267 0.145796 8
1726801224367 0.133216 8
1726801224466 0.210236 8
1726801224575 0.15509 8
1726801224676 0.215077 8
1726801224778 0.144871 8
1726801225854 0.822745 0
1726801225965 0.319889 0
1726801226065 0.231894 0
1726801226165 0.372586 0
1726801226265 0.80796 0
1726801226365 0.343937 0
1726801226467 0.172962 0
1726801226568 0.901249 0
1726801226674 0.206758 0
1726801226776 0.185599 0
1726801226880 0.093481 9
1726801226982 0.185954 9
1726801227085 0.1587 9
1726801227185 0.176002 9
1726801227287 0.146329 9
1726801227388 0.130957 9
1726801227488 0.211957 9
1726801227588 0.149902 9
1726801227688 0.220074 9
1726801227794 0.144387 9
1726801228899 0.798814 0
1726801228998 0.309071 0
1726801229103 0.235159 0
1726801229202 0.363919 0
1726801229301 0.815954 0
1726801229414 0.348918 0
1726801229516 0.173045 0
1726801229615 0.868811 0
1726801229715 0.198371 0
1726801229817 0.184573 0
1726801229918 0.0859 10
1726801230018 0.1886 10
1726801230121 0.160173 10
1726801230222 0.179575 10
1726801230321 0.148674 10
1726801230421 0.1301 10
1726801230520 0.21701 10
1726801230620 0.151253 10
1726801230727 0.2188 10
1726801230826 0.147678 10
