1727116406683 264.107056 0
1727116406801 38.315681 0
1727116406913 0.779875 0
1727116407026 3.052699 0
1727116407130 12.964968 0
1727116407234 9.858141 0
1727116407338 2.376318 0
1727116407442 2.242014 0
1727116407548 1.260315 0
1727116407653 1.91136 0
1727116407759 3.915219 1
1727116407881 3.500623 1
1727116407995 0.770911 1
1727116408111 1.596756 1
1727116408216 21.182804 1
1727116408321 6.071256 1
1727116408433 0.978841 1
1727116408542 16.984968 1
1727116408645 12.731386 1
1727116408751 4.643236 1
1727116408861 0.397547 2
1727116408963 1.366981 2
1727116409066 14.933815 2
1727116409167 65.893402 2
1727116410258 19.047916 0
1727116410367 1.604198 0
1727116410480 0.971572 0
1727116410594 6.840959 0
1727116410704 25.055378 0
1727116410817 6.877497 0
1727116410927 1.763045 0
1727116411027 1.887737 0
1727116411130 1.259598 0
1727116411234 1.233621 0
1727116411338 3.872869 2
1727116411444 2.174829 2
1727116411546 1.569619 2
1727116411648 3.852606 2
1727116411750 8.777979 2
1727116411862 2.939325 2
1727116412098 0.91959 2
1727116412217 3.14107 2
1727116412320 5.557318 2
1727116412421 4.123537 2
1727116412529 0.660793 4
1727116412633 1.978947 4
1727116412745 6.224144 4
1727116412855 3.185046 4
1727116413807 1.73945 0
1727116413919 3.156569 0
1727116414031 2.144819 0
1727116414143 6.510432 0
1727116414290 3.593438 0
1727116414401 4.856259 0
1727116414505 6.113353 0
1727116414617 1.288833 0
1727116414718 1.431102 0
1727116414819 1.438556 0
1727116414919 2.509851 3
1727116415019 1.019544 3
1727116415122 1.324823 3
1727116415224 1.236762 3
1727116415323 13.68072 3
1727116415424 2.028796 3
1727116415524 3.766937 3
1727116415632 4.043808 3
1727116415738 3.965963 3
1727116415839 2.786031 3
1727116415942 0.823205 6
1727116416073 2.912885 6
1727116416193 3.594494 6
1727116416306 2.166348 6
1727116417287 1.618888 0
1727116417397 0.80535 0
1727116417508 2.200006 0
1727116417612 1.318495 0
1727116417712 1.330722 0
1727116417815 1.074014 0
1727116417915 1.509095 0
1727116418022 1.293943 0
1727116418127 3.319922 0
1727116418228 56.469635 0
1727116418336 2.339792 4
1727116418449 0.899422 4
1727116418561 1.350591 4
1727116418670 2.710023 4
1727116418774 9.839863 4
1727116418874 2.004676 4
1727116418983 2.461245 4
1727116419089 2.003989 4
1727116419189 2.500115 4
1727116419291 1.81962 4
1727116419393 0.993383 8
1727116419494 2.638836 8
1727116419600 2.653817 8
1727116419703 2.440689 8
1727116420686 1.434288 0
1727116420818 0.652265 0
1727116420931 3.57604 0
1727116421042 1.107865 0
1727116421150 1.313628 0
1727116421255 0.854964 0
1727116421365 1.174836 0
1727116421483 1.409384 0
1727116421598 44.992172 0
1727116421706 2.61376 0
1727116421816 1.540611 5
1727116421922 0.869056 5
1727116422024 3.441671 5
1727116422127 1.700341 5
1727116422228 99.48288 5
1727116422331 2.26437 5
1727116422438 2.742077 5
1727116422545 2.096368 5
1727116422650 2.410252 5
1727116422760 1.544412 5
1727116422885 0.966519 10
1727116423007 3.016199 10
1727116423126 2.716979 10
1727116423259 6.459487 10
