1726839151599 0.0 0
1726839151763 10.0 0
1726839151928 20.0 0
1726839152088 30.0 0
1726839152257 40.0 0
1726839152418 50.0 0
1726839153196 0.0 0
1726839153373 10.0 0
1726839153545 20.0 0
1726839153719 30.0 0
1726839153890 40.0 0
1726839154059 50.0 0
1726839154754 0.0 0
1726839154923 10.0 0
1726839155077 20.0 0
1726839155241 30.0 0
1726839155408 40.0 0
1726839155572 50.0 0
1726839156293 0.0 0
1726839156457 10.0 0
1726839156620 20.0 0
1726839156782 30.0 0
1726839156949 40.0 0
1726839157115 50.0 0
1726839157818 0.0 0
1726839157983 10.0 0
1726839158148 20.0 0
1726839158312 30.0 0
1726839158476 40.0 0
1726839158640 50.0 0
1726839159358 0.0 0
1726839159528 10.0 0
1726839159693 20.0 0
1726839159854 30.0 0
1726839160008 40.0 0
1726839160157 50.0 0
1726839160880 0.0 0
1726839161049 10.0 0
1726839161217 20.0 0
1726839161383 30.0 0
1726839161550 40.0 0
1726839161712 50.0 0
1726839162388 0.0 0
1726839162528 10.0 0
1726839162686 20.0 0
1726839162851 30.0 0
1726839163015 40.0 0
1726839163181 50.0 0
1726839163922 0.0 0
1726839164111 10.0 0
1726839164291 20.0 0
1726839164475 30.0 0
1726839164640 40.0 0
1726839164809 50.0 0
1726839165516 0.0 0
1726839165687 10.0 0
1726839165859 20.0 0
1726839166028 30.0 0
1726839166196 40.0 0
1726839166366 50.0 0
