1726786915665 38.629158 0
1726786915764 27.221497 0
1726786915860 345.170471 0
1726786915955 19.182295 0
1726786916052 9.959234 0
1726786916149 5.565813 0
1726786916245 5.231097 0
1726786916340 11.884588 0
1726786916438 28.167625 0
1726786916534 2.803791 0
1726786916629 1.731522 1
1726786916728 1.317572 1
1726786916825 8.462181 1
1726786916920 4.949126 1
1726786917023 1.813361 1
1726786917120 2.055353 1
1726786917217 4.955792 1
1726786917314 1.998507 1
1726786917408 2.885415 1
1726786917506 5.232106 1
1726786918562 3.833014 0
1726786918666 19.197758 0
1726786918763 1.529453 0
1726786918862 6.022551 0
1726786918959 2.437675 0
1726786919066 2.961143 0
1726786919163 0.734859 0
1726786919262 1.535547 0
1726786919359 16.6679 0
1726786919457 0.879107 0
1726786919556 0.626918 2
1726786919654 0.765061 2
1726786919753 1.879914 2
1726786919849 2.026075 2
1726786919946 54.091167 2
1726786920041 2.950738 2
1726786920141 1.238764 2
1726786920238 2.387119 2
1726786920336 3.139943 2
1726786920432 6.062363 2
1726786921462 1.104156 0
1726786921565 1.509679 0
1726786921661 2.163687 0
1726786921756 2.842468 0
1726786921851 1.534916 0
1726786921947 10.262603 0
1726786922042 0.889323 0
1726786922137 25.769154 0
1726786922233 21.801142 0
1726786922327 1.169257 0
1726786922421 0.525744 3
1726786922515 0.659568 3
1726786922611 0.992401 3
1726786922706 13.00787 3
1726786922803 1.604312 3
1726786922897 2.527195 3
1726786922991 1.075928 3
1726786923087 4.110625 3
1726786923192 7.406483 3
1726786923292 7.514264 3
1726786924286 0.712843 0
1726786924382 3.005599 0
1726786924477 2.780798 0
1726786924570 17.618376 0
1726786924663 1.465216 0
1726786924757 5.770146 0
1726786924851 0.807148 0
1726786924945 4.704272 0
1726786925038 12.727602 0
1726786925138 0.962271 0
1726786925238 0.425471 4
1726786925333 0.554138 4
1726786925428 0.650538 4
1726786925523 0.560994 4
1726786925619 1.518086 4
1726786925712 2.911507 4
1726786925806 1.196501 4
1726786925901 4.405808 4
1726786925996 2.885807 4
1726786926089 4.337967 4
1726786927100 0.60595 0
1726786927215 19.486118 0
1726786927319 3.617811 0
1726786927414 6.789838 0
1726786927511 1.343824 0
1726786927607 4.989383 0
1726786927708 0.824121 0
1726786927805 5.661927 0
1726786927903 7.654841 0
1726786927999 0.768045 0
1726786928095 0.383961 5
1726786928192 0.487134 5
1726786928293 0.575934 5
1726786928390 0.569397 5
1726786928486 1.367228 5
1726786928582 3.911553 5
1726786928681 1.127869 5
1726786928778 4.263917 5
1726786928873 2.40837 5
1726786928970 5.017542 5
1726786930018 0.607306 0
1726786930123 2.468689 0
1726786930220 7.079047 0
1726786930319 5.745723 0
1726786930416 1.297653 0
1726786930512 3.778713 0
1726786930608 0.785832 0
1726786930703 3.893461 0
1726786930799 38.965679 0
1726786930895 0.804409 0
1726786930991 0.370663 6
1726786931090 0.471279 6
1726786931189 0.754238 6
1726786931291 0.549291 6
1726786931389 1.339298 6
1726786931486 4.22795 6
1726786931582 1.158769 6
1726786931681 3.435227 6
1726786931779 2.637198 6
1726786931875 4.80924 6
1726786932919 0.83985 0
1726786933025 14.240866 0
1726786933121 3.287334 0
1726786933222 19.5098 0
1726786933326 1.348452 0
1726786933426 2.169521 0
1726786933522 0.805536 0
1726786933617 3.900728 0
1726786933713 16.088274 0
1726786933813 0.802756 0
1726786933912 0.334831 7
1726786934009 0.460387 7
1726786934106 0.541335 7
1726786934203 0.581943 7
1726786934300 1.274674 7
1726786934395 5.834674 7
1726786934490 1.054137 7
1726786934591 2.333837 7
1726786934687 1.766566 7
1726786934783 6.007999 7
1726786935816 0.631099 0
1726786935917 36.119736 0
1726786936011 3.424591 0
1726786936106 2.686154 0
1726786936201 1.30427 0
1726786936295 3.066368 0
1726786936390 0.803261 0
1726786936484 4.405828 0
1726786936580 9.444614 0
1726786936676 0.913433 0
1726786936769 0.34417 8
1726786936867 0.46672 8
1726786936963 0.526816 8
1726786937060 0.526214 8
1726786937158 1.221261 8
1726786937257 4.955528 8
1726786937352 1.030738 8
1726786937455 12.642589 8
1726786937553 1.921537 8
1726786937650 3.520571 8
1726786938689 0.839837 0
1726786938798 3.73523 0
1726786938894 3.096714 0
1726786938990 11.988379 0
1726786939084 1.316935 0
1726786939178 3.126436 0
1726786939272 0.783033 0
1726786939366 3.417737 0
1726786939473 56.066689 0
1726786939573 0.842745 0
1726786939673 0.34156 9
1726786939772 0.422677 9
1726786939873 0.549411 9
1726786939969 0.528162 9
1726786940064 1.173855 9
1726786940158 4.986993 9
1726786940253 0.987263 9
1726786940348 3.179263 9
1726786940441 1.764993 9
1726786940538 2.715966 9
1726786941556 1.0807 0
1726786941656 2.983714 0
1726786941753 27.911842 0
1726786941847 11.974145 0
1726786941942 1.26623 0
1726786942039 2.377546 0
1726786942136 0.795178 0
1726786942234 8.287928 0
1726786942330 5.708932 0
1726786942426 1.131977 0
1726786942522 0.318254 10
1726786942620 0.443796 10
1726786942719 0.629115 10
1726786942816 0.616972 10
1726786942913 1.159567 10
1726786943009 2.773694 10
1726786943104 1.16115 10
1726786943203 3.539006 10
1726786943307 2.261995 10
1726786943406 85.474709 10
