1726907041709 14.464983 0
1726907041851 4.519646 0
1726907041995 85.193451 0
1726907042138 4.724194 0
1726907042279 3.668445 0
1726907042421 5.353674 0
1726907042562 2.134965 0
1726907042702 2.252279 0
1726907042844 4.289101 0
1726907042986 3.895591 0
1726907043127 6.766951 1
1726907044081 2.906198 0
1726907044225 1.818129 0
1726907044375 1.080567 0
1726907044516 1.161499 0
1726907044657 1.413133 0
1726907044798 0.865113 0
1726907044941 2.835958 0
1726907045082 8.178694 0
1726907045222 2.786911 0
1726907045364 2.946836 0
1726907045507 3.340911 2
1726907046440 3.446381 0
1726907046583 3.146755 0
1726907046726 0.936041 0
1726907046867 0.786763 0
1726907047010 0.735329 0
1726907047151 1.217062 0
1726907047291 2.163286 0
1726907047432 6.579972 0
1726907047573 5.701675 0
1726907047716 8.28741 0
1726907047861 10.699211 3
1726907048789 3.350012 0
1726907048931 2.062049 0
1726907049073 0.815348 0
1726907049213 2.048993 0
1726907049354 0.876187 0
1726907049495 1.172242 0
1726907049634 2.71608 0
1726907049778 9.567576 0
1726907049920 13.811774 0
1726907050061 4.673837 0
1726907050203 5.491998 4
1726907051149 2.648716 0
1726907051293 3.422749 0
1726907051434 1.539908 0
1726907051576 0.705215 0
1726907051718 0.772164 0
1726907051861 0.969705 0
1726907052003 15.762797 0
1726907052143 2.213957 0
1726907052284 2.743858 0
1726907052428 2.49127 0
1726907052569 3.669985 5
1726907053513 1.0538 0
1726907053657 3.076673 0
1726907053798 0.845159 0
1726907053944 0.889188 0
1726907054085 0.902598 0
1726907054226 1.044063 0
1726907054368 4.513556 0
1726907054509 2.099536 0
1726907054650 3.1463 0
1726907054791 3.87611 0
1726907054932 4.35705 6
1726907055869 1.656671 0
1726907056017 3.827348 0
1726907056159 2.186595 0
1726907056302 8.746885 0
1726907056442 1.146333 0
1726907056583 2.216954 0
1726907056726 3.332388 0
1726907056867 9.280828 0
1726907057008 4.485562 0
1726907057149 3.369564 0
1726907057291 17.314043 7
1726907058224 1.214727 0
1726907058367 2.335663 0
1726907058508 0.928563 0
1726907058650 4.679301 0
1726907058791 1.066921 0
1726907058932 1.166282 0
1726907059072 5.535516 0
1726907059213 4.623099 0
1726907059354 3.146166 0
1726907059495 3.913091 0
1726907059636 2.634087 8
1726907060598 1.217482 0
1726907060741 22.885212 0
1726907060882 2.378126 0
1726907061024 0.8682 0
1726907061166 0.83843 0
1726907061307 3.168144 0
1726907061450 3.059352 0
1726907061593 18.55501 0
1726907061734 7.539658 0
1726907061876 4.004524 0
1726907062016 1.526839 9
1726907062964 1.104287 0
1726907063109 3.095744 0
1726907063250 0.916789 0
1726907063390 3.59288 0
1726907063533 0.982645 0
1726907063674 1.057209 0
1726907063814 3.715393 0
1726907063956 5.068336 0
1726907064099 4.596192 0
1726907064243 3.167822 0
1726907064383 1.857306 10
