1726907041685 0.0 0
1726907041828 10.0 0
1726907041969 20.0 0
1726907042115 30.0 0
1726907042256 40.0 0
1726907042397 50.0 0
1726907042539 60.0 0
1726907042679 70.0 0
1726907042821 80.0 0
1726907042963 90.0 0
1726907043103 100.0 1
1726907044058 0.0 0
1726907044202 10.0 0
1726907044352 20.0 0
1726907044494 30.0 0
1726907044634 40.0 0
1726907044776 50.0 0
1726907044918 60.0 0
1726907045059 70.0 0
1726907045199 80.0 0
1726907045341 90.0 0
1726907045484 100.0 2
1726907046417 0.0 0
1726907046559 10.0 0
1726907046703 20.0 0
1726907046844 30.0 0
1726907046987 40.0 0
1726907047128 50.0 0
1726907047268 60.0 0
1726907047409 70.0 0
1726907047550 80.0 0
1726907047691 90.0 0
1726907047838 100.0 3
1726907048766 0.0 0
1726907048908 10.0 0
1726907049050 20.0 0
1726907049190 30.0 0
1726907049331 40.0 0
1726907049472 50.0 0
1726907049612 60.0 0
1726907049753 70.0 0
1726907049897 80.0 0
1726907050038 90.0 0
1726907050179 100.0 4
1726907051124 0.0 0
1726907051270 10.0 0
1726907051411 20.0 0
1726907051552 30.0 0
1726907051695 40.0 0
1726907051838 50.0 0
1726907051979 60.0 0
1726907052120 70.0 0
1726907052261 80.0 0
1726907052405 90.0 0
1726907052547 100.0 5
1726907053490 0.0 0
1726907053634 10.0 0
1726907053775 20.0 0
1726907053921 30.0 0
1726907054062 40.0 0
1726907054203 50.0 0
1726907054345 60.0 0
1726907054486 70.0 0
1726907054627 80.0 0
1726907054768 90.0 0
1726907054909 100.0 6
1726907055845 0.0 0
1726907055994 10.0 0
1726907056136 20.0 0
1726907056278 30.0 0
1726907056419 40.0 0
1726907056560 50.0 0
1726907056703 60.0 0
1726907056844 70.0 0
1726907056985 80.0 0
1726907057127 90.0 0
1726907057267 100.0 7
1726907058201 0.0 0
1726907058344 10.0 0
1726907058485 20.0 0
1726907058627 30.0 0
1726907058768 40.0 0
1726907058909 50.0 0
1726907059049 60.0 0
1726907059190 70.0 0
1726907059330 80.0 0
1726907059473 90.0 0
1726907059612 100.0 8
1726907060574 0.0 0
1726907060718 10.0 0
1726907060859 20.0 0
1726907061001 30.0 0
1726907061143 40.0 0
1726907061284 50.0 0
1726907061424 60.0 0
1726907061569 70.0 0
1726907061711 80.0 0
1726907061852 90.0 0
1726907061993 100.0 9
1726907062940 0.0 0
1726907063086 10.0 0
1726907063227 20.0 0
1726907063368 30.0 0
1726907063509 40.0 0
1726907063651 50.0 0
1726907063791 60.0 0
1726907063933 70.0 0
1726907064073 80.0 0
1726907064220 90.0 0
1726907064360 100.0 10
