1727102344762 11.055012 0
1727102344940 8.323997 0
1727102345066 1.164275 0
1727102345189 0.548908 0
1727102345319 0.27326 0
1727102345447 0.250677 0
1727102345575 0.717024 0
1727102345697 0.427909 0
1727102345822 1.492316 0
1727102345970 2.179376 0
1727102346113 5.849387 1
1727102346255 0.654013 1
1727102346387 1.898184 1
1727102346514 1.007614 1
1727102346638 3.965396 1
1727102346759 0.640539 1
1727102346878 1.769413 1
1727102347000 1.656682 1
1727102347125 2.148469 1
1727102348121 1.229465 0
1727102348256 0.543762 0
1727102348387 0.537417 0
1727102348518 1.424352 0
1727102348649 0.25258 0
1727102348778 0.924105 0
1727102348901 0.491273 0
1727102349043 0.339313 0
1727102349183 8.968612 0
1727102349307 2.327538 0
1727102349441 8.313691 2
1727102349563 0.739524 2
1727102349685 1.996787 2
1727102349810 4.410331 2
1727102349931 1.643469 2
1727102350053 0.648275 2
1727102350176 1.53706 2
1727102350298 1.033486 2
1727102350441 1.866127 2
1727102351349 1.317082 0
1727102351486 6.254585 0
1727102351611 0.471357 0
1727102351736 0.69648 0
1727102351871 0.284764 0
1727102352001 0.240111 0
1727102352126 0.935384 0
1727102352262 0.348973 0
1727102352394 10.535617 0
1727102352525 3.820353 0
1727102352654 1.461221 3
1727102352803 1.362723 3
1727102352944 4.592503 3
1727102353088 1.748116 3
1727102353231 1.138218 3
1727102353378 0.884082 3
1727102353519 1.411872 3
1727102353659 2.030469 3
1727102353796 1.482065 3
1727102354838 6.831043 0
1727102354980 0.622088 0
1727102355120 0.545402 0
1727102355260 0.382089 0
1727102355402 0.313387 0
1727102355543 0.237459 0
1727102355683 0.922285 0
1727102355817 0.70881 0
1727102355945 1.097104 0
1727102356074 2.514179 0
1727102356217 1.635121 4
1727102356365 1.204679 4
1727102356498 4.317947 4
1727102356633 1.24464 4
1727102356760 2.820419 4
1727102356886 0.473512 4
1727102357017 0.645926 4
1727102357169 1.993094 4
1727102357303 1.394226 4
1727102358313 11.623723 0
1727102358441 2.075307 0
1727102358570 0.438672 0
1727102358702 0.641544 0
1727102358825 0.236016 0
1727102358946 0.397706 0
1727102359068 0.564938 0
1727102359195 0.661344 0
1727102359321 1.559264 0
1727102359445 13.587469 0
1727102359574 1.296595 5
1727102359699 0.66602 5
1727102359825 1.213643 5
1727102359948 1.060235 5
1727102360071 1.269853 5
1727102360194 0.710708 5
1727102360321 0.5683 5
1727102360442 0.767613 5
1727102360565 5.519348 5
1727102361476 1.289385 0
1727102361600 1.360565 0
1727102361725 0.488335 0
1727102361851 0.644978 0
1727102361976 0.236667 0
1727102362097 0.325322 0
1727102362220 0.687614 0
1727102362341 2.015044 0
1727102362464 1.295466 0
1727102362586 6.252808 0
1727102362715 1.468908 6
1727102362840 0.973773 6
1727102362965 5.248855 6
1727102363090 1.185949 6
1727102363218 3.38433 6
1727102363341 0.550688 6
1727102363465 0.581149 6
1727102363587 0.751421 6
1727102363714 80.228828 6
1727102364595 1.44425 0
1727102364723 0.751002 0
1727102364847 0.887065 0
1727102364971 0.625615 0
1727102365095 0.271766 0
1727102365219 0.220046 0
1727102365346 0.695326 0
1727102365468 0.818757 0
1727102365591 3.034019 0
1727102365718 19.198288 0
1727102365840 4.375495 7
1727102365966 0.748147 7
1727102366096 1.971024 7
1727102366218 1.156704 7
1727102366342 0.827696 7
1727102366467 0.489464 7
1727102366596 0.701493 7
1727102366722 1.12217 7
1727102366853 2.572777 7
1727102367745 0.887426 0
1727102367867 1.417428 0
1727102367993 0.869925 0
1727102368118 0.438306 0
1727102368244 0.335887 0
1727102368371 0.193061 0
1727102368492 0.740758 0
1727102368626 0.873885 0
1727102368753 2.075622 0
1727102368883 6.792402 0
1727102369006 1.109666 8
1727102369132 0.718359 8
1727102369262 2.355572 8
1727102369387 1.075978 8
1727102369513 0.958961 8
1727102369638 0.486724 8
1727102369767 2.427518 8
1727102369893 2.585992 8
1727102370016 1.602427 8
