1726871780772 0.285495 0
1726871780906 0.04489 0
1726871781040 0.048545 0
1726871781180 0.317296 0
1726871781319 0.143119 0
1726871781452 0.089436 0
1726871781587 0.102007 0
1726871781721 0.264666 0
1726871781856 0.124517 0
1726871781989 0.28459 0
1726871782125 0.158009 1
1726871782259 0.222115 1
1726871782392 0.106258 1
1726871782526 0.120246 1
1726871782659 0.268591 1
1726871782794 0.073001 1
1726871782927 0.168476 1
1726871783061 0.151118 1
1726871783198 0.26866 1
1726871783334 0.077924 1
1726871783468 0.1437 2
1726871783602 0.199367 2
1726871783735 0.136535 2
1726871783869 0.069108 2
1726871784003 0.122359 2
1726871784136 0.070557 2
1726871786016 0.120759 0
1726871786153 0.070858 0
1726871786288 0.047226 0
1726871786421 0.294669 0
1726871786555 0.115078 0
1726871786689 0.084808 0
1726871786824 0.087672 0
1726871786959 0.166428 0
1726871787093 0.102568 0
1726871787227 0.246909 0
1726871787363 0.05196 2
1726871787499 0.189819 2
1726871787633 0.055385 2
1726871787767 0.116581 2
1726871787901 0.289778 2
1726871788036 0.043704 2
1726871788171 0.148003 2
1726871788305 0.103245 2
1726871788439 0.258434 2
1726871788572 0.057935 2
1726871788706 0.125071 4
1726871788840 0.208487 4
1726871788974 0.108928 4
1726871789107 0.101743 4
1726871789241 0.077832 4
1726871789378 0.104604 4
1726871791106 0.309468 0
1726871791293 0.084478 0
1726871791429 0.067182 0
1726871791567 0.343258 0
1726871791701 0.105686 0
1726871791835 0.077217 0
1726871791970 0.078387 0
1726871792106 0.126316 0
1726871792239 0.097913 0
1726871792374 0.226825 0
1726871792508 0.092926 3
1726871792642 0.164816 3
1726871792776 0.064296 3
1726871792909 0.083446 3
1726871793043 0.308885 3
1726871793177 0.050446 3
1726871793311 0.109208 3
1726871793445 0.124814 3
1726871793583 0.277953 3
1726871793716 0.071229 3
1726871793850 0.131991 6
1726871793984 0.239289 6
1726871794118 0.175212 6
1726871794252 0.088785 6
1726871794386 0.126313 6
1726871794519 0.058011 6
1726871796280 0.618639 0
1726871796415 0.18421 0
1726871796548 0.080032 0
1726871796681 0.339428 0
1726871796815 0.124825 0
1726871796949 0.08286 0
1726871797082 0.079391 0
1726871797215 0.150463 0
1726871797349 0.121352 0
1726871797483 0.217871 0
1726871797620 0.044198 4
1726871797754 0.155176 4
1726871797888 0.055267 4
1726871798021 0.099686 4
1726871798155 0.347024 4
1726871798289 0.024653 4
1726871798423 0.123595 4
1726871798557 0.079881 4
1726871798691 0.315679 4
1726871798825 0.06176 4
1726871798960 0.139519 8
1726871799094 0.225044 8
1726871799228 0.139968 8
1726871799362 0.200422 8
1726871799496 0.197109 8
1726871799631 0.107726 8
