1726838903980 0.0 0
1726838904131 10.0 0
1726838904305 20.0 0
1726838904483 30.0 0
1726838904665 40.0 0
1726838904839 50.0 0
1726838905013 60.0 0
1726838905188 70.0 0
1726838905360 80.0 0
1726838905534 90.0 0
1726838905708 100.0 1
1726838905882 110.0 1
1726838906058 120.0 1
1726838907212 0.0 0
1726838907388 10.0 0
1726838907550 20.0 0
1726838907711 30.0 0
1726838907871 40.0 0
1726838908034 50.0 0
1726838908196 60.0 0
1726838908357 70.0 0
1726838908519 80.0 0
1726838908682 90.0 0
1726838908844 100.0 2
1726838909011 110.0 2
1726838909179 120.0 2
1726838910267 0.0 0
1726838910437 10.0 0
1726838910604 20.0 0
1726838910773 30.0 0
1726838910944 40.0 0
1726838911113 50.0 0
1726838911281 60.0 0
1726838911450 70.0 0
1726838911619 80.0 0
1726838911782 90.0 0
1726838911949 100.0 3
1726838912118 110.0 3
1726838912286 120.0 3
1726838913376 0.0 0
1726838913545 10.0 0
1726838913706 20.0 0
1726838913868 30.0 0
1726838914031 40.0 0
1726838914198 50.0 0
1726838914359 60.0 0
1726838914519 70.0 0
1726838914686 80.0 0
1726838914853 90.0 0
1726838915020 100.0 4
1726838915187 110.0 4
1726838915337 120.0 4
1726838916450 0.0 0
1726838916611 10.0 0
1726838916771 20.0 0
1726838916936 30.0 0
1726838917100 40.0 0
1726838917266 50.0 0
1726838917433 60.0 0
1726838917600 70.0 0
1726838917768 80.0 0
1726838917935 90.0 0
1726838918088 100.0 5
1726838918242 110.0 5
1726838918407 120.0 5
1726838919539 0.0 0
1726838919708 10.0 0
1726838919886 20.0 0
1726838920060 30.0 0
1726838920224 40.0 0
1726838920385 50.0 0
1726838920553 60.0 0
1726838920720 70.0 0
1726838920878 80.0 0
1726838921045 90.0 0
1726838921207 100.0 6
1726838921373 110.0 6
1726838921544 120.0 6
