1726741529432 0.844389 0
1726741529567 0.587218 0
1726741529673 0.784374 0
1726741529771 0.558076 0
1726741529863 0.620684 0
1726741529954 0.589678 0
1726741530044 0.635712 0
1726741530133 1.500528 0
1726741531097 0.831687 0
1726741531207 0.584986 0
1726741531311 0.765027 0
1726741531412 0.501257 0
1726741531509 0.581329 0
1726741531601 0.580287 0
1726741531697 0.591433 0
1726741531798 1.392012 0
1726741532616 0.837692 0
1726741532746 0.584345 0
1726741532851 0.76023 0
1726741532958 0.44962 0
1726741533062 0.546734 0
1726741533167 0.580642 0
1726741533271 0.559862 0
1726741533373 1.264664 0
1726741534069 0.856555 0
1726741534186 0.576997 0
1726741534288 0.758424 0
1726741534379 0.398145 0
1726741534470 0.543151 0
1726741534561 0.57045 0
1726741534649 0.548422 0
1726741534738 1.164471 0
1726741535489 0.873135 0
1726741535627 0.573795 0
1726741535736 0.747946 0
1726741535835 0.38949 0
1726741535931 0.54454 0
1726741536023 0.591985 0
1726741536112 0.551426 0
1726741536205 1.144425 0
1726741536968 0.87141 0
1726741537089 0.571616 0
1726741537198 0.745524 0
1726741537301 0.4002 0
1726741537403 0.546777 0
1726741537502 0.595825 0
1726741537598 0.532508 0
1726741537701 1.142288 0
1726741538518 0.85361 0
1726741538632 0.570152 0
1726741538731 0.732047 0
1726741538824 0.394011 0
1726741538913 0.541797 0
1726741539003 0.596979 0
1726741539093 0.532711 0
1726741539189 1.14726 0
1726741540047 0.841705 0
1726741540161 0.555395 0
1726741540257 0.720857 0
1726741540349 0.411394 0
1726741540440 0.529356 0
1726741540530 0.598103 0
1726741540622 0.524109 0
1726741540715 1.114479 0
1726741541494 0.845004 0
1726741541599 0.557186 0
1726741541680 0.716163 0
1726741541764 0.398444 0
1726741541847 0.539627 0
1726741541934 0.607436 0
1726741542022 0.51733 0
1726741542120 1.111411 0
1726741542950 0.835442 0
1726741543067 0.559506 0
1726741543168 0.714892 0
1726741543268 0.413707 0
1726741543366 0.53831 0
1726741543463 0.609878 0
1726741543564 0.516771 0
1726741543662 1.133763 0
