1727122758425 1.773439 0
1727122758525 0.070064 0
1727122758624 2.352341 0
1727122758724 1.484145 0
1727122758823 0.347565 0
1727122759146 0.769103 0
1727122759247 0.073244 0
1727122759345 1.07143 0
1727122759442 1.259743 0
1727122759544 0.141665 0
1727122759870 1.642027 0
1727122759974 0.070893 0
1727122760072 1.139669 0
1727122760170 1.238183 0
1727122760268 0.134556 0
1727122760591 0.637827 0
1727122760694 0.052892 0
1727122760792 0.973614 0
1727122760889 1.214105 0
1727122760986 0.172704 0
1727122761301 0.749196 0
1727122761402 0.046186 0
1727122761499 1.831243 0
1727122761602 1.612976 0
1727122761702 0.096064 0
1727122762018 0.705383 0
1727122762142 0.042203 0
1727122762250 0.974889 0
1727122762352 1.340626 0
1727122762452 0.084538 0
1727122762777 0.573233 0
1727122762877 0.044365 0
1727122762976 0.747051 0
1727122763074 1.227424 0
1727122763171 0.068512 0
1727122763490 0.602417 0
1727122763590 0.040865 0
1727122763689 0.800038 0
1727122763786 1.454939 0
1727122763883 0.059337 0
1727122764204 0.586701 0
1727122764306 0.040823 0
1727122764405 0.759509 0
1727122764505 1.324573 0
1727122764609 0.061733 0
1727122764931 0.597742 0
1727122765042 0.041847 0
1727122765141 0.735309 0
1727122765239 1.282053 0
1727122765337 0.060239 0
