1727120391833 0.0 0
1727120391936 10.0 0
1727120392040 20.0 0
1727120392138 30.0 0
1727120392240 40.0 0
1727120392340 50.0 0
1727120392440 60.0 0
1727120392540 70.0 0
1727120392640 80.0 0
1727120392740 90.0 0
1727120392841 100.0 1
1727120392941 110.0 1
1727120393041 120.0 1
1727120393609 0.0 0
1727120393711 10.0 0
1727120393812 20.0 0
1727120393911 30.0 0
1727120394014 40.0 0
1727120394112 50.0 0
1727120394214 60.0 0
1727120394316 70.0 0
1727120394417 80.0 0
1727120394518 90.0 0
1727120394620 100.0 2
1727120394722 110.0 2
1727120394823 120.0 2
1727120395398 0.0 0
1727120395504 10.0 0
1727120395604 20.0 0
1727120395703 30.0 0
1727120395804 40.0 0
1727120395908 50.0 0
1727120396006 60.0 0
1727120396107 70.0 0
1727120396208 80.0 0
1727120396311 90.0 0
1727120396414 100.0 3
1727120396514 110.0 3
1727120396615 120.0 3
1727120397182 0.0 0
1727120397283 10.0 0
1727120397385 20.0 0
1727120397487 30.0 0
1727120397586 40.0 0
1727120397685 50.0 0
1727120397785 60.0 0
1727120397888 70.0 0
1727120397989 80.0 0
1727120398091 90.0 0
1727120398190 100.0 4
1727120398293 110.0 4
1727120398394 120.0 4
1727120398976 0.0 0
1727120399076 10.0 0
1727120399175 20.0 0
1727120399274 30.0 0
1727120399376 40.0 0
1727120399479 50.0 0
1727120399581 60.0 0
1727120399680 70.0 0
1727120399779 80.0 0
1727120399881 90.0 0
1727120399983 100.0 5
1727120400080 110.0 5
1727120400179 120.0 5
1727120400801 0.0 0
1727120400905 10.0 0
1727120401003 20.0 0
1727120401103 30.0 0
1727120401204 40.0 0
1727120401305 50.0 0
1727120401404 60.0 0
1727120401506 70.0 0
1727120401607 80.0 0
1727120401708 90.0 0
1727120401809 100.0 6
1727120401909 110.0 6
1727120402015 120.0 6
