1726763339146 0.0 0
1726763339261 10.0 0
1726763339376 20.0 0
1726763339491 30.0 0
1726763339609 40.0 0
1726763339724 50.0 0
1726763339839 60.0 0
1726763339959 70.0 0
1726763340073 80.0 0
1726763340187 90.0 0
1726763340303 100.0 1
1726763340417 110.0 1
1726763340531 120.0 1
1726763340646 130.0 1
1726763340761 140.0 1
1726763340876 150.0 1
1726763340990 160.0 1
1726763341109 170.0 1
1726763341223 180.0 1
1726763341338 190.0 1
1726763341453 200.0 2
1726763341568 210.0 2
1726763343032 0.0 0
1726763343146 10.0 0
1726763343261 20.0 0
1726763343375 30.0 0
1726763343491 40.0 0
1726763343604 50.0 0
1726763343720 60.0 0
1726763343836 70.0 0
1726763343950 80.0 0
1726763344065 90.0 0
1726763344179 100.0 2
1726763344294 110.0 2
1726763344408 120.0 2
1726763344521 130.0 2
1726763344636 140.0 2
1726763344750 150.0 2
1726763344865 160.0 2
1726763344979 170.0 2
1726763345093 180.0 2
1726763345207 190.0 2
1726763345322 200.0 4
1726763345436 210.0 4
1726763346875 0.0 0
1726763346990 10.0 0
1726763347104 20.0 0
1726763347219 30.0 0
1726763347333 40.0 0
1726763347448 50.0 0
1726763347563 60.0 0
1726763347678 70.0 0
1726763347794 80.0 0
1726763347909 90.0 0
1726763348023 100.0 3
1726763348138 110.0 3
1726763348253 120.0 3
1726763348367 130.0 3
1726763348481 140.0 3
1726763348596 150.0 3
1726763348711 160.0 3
1726763348825 170.0 3
1726763348939 180.0 3
1726763349054 190.0 3
1726763349168 200.0 6
1726763349283 210.0 6
1726763350729 0.0 0
1726763350846 10.0 0
1726763350961 20.0 0
1726763351075 30.0 0
1726763351190 40.0 0
1726763351304 50.0 0
1726763351418 60.0 0
1726763351533 70.0 0
1726763351648 80.0 0
1726763351762 90.0 0
1726763351879 100.0 4
1726763351994 110.0 4
1726763352108 120.0 4
1726763352222 130.0 4
1726763352337 140.0 4
1726763352452 150.0 4
1726763352566 160.0 4
1726763352681 170.0 4
1726763352796 180.0 4
1726763352911 190.0 4
1726763353025 200.0 8
1726763353139 210.0 8
1726763354583 0.0 0
1726763354698 10.0 0
1726763354813 20.0 0
1726763354928 30.0 0
1726763355042 40.0 0
1726763355156 50.0 0
1726763355271 60.0 0
1726763355386 70.0 0
1726763355500 80.0 0
1726763355615 90.0 0
1726763355728 100.0 5
1726763355843 110.0 5
1726763355960 120.0 5
1726763356074 130.0 5
1726763356189 140.0 5
1726763356304 150.0 5
1726763356418 160.0 5
1726763356532 170.0 5
1726763356646 180.0 5
1726763356760 190.0 5
1726763356875 200.0 10
1726763356990 210.0 10
1726763358434 0.0 0
1726763358549 10.0 0
1726763358663 20.0 0
1726763358777 30.0 0
1726763358892 40.0 0
1726763359007 50.0 0
1726763359121 60.0 0
1726763359235 70.0 0
1726763359350 80.0 0
1726763359465 90.0 0
1726763359579 100.0 6
1726763359693 110.0 6
1726763359808 120.0 6
1726763359923 130.0 6
1726763360039 140.0 6
1726763360154 150.0 6
1726763360269 160.0 6
1726763360383 170.0 6
1726763360497 180.0 6
1726763360613 190.0 6
1726763360727 200.0 12
1726763360842 210.0 12
1726763362287 0.0 0
1726763362402 10.0 0
1726763362517 20.0 0
1726763362631 30.0 0
1726763362745 40.0 0
1726763362860 50.0 0
1726763362975 60.0 0
1726763363090 70.0 0
1726763363203 80.0 0
1726763363318 90.0 0
1726763363433 100.0 7
1726763363548 110.0 7
1726763363663 120.0 7
1726763363781 130.0 7
1726763363895 140.0 7
1726763364010 150.0 7
1726763364126 160.0 7
1726763364241 170.0 7
1726763364356 180.0 7
1726763364470 190.0 7
1726763364585 200.0 14
1726763364700 210.0 14
1726763366131 0.0 0
1726763366246 10.0 0
1726763366361 20.0 0
1726763366525 30.0 0
1726763366640 40.0 0
1726763366754 50.0 0
1726763366869 60.0 0
1726763366983 70.0 0
1726763367098 80.0 0
1726763367212 90.0 0
1726763367326 100.0 8
1726763367440 110.0 8
1726763367555 120.0 8
1726763367669 130.0 8
1726763367784 140.0 8
1726763367898 150.0 8
1726763368012 160.0 8
1726763368126 170.0 8
1726763368241 180.0 8
1726763368356 190.0 8
1726763368471 200.0 16
1726763368586 210.0 16
1726763370026 0.0 0
1726763370145 10.0 0
1726763370261 20.0 0
1726763370375 30.0 0
1726763370489 40.0 0
1726763370604 50.0 0
1726763370718 60.0 0
1726763370834 70.0 0
1726763370947 80.0 0
1726763371061 90.0 0
1726763371175 100.0 9
1726763371289 110.0 9
1726763371403 120.0 9
1726763371517 130.0 9
1726763371631 140.0 9
1726763371746 150.0 9
1726763371861 160.0 9
1726763371974 170.0 9
1726763372088 180.0 9
1726763372202 190.0 9
1726763372318 200.0 18
1726763372432 210.0 18
1726763373869 0.0 0
1726763373984 10.0 0
1726763374098 20.0 0
1726763374212 30.0 0
1726763374329 40.0 0
1726763374443 50.0 0
1726763374557 60.0 0
1726763374671 70.0 0
1726763374786 80.0 0
1726763374900 90.0 0
1726763375014 100.0 10
1726763375129 110.0 10
1726763375243 120.0 10
1726763375358 130.0 10
1726763375472 140.0 10
1726763375587 150.0 10
1726763375701 160.0 10
1726763375816 170.0 10
1726763375929 180.0 10
1726763376044 190.0 10
1726763376158 200.0 20
1726763376272 210.0 20
