1726770489859 0.0 0
1726770489947 10.0 0
1726770490037 20.0 0
1726770490134 30.0 0
1726770490226 40.0 0
1726770490317 50.0 0
1726770490404 60.0 0
1726770490493 70.0 0
1726770490582 80.0 0
1726770490670 90.0 0
1726770490758 100.0 1
1726770490847 110.0 1
1726770490937 120.0 1
1726770491025 130.0 1
1726770491115 140.0 1
1726770491203 150.0 1
1726770491295 160.0 1
1726770491392 170.0 1
1726770491482 180.0 1
1726770491572 190.0 1
1726770491661 200.0 2
1726770491749 210.0 2
1726770491839 220.0 2
1726770491928 230.0 2
1726770493061 0.0 0
1726770493152 10.0 0
1726770493240 20.0 0
1726770493329 30.0 0
1726770493424 40.0 0
1726770493518 50.0 0
1726770493609 60.0 0
1726770493700 70.0 0
1726770493793 80.0 0
1726770493885 90.0 0
1726770493975 100.0 2
1726770494065 110.0 2
1726770494156 120.0 2
1726770494252 130.0 2
1726770494343 140.0 2
1726770494434 150.0 2
1726770494525 160.0 2
1726770494615 170.0 2
1726770494706 180.0 2
1726770494795 190.0 2
1726770494884 200.0 4
1726770494973 210.0 4
1726770495063 220.0 4
1726770495152 230.0 4
1726770496288 0.0 0
1726770496389 10.0 0
1726770496482 20.0 0
1726770496572 30.0 0
1726770496662 40.0 0
1726770496752 50.0 0
1726770496844 60.0 0
1726770496935 70.0 0
1726770497027 80.0 0
1726770497118 90.0 0
1726770497207 100.0 3
1726770497298 110.0 3
1726770497388 120.0 3
1726770497478 130.0 3
1726770497567 140.0 3
1726770497656 150.0 3
1726770497743 160.0 3
1726770497834 170.0 3
1726770497922 180.0 3
1726770498011 190.0 3
1726770498113 200.0 6
1726770498204 210.0 6
1726770498301 220.0 6
1726770498394 230.0 6
1726770499497 0.0 0
1726770499597 10.0 0
1726770499686 20.0 0
1726770499775 30.0 0
1726770499864 40.0 0
1726770499952 50.0 0
1726770500041 60.0 0
1726770500132 70.0 0
1726770500222 80.0 0
1726770500320 90.0 0
1726770500415 100.0 4
1726770500509 110.0 4
1726770500600 120.0 4
1726770500691 130.0 4
1726770500780 140.0 4
1726770500870 150.0 4
1726770500960 160.0 4
1726770501049 170.0 4
1726770501139 180.0 4
1726770501228 190.0 4
1726770501319 200.0 8
1726770501415 210.0 8
1726770501506 220.0 8
1726770501596 230.0 8
