1726758245857 38.628311 0
1726758245973 12.029991 0
1726758246089 1.827585 0
1726758246204 2.869396 0
1726758246319 3.105227 0
1726758246433 14.912091 0
1726758246549 3.147194 0
1726758247080 16.350388 0
1726758247194 4.443767 0
1726758247308 1.012326 0
1726758247423 14.171354 0
1726758247537 4.520932 0
1726758247652 4.999458 0
1726758247768 4.457656 0
1726758248293 10.004187 0
1726758248407 2.566721 0
1726758248520 2.63087 0
1726758248635 82.614449 0
1726758248749 3.38907 0
1726758248864 2.787048 0
1726758248979 5.406729 0
1726758249501 4.989194 0
1726758249614 5.303973 0
1726758249728 2.043945 0
1726758249842 2.117052 0
1726758249956 2.95683 0
1726758250073 4.203471 0
1726758250189 9.006454 0
1726758250705 3.424571 0
1726758250819 0.873099 0
1726758250933 1.830718 0
1726758251048 6.554223 0
1726758251163 4.872468 0
1726758251277 3.928071 0
1726758251391 4.89115 0
1726758251906 2.259379 0
1726758252020 1.240394 0
1726758252136 1.197843 0
1726758252251 2.175301 0
1726758252365 20.066555 0
1726758252479 2.814417 0
1726758252593 4.692188 0
1726758253110 5.673008 0
1726758253225 1.740682 0
1726758253340 5.510553 0
1726758253454 1.423432 0
1726758253567 3.091799 0
1726758253682 3.280034 0
1726758253795 9.453662 0
1726758254314 5.656009 0
1726758254428 0.705266 0
1726758254543 4.825949 0
1726758254658 5.105193 0
1726758254772 2.413451 0
1726758254886 2.311709 0
1726758255000 5.230616 0
1726758255518 1.509512 0
1726758255633 1.27495 0
1726758255748 7.066569 0
1726758255862 5.273527 0
1726758255976 3.457957 0
1726758256090 8.147738 0
1726758256205 9.416502 0
