1726813034419 3.118527 0
1726813034519 22.370855 0
1726813034619 90.274406 0
1726813034819 15.240147 0
1726813034920 2.486955 0
1726813035021 27.676796 0
1726813035176 6.531849 0
1726813035276 0.864926 0
1726813035381 17.197964 0
1726813035575 7.381231 0
1726813035681 0.536806 0
1726813035781 13.357657 0
1726813035934 6.766131 0
1726813036036 0.445716 0
1726813036142 11.334533 0
1726813036321 3.345706 0
1726813036436 0.450419 0
1726813036538 10.541643 0
1726813036696 4.168444 0
1726813036797 0.442386 0
1726813036897 10.066317 0
1726813037082 3.64566 0
1726813037186 0.44195 0
1726813037286 9.953537 0
1726813037439 2.592174 0
1726813037540 0.445722 0
1726813037643 9.315601 0
1726813037826 3.730337 0
1726813037926 0.444769 0
1726813038026 8.878016 0
