1726849159374 0.842608 0
1726849159535 0.766581 0
1726849159688 0.666689 0
1726849159831 0.296307 0
1726849159968 0.297459 0
1726849160102 0.178956 0
1726849160234 0.882328 0
1726849160366 0.550736 0
1726849160502 0.317849 0
1726849161760 0.462353 0
1726849161949 0.627434 0
1726849162123 0.392296 0
1726849162286 0.271913 0
1726849162432 0.287479 0
1726849162570 0.181146 0
1726849162705 0.637552 0
1726849162839 0.597667 0
1726849162977 0.272069 0
1726849164399 0.669966 0
1726849164586 0.596244 0
1726849164753 0.525818 0
1726849164904 0.287162 0
1726849165047 0.232322 0
1726849165186 0.266009 0
1726849165323 0.580229 0
1726849165461 0.557022 0
1726849165599 0.135199 0
1726849166710 0.40799 0
1726849166898 0.595933 0
1726849167073 0.559987 0
1726849167237 0.603483 0
1726849167383 0.241597 0
1726849167521 0.253022 0
1726849167653 0.598292 0
1726849167784 0.630457 0
1726849167916 0.205522 0
1726849169077 0.863377 0
1726849169255 0.588034 0
1726849169418 0.588485 0
1726849169571 0.822754 0
1726849169719 0.255554 0
1726849169862 0.186684 0
1726849170002 0.567025 0
1726849170138 0.570188 0
1726849170272 0.143022 0
1726849171509 0.345934 0
1726849171701 0.672624 0
1726849171875 0.530282 0
1726849172038 0.282309 0
1726849172187 0.255035 0
1726849172332 0.17036 0
1726849172471 0.522536 0
1726849172607 0.555342 0
1726849172743 0.145541 0
1726849174027 0.400923 0
1726849174219 0.584548 0
1726849174389 0.424815 0
1726849174550 0.270121 0
1726849174706 0.232958 0
1726849174860 0.17351 0
1726849175011 0.477204 0
1726849175155 0.574102 0
1726849175298 0.181214 0
1726849176526 0.34923 0
1726849176713 0.56883 0
1726849176893 0.416867 0
1726849177063 0.264249 0
1726849177217 0.221054 0
1726849177363 0.163124 0
1726849177502 0.464384 0
1726849177635 0.557226 0
1726849177765 0.156106 0
1726849178847 0.340208 0
1726849179023 0.561805 0
1726849179184 0.41968 0
1726849179338 0.263249 0
1726849179487 0.228454 0
1726849179629 0.162022 0
1726849179771 0.489312 0
1726849179909 0.571369 0
1726849180046 0.158777 0
