1726776350018 32.718796 0
1726776350134 0.991491 0
1726776350251 1.242732 0
1726776350368 1.10389 0
1726776350484 4.270554 0
1726776350601 4.596467 0
1726776350719 0.805372 0
1726776350835 5.085239 0
1726776350952 1.722027 0
1726776351069 11.056165 0
1726776351186 1.900021 1
1726776351303 1.042337 1
1726776351419 0.566299 1
1726776351537 1.422914 1
1726776351656 0.904382 1
1726776351773 1.562348 1
1726776352866 11.548925 0
1726776352983 0.488172 0
1726776353100 6.819089 0
1726776353217 1.225542 0
1726776353333 1.465875 0
1726776353450 1.192769 0
1726776353567 0.74664 0
1726776353685 2.54401 0
1726776353802 4.997636 0
1726776353918 3.960633 0
1726776354035 2.497054 2
1726776354152 0.695634 2
1726776354269 0.496197 2
1726776354385 5.963273 2
1726776354502 5.726122 2
1726776354619 1.086136 2
1726776355695 1.571282 0
1726776355814 2.100886 0
1726776355932 2.127962 0
1726776356049 1.694318 0
1726776356166 2.824167 0
1726776356283 1.048946 0
1726776356399 0.724169 0
1726776356516 1.578064 0
1726776356632 2.583491 0
1726776356749 1.770034 0
1726776356865 2.812488 3
1726776356982 0.863617 3
1726776357099 0.5268 3
1726776357215 1.42462 3
1726776357332 1.044697 3
1726776357450 0.796831 3
1726776358529 1.303521 0
1726776358646 0.976756 0
1726776358763 2.596664 0
1726776358880 0.562626 0
1726776358996 1.228716 0
1726776359113 4.290039 0
1726776359230 0.816951 0
1726776359347 6.612502 0
1726776359464 2.709566 0
1726776359582 2.189572 0
1726776359699 2.363707 4
1726776359819 0.631305 4
1726776359936 0.51522 4
1726776360053 0.729142 4
1726776360170 1.844854 4
1726776360286 0.756281 4
1726776361357 1.360175 0
1726776361474 2.887244 0
1726776361592 2.375912 0
1726776361709 0.550674 0
1726776361828 0.740885 0
1726776361946 2.859296 0
1726776362062 0.634906 0
1726776362181 1.320484 0
1726776362298 2.981275 0
1726776362414 1.411387 0
1726776362531 3.309147 5
1726776362648 0.534478 5
1726776362766 0.988486 5
1726776362883 0.779159 5
1726776363005 0.861509 5
1726776363122 1.008268 5
1726776364207 3.814534 0
1726776364323 0.857983 0
1726776364440 4.053843 0
1726776364557 0.432413 0
1726776364674 0.509249 0
1726776364791 1.498573 0
1726776364908 0.657491 0
1726776365025 4.02086 0
1726776365142 1.427036 0
1726776365259 1.319623 0
1726776365376 2.291807 6
1726776365493 0.540349 6
1726776365609 0.675317 6
1726776365726 1.614356 6
1726776365844 0.734663 6
1726776365962 0.750748 6
