1727129462708 0.0 0
1727129462970 10.0 0
1727129463211 20.0 0
1727129463450 30.0 0
1727129463692 40.0 0
1727129464745 0.0 0
1727129465003 10.0 0
1727129465242 20.0 0
1727129465483 30.0 0
1727129465723 40.0 0
1727129466611 0.0 0
1727129466874 10.0 0
1727129467114 20.0 0
1727129467353 30.0 0
1727129467593 40.0 0
1727129468500 0.0 0
1727129468767 10.0 0
1727129469011 20.0 0
1727129469250 30.0 0
1727129469490 40.0 0
1727129470388 0.0 0
1727129470661 10.0 0
1727129470900 20.0 0
1727129471141 30.0 0
1727129471380 40.0 0
1727129472264 0.0 0
1727129472512 10.0 0
1727129472752 20.0 0
1727129472993 30.0 0
1727129473233 40.0 0
1727129474121 0.0 0
1727129474394 10.0 0
1727129474634 20.0 0
1727129474877 30.0 0
1727129475119 40.0 0
