1726796895691 11.632215 0
1726796895787 2.759992 0
1726796895931 1.787612 0
1726796896027 3.636123 0
1726796896173 0.911055 0
1726796896270 7.905049 0
1726796896413 2.15443 0
1726796896509 2.886287 0
1726796896654 2.701673 0
1726796896752 11.247815 0
1726796896901 6.197759 0
1726796897001 266.389191 0
1726796897144 27.010153 0
1726796897243 5.71785 0
1726796897391 4.731253 0
1726796897492 9.57187 0
1726796897634 6.390757 0
1726796897730 8.896839 0
1726796897877 3.729302 0
1726796897974 4.545643 0
