1727270061722 1.171093 0
1727270061879 0.64563 0
1727270062035 0.793561 0
1727270062194 0.761529 0
1727270062347 0.836656 0
1727270062500 0.411097 0
1727270062652 0.43692 0
1727270062800 4.567666 0
1727270062950 0.629162 0
1727270063101 0.792673 0
1727270063250 0.431184 1
1727270063400 0.543915 1
1727270063537 0.563235 1
1727270063675 0.477771 1
1727270063826 0.318576 1
1727270063990 0.208955 1
1727270064148 0.408694 1
1727270064299 3.51612 1
1727270064463 0.622038 1
1727270065600 0.984699 0
1727270065763 0.505666 0
1727270065910 0.637141 0
1727270066060 0.603631 0
1727270066212 0.701101 0
1727270066363 0.403453 0
1727270066524 0.375339 0
1727270066665 4.496973 0
1727270066815 0.546928 0
1727270066961 0.675076 0
1727270067113 0.369017 2
1727270067258 0.457816 2
1727270067401 0.43352 2
1727270067552 0.359006 2
1727270067698 0.270962 2
1727270067842 0.14635 2
1727270067991 0.331903 2
1727270068132 3.510351 2
1727270068276 0.502583 2
1727270069361 0.800165 0
1727270069511 0.365183 0
1727270069667 0.467977 0
1727270069814 0.448787 0
1727270069953 0.548907 0
1727270070111 0.398349 0
1727270070260 0.319618 0
1727270070403 4.452573 0
1727270070560 0.460907 0
1727270070710 0.547784 0
1727270070869 0.307311 3
1727270071027 0.362638 3
1727270071176 0.300418 3
1727270071331 0.249936 3
1727270071486 0.230848 3
1727270071643 0.100457 3
1727270071800 0.253345 3
1727270071954 3.475398 3
1727270072111 0.370955 3
1727270073215 0.590338 0
1727270073368 0.22194 0
1727270073526 0.306099 0
1727270073675 0.295472 0
1727270073828 0.40876 0
1727270073980 0.386438 0
1727270074128 0.266967 0
1727270074273 4.363789 0
1727270074420 0.388753 0
1727270074571 0.455248 0
1727270074722 0.263888 4
1727270074870 0.309151 4
1727270075027 0.213163 4
1727270075192 0.188099 4
1727270075339 0.231119 4
1727270075493 0.08873 4
1727270075653 0.205864 4
1727270075813 3.421219 4
1727270075976 0.315636 4
1727270077102 0.489606 0
1727270077453 0.169361 0
1727270077700 0.233355 0
1727270077863 0.224119 0
1727270078020 0.331702 0
1727270078177 0.384814 0
1727270078312 0.233741 0
1727270078466 4.327414 0
1727270078617 0.34653 0
1727270078780 0.38638 0
1727270078933 0.233191 5
1727270079089 0.273795 5
1727270079251 0.157689 5
1727270079407 0.140631 5
1727270079563 0.225274 5
1727270079717 0.094051 5
1727270079878 0.172338 5
1727270080032 3.421086 5
1727270080184 0.243079 5
1727270081260 0.398694 0
1727270081438 0.108873 0
1727270081595 0.162503 0
1727270081735 0.156063 0
1727270081885 0.246604 0
1727270082044 0.373574 0
1727270082202 0.195794 0
1727270082367 4.28302 0
1727270082529 0.289774 0
1727270082690 0.314507 0
1727270082838 0.216252 6
1727270082991 0.248384 6
1727270083152 0.09425 6
1727270083312 0.1062 6
1727270083459 0.252632 6
1727270083612 0.118023 6
1727270083768 0.139427 6
1727270083922 3.384828 6
1727270084080 0.176199 6
1727270085194 0.299382 0
1727270085359 0.080164 0
1727270085521 0.101696 0
1727270085686 0.108401 0
1727270085846 0.185577 0
1727270086002 0.366759 0
1727270086156 0.172079 0
1727270086310 4.244875 0
1727270086466 0.258727 0
1727270086620 0.271948 0
1727270086775 0.203403 7
1727270086917 0.232552 7
1727270087066 0.074618 7
1727270087214 0.0984 7
1727270087369 0.266644 7
1727270087518 0.13003 7
1727270087664 0.131474 7
1727270087808 3.34165 7
1727270087954 0.151768 7
1727270088988 0.258553 0
1727270089141 0.073369 0
1727270089296 0.091561 0
1727270089460 0.089477 0
1727270089611 0.160548 0
1727270089769 0.364698 0
1727270089919 0.158184 0
1727270090073 4.214441 0
1727270090216 0.239197 0
1727270090376 0.252607 0
1727270090532 0.201845 8
1727270090682 0.228039 8
1727270090835 0.064564 8
1727270090984 0.09108 8
1727270091140 0.27836 8
1727270091292 0.152578 8
1727270091447 0.119448 8
1727270091610 3.331762 8
1727270091769 0.135825 8
1727270092861 0.227951 0
1727270093027 0.070248 0
1727270093177 0.074707 0
1727270093334 0.076583 0
1727270093496 0.144479 0
1727270093662 0.360395 0
1727270093808 0.146576 0
1727270093968 4.216413 0
1727270094140 0.230672 0
1727270094293 0.232404 0
1727270094449 0.20087 9
1727270094595 0.223833 9
1727270094751 0.057799 9
1727270094901 0.088306 9
1727270095061 0.293932 9
1727270095227 0.169867 9
1727270095380 0.116482 9
1727270095535 3.315379 9
1727270095692 0.121958 9
1727270096775 0.210786 0
1727270096931 0.073834 0
1727270097096 0.072182 0
1727270097255 0.073608 0
1727270097419 0.129017 0
1727270097597 0.356048 0
1727270097759 0.13942 0
1727270097917 4.184067 0
1727270098074 0.218457 0
1727270098223 0.225035 0
1727270098372 0.19563 10
1727270098515 0.222948 10
1727270098662 0.054202 10
1727270098804 0.089021 10
1727270098947 0.289826 10
1727270099099 0.167751 10
1727270099241 0.115771 10
1727270099386 3.288568 10
1727270099538 0.115432 10
