1727125995639 0.0 0
1727125995770 10.0 0
1727125995905 20.0 0
1727125996037 30.0 0
1727125996167 40.0 0
1727125996302 50.0 0
1727125996433 60.0 0
1727125996565 70.0 0
1727125996696 80.0 0
1727125996826 90.0 0
1727125996956 100.0 1
1727125997088 110.0 1
1727125997219 120.0 1
1727125997348 130.0 1
1727125997478 140.0 1
1727125997609 150.0 1
1727125997739 160.0 1
1727125997872 170.0 1
1727125998004 180.0 1
1727125998135 190.0 1
1727125998266 200.0 2
1727125998403 210.0 2
1727125998534 220.0 2
1727125998667 230.0 2
1727125998796 240.0 2
1727125998928 250.0 2
1727125999059 260.0 2
1727125999190 270.0 2
1727125999321 280.0 2
1727125999453 290.0 2
1727125999585 300.0 3
1727125999715 310.0 3
1727125999846 320.0 3
1727125999977 330.0 3
1727126000107 340.0 3
1727126000241 350.0 3
1727126000370 360.0 3
1727126000502 370.0 3
1727126000634 380.0 3
1727126000764 390.0 3
1727126003075 0.0 0
1727126003198 10.0 0
1727126003328 20.0 0
1727126003458 30.0 0
1727126003589 40.0 0
1727126003719 50.0 0
1727126003850 60.0 0
1727126003983 70.0 0
1727126004114 80.0 0
1727126004244 90.0 0
1727126004374 100.0 2
1727126004505 110.0 2
1727126004637 120.0 2
1727126004773 130.0 2
1727126004905 140.0 2
1727126005037 150.0 2
1727126005169 160.0 2
1727126005300 170.0 2
1727126005431 180.0 2
1727126005562 190.0 2
1727126005694 200.0 4
1727126005824 210.0 4
1727126005957 220.0 4
1727126006089 230.0 4
1727126006221 240.0 4
1727126006351 250.0 4
1727126006481 260.0 4
1727126006613 270.0 4
1727126006742 280.0 4
1727126006879 290.0 4
1727126007012 300.0 6
1727126007143 310.0 6
1727126007274 320.0 6
1727126007404 330.0 6
1727126007534 340.0 6
1727126007665 350.0 6
1727126007771 360.0 6
1727126007881 370.0 6
1727126008010 380.0 6
1727126008142 390.0 6
1727126009884 0.0 0
1727126010011 10.0 0
1727126010146 20.0 0
1727126010275 30.0 0
1727126010405 40.0 0
1727126010538 50.0 0
1727126010669 60.0 0
1727126010797 70.0 0
1727126010928 80.0 0
1727126011059 90.0 0
1727126011188 100.0 3
1727126011321 110.0 3
1727126011451 120.0 3
1727126011584 130.0 3
1727126011714 140.0 3
1727126011845 150.0 3
1727126011976 160.0 3
1727126012109 170.0 3
1727126012240 180.0 3
1727126012371 190.0 3
1727126012504 200.0 6
1727126012635 210.0 6
1727126012766 220.0 6
1727126012898 230.0 6
1727126013029 240.0 6
1727126013161 250.0 6
1727126013292 260.0 6
1727126013423 270.0 6
1727126013554 280.0 6
1727126013685 290.0 6
1727126013817 300.0 9
1727126013947 310.0 9
1727126014078 320.0 9
1727126014212 330.0 9
1727126014383 340.0 9
1727126014516 350.0 9
1727126014649 360.0 9
1727126014779 370.0 9
1727126014910 380.0 9
1727126015041 390.0 9
1727126016763 0.0 0
1727126016886 10.0 0
1727126017021 20.0 0
1727126017152 30.0 0
1727126017282 40.0 0
1727126017414 50.0 0
1727126017546 60.0 0
1727126017677 70.0 0
1727126017807 80.0 0
1727126017937 90.0 0
1727126018069 100.0 4
1727126018199 110.0 4
1727126018329 120.0 4
1727126018461 130.0 4
1727126018593 140.0 4
1727126018724 150.0 4
1727126018854 160.0 4
1727126018988 170.0 4
1727126019119 180.0 4
1727126019249 190.0 4
1727126019380 200.0 8
1727126019510 210.0 8
1727126019641 220.0 8
1727126019773 230.0 8
1727126019904 240.0 8
1727126020035 250.0 8
1727126020166 260.0 8
1727126020298 270.0 8
1727126020429 280.0 8
1727126020560 290.0 8
1727126020690 300.0 12
1727126020821 310.0 12
1727126020951 320.0 12
1727126021087 330.0 12
1727126021217 340.0 12
1727126021349 350.0 12
1727126021480 360.0 12
1727126021609 370.0 12
1727126021739 380.0 12
1727126021870 390.0 12
1727126024285 0.0 0
1727126024413 10.0 0
1727126024543 20.0 0
1727126024674 30.0 0
1727126024806 40.0 0
1727126024938 50.0 0
1727126025071 60.0 0
1727126025204 70.0 0
1727126025335 80.0 0
1727126025467 90.0 0
1727126025600 100.0 5
1727126025731 110.0 5
1727126025862 120.0 5
1727126025992 130.0 5
1727126026123 140.0 5
1727126026254 150.0 5
1727126026383 160.0 5
1727126026514 170.0 5
1727126026646 180.0 5
1727126026777 190.0 5
1727126026907 200.0 10
1727126027037 210.0 10
1727126027171 220.0 10
1727126027302 230.0 10
1727126027432 240.0 10
1727126027563 250.0 10
1727126027693 260.0 10
1727126027822 270.0 10
1727126027954 280.0 10
1727126028085 290.0 10
1727126028217 300.0 15
1727126028346 310.0 15
1727126028479 320.0 15
1727126028610 330.0 15
1727126028739 340.0 15
1727126028870 350.0 15
1727126028999 360.0 15
1727126029134 370.0 15
1727126029266 380.0 15
1727126029398 390.0 15
