1726798532184 0.408116 0
1726798532281 0.158956 0
1726798532378 0.168842 0
1726798532474 0.212068 0
1726798532571 0.184064 0
1726798532667 0.816549 0
1726798532762 0.238524 0
1726798532857 0.608084 0
1726798532952 0.656464 0
1726798533058 0.379716 0
1726798533157 0.156568 1
1726798533256 0.172084 1
1726798533352 1.244279 1
1726798533447 1.334387 1
1726798533543 0.806897 1
1726798533638 0.88643 1
1726798533731 0.369601 1
1726798533826 2.177274 1
1726798533922 0.60694 1
1726798534016 0.468224 1
1726798534953 0.117938 0
1726798535055 0.140908 0
1726798535152 0.133891 0
1726798535250 0.24723 0
1726798535348 0.184478 0
1726798535444 0.485561 0
1726798535540 0.20235 0
1726798535638 0.207878 0
1726798535733 0.686905 0
1726798535829 0.331558 0
1726798535925 0.156537 2
1726798536020 0.176271 2
1726798536117 1.792455 2
1726798536216 1.394179 2
1726798536313 0.444968 2
1726798536408 0.403848 2
1726798536504 0.420666 2
1726798536598 2.541706 2
1726798536693 0.663676 2
1726798536789 0.399436 2
1726798537744 0.188596 0
1726798537841 0.169904 0
1726798537937 0.129328 0
1726798538033 0.249966 0
1726798538133 0.160046 0
1726798538234 0.450003 0
1726798538333 0.151818 0
1726798538436 0.186012 0
1726798538536 0.862696 0
1726798538633 0.325761 0
1726798538742 0.164722 3
1726798538842 0.164325 3
1726798538939 1.695952 3
1726798539036 1.49144 3
1726798539137 0.498675 3
1726798539236 0.394898 3
1726798539333 0.397569 3
1726798539430 2.438435 3
1726798539526 0.592235 3
1726798539621 0.426174 3
1726798540544 0.144989 0
1726798540641 0.161689 0
1726798540741 0.140614 0
1726798540838 0.278436 0
1726798540936 0.157662 0
1726798541033 0.428215 0
1726798541128 0.135777 0
1726798541234 0.196555 0
1726798541334 0.854158 0
1726798541433 0.298568 0
1726798541531 0.175193 4
1726798541629 0.162369 4
1726798541725 1.687358 4
1726798541822 1.50422 4
1726798541921 0.513194 4
1726798542020 0.39992 4
1726798542119 0.370076 4
1726798542217 2.300625 4
1726798542315 0.611003 4
1726798542410 0.397635 4
1726798543408 0.075418 0
1726798543506 0.120084 0
1726798543602 0.144723 0
1726798543697 0.256667 0
1726798543794 0.163511 0
1726798543891 0.45605 0
1726798543988 0.130463 0
1726798544084 0.210508 0
1726798544185 0.665939 0
1726798544283 0.347759 0
1726798544379 0.177811 5
1726798544476 0.165467 5
1726798544573 1.409129 5
1726798544669 1.541814 5
1726798544765 0.47664 5
1726798544861 0.359514 5
1726798544957 0.357017 5
1726798545053 2.496821 5
1726798545150 0.773995 5
1726798545249 0.38126 5
