1726866722223 0.411362 0
1726866722361 0.214997 0
1726866722495 0.152596 0
1726866722629 0.173401 0
1726866722763 0.42672 0
1726866722898 0.157051 0
1726866723033 0.251554 0
1726866723167 0.22556 0
1726866723301 0.388689 0
1726866723435 0.374066 0
1726866723570 0.702704 1
1726866723704 0.396101 1
1726866723837 0.42734 1
1726866723971 0.580309 1
1726866724105 0.282148 1
1726866724238 0.606018 1
1726866724370 0.234567 1
1726866724504 0.175447 1
1726866724637 0.151134 1
1726866724771 0.154729 1
1726866726241 0.269319 0
1726866726377 0.247334 0
1726866726510 0.186085 0
1726866726643 0.188304 0
1726866726776 0.384326 0
1726866726910 0.159093 0
1726866727047 0.17431 0
1726866727183 0.184417 0
1726866727318 0.300137 0
1726866727452 0.372522 0
1726866727587 0.62488 2
1726866727722 0.36305 2
1726866727856 0.441363 2
1726866727990 0.538072 2
1726866728123 0.268849 2
1726866728256 0.634758 2
1726866728389 0.261594 2
1726866728522 0.185984 2
1726866728655 0.145291 2
1726866728789 0.167197 2
1726866730228 0.163766 0
1726866730364 0.420357 0
1726866730498 0.174833 0
1726866730631 0.285808 0
1726866730765 0.443445 0
1726866730899 0.54476 0
1726866731033 0.170959 0
1726866731171 0.452476 0
1726866731305 0.302203 0
1726866731439 0.542071 0
1726866731573 0.862484 3
1726866731707 0.422728 3
1726866731840 0.652446 3
1726866731973 0.643531 3
1726866732114 0.255266 3
1726866732248 0.577236 3
1726866732382 0.381925 3
1726866732517 0.190246 3
1726866732651 0.151291 3
1726866732785 0.172357 3
1726866734222 0.464257 0
1726866734358 0.239888 0
1726866734491 0.24774 0
1726866734624 0.173964 0
1726866734759 0.42207 0
1726866734893 0.175311 0
1726866735027 0.211455 0
1726866735161 0.263048 0
1726866735299 0.277439 0
1726866735433 0.389348 0
1726866735568 0.633989 4
1726866735700 0.326297 4
1726866735833 0.538972 4
1726866735966 0.669262 4
1726866736100 0.44765 4
1726866736233 0.657654 4
1726866736367 0.233353 4
1726866736500 0.174369 4
1726866736634 0.161949 4
1726866736767 0.203566 4
1726866738213 0.179607 0
1726866738350 0.156772 0
1726866738485 0.137339 0
1726866738618 0.195523 0
1726866738752 0.475195 0
1726866738886 0.165234 0
1726866739020 0.193562 0
1726866739154 0.203135 0
1726866739289 0.253599 0
1726866739425 0.376768 0
1726866739560 0.598181 5
1726866739693 0.326039 5
1726866739827 0.43064 5
1726866739961 0.591287 5
1726866740095 0.280942 5
1726866740227 0.541491 5
1726866740361 0.19594 5
1726866740494 0.156144 5
1726866740627 0.147962 5
1726866740760 0.155308 5
1726866742200 0.211871 0
1726866742340 0.160684 0
1726866742473 0.137568 0
1726866742608 0.176669 0
1726866742742 0.420418 0
1726866742876 0.152793 0
1726866743009 0.183648 0
1726866743143 0.184494 0
1726866743277 0.256029 0
1726866743414 0.361871 0
1726866743549 0.612608 6
1726866743681 0.329557 6
1726866743814 0.422222 6
1726866743948 0.582335 6
1726866744081 0.261465 6
1726866744214 0.538666 6
1726866744348 0.1948 6
1726866744481 0.157018 6
1726866744615 0.14948 6
1726866744748 0.146486 6
1726866746188 0.179042 0
1726866746324 0.156429 0
1726866746457 0.133956 0
1726866746590 0.160054 0
1726866746723 0.393459 0
1726866746857 0.159652 0
1726866746990 0.186729 0
1726866747123 0.173969 0
1726866747257 0.249387 0
1726866747391 0.35924 0
1726866747528 0.595635 7
1726866747660 0.333042 7
1726866747793 0.420835 7
1726866747926 0.598121 7
1726866748060 0.247822 7
1726866748193 0.503504 7
1726866748326 0.194396 7
1726866748460 0.160608 7
1726866748593 0.148191 7
1726866748727 0.145745 7
1726866750170 0.175073 0
1726866750307 0.151597 0
1726866750440 0.132038 0
1726866750572 0.162686 0
1726866750705 0.385682 0
1726866750839 0.154947 0
1726866750973 0.183038 0
1726866751107 0.174094 0
1726866751288 0.248987 0
1726866751422 0.357061 0
1726866751557 0.585204 8
1726866751691 0.329196 8
1726866751825 0.420196 8
1726866751960 0.568535 8
1726866752094 0.244783 8
1726866752227 0.497391 8
1726866752360 0.188771 8
1726866752494 0.158105 8
1726866752628 0.146978 8
1726866752761 0.148704 8
1726866754195 0.170464 0
1726866754332 0.153916 0
1726866754465 0.134161 0
1726866754597 0.161763 0
1726866754730 0.380536 0
1726866754864 0.152745 0
1726866754997 0.178395 0
1726866755130 0.172377 0
1726866755264 0.254825 0
1726866755398 0.361773 0
1726866755539 0.588299 9
1726866755675 0.318064 9
1726866755810 0.408759 9
1726866755944 0.549046 9
1726866756078 0.245043 9
1726866756212 0.502814 9
1726866756347 0.187329 9
1726866756482 0.155976 9
1726866756617 0.144311 9
1726866756751 0.150893 9
1726866758200 0.165429 0
1726866758339 0.153624 0
1726866758471 0.1293 0
1726866758605 0.156805 0
1726866758739 0.372066 0
1726866758872 0.153538 0
1726866759006 0.180742 0
1726866759139 0.168761 0
1726866759273 0.254912 0
1726866759407 0.357246 0
1726866759541 0.570671 10
1726866759676 0.310985 10
1726866759811 0.406609 10
1726866759946 0.547947 10
1726866760080 0.240986 10
1726866760213 0.478573 10
1726866760347 0.189239 10
1726866760480 0.152274 10
1726866760614 0.140618 10
1726866760748 0.14593 10
