1726889677665 0.260921 0
1726889677805 0.025171 0
1726889677942 0.14542 0
1726889678085 0.253663 0
1726889678225 0.400543 0
1726889678363 0.271199 0
1726889678501 0.535118 0
1726889678640 0.668923 0
1726889678777 0.851681 0
1726889678916 0.405234 0
1726889679055 0.589881 1
1726889679192 0.241764 1
1726889679330 0.113704 1
1726889680333 0.327594 0
1726889680474 0.082677 0
1726889680612 0.032028 0
1726889680751 0.190414 0
1726889680889 0.380015 0
1726889681027 0.245964 0
1726889681165 0.403572 0
1726889681304 0.581322 0
1726889681441 0.718304 0
1726889681580 0.420005 0
1726889681719 0.571457 2
1726889681858 0.236963 2
1726889681997 0.10205 2
1726889682938 0.575338 0
1726889683077 0.097529 0
1726889683216 0.101227 0
1726889683354 0.144578 0
1726889683492 0.374255 0
1726889683630 0.243733 0
1726889683769 0.406035 0
1726889683908 0.555967 0
1726889684046 0.668205 0
1726889684187 0.447053 0
1726889684327 0.669305 3
1726889684467 0.218449 3
1726889684606 0.131582 3
1726889685581 0.58004 0
1726889685720 0.040468 0
1726889685859 0.018152 0
1726889685997 0.177436 0
1726889686135 0.351256 0
1726889686276 0.236842 0
1726889686414 0.374754 0
1726889686553 0.561012 0
1726889686692 0.694907 0
1726889686833 0.500068 0
1726889686972 0.525228 4
1726889687110 0.223943 4
1726889687249 0.020647 4
1726889688179 0.08222 0
1726889688325 0.00499 0
1726889688466 0.008839 0
1726889688607 0.140741 0
1726889688749 0.325581 0
1726889688889 0.214262 0
1726889689033 0.37748 0
1726889689172 0.503307 0
1726889689311 0.6194 0
1726889689449 0.472799 0
1726889689589 0.476271 5
1726889689727 0.241851 5
1726889689866 0.014999 5
1726889690813 0.080947 0
1726889690954 0.007981 0
1726889691091 0.015737 0
1726889691229 0.140074 0
1726889691367 0.354411 0
1726889691505 0.204117 0
1726889691644 0.417106 0
1726889691783 0.504281 0
1726889691923 0.636372 0
1726889692062 0.476048 0
1726889692200 0.47551 6
1726889692340 0.254525 6
1726889692481 0.272264 6
1726889693411 0.053198 0
1726889693550 0.049491 0
1726889693688 0.027695 0
1726889693826 0.140364 0
1726889693966 0.3195 0
1726889694104 0.202589 0
1726889694242 0.382946 0
1726889694381 0.501082 0
1726889694522 0.646786 0
1726889694659 0.46912 0
1726889694797 0.551786 7
1726889694935 0.230686 7
1726889695073 0.014935 7
1726889696013 0.080856 0
1726889696152 0.057981 0
1726889696291 0.005283 0
1726889696429 0.139331 0
1726889696569 0.289587 0
1726889696708 0.189869 0
1726889696848 0.381357 0
1726889696988 0.436851 0
1726889697127 0.597535 0
1726889697265 0.433794 0
1726889697403 0.482454 8
1726889697540 0.237472 8
1726889697678 0.012797 8
1726889698613 0.057708 0
1726889698752 0.003039 0
1726889698892 0.006026 0
1726889699030 0.146382 0
1726889699169 0.288289 0
1726889699308 0.223734 0
1726889699446 0.431156 0
1726889699584 0.472997 0
1726889699725 0.647779 0
1726889699864 0.418266 0
1726889700003 0.479814 9
1726889700142 0.241207 9
1726889700281 0.014482 9
