1727113049257 0.762283 0
1727113049392 0.44576 0
1727113049525 0.335703 0
1727113049666 0.749446 0
1727113049803 0.610455 0
1727113049939 0.304272 0
1727113050442 0.372954 0
1727113050574 0.17652 0
1727113050704 0.21934 0
1727113050838 0.297281 0
1727113050979 0.177677 0
1727113051113 0.102522 0
1727113051599 0.042249 0
1727113051732 0.080535 0
1727113051864 0.277127 0
1727113051999 0.080965 0
1727113052133 0.08294 0
1727113052264 0.101708 0
1727113052720 0.079912 0
1727113052856 0.047372 0
1727113052986 0.355799 0
1727113053125 0.021653 0
1727113053270 0.056681 0
1727113053404 0.089445 0
1727113053890 0.096878 0
1727113054022 0.051672 0
1727113054151 0.28334 0
1727113054276 0.016604 0
1727113054406 0.067087 0
1727113054538 0.082898 0
