1727272421526 0.700469 0
1727272421739 0.241941 0
1727272421943 0.095583 0
1727272422636 0.074887 0
1727272422858 0.233927 0
1727272423060 0.127558 0
1727272423561 0.335423 0
1727272423768 0.413122 0
1727272423976 0.078509 0
1727272424500 0.086379 0
1727272424710 0.243605 0
1727272424913 0.057565 0
1727272425479 0.0718 0
1727272425680 0.256791 0
1727272425887 0.113456 0
1727272426422 0.059015 0
1727272426639 0.218366 0
1727272426850 0.042573 0
1727272427380 0.186344 0
1727272427596 0.164677 0
1727272427802 0.047574 0
