1726872596880 0.0 0
1726872597014 10.0 0
1726872597148 20.0 0
1726872597284 30.0 0
1726872597419 40.0 0
1726872597554 50.0 0
1726872597692 60.0 0
1726872597826 70.0 0
1726872597961 80.0 0
1726872598094 90.0 0
1726872598980 0.0 0
1726872599116 10.0 0
1726872599251 20.0 0
1726872599384 30.0 0
1726872599518 40.0 0
1726872599652 50.0 0
1726872599796 60.0 0
1726872599931 70.0 0
1726872600067 80.0 0
1726872600202 90.0 0
1726872601006 0.0 0
1726872601141 10.0 0
1726872601276 20.0 0
1726872601411 30.0 0
1726872601547 40.0 0
1726872601681 50.0 0
1726872601820 60.0 0
1726872601955 70.0 0
1726872602090 80.0 0
1726872602225 90.0 0
1726872603027 0.0 0
1726872603164 10.0 0
1726872603298 20.0 0
1726872603433 30.0 0
1726872603567 40.0 0
1726872603701 50.0 0
1726872603838 60.0 0
1726872603972 70.0 0
1726872604106 80.0 0
1726872604240 90.0 0
1726872605050 0.0 0
1726872605185 10.0 0
1726872605320 20.0 0
1726872605455 30.0 0
1726872605589 40.0 0
1726872605724 50.0 0
1726872605863 60.0 0
1726872605998 70.0 0
1726872606132 80.0 0
1726872606267 90.0 0
1726872607075 0.0 0
1726872607211 10.0 0
1726872607345 20.0 0
1726872607479 30.0 0
1726872607613 40.0 0
1726872607747 50.0 0
1726872607887 60.0 0
1726872608022 70.0 0
1726872608156 80.0 0
1726872608290 90.0 0
1726872609095 0.0 0
1726872609230 10.0 0
1726872609365 20.0 0
1726872609500 30.0 0
1726872609634 40.0 0
1726872609769 50.0 0
1726872609905 60.0 0
1726872610041 70.0 0
1726872610175 80.0 0
1726872610309 90.0 0
1726872611114 0.0 0
1726872611248 10.0 0
1726872611383 20.0 0
1726872611517 30.0 0
1726872611651 40.0 0
1726872611787 50.0 0
1726872611923 60.0 0
1726872612063 70.0 0
1726872612200 80.0 0
1726872612333 90.0 0
1726872613143 0.0 0
1726872613279 10.0 0
1726872613414 20.0 0
1726872613549 30.0 0
1726872613683 40.0 0
1726872613817 50.0 0
1726872613952 60.0 0
1726872614092 70.0 0
1726872614230 80.0 0
1726872614365 90.0 0
1726872615171 0.0 0
1726872615306 10.0 0
1726872615439 20.0 0
1726872615573 30.0 0
1726872615707 40.0 0
1726872615842 50.0 0
1726872615976 60.0 0
1726872616114 70.0 0
1726872616248 80.0 0
1726872616383 90.0 0
