1726880949291 124.470383 0
1726880949428 9.656825 0
1726880949564 2.274718 0
1726880949700 1.253507 0
1726880949837 0.752304 0
1726880949972 0.921763 0
1726880950108 2.934587 0
1726880950244 25.305845 0
1726880950382 11.874884 0
1726880950519 1.348465 0
1726880950655 3.078794 1
1726880950792 0.718414 1
1726880950928 8.734818 1
1726880951065 0.769461 1
1726880951202 1.394434 1
1726880951336 1.10508 1
1726880952460 0.960151 0
1726880952601 6.586659 0
1726880952739 1.960689 0
1726880952875 0.791496 0
1726880953011 1.003272 0
1726880953148 3.730999 0
1726880953283 22.301394 0
1726880953419 2.162381 0
1726880953556 1.08717 0
1726880953691 4.554963 0
1726880953827 0.862413 2
1726880953964 0.879934 2
1726880954101 4.174242 2
1726880954237 0.970196 2
1726880954374 2.220395 2
1726880954511 0.959472 2
1726880955598 2.507635 0
1726880955734 1.050622 0
1726880955875 0.990998 0
1726880956015 0.507988 0
1726880956152 0.780339 0
1726880956287 2.168825 0
1726880956424 4.132801 0
1726880956563 3.826449 0
1726880956700 2.182111 0
1726880956837 1.521031 0
1726880956972 2.263955 3
1726880957108 0.584768 3
1726880957244 0.777374 3
1726880957381 0.601168 3
1726880957518 1.158902 3
1726880957653 14.487898 3
1726880958782 1.218041 0
1726880958926 1.287213 0
1726880959062 7.463631 0
1726880959199 0.754124 0
1726880959335 0.86712 0
1726880959472 3.407536 0
1726880959608 2.705206 0
1726880959744 2.363525 0
1726880959881 2.553609 0
1726880960017 11.878668 0
1726880960154 0.901681 4
1726880960290 0.94676 4
1726880960426 1.583798 4
1726880960565 0.723492 4
1726880960702 3.079547 4
1726880960837 1.768029 4
1726880961915 2.23487 0
1726880962053 3.682861 0
1726880962189 1.537935 0
1726880962326 0.484505 0
1726880962463 0.621734 0
1726880962604 0.942433 0
1726880962741 2.213271 0
1726880962878 2.710737 0
1726880963014 0.984788 0
1726880963150 1.216202 0
1726880963287 0.905966 5
1726880963422 0.633052 5
1726880963558 2.22713 5
1726880963696 0.510049 5
1726880963831 2.310293 5
1726880963967 0.679355 5
1726880965056 3.39695 0
1726880965192 1.131884 0
1726880965329 1.449937 0
1726880965464 0.50626 0
1726880965601 0.617631 0
1726880965737 0.857718 0
1726880965873 2.649374 0
1726880966009 2.072499 0
1726880966145 1.489339 0
1726880966281 1.228246 0
1726880966417 6.87338 6
1726880966553 0.785731 6
1726880966692 0.932483 6
1726880966829 0.632256 6
1726880966965 2.053124 6
1726880967099 0.657549 6
1726880968179 1.743663 0
1726880968317 2.380115 0
1726880968453 1.504039 0
1726880968590 0.638945 0
1726880968730 0.993427 0
1726880968869 0.780358 0
1726880969005 10.243883 0
1726880969142 10.171605 0
1726880969279 16.930212 0
1726880969415 1.732904 0
1726880969551 1.951716 7
1726880969686 0.685608 7
1726880969823 1.434792 7
1726880969958 0.485688 7
1726880970095 1.20023 7
1726880970229 0.625824 7
1726880971357 1.577992 0
1726880971513 5.714067 0
1726880971649 1.693811 0
1726880971785 0.587393 0
1726880971921 1.834566 0
1726880972057 0.789599 0
1726880972193 2.57099 0
1726880972330 2.778812 0
1726880972466 0.757823 0
1726880972602 0.618651 0
1726880972740 2.812037 8
1726880972879 0.611199 8
1726880973016 1.108572 8
1726880973153 0.456717 8
1726880973289 4.074479 8
1726880973423 0.6349 8
