1727104195182 6.44395 0
1727104195309 194.991821 0
1727104195701 3.307133 0
1727104195822 49.702782 0
1727104196077 1.709797 0
1727104196200 200.596634 0
1727104196453 1.300705 0
1727104196569 28.66403 0
1727104196814 1.342059 0
1727104196938 19.931993 0
1727104197187 2.548188 0
1727104197307 25.80599 0
1727104197558 5.9014 0
1727104197681 45.034584 0
1727104197929 4.537238 0
1727104198054 56.540863 0
1727104198306 7.710394 0
1727104198415 2.665708 0
1727104198669 3.774417 0
1727104198789 3.399828 0
