1726856750987 0.0 0
1726856751153 10.0 0
1726856751310 20.0 0
1726856751464 30.0 0
1726856751612 40.0 0
1726856751756 50.0 0
1726856751900 60.0 0
1726856752044 70.0 0
1726856752187 80.0 0
1726856752329 90.0 0
1726856752471 100.0 1
1726856754153 0.0 0
1726856754344 10.0 0
1726856754525 20.0 0
1726856754694 30.0 0
1726856754850 40.0 0
1726856754996 50.0 0
1726856755142 60.0 0
1726856755290 70.0 0
1726856755438 80.0 0
1726856755587 90.0 0
1726856755732 100.0 2
1726856757254 0.0 0
1726856757443 10.0 0
1726856757622 20.0 0
1726856757806 30.0 0
1726856757990 40.0 0
1726856758172 50.0 0
1726856758349 60.0 0
1726856758507 70.0 0
1726856758661 80.0 0
1726856758810 90.0 0
1726856758954 100.0 3
1726856760403 0.0 0
1726856760587 10.0 0
1726856760769 20.0 0
1726856760933 30.0 0
1726856761083 40.0 0
1726856761229 50.0 0
1726856761372 60.0 0
1726856761514 70.0 0
1726856761654 80.0 0
1726856761794 90.0 0
1726856761932 100.0 4
1726856763635 0.0 0
1726856763832 10.0 0
1726856764004 20.0 0
1726856764159 30.0 0
1726856764306 40.0 0
1726856764451 50.0 0
1726856764595 60.0 0
1726856764739 70.0 0
1726856764885 80.0 0
1726856765033 90.0 0
1726856765181 100.0 5
1726856766706 0.0 0
1726856766891 10.0 0
1726856767066 20.0 0
1726856767226 30.0 0
1726856767375 40.0 0
1726856767520 50.0 0
1726856767662 60.0 0
1726856767802 70.0 0
1726856767943 80.0 0
1726856768084 90.0 0
1726856768225 100.0 6
