1726780531408 0.298454 0
1726780531509 0.271656 0
1726780531606 0.167939 0
1726780531701 0.1681 0
1726780531799 0.257538 0
1726780531896 0.960042 0
1726780531993 0.097396 0
1726780532089 0.605036 0
1726780532184 0.148979 0
1726780532279 0.406272 0
1726780532374 0.168911 1
1726780532468 0.447037 1
1726780532564 0.181347 1
1726780532659 0.322134 1
1726780532755 0.289289 1
1726780532859 0.306193 1
1726780532956 0.236942 1
1726780533051 1.533161 1
1726780533144 1.170915 1
1726780533237 0.321712 1
1726780533331 0.277318 2
1726780533425 0.166132 2
1726780534538 0.236229 0
1726780534640 0.187732 0
1726780534742 0.179199 0
1726780534840 0.140305 0
1726780534939 0.204349 0
1726780535037 0.489142 0
1726780535138 0.026629 0
1726780535239 0.125446 0
1726780535338 0.142029 0
1726780535436 0.288079 0
1726780535535 0.135772 2
1726780535636 0.495576 2
1726780535736 0.142229 2
1726780535836 0.257104 2
1726780535936 0.192609 2
1726780536034 0.194328 2
1726780536133 0.235524 2
1726780536231 1.064614 2
1726780536331 1.167974 2
1726780536435 0.217952 2
1726780536532 0.206899 4
1726780536627 0.152816 4
1726780537765 0.204924 0
1726780537872 0.123288 0
1726780537968 0.152546 0
1726780538063 0.166121 0
1726780538160 0.20974 0
1726780538257 0.48956 0
1726780538353 0.019293 0
1726780538451 0.166391 0
1726780538548 0.125767 0
1726780538644 0.265448 0
1726780538740 0.1172 3
1726780538838 0.544594 3
1726780538942 0.164138 3
1726780539040 0.228587 3
1726780539139 0.171909 3
1726780539239 0.180438 3
1726780539337 0.227884 3
1726780539437 1.056874 3
1726780539535 1.118617 3
1726780539631 0.268532 3
1726780539734 0.219932 6
1726780539831 0.167267 6
1726780540932 0.110292 0
1726780541045 0.13631 0
1726780541145 0.166558 0
1726780541243 0.157935 0
1726780541342 0.202296 0
1726780541442 0.404025 0
1726780541541 0.03559 0
1726780541640 0.106644 0
1726780541739 0.128065 0
1726780541838 0.249815 0
1726780541936 0.166329 4
1726780542032 0.545199 4
1726780542130 0.13007 4
1726780542227 0.225208 4
1726780542326 0.168422 4
1726780542425 0.186132 4
1726780542525 0.238199 4
1726780542623 0.949367 4
1726780542722 1.065396 4
1726780542821 0.201497 4
1726780542917 0.174606 8
1726780543019 0.150144 8
1726780544126 0.212059 0
1726780544232 0.153922 0
1726780544330 0.179132 0
1726780544426 0.173224 0
1726780544519 0.172594 0
1726780544614 0.478807 0
1726780544713 0.019714 0
1726780544808 0.116169 0
1726780544901 0.100061 0
1726780544998 0.219061 0
1726780545103 0.115265 5
1726780545197 0.567778 5
1726780545293 0.124413 5
1726780545390 0.241301 5
1726780545485 0.163973 5
1726780545580 0.174479 5
1726780545676 0.208657 5
1726780545770 1.078428 5
1726780545862 1.031546 5
1726780545959 0.181334 5
1726780546057 0.153504 10
1726780546151 0.169029 10
