1726851055840 91.162735 0
1726851055996 8.52046 0
1726851056148 4.168447 0
1726851056291 3.508195 0
1726851056428 1.406876 0
1726851056564 2.007966 0
1726851056700 1.159717 0
1726851056836 1.421094 0
1726851056974 1.021373 0
1726851058429 40.659149 0
1726851058610 3.546799 0
1726851058782 3.052788 0
1726851058939 3.27566 0
1726851059086 2.942804 0
1726851059228 2.796011 0
1726851059366 0.834529 0
1726851059502 1.580693 0
1726851059636 0.872309 0
1726851060632 1.893561 0
1726851060803 3.471878 0
1726851060969 8.233152 0
1726851061117 1.596003 0
1726851061258 5.813127 0
1726851061396 2.744612 0
1726851061532 5.462661 0
1726851061668 2.252802 0
1726851061802 5.966548 0
1726851063162 6.389959 0
1726851063353 4.084559 0
1726851063524 3.343789 0
1726851063679 5.588161 0
1726851063823 4.134065 0
1726851063963 2.198607 0
1726851064103 1.272562 0
1726851064244 1.9343 0
1726851064386 1.037562 0
1726851065613 2.046456 0
1726851065789 2.89029 0
1726851065949 5.669489 0
1726851066102 16.679773 0
1726851066248 1.720958 0
1726851066391 1.38886 0
1726851066533 0.72442 0
1726851066672 1.286875 0
1726851066808 1.288002 0
1726851067774 3.183947 0
1726851067947 2.894286 0
1726851068110 2.89858 0
1726851068272 2.391249 0
1726851068425 1.187518 0
1726851068571 1.368184 0
1726851068712 1.403371 0
1726851068852 1.283183 0
1726851068992 6.689039 0
1726851070130 3.049225 0
1726851070309 2.534576 0
1726851070478 3.535866 0
1726851070637 9.612301 0
1726851070782 1.402503 0
1726851070926 1.014241 0
1726851071071 0.632928 0
1726851071215 0.984862 0
1726851071354 1.029898 0
1726851072594 1.491294 0
1726851072784 3.72407 0
1726851072958 4.368192 0
1726851073137 2.974268 0
1726851073327 12.420756 0
1726851073501 9.839119 0
1726851073662 0.691991 0
1726851073813 2.785841 0
1726851073959 0.921279 0
1726851075128 1.405173 0
1726851075307 2.682346 0
1726851075463 12.206698 0
1726851075611 2.216776 0
1726851075755 5.480246 0
1726851075895 2.116434 0
1726851076033 0.743444 0
1726851076170 1.760572 0
1726851076308 1.37866 0
