1726833760384 0.0 0
1726833760525 10.0 0
1726833760692 20.0 0
1726833760857 30.0 0
1726833761030 40.0 0
1726833761204 50.0 0
1726833761382 60.0 0
1726833761551 70.0 0
1726833761720 80.0 0
1726833761886 90.0 0
1726833762056 100.0 1
1726833762247 110.0 1
1726833762512 120.0 1
1726833762699 130.0 1
1726833762871 140.0 1
1726833763045 150.0 1
1726833763218 160.0 1
1726833763391 170.0 1
1726833763566 180.0 1
1726833763743 190.0 1
1726833765499 0.0 0
1726833765666 10.0 0
1726833765818 20.0 0
1726833765984 30.0 0
1726833766136 40.0 0
1726833766306 50.0 0
1726833766478 60.0 0
1726833766646 70.0 0
1726833766819 80.0 0
1726833767004 90.0 0
1726833767182 100.0 2
1726833767361 110.0 2
1726833767536 120.0 2
1726833767721 130.0 2
1726833767900 140.0 2
1726833768078 150.0 2
1726833768257 160.0 2
1726833768433 170.0 2
1726833768607 180.0 2
1726833768781 190.0 2
1726833770680 0.0 0
1726833770847 10.0 0
1726833771017 20.0 0
1726833771176 30.0 0
1726833771324 40.0 0
1726833771490 50.0 0
1726833771646 60.0 0
1726833771813 70.0 0
1726833771985 80.0 0
1726833772152 90.0 0
1726833772313 100.0 3
1726833772476 110.0 3
1726833772637 120.0 3
1726833772798 130.0 3
1726833772960 140.0 3
1726833773121 150.0 3
1726833773284 160.0 3
1726833773446 170.0 3
1726833773607 180.0 3
1726833773769 190.0 3
1726833775580 0.0 0
1726833775745 10.0 0
1726833775915 20.0 0
1726833776078 30.0 0
1726833776239 40.0 0
1726833776404 50.0 0
1726833776569 60.0 0
1726833776719 70.0 0
1726833776880 80.0 0
1726833777025 90.0 0
1726833777187 100.0 4
1726833777355 110.0 4
1726833777519 120.0 4
1726833777679 130.0 4
1726833777841 140.0 4
1726833778002 150.0 4
1726833778174 160.0 4
1726833778344 170.0 4
1726833778508 180.0 4
1726833778674 190.0 4
1726833780504 0.0 0
1726833780666 10.0 0
1726833780835 20.0 0
1726833780999 30.0 0
1726833781168 40.0 0
1726833781331 50.0 0
1726833781497 60.0 0
1726833781662 70.0 0
1726833781827 80.0 0
1726833781985 90.0 0
1726833782152 100.0 5
1726833782320 110.0 5
1726833782452 120.0 5
1726833782618 130.0 5
1726833782783 140.0 5
1726833782953 150.0 5
1726833783125 160.0 5
1726833783291 170.0 5
1726833783458 180.0 5
1726833783623 190.0 5
1726833785327 0.0 0
1726833785505 10.0 0
1726833785685 20.0 0
1726833785865 30.0 0
1726833786050 40.0 0
1726833786223 50.0 0
1726833786398 60.0 0
1726833786563 70.0 0
1726833786720 80.0 0
1726833786889 90.0 0
1726833787054 100.0 6
1726833787224 110.0 6
1726833787385 120.0 6
1726833787549 130.0 6
1726833787715 140.0 6
1726833787883 150.0 6
1726833788054 160.0 6
1726833788217 170.0 6
1726833788391 180.0 6
1726833788560 190.0 6
1726833790283 0.0 0
1726833790448 10.0 0
1726833790609 20.0 0
1726833790773 30.0 0
1726833790935 40.0 0
1726833791096 50.0 0
1726833791261 60.0 0
1726833791427 70.0 0
1726833791593 80.0 0
1726833791827 90.0 0
1726833792219 100.0 7
1726833792389 110.0 7
1726833792557 120.0 7
1726833792724 130.0 7
1726833792948 140.0 7
1726833793113 150.0 7
1726833793279 160.0 7
1726833793446 170.0 7
1726833793612 180.0 7
1726833793778 190.0 7
