1726754670047 0.0 0
1726754670143 10.0 0
1726754670229 20.0 0
1726754670315 30.0 0
1726754670400 40.0 0
1726754670486 50.0 0
1726754670571 60.0 0
1726754670656 70.0 0
1726754670741 80.0 0
1726754670825 90.0 0
1726754670911 100.0 1
1726754670998 110.0 1
1726754671084 120.0 1
1726754671170 130.0 1
1726754671263 140.0 1
1726754671353 150.0 1
1726754671444 160.0 1
1726754672294 0.0 0
1726754672387 10.0 0
1726754672473 20.0 0
1726754672559 30.0 0
1726754672645 40.0 0
1726754672737 50.0 0
1726754672823 60.0 0
1726754672908 70.0 0
1726754672994 80.0 0
1726754673080 90.0 0
1726754673165 100.0 2
1726754673250 110.0 2
1726754673344 120.0 2
1726754673430 130.0 2
1726754673519 140.0 2
1726754673605 150.0 2
1726754673692 160.0 2
1726754674525 0.0 0
1726754674611 10.0 0
1726754674699 20.0 0
1726754674785 30.0 0
1726754674871 40.0 0
1726754674958 50.0 0
1726754675046 60.0 0
1726754675132 70.0 0
1726754675218 80.0 0
1726754675314 90.0 0
1726754675413 100.0 3
1726754675502 110.0 3
1726754675592 120.0 3
1726754675679 130.0 3
1726754675765 140.0 3
1726754675854 150.0 3
1726754675940 160.0 3
1726754676842 0.0 0
1726754676939 10.0 0
1726754677027 20.0 0
1726754677116 30.0 0
1726754677208 40.0 0
1726754677295 50.0 0
1726754677386 60.0 0
1726754677476 70.0 0
1726754677566 80.0 0
1726754677652 90.0 0
1726754677740 100.0 4
1726754677828 110.0 4
1726754677915 120.0 4
1726754678019 130.0 4
1726754678115 140.0 4
1726754678212 150.0 4
1726754678317 160.0 4
1726754679210 0.0 0
1726754679303 10.0 0
1726754679393 20.0 0
1726754679492 30.0 0
1726754679579 40.0 0
1726754679669 50.0 0
1726754679759 60.0 0
1726754679845 70.0 0
1726754679935 80.0 0
1726754680022 90.0 0
1726754680109 100.0 5
1726754680198 110.0 5
1726754680283 120.0 5
1726754680376 130.0 5
1726754680463 140.0 5
1726754680554 150.0 5
1726754680645 160.0 5
1726754681573 0.0 0
1726754681675 10.0 0
1726754681764 20.0 0
1726754681850 30.0 0
1726754681937 40.0 0
1726754682024 50.0 0
1726754682110 60.0 0
1726754682197 70.0 0
1726754682282 80.0 0
1726754682367 90.0 0
1726754682454 100.0 6
1726754682540 110.0 6
1726754682627 120.0 6
1726754682716 130.0 6
1726754682803 140.0 6
1726754682891 150.0 6
1726754682980 160.0 6
1726754683853 0.0 0
1726754683950 10.0 0
1726754684036 20.0 0
1726754684125 30.0 0
1726754684210 40.0 0
1726754684295 50.0 0
1726754684379 60.0 0
1726754684466 70.0 0
1726754684552 80.0 0
1726754684637 90.0 0
1726754684723 100.0 7
1726754684811 110.0 7
1726754684899 120.0 7
1726754684988 130.0 7
1726754685075 140.0 7
1726754685161 150.0 7
1726754685246 160.0 7
1726754686139 0.0 0
1726754686237 10.0 0
1726754686323 20.0 0
1726754686417 30.0 0
1726754686503 40.0 0
1726754686590 50.0 0
1726754686675 60.0 0
1726754686760 70.0 0
1726754686845 80.0 0
1726754686931 90.0 0
1726754687016 100.0 8
1726754687102 110.0 8
1726754687187 120.0 8
1726754687273 130.0 8
1726754687359 140.0 8
1726754687444 150.0 8
1726754687531 160.0 8
1726754688432 0.0 0
1726754688527 10.0 0
1726754688618 20.0 0
1726754688713 30.0 0
1726754688821 40.0 0
1726754688931 50.0 0
1726754689038 60.0 0
1726754689129 70.0 0
1726754689219 80.0 0
1726754689307 90.0 0
1726754689393 100.0 9
1726754689478 110.0 9
1726754689568 120.0 9
1726754689664 130.0 9
1726754689754 140.0 9
1726754689843 150.0 9
1726754689932 160.0 9
