1726844358393 2.242577 0
1726844358526 0.776152 0
1726844358659 0.859556 0
1726844358791 5.339706 0
1726844358923 1.735186 0
1726844359057 0.341632 0
1726844359188 0.840235 0
1726844359321 0.381213 0
1726844359453 0.376997 0
1726844360159 2.094932 0
1726844360291 0.742026 0
1726844360423 0.802337 0
1726844360557 5.07875 0
1726844360689 1.64314 0
1726844360821 0.32281 0
1726844360953 0.789158 0
1726844361086 0.345676 0
1726844361218 0.371108 0
1726844361859 1.929308 0
1726844361990 0.689837 0
1726844362124 0.718562 0
1726844362256 4.711754 0
1726844362387 1.513804 0
1726844362520 0.29519 0
1726844362651 0.721017 0
1726844362784 0.29547 0
1726844362925 0.3666 0
1726844363583 1.635254 0
1726844363715 0.614038 0
1726844363846 0.591159 0
1726844363980 3.975036 0
1726844364112 1.258925 0
1726844364245 0.251704 0
1726844364377 0.59234 0
1726844364510 0.21361 0
1726844364643 0.361555 0
1726844365300 0.963071 0
1726844365432 0.536843 0
1726844365565 0.468295 0
1726844365697 2.743214 0
1726844365830 1.042751 0
1726844365961 0.204775 0
1726844366092 0.492008 0
1726844366225 0.160059 0
1726844366358 0.360924 0
1726844367017 0.511084 0
1726844367151 0.607644 0
1726844367282 0.500768 0
1726844367414 2.582599 0
1726844367546 1.022467 0
1726844367677 0.192608 0
1726844367810 0.476832 0
1726844367942 0.143787 0
1726844368074 0.344084 0
1726844368731 0.544405 0
1726844368864 0.507605 0
1726844368995 0.454188 0
1726844369126 2.486961 0
1726844369260 1.006829 0
1726844369392 0.186389 0
1726844369526 0.462723 0
1726844369658 0.133588 0
1726844369790 0.3282 0
1726844370444 0.505177 0
1726844370581 0.483215 0
1726844370714 0.430415 0
1726844370847 2.405902 0
1726844370981 0.99547 0
1726844371113 0.18444 0
1726844371247 0.438152 0
1726844371379 0.130561 0
1726844371511 0.324085 0
1726844372224 0.502915 0
1726844372373 0.455563 0
1726844372512 0.414656 0
1726844372648 2.406646 0
1726844372779 0.995915 0
1726844372911 0.180766 0
1726844373044 0.441654 0
1726844373176 0.120604 0
1726844373312 0.314857 0
1726844374005 0.478681 0
1726844374141 0.423569 0
1726844374275 0.409046 0
1726844374414 2.349697 0
1726844374551 0.963992 0
1726844374687 0.176919 0
1726844374821 0.4226 0
1726844374961 0.119676 0
1726844375098 0.315147 0
