1726765799349 0.0 0
1726765799440 10.0 0
1726765799537 20.0 0
1726765799646 30.0 0
1726765799757 40.0 0
1726765799869 50.0 0
1726765800019 60.0 0
1726765800128 70.0 0
1726765800240 80.0 0
1726765800352 90.0 0
1726765800464 100.0 1
1726765800569 110.0 1
1726765800673 120.0 1
1726765800786 130.0 1
1726765800894 140.0 1
1726765801004 150.0 1
1726765801114 160.0 1
1726765801222 170.0 1
1726765801335 180.0 1
1726765801428 190.0 1
1726765801520 200.0 2
1726765801610 210.0 2
1726765801700 220.0 2
1726765801791 230.0 2
1726765801881 240.0 2
1726765801969 250.0 2
1726765802064 260.0 2
1726765802156 270.0 2
1726765802247 280.0 2
1726765802337 290.0 2
1726765802428 300.0 3
1726765802524 310.0 3
1726765802619 320.0 3
1726765802711 330.0 3
1726765802802 340.0 3
1726765802893 350.0 3
1726765802985 360.0 3
1726765803077 370.0 3
1726765803169 380.0 3
1726765803259 390.0 3
1726765803360 400.0 4
1726765803451 410.0 4
1726765803541 420.0 4
1726765803631 430.0 4
1726765803721 440.0 4
1726765803812 450.0 4
1726765803905 460.0 4
1726765806232 0.0 0
1726765806334 10.0 0
1726765806427 20.0 0
1726765806519 30.0 0
1726765806613 40.0 0
1726765806705 50.0 0
1726765806794 60.0 0
1726765806885 70.0 0
1726765806976 80.0 0
1726765807071 90.0 0
1726765807161 100.0 2
1726765807255 110.0 2
1726765807346 120.0 2
1726765807448 130.0 2
1726765807548 140.0 2
1726765807644 150.0 2
1726765807738 160.0 2
1726765807833 170.0 2
1726765807928 180.0 2
1726765808021 190.0 2
1726765808113 200.0 4
1726765808204 210.0 4
1726765808294 220.0 4
1726765808385 230.0 4
1726765808479 240.0 4
1726765808569 250.0 4
1726765808661 260.0 4
1726765808752 270.0 4
1726765808845 280.0 4
1726765808938 290.0 4
1726765809032 300.0 6
1726765809123 310.0 6
1726765809219 320.0 6
1726765809313 330.0 6
1726765809403 340.0 6
1726765809502 350.0 6
1726765809594 360.0 6
1726765809687 370.0 6
1726765809778 380.0 6
1726765809879 390.0 6
1726765809972 400.0 8
1726765810063 410.0 8
1726765810153 420.0 8
1726765810244 430.0 8
1726765810335 440.0 8
1726765810425 450.0 8
1726765810515 460.0 8
1726765812955 0.0 0
1726765813055 10.0 0
1726765813150 20.0 0
1726765813241 30.0 0
1726765813331 40.0 0
1726765813422 50.0 0
1726765813513 60.0 0
1726765813609 70.0 0
1726765813703 80.0 0
1726765813795 90.0 0
1726765813887 100.0 3
1726765813983 110.0 3
1726765814080 120.0 3
1726765814174 130.0 3
1726765814265 140.0 3
1726765814355 150.0 3
1726765814446 160.0 3
1726765814535 170.0 3
1726765814629 180.0 3
1726765814721 190.0 3
1726765814812 200.0 6
1726765814901 210.0 6
1726765815002 220.0 6
1726765815094 230.0 6
1726765815186 240.0 6
1726765815280 250.0 6
1726765815370 260.0 6
1726765815461 270.0 6
1726765815554 280.0 6
1726765815649 290.0 6
1726765815744 300.0 9
1726765815836 310.0 9
1726765815926 320.0 9
1726765816019 330.0 9
1726765816110 340.0 9
1726765816202 350.0 9
1726765816293 360.0 9
1726765816384 370.0 9
1726765816474 380.0 9
1726765816563 390.0 9
1726765816653 400.0 12
1726765816743 410.0 12
1726765816834 420.0 12
1726765816924 430.0 12
1726765817015 440.0 12
1726765817106 450.0 12
1726765817197 460.0 12
1726765819526 0.0 0
1726765819629 10.0 0
1726765819728 20.0 0
1726765819826 30.0 0
1726765819921 40.0 0
1726765820016 50.0 0
1726765820111 60.0 0
1726765820203 70.0 0
1726765820294 80.0 0
1726765820387 90.0 0
1726765820479 100.0 4
1726765820576 110.0 4
1726765820669 120.0 4
1726765820763 130.0 4
1726765820854 140.0 4
1726765820945 150.0 4
1726765821035 160.0 4
1726765821126 170.0 4
1726765821217 180.0 4
1726765821308 190.0 4
1726765821398 200.0 8
1726765821488 210.0 8
1726765821579 220.0 8
1726765821670 230.0 8
1726765821771 240.0 8
1726765821863 250.0 8
1726765821954 260.0 8
1726765822048 270.0 8
1726765822140 280.0 8
1726765822231 290.0 8
1726765822322 300.0 12
1726765822413 310.0 12
1726765822503 320.0 12
1726765822594 330.0 12
1726765822684 340.0 12
1726765822774 350.0 12
1726765822863 360.0 12
1726765822954 370.0 12
1726765823047 380.0 12
1726765823140 390.0 12
1726765823231 400.0 16
1726765823324 410.0 16
1726765823415 420.0 16
1726765823506 430.0 16
1726765823596 440.0 16
1726765823686 450.0 16
1726765823786 460.0 16
1726765826990 0.0 0
1726765827091 10.0 0
1726765827181 20.0 0
1726765827271 30.0 0
1726765827361 40.0 0
1726765827452 50.0 0
1726765827543 60.0 0
1726765827634 70.0 0
1726765827724 80.0 0
1726765827817 90.0 0
1726765827918 100.0 5
1726765828021 110.0 5
1726765828115 120.0 5
1726765828206 130.0 5
1726765828298 140.0 5
1726765828389 150.0 5
1726765828479 160.0 5
1726765828568 170.0 5
1726765828659 180.0 5
1726765828749 190.0 5
1726765828839 200.0 10
1726765828927 210.0 10
1726765829019 220.0 10
1726765829113 230.0 10
1726765829205 240.0 10
1726765829296 250.0 10
1726765829388 260.0 10
1726765829479 270.0 10
1726765829570 280.0 10
1726765829662 290.0 10
1726765829755 300.0 15
1726765829845 310.0 15
1726765829947 320.0 15
1726765830043 330.0 15
1726765830135 340.0 15
1726765830227 350.0 15
1726765830320 360.0 15
1726765830412 370.0 15
1726765830503 380.0 15
1726765830594 390.0 15
1726765830685 400.0 20
1726765830777 410.0 20
1726765830868 420.0 20
1726765830958 430.0 20
1726765831048 440.0 20
1726765831139 450.0 20
1726765831230 460.0 20
