1726765799355 43.085007 0
1726765799446 1.412799 0
1726765799543 1.042333 0
1726765799653 0.576973 0
1726765799763 1.005613 0
1726765799876 2.075926 0
1726765800026 1.143935 0
1726765800135 0.851137 0
1726765800247 1.388361 0
1726765800358 0.951699 0
1726765800470 0.51673 1
1726765800577 0.570981 1
1726765800680 0.583359 1
1726765800793 0.626179 1
1726765800901 1.358788 1
1726765801010 0.4875 1
1726765801121 0.174291 1
1726765801229 0.387823 1
1726765801340 6.284611 1
1726765801434 3.976351 1
1726765801526 2.67893 2
1726765801616 1.657214 2
1726765801706 1.043972 2
1726765801797 0.752894 2
1726765801887 1.950154 2
1726765801975 1.914728 2
1726765802070 1.790072 2
1726765802162 1.52097 2
1726765802253 2.62294 2
1726765802342 1.30663 2
1726765802434 0.890262 3
1726765802530 0.821176 3
1726765802625 2.630154 3
1726765802717 0.705482 3
1726765802808 1.314628 3
1726765802899 0.428199 3
1726765802991 0.676135 3
1726765803083 6.593625 3
1726765803175 4.091039 3
1726765803265 1.089818 3
1726765803366 12.356409 4
1726765803457 2.202585 4
1726765803547 2.17775 4
1726765803637 0.900539 4
1726765803727 1.311271 4
1726765803818 2.52442 4
1726765803912 0.455077 4
1726765806237 3.084306 0
1726765806339 0.93543 0
1726765806433 6.047299 0
1726765806525 0.605694 0
1726765806619 0.387847 0
1726765806711 3.200773 0
1726765806800 23.746506 0
1726765806891 0.367602 0
1726765806982 3.436991 0
1726765807077 1.968192 0
1726765807167 0.208431 2
1726765807261 0.6389 2
1726765807351 0.367144 2
1726765807454 3.290522 2
1726765807554 0.871518 2
1726765807650 0.44975 2
1726765807744 0.211199 2
1726765807838 0.444785 2
1726765807933 4.176417 2
1726765808027 1.174824 2
1726765808119 1.027273 4
1726765808209 0.789975 4
1726765808300 1.057214 4
1726765808391 2.084679 4
1726765808485 0.802999 4
1726765808575 14.51112 4
1726765808667 2.494003 4
1726765808758 0.914939 4
1726765808851 7.223617 4
1726765808944 1.417244 4
1726765809039 0.898598 6
1726765809129 1.237677 6
1726765809228 0.640188 6
1726765809319 0.574665 6
1726765809409 1.635968 6
1726765809508 0.517368 6
1726765809600 24.071432 6
1726765809693 1.662305 6
1726765809784 0.878639 6
1726765809885 1.214734 6
1726765809977 3.116622 8
1726765810069 2.253455 8
1726765810159 2.553393 8
1726765810250 1.1469 8
1726765810341 1.476123 8
1726765810431 4.561549 8
1726765810521 0.524658 8
1726765812960 0.731219 0
1726765813061 0.707645 0
1726765813156 2.282976 0
1726765813247 0.414716 0
1726765813337 0.462467 0
1726765813427 13.977008 0
1726765813519 2.525079 0
1726765813615 0.501701 0
1726765813709 1.868019 0
1726765813801 1.32495 0
1726765813894 0.206028 3
1726765813989 0.472388 3
1726765814086 0.313573 3
1726765814180 1.477008 3
1726765814271 1.025082 3
1726765814361 0.657314 3
1726765814452 0.2454 3
1726765814541 0.423934 3
1726765814635 5.460914 3
1726765814727 6.348856 3
1726765814817 0.801274 6
1726765814907 0.609229 6
1726765815008 1.633428 6
1726765815100 1.066781 6
1726765815192 0.870519 6
1726765815286 7.039244 6
1726765815376 3.46205 6
1726765815467 3.810088 6
1726765815560 1.75337 6
1726765815656 0.880235 6
1726765815750 4.882204 9
1726765815841 4.949922 9
1726765815932 0.708028 9
1726765816024 0.508966 9
1726765816116 4.540322 9
1726765816208 0.666453 9
1726765816299 0.795804 9
1726765816390 1.543447 9
1726765816480 1.32122 9
1726765816569 4.375122 9
1726765816659 4.983445 12
1726765816749 2.062761 12
1726765816839 3.847019 12
1726765816930 1.136222 12
1726765817021 4.439907 12
1726765817112 19.530916 12
1726765817202 1.438463 12
1726765819532 1.807074 0
1726765819635 0.621368 0
1726765819735 3.683913 0
1726765819832 0.906877 0
1726765819927 0.562822 0
1726765820023 1.30214 0
1726765820116 6.193428 0
1726765820209 0.280662 0
1726765820300 1.964943 0
1726765820393 0.700669 0
1726765820485 0.230994 4
1726765820582 0.880659 4
1726765820675 0.477035 4
1726765820768 3.036397 4
1726765820860 0.821118 4
1726765820951 0.426966 4
1726765821041 0.185897 4
1726765821132 0.407128 4
1726765821223 1.930761 4
1726765821314 1.03118 4
1726765821404 1.06176 8
1726765821494 1.325377 8
1726765821585 0.765747 8
1726765821676 1.680956 8
1726765821777 2.76573 8
1726765821869 1.198883 8
1726765821960 74.178665 8
1726765822053 1.287079 8
1726765822147 2.684834 8
1726765822237 1.006702 8
1726765822328 0.985131 12
1726765822419 0.687145 12
1726765822509 0.63832 12
1726765822600 0.647264 12
1726765822689 4.051756 12
1726765822780 1.91619 12
1726765822869 0.638408 12
1726765822960 3.74351 12
1726765823053 1.684749 12
1726765823146 0.896799 12
1726765823237 2.025952 16
1726765823330 2.526191 16
1726765823421 1.903047 16
1726765823512 1.314797 16
1726765823602 1.419102 16
1726765823692 3.967296 16
1726765823792 0.682881 16
1726765826997 2.744668 0
1726765827097 7.320649 0
1726765827187 1.974253 0
1726765827277 0.415969 0
1726765827367 0.492729 0
1726765827458 2.614296 0
1726765827549 2.256996 0
1726765827640 0.331851 0
1726765827730 2.464011 0
1726765827823 2.899792 0
1726765827925 0.482686 5
1726765828027 1.407413 5
1726765828121 0.316879 5
1726765828212 0.749762 5
1726765828304 2.057924 5
1726765828395 0.300443 5
1726765828485 0.18951 5
1726765828574 1.561579 5
1726765828665 2.307078 5
1726765828755 0.948777 5
1726765828845 1.021892 10
1726765828933 0.737935 10
1726765829025 1.78424 10
1726765829119 2.425171 10
1726765829211 0.731096 10
1726765829302 1.116822 10
1726765829394 5.656107 10
1726765829485 0.8242 10
1726765829576 3.21499 10
1726765829668 0.687595 10
1726765829761 1.53456 15
1726765829851 0.897084 15
1726765829953 0.915394 15
1726765830049 0.865657 15
1726765830141 5.440288 15
1726765830233 0.451017 15
1726765830326 0.711789 15
1726765830418 1.354782 15
1726765830508 1.025676 15
1726765830600 1.109959 15
1726765830691 2.705195 20
1726765830783 8.58179 20
1726765830874 2.487747 20
1726765830964 9.201855 20
1726765831054 2.225237 20
1726765831145 3.788947 20
1726765831236 1.763463 20
