1726886825478 0.0 0
1726886825618 10.0 0
1726886825754 20.0 0
1726886825893 30.0 0
1726886826031 40.0 0
1726886826168 50.0 0
1726886826304 60.0 0
1726886826440 70.0 0
1726886826578 80.0 0
1726886826714 90.0 0
1726886826852 100.0 1
1726886826988 110.0 1
1726886827127 120.0 1
1726886827264 130.0 1
1726886827401 140.0 1
1726886827538 150.0 1
1726886827676 160.0 1
1726886827813 170.0 1
1726886827951 180.0 1
1726886828087 190.0 1
1726886828224 200.0 2
1726886828361 210.0 2
1726886828497 220.0 2
1726886828634 230.0 2
1726886830355 0.0 0
1726886830496 10.0 0
1726886830632 20.0 0
1726886830770 30.0 0
1726886830906 40.0 0
1726886831043 50.0 0
1726886831181 60.0 0
1726886831317 70.0 0
1726886831454 80.0 0
1726886831591 90.0 0
1726886831728 100.0 2
1726886831866 110.0 2
1726886832003 120.0 2
1726886832142 130.0 2
1726886832279 140.0 2
1726886832415 150.0 2
1726886832552 160.0 2
1726886832689 170.0 2
1726886832827 180.0 2
1726886832968 190.0 2
1726886833105 200.0 4
1726886833243 210.0 4
1726886833380 220.0 4
1726886833518 230.0 4
1726886835188 0.0 0
1726886835328 10.0 0
1726886835466 20.0 0
1726886835603 30.0 0
1726886835739 40.0 0
1726886835875 50.0 0
1726886836014 60.0 0
1726886836152 70.0 0
1726886836290 80.0 0
1726886836426 90.0 0
1726886836563 100.0 3
1726886836700 110.0 3
1726886836837 120.0 3
1726886836976 130.0 3
1726886837113 140.0 3
1726886837250 150.0 3
1726886837387 160.0 3
1726886837523 170.0 3
1726886837660 180.0 3
1726886837797 190.0 3
1726886837933 200.0 6
1726886838071 210.0 6
1726886838212 220.0 6
1726886838350 230.0 6
1726886840034 0.0 0
1726886840177 10.0 0
1726886840316 20.0 0
1726886840453 30.0 0
1726886840592 40.0 0
1726886840728 50.0 0
1726886840865 60.0 0
1726886841001 70.0 0
1726886841138 80.0 0
1726886841275 90.0 0
1726886841412 100.0 4
1726886841549 110.0 4
1726886841686 120.0 4
1726886841822 130.0 4
1726886841960 140.0 4
1726886842097 150.0 4
1726886842238 160.0 4
1726886842376 170.0 4
1726886842513 180.0 4
1726886842651 190.0 4
1726886842788 200.0 8
1726886842925 210.0 8
1726886843071 220.0 8
1726886843208 230.0 8
1726886844892 0.0 0
1726886845032 10.0 0
1726886845169 20.0 0
1726886845305 30.0 0
1726886845441 40.0 0
1726886845580 50.0 0
1726886845716 60.0 0
1726886845854 70.0 0
1726886845996 80.0 0
1726886846134 90.0 0
1726886846271 100.0 5
1726886846411 110.0 5
1726886846549 120.0 5
1726886846685 130.0 5
1726886846822 140.0 5
1726886846958 150.0 5
1726886847095 160.0 5
1726886847234 170.0 5
1726886847372 180.0 5
1726886847509 190.0 5
1726886847646 200.0 10
1726886847784 210.0 10
1726886847921 220.0 10
1726886848058 230.0 10
1726886849740 0.0 0
1726886849884 10.0 0
1726886850021 20.0 0
1726886850158 30.0 0
1726886850295 40.0 0
1726886850433 50.0 0
1726886850571 60.0 0
1726886850709 70.0 0
1726886850846 80.0 0
1726886850982 90.0 0
1726886851120 100.0 6
1726886851257 110.0 6
1726886851395 120.0 6
1726886851532 130.0 6
1726886851670 140.0 6
1726886851806 150.0 6
1726886851944 160.0 6
1726886852080 170.0 6
1726886852217 180.0 6
1726886852353 190.0 6
1726886852492 200.0 12
1726886852632 210.0 12
1726886852770 220.0 12
1726886852987 230.0 12
1726886854745 0.0 0
1726886854884 10.0 0
1726886855020 20.0 0
1726886855158 30.0 0
1726886855296 40.0 0
1726886855433 50.0 0
1726886855570 60.0 0
1726886855708 70.0 0
1726886855846 80.0 0
1726886855984 90.0 0
1726886856123 100.0 7
1726886856260 110.0 7
1726886856399 120.0 7
1726886856536 130.0 7
1726886856678 140.0 7
1726886856817 150.0 7
1726886856955 160.0 7
1726886857094 170.0 7
1726886857232 180.0 7
1726886857369 190.0 7
1726886857506 200.0 14
1726886857644 210.0 14
1726886857783 220.0 14
1726886857920 230.0 14
