1727090430560 0.0 0
1727090430653 10.0 0
1727090430743 20.0 0
1727090430840 30.0 0
1727090430932 40.0 0
1727090431023 50.0 0
1727090431120 60.0 0
1727090431537 0.0 0
1727090431631 10.0 0
1727090431724 20.0 0
1727090431824 30.0 0
1727090431916 40.0 0
1727090432009 50.0 0
1727090432106 60.0 0
1727090432470 0.0 0
1727090432566 10.0 0
1727090432658 20.0 0
1727090432748 30.0 0
1727090432844 40.0 0
1727090432936 50.0 0
1727090433027 60.0 0
1727090433394 0.0 0
1727090433489 10.0 0
1727090433581 20.0 0
1727090433674 30.0 0
1727090433762 40.0 0
1727090433858 50.0 0
1727090433952 60.0 0
1727090434328 0.0 0
1727090434421 10.0 0
1727090434512 20.0 0
1727090434606 30.0 0
1727090434707 40.0 0
1727090434800 50.0 0
1727090434893 60.0 0
1727090435259 0.0 0
1727090435362 10.0 0
1727090435460 20.0 0
1727090435553 30.0 0
1727090435643 40.0 0
1727090435745 50.0 0
1727090435847 60.0 0
1727090436241 0.0 0
1727090436344 10.0 0
1727090436439 20.0 0
1727090436531 30.0 0
1727090436631 40.0 0
1727090436725 50.0 0
1727090436822 60.0 0
1727090437180 0.0 0
1727090437278 10.0 0
1727090437371 20.0 0
1727090437463 30.0 0
1727090437560 40.0 0
1727090437666 50.0 0
1727090437770 60.0 0
