1726815859486 0.0 0
1726815859591 10.0 0
1726815859693 20.0 0
1726815859796 30.0 0
1726815859898 40.0 0
1726815860000 50.0 0
1726815860102 60.0 0
1726815860206 70.0 0
1726815860308 80.0 0
1726815860416 90.0 0
1726815860522 100.0 1
1726815860626 110.0 1
1726815860729 120.0 1
1726815860831 130.0 1
1726815860933 140.0 1
1726815861039 150.0 1
1726815861147 160.0 1
1726815861251 170.0 1
1726815861353 180.0 1
1726815861456 190.0 1
1726815861562 200.0 2
1726815861665 210.0 2
1726815861768 220.0 2
1726815861875 230.0 2
1726815861979 240.0 2
1726815862081 250.0 2
1726815862182 260.0 2
1726815862285 270.0 2
1726815862387 280.0 2
1726815862489 290.0 2
1726815862590 300.0 3
1726815862692 310.0 3
1726815862797 320.0 3
1726815862900 330.0 3
1726815863001 340.0 3
1726815863110 350.0 3
1726815863212 360.0 3
1726815863317 370.0 3
1726815863420 380.0 3
1726815863522 390.0 3
1726815863624 400.0 4
1726815863731 410.0 4
1726815863837 420.0 4
1726815863942 430.0 4
1726815864045 440.0 4
1726815864148 450.0 4
1726815864251 460.0 4
1726815864352 470.0 4
1726815864456 480.0 4
1726815864558 490.0 4
1726815867434 0.0 0
1726815867540 10.0 0
1726815867642 20.0 0
1726815867744 30.0 0
1726815867846 40.0 0
1726815867947 50.0 0
1726815868048 60.0 0
1726815868148 70.0 0
1726815868248 80.0 0
1726815868347 90.0 0
1726815868447 100.0 2
1726815868547 110.0 2
1726815868647 120.0 2
1726815868749 130.0 2
1726815868849 140.0 2
1726815868950 150.0 2
1726815869055 160.0 2
1726815869159 170.0 2
1726815869270 180.0 2
1726815869373 190.0 2
1726815869473 200.0 4
1726815869577 210.0 4
1726815869681 220.0 4
1726815869782 230.0 4
1726815869881 240.0 4
1726815869983 250.0 4
1726815870086 260.0 4
1726815870187 270.0 4
1726815870289 280.0 4
1726815870388 290.0 4
1726815870496 300.0 6
1726815870597 310.0 6
1726815870697 320.0 6
1726815870797 330.0 6
1726815870897 340.0 6
1726815870999 350.0 6
1726815871100 360.0 6
1726815871203 370.0 6
1726815871317 380.0 6
1726815871433 390.0 6
1726815871537 400.0 8
1726815871640 410.0 8
1726815871742 420.0 8
1726815871844 430.0 8
1726815871945 440.0 8
1726815872047 450.0 8
1726815872149 460.0 8
1726815872251 470.0 8
1726815872354 480.0 8
1726815872457 490.0 8
1726815875001 0.0 0
1726815875106 10.0 0
1726815875211 20.0 0
1726815875314 30.0 0
1726815875426 40.0 0
1726815875529 50.0 0
1726815875632 60.0 0
1726815875735 70.0 0
1726815875837 80.0 0
1726815875940 90.0 0
1726815876046 100.0 3
1726815876147 110.0 3
1726815876253 120.0 3
1726815876357 130.0 3
1726815876460 140.0 3
1726815876566 150.0 3
1726815876670 160.0 3
1726815876773 170.0 3
1726815876874 180.0 3
1726815876980 190.0 3
1726815877082 200.0 6
1726815877184 210.0 6
1726815877287 220.0 6
1726815877389 230.0 6
1726815877504 240.0 6
1726815877607 250.0 6
1726815877710 260.0 6
1726815877812 270.0 6
1726815877915 280.0 6
1726815878018 290.0 6
1726815878124 300.0 9
1726815878227 310.0 9
1726815878330 320.0 9
1726815878448 330.0 9
1726815878550 340.0 9
1726815878652 350.0 9
1726815878756 360.0 9
1726815878862 370.0 9
1726815878964 380.0 9
1726815879065 390.0 9
1726815879165 400.0 12
1726815879267 410.0 12
1726815879370 420.0 12
1726815879478 430.0 12
1726815879582 440.0 12
1726815879682 450.0 12
1726815879784 460.0 12
1726815879887 470.0 12
1726815879990 480.0 12
1726815880093 490.0 12
1726815882664 0.0 0
1726815882778 10.0 0
1726815882880 20.0 0
1726815882981 30.0 0
1726815883081 40.0 0
1726815883183 50.0 0
1726815883283 60.0 0
1726815883395 70.0 0
1726815883500 80.0 0
1726815883610 90.0 0
1726815883720 100.0 4
1726815883822 110.0 4
1726815883922 120.0 4
1726815884023 130.0 4
1726815884127 140.0 4
1726815884230 150.0 4
1726815884331 160.0 4
1726815884434 170.0 4
1726815884535 180.0 4
1726815884635 190.0 4
1726815884735 200.0 8
1726815884836 210.0 8
1726815884937 220.0 8
1726815885041 230.0 8
1726815885147 240.0 8
1726815885250 250.0 8
1726815885357 260.0 8
1726815885460 270.0 8
1726815885566 280.0 8
1726815885680 290.0 8
1726815885785 300.0 12
1726815885890 310.0 12
1726815885998 320.0 12
1726815886102 330.0 12
1726815886208 340.0 12
1726815886312 350.0 12
1726815886418 360.0 12
1726815886523 370.0 12
1726815886625 380.0 12
1726815886728 390.0 12
1726815886831 400.0 16
1726815886934 410.0 16
1726815887038 420.0 16
1726815887141 430.0 16
1726815887244 440.0 16
1726815887351 450.0 16
1726815887456 460.0 16
1726815887561 470.0 16
1726815887669 480.0 16
1726815887776 490.0 16
1726815890226 0.0 0
1726815890330 10.0 0
1726815890431 20.0 0
1726815890532 30.0 0
1726815890633 40.0 0
1726815890733 50.0 0
1726815890836 60.0 0
1726815890939 70.0 0
1726815891041 80.0 0
1726815891145 90.0 0
1726815891251 100.0 5
1726815891357 110.0 5
1726815891460 120.0 5
1726815891562 130.0 5
1726815891663 140.0 5
1726815891774 150.0 5
1726815891876 160.0 5
1726815891978 170.0 5
1726815892080 180.0 5
1726815892181 190.0 5
1726815892281 200.0 10
1726815892404 210.0 10
1726815892513 220.0 10
1726815892620 230.0 10
1726815892723 240.0 10
1726815892823 250.0 10
1726815892924 260.0 10
1726815893025 270.0 10
1726815893126 280.0 10
1726815893227 290.0 10
1726815893326 300.0 15
1726815893427 310.0 15
1726815893533 320.0 15
1726815893635 330.0 15
1726815893737 340.0 15
1726815893847 350.0 15
1726815893949 360.0 15
1726815894051 370.0 15
1726815894151 380.0 15
1726815894255 390.0 15
1726815894369 400.0 20
1726815894477 410.0 20
1726815894579 420.0 20
1726815894682 430.0 20
1726815894790 440.0 20
1726815894894 450.0 20
1726815894995 460.0 20
1726815895100 470.0 20
1726815895203 480.0 20
1726815895307 490.0 20
