1726760062216 0.0 0
1726760062312 10.0 0
1726760062403 20.0 0
1726760062501 30.0 0
1726760062591 40.0 0
1726760062682 50.0 0
1726760062772 60.0 0
1726760062863 70.0 0
1726760062954 80.0 0
1726760063046 90.0 0
1726760063139 100.0 1
1726760063230 110.0 1
1726760063322 120.0 1
1726760063413 130.0 1
1726760063502 140.0 1
1726760063595 150.0 1
1726760063689 160.0 1
1726760063781 170.0 1
1726760063872 180.0 1
1726760063966 190.0 1
1726760065120 0.0 0
1726760065219 10.0 0
1726760065309 20.0 0
1726760065398 30.0 0
1726760065487 40.0 0
1726760065576 50.0 0
1726760065663 60.0 0
1726760065752 70.0 0
1726760065845 80.0 0
1726760065936 90.0 0
1726760066025 100.0 2
1726760066115 110.0 2
1726760066203 120.0 2
1726760066292 130.0 2
1726760066383 140.0 2
1726760066476 150.0 2
1726760066576 160.0 2
1726760066666 170.0 2
1726760066755 180.0 2
1726760066844 190.0 2
1726760067840 0.0 0
1726760067937 10.0 0
1726760068028 20.0 0
1726760068117 30.0 0
1726760068205 40.0 0
1726760068294 50.0 0
1726760068385 60.0 0
1726760068474 70.0 0
1726760068562 80.0 0
1726760068662 90.0 0
1726760068754 100.0 3
1726760068844 110.0 3
1726760068934 120.0 3
1726760069029 130.0 3
1726760069124 140.0 3
1726760069214 150.0 3
1726760069309 160.0 3
1726760069400 170.0 3
1726760069491 180.0 3
1726760069578 190.0 3
1726760070584 0.0 0
1726760070685 10.0 0
1726760070777 20.0 0
1726760070868 30.0 0
1726760070956 40.0 0
1726760071046 50.0 0
1726760071141 60.0 0
1726760071232 70.0 0
1726760071323 80.0 0
1726760071412 90.0 0
1726760071501 100.0 4
1726760071590 110.0 4
1726760071680 120.0 4
1726760071772 130.0 4
1726760071862 140.0 4
1726760071950 150.0 4
1726760072040 160.0 4
1726760072132 170.0 4
1726760072223 180.0 4
1726760072314 190.0 4
