1726892474188 11.020308 0
1726892474307 1.083771 0
1726892474425 1.047641 0
1726892474548 4.02562 0
1726892474669 9.240865 0
1726892474788 2.44522 0
1726892474908 1.391401 0
1726892475030 1.747294 0
1726892475155 6.59962 0
1726892475274 0.471969 0
1726892475393 2.349506 1
1726892475512 1.095045 1
1726892475634 1.044711 1
1726892475758 0.773924 1
1726892475878 0.687103 1
1726892476008 1.940077 1
1726892476130 1.111396 1
1726892476249 0.58497 1
1726892476367 3.765174 1
1726892476487 1.217984 1
1726892476609 0.934166 2
1726892476736 2.936795 2
1726892476858 11.372108 2
1726892476977 1.79325 2
1726892477095 218.141205 2
1726892477214 0.847703 2
1726892477333 3.865497 2
1726892477453 5.876935 2
1726892477574 2.029141 2
1726892477694 3.203605 2
1726892477813 2.490661 3
1726892477935 1.516314 3
1726892478060 1.089696 3
1726892478182 1.537966 3
1726892478301 0.817694 3
1726892478423 0.936193 3
1726892478541 0.605977 3
1726892478662 3.004883 3
1726892478782 8.856871 3
1726892478900 4.538834 3
1726892479022 1.261079 4
1726892479140 1.879061 4
1726892479261 2.366967 4
1726892479379 7.126154 4
1726892479499 2.017858 4
1726892479619 1.432927 4
1726892481880 9.414812 0
1726892482003 0.957043 0
1726892482130 1.140599 0
1726892482250 2.593544 0
1726892482369 3.353628 0
1726892482487 3.390339 0
1726892482606 1.520319 0
1726892482727 1.584582 0
1726892482849 0.632005 0
1726892482970 0.678864 0
1726892483092 1.024488 2
1726892483214 6.426676 2
1726892483338 0.778278 2
1726892483458 0.760231 2
1726892483580 0.625902 2
1726892483705 1.609388 2
1726892483829 0.821177 2
1726892483951 0.464804 2
1726892484072 2.223605 2
1726892484195 2.399846 2
1726892484313 1.226849 4
1726892484431 5.768375 4
1726892484550 2.75371 4
1726892484669 4.903848 4
1726892484787 5.719729 4
1726892484908 0.950261 4
1726892485035 6.102594 4
1726892485160 5.333253 4
1726892485283 2.111547 4
1726892485404 3.591656 4
1726892485522 1.344436 6
1726892485642 1.291118 6
1726892485760 1.100404 6
1726892485880 1.04139 6
1726892486000 2.326511 6
1726892486125 0.650282 6
1726892486249 0.854413 6
1726892486369 1.256974 6
1726892486491 3.689361 6
1726892486611 5.092455 6
1726892486731 1.333786 8
1726892486850 3.021441 8
1726892486978 2.62276 8
1726892487105 6.558372 8
1726892487225 2.799244 8
1726892487346 1.494764 8
1726892489577 3.865505 0
1726892489696 1.134343 0
1726892489818 2.516528 0
1726892489943 2.403608 0
1726892490067 1.899709 0
1726892490189 2.874854 0
1726892490316 1.332287 0
1726892490437 2.474491 0
1726892490562 0.676228 0
1726892490686 0.664348 0
1726892490804 3.935666 3
1726892490924 2.192291 3
1726892491044 0.752452 3
1726892491163 0.76616 3
1726892491287 0.555933 3
1726892491404 1.836291 3
1726892491534 1.011459 3
1726892491654 0.417113 3
1726892491771 0.823451 3
1726892491890 5.655208 3
1726892492008 1.185411 6
1726892492128 1986.954956 6
1726892492252 2.516794 6
1726892492375 1.778019 6
1726892492494 2.807945 6
1726892492612 1.035404 6
1726892492732 2.395673 6
1726892492853 2.212059 6
1726892492972 1.547702 6
1726892493092 2.658072 6
1726892493214 0.928406 9
1726892493338 0.870121 9
1726892493457 1.140089 9
1726892493574 2.130368 9
1726892493691 1.680512 9
1726892493810 0.590616 9
1726892493929 0.635359 9
1726892494048 1.446317 9
1726892494168 1.723528 9
1726892494291 4.214987 9
1726892494415 1.212298 12
1726892494533 5.564869 12
1726892494652 2.682035 12
1726892494771 15.537872 12
1726892494889 1.691056 12
1726892495007 1.981265 12
1726892497231 0.745595 0
1726892497351 3.550784 0
1726892497474 1.199671 0
1726892497593 2.402813 0
1726892497712 2.455983 0
1726892497830 1.508398 0
1726892497952 1.455312 0
1726892498073 16.922001 0
1726892498194 0.787431 0
1726892498320 1.242958 0
1726892498449 1.20838 4
1726892498574 3.326089 4
1726892498694 0.778455 4
1726892498817 0.792071 4
1726892498938 0.625506 4
1726892499057 1.852501 4
1726892499178 0.740264 4
1726892499300 0.393823 4
1726892499420 1.029243 4
1726892499540 2.594541 4
1726892499663 1.008172 8
1726892499784 5.513637 8
1726892499903 2.837626 8
1726892500022 1.82685 8
1726892500141 3.923649 8
1726892500260 0.842149 8
1726892500382 6.088463 8
1726892500512 14.733812 8
1726892500635 1.431329 8
1726892500754 2.101306 8
1726892500873 1.287825 12
1726892500997 11.408364 12
1726892501118 0.769363 12
1726892501237 1.462186 12
1726892501361 5.955279 12
1726892501481 0.755559 12
1726892501600 0.740861 12
1726892501721 2.456818 12
1726892501840 1.762119 12
1726892501959 7.24391 12
1726892502082 1.192222 16
1726892502202 6.078902 16
1726892502321 23.42893 16
1726892502441 5.22333 16
1726892502567 3.113075 16
1726892502693 1.339509 16
1726892505048 0.94313 0
1726892505170 2.32622 0
1726892505288 1.104703 0
1726892505405 5.324293 0
1726892505526 5.555257 0
1726892505644 1.905603 0
1726892505765 1.474447 0
1726892505886 3.055831 0
1726892506005 1.268975 0
1726892506128 0.789868 0
1726892506252 1.382358 5
1726892506372 1.487504 5
1726892506490 0.982891 5
1726892506618 1.225586 5
1726892506743 0.872047 5
1726892506866 2.510878 5
1726892506985 1.927979 5
1726892507103 0.412397 5
1726892507221 2.743269 5
1726892507340 2.099043 5
1726892507460 1.157154 10
1726892507580 4.100883 10
1726892507699 2.75765 10
1726892507819 1.10096 10
1726892507940 5.020419 10
1726892508059 1.13522 10
1726892508176 1.661327 10
1726892508298 41.983356 10
1726892508416 1.320563 10
1726892508534 2.228534 10
1726892508661 1.213379 15
1726892508782 3.271673 15
1726892508908 0.720094 15
1726892509028 1.316155 15
1726892509147 1.892099 15
1726892509265 0.614149 15
1726892509382 0.866818 15
1726892509499 1.297027 15
1726892509626 2.439583 15
1726892509747 2.972166 15
1726892509866 1.282946 20
1726892509987 2.745363 20
1726892510105 22.532053 20
1726892510223 6.696891 20
1726892510345 20.959761 20
1726892510463 2.874024 20
