1726804880823 66.63047 0
1726804880928 58.98135 0
1726804881032 5.830095 0
1726804881131 12.533535 0
1726804881238 15.493531 0
1726804881337 5.660351 0
1726804881438 4.869238 0
1726804881538 15.133505 0
1726804881643 8.395126 0
1726804881749 1.763757 0
1726804881850 1.027482 1
1726804881951 2.105247 1
1726804882052 1.759285 1
1726804882151 0.779909 1
1726804882253 1.114837 1
1726804882353 0.624199 1
1726804882455 0.910663 1
1726804882553 46.823841 1
1726804883471 1.929671 0
1726804883572 9.363322 0
1726804883678 1.169653 0
1726804883781 8.808271 0
1726804883880 2.844457 0
1726804883980 89.192596 0
1726804884079 15.385707 0
1726804884178 2.111501 0
1726804884279 1.023967 0
1726804884379 1.574378 0
1726804884478 2.101926 2
1726804884578 1.552582 2
1726804884678 0.828851 2
1726804884777 1.627186 2
1726804884879 0.701353 2
1726804884979 10.35788 2
1726804885079 10.451545 2
1726804885179 20.206139 2
1726804886131 2.014326 0
1726804886242 1.284148 0
1726804886346 1.389169 0
1726804886446 2.582057 0
1726804886545 1.960544 0
1726804886643 2.240433 0
1726804886742 5.147792 0
1726804886841 2.466986 0
1726804886941 1.817399 0
1726804887042 2.24396 0
1726804887142 1.768037 3
1726804887243 2.056578 3
1726804887343 0.696975 3
1726804887443 1.156777 3
1726804887542 0.853716 3
1726804887641 0.580188 3
1726804887739 0.932897 3
1726804887851 26.617708 3
1726804888848 3.577626 0
1726804888949 1.341537 0
1726804889056 1.242958 0
1726804889156 2.574692 0
1726804889266 5.391223 0
1726804889374 2.755121 0
1726804889478 2.148058 0
1726804889580 13.078681 0
1726804889678 28.331051 0
1726804889780 1.832639 0
1726804889890 1.581336 4
1726804889989 2.035398 4
1726804890089 8.56957 4
1726804890187 3.863392 4
1726804890290 0.837111 4
1726804890390 0.568446 4
1726804890489 1.077927 4
1726804890587 15.890208 4
1726804891541 4.130544 0
1726804891643 2.22735 0
1726804891743 1.411694 0
1726804891843 5.038514 0
1726804891950 3.255452 0
1726804892051 0.837356 0
1726804892151 2.620165 0
1726804892252 5.398768 0
1726804892353 1.504945 0
1726804892454 1.701848 0
1726804892554 1.929189 5
1726804892654 5.644921 5
1726804892753 0.788011 5
1726804892853 1.495509 5
1726804892953 1.084081 5
1726804893053 0.759785 5
1726804893154 1.275663 5
1726804893257 8.775431 5
1726804894225 1.930225 0
1726804894326 3.902394 0
1726804894426 1.16807 0
1726804894526 1.97277 0
1726804894625 8.694587 0
1726804894729 1.383915 0
1726804894831 6.374296 0
1726804894931 1.719979 0
1726804895031 0.92464 0
1726804895129 1.189125 0
1726804895229 1.74303 6
1726804895329 3.758602 6
1726804895429 1.672574 6
1726804895532 1.074552 6
1726804895635 0.772849 6
1726804895739 0.501243 6
1726804895839 0.907347 6
1726804895939 8.340807 6
1726804896908 3.730708 0
1726804897010 2.417247 0
1726804897109 1.015027 0
1726804897207 5.807649 0
1726804897310 6.173556 0
1726804897413 2.961962 0
1726804897513 2.420607 0
1726804897612 5.842122 0
1726804897712 2.131265 0
1726804897812 1.47685 0
1726804897912 1.103672 7
1726804898020 2.074797 7
1726804898122 0.740397 7
1726804898221 1.390667 7
1726804898321 0.973481 7
1726804898420 0.506818 7
1726804898521 1.169605 7
1726804898620 9.622732 7
