1727103888857 0.536591 0
1727103889093 0.32986 0
1727103889331 0.078333 0
1727103889565 0.199663 0
1727103889802 0.021086 0
1727103890036 0.219729 0
1727103890274 0.239651 0
1727103890510 0.171753 0
1727103890746 0.480402 0
1727103890981 0.394367 0
1727103891217 0.425296 1
1727103891453 0.06407 1
1727103891690 0.469778 1
1727103891924 0.159015 1
1727103892163 0.326871 1
1727103892397 0.181172 1
1727103892635 0.176254 1
1727103892869 0.467521 1
1727103893104 0.066427 1
1727103893341 0.162688 1
1727103893580 0.043152 2
1727103893815 0.012336 2
1727103894050 0.286367 2
1727103894286 0.238435 2
1727103894522 0.158626 2
1727103894758 0.112508 2
1727103894997 0.035226 2
1727103895233 0.127054 2
1727103898302 0.102976 0
1727103898538 0.477649 0
1727103898775 0.060061 0
1727103899012 0.078848 0
1727103899246 0.013676 0
1727103899480 0.130739 0
1727103899716 0.159816 0
1727103899951 0.175144 0
1727103900185 0.635696 0
1727103900420 0.593936 0
1727103900658 0.346207 2
1727103900894 0.080188 2
1727103901128 0.236768 2
1727103901363 0.189791 2
1727103901597 0.342278 2
1727103901831 0.193112 2
1727103902065 0.165596 2
1727103902299 0.42282 2
1727103902536 0.06329 2
1727103902776 0.145194 2
1727103903009 0.027497 4
1727103903244 0.007825 4
1727103903480 0.234769 4
1727103903714 0.229708 4
1727103903947 0.142165 4
1727103904181 0.111295 4
1727103904419 0.015936 4
1727103904656 0.157143 4
1727103907804 0.100735 0
1727103908042 0.467096 0
1727103908276 0.043183 0
1727103908513 0.075101 0
1727103908748 0.025599 0
1727103908986 0.131723 0
1727103909224 0.109677 0
1727103909461 0.194582 0
1727103909697 0.559543 0
1727103909934 0.660453 0
1727103910170 0.397114 3
1727103910405 0.051252 3
1727103910641 0.422595 3
1727103910876 0.201917 3
1727103911113 0.372801 3
1727103911348 0.238552 3
1727103911583 0.144793 3
1727103911818 0.577387 3
1727103912053 0.065227 3
1727103912290 0.165335 3
1727103912530 0.038716 6
1727103912769 0.009323 6
1727103913006 0.261897 6
1727103913248 0.251384 6
1727103913483 0.124597 6
1727103913719 0.110982 6
1727103913957 0.018889 6
1727103914190 0.14566 6
1727103917238 0.063266 0
1727103917476 0.403586 0
1727103917710 0.057774 0
1727103917945 0.080179 0
1727103918180 0.010778 0
1727103918414 0.127903 0
1727103918651 0.095743 0
1727103918889 0.188199 0
1727103919124 0.6503 0
1727103919359 0.373221 0
1727103919594 0.540266 4
1727103919830 0.245278 4
1727103920066 0.257002 4
1727103920302 0.156267 4
1727103920536 0.326991 4
1727103920775 0.206387 4
1727103921013 0.114737 4
1727103921258 0.246053 4
1727103921497 0.083379 4
1727103921733 0.17028 4
1727103921969 0.057101 8
1727103922206 0.017331 8
1727103922441 0.422819 8
1727103922675 0.302604 8
1727103922911 0.209801 8
1727103923147 0.13517 8
1727103923383 0.048876 8
1727103923620 0.115853 8
1727103926671 0.197498 0
1727103926908 0.289936 0
1727103927146 0.042941 0
1727103927384 0.087859 0
1727103927620 0.017526 0
1727103927856 0.164103 0
1727103928091 0.116987 0
1727103928328 0.21062 0
1727103928563 0.492006 0
1727103928800 0.600883 0
1727103929035 0.330313 5
1727103929270 0.087168 5
1727103929505 0.474196 5
1727103929740 0.218635 5
1727103929975 0.289389 5
1727103930210 0.246328 5
1727103930447 0.194164 5
1727103930684 0.721964 5
1727103930922 0.094913 5
1727103931157 0.25673 5
1727103931391 0.045022 10
1727103931628 0.020347 10
1727103931865 0.282681 10
1727103932098 0.25995 10
1727103932334 0.181301 10
1727103932570 0.121278 10
1727103932807 0.103076 10
1727103933042 0.09828 10
1727103936061 0.189106 0
1727103936298 0.392051 0
1727103936535 0.083953 0
1727103936771 0.11282 0
1727103937007 0.029104 0
1727103937243 0.206266 0
1727103937485 0.161282 0
1727103937720 0.1949 0
1727103937956 0.467638 0
1727103938190 0.493011 0
1727103938427 0.763824 6
1727103938663 0.189926 6
1727103938899 0.260198 6
1727103939135 0.198801 6
1727103939372 0.285095 6
1727103939610 0.186024 6
1727103939847 0.671898 6
1727103940083 0.321537 6
1727103940318 0.083256 6
1727103940552 0.239195 6
1727103940790 0.066436 12
1727103941026 0.023457 12
1727103941261 0.344111 12
1727103941497 0.344443 12
1727103941733 0.139275 12
1727103941969 0.150898 12
1727103942206 0.089854 12
1727103942440 0.150866 12
