1726758757113 19.695438 0
1726758757211 13.20207 0
1726758757305 4.794809 0
1726758757397 89.059181 0
1726758757488 3.282515 0
1726758757579 25.238754 0
1726758757670 6.063398 0
1726758757760 13.404032 0
1726758757852 7.539028 0
1726758757944 2.7537 0
1726758758036 4.142957 1
1726758758137 2.078 1
1726758758233 1.814791 1
1726758758324 0.447779 1
1726758758415 1.564843 1
1726758758507 1.916518 1
1726758758602 0.662636 1
1726758758694 5.073552 1
1726758758786 1.012068 1
1726758759818 1.438044 0
1726758759924 2.822637 0
1726758760022 6.202197 0
1726758760115 2.921402 0
1726758760208 2.126145 0
1726758760300 60.249928 0
1726758760389 7.230668 0
1726758760480 8.591651 0
1726758760577 3.132181 0
1726758760674 1.681637 0
1726758760765 3.841346 2
1726758760855 1.331625 2
1726758760949 1.175833 2
1726758761051 0.416562 2
1726758761144 43.055492 2
1726758761237 1.748033 2
1726758761335 0.848892 2
1726758761428 3.951203 2
1726758761521 0.866987 2
1726758762477 0.912547 0
1726758762577 4.561261 0
1726758762669 3.94884 0
1726758762762 11.399027 0
1726758762855 8.158052 0
1726758762950 4.914337 0
1726758763051 2.621182 0
1726758763152 3.802805 0
1726758763247 1.534193 0
1726758763339 1.786473 0
1726758763432 4.025945 3
1726758763525 1.22578 3
1726758763620 2.731502 3
1726758763716 1.177376 3
1726758763809 2.149403 3
1726758763902 42.704262 3
1726758763999 0.427762 3
1726758764099 7.238787 3
1726758764191 0.433042 3
1726758765147 2.522115 0
1726758765249 3.440464 0
1726758765343 3.65722 0
1726758765438 6.089138 0
1726758765534 2.396786 0
1726758765632 8.890242 0
1726758765728 2.589487 0
1726758765824 3.506519 0
1726758765914 4.193316 0
1726758766006 1.464946 0
1726758766096 6.633324 4
1726758766190 2.665776 4
1726758766283 1.19939 4
1726758766377 0.902745 4
1726758766469 3.058184 4
1726758766563 3.601696 4
1726758766662 2.039377 4
1726758766754 8.278031 4
1726758766849 0.467916 4
1726758767868 0.980559 0
1726758767973 2.133193 0
1726758768074 1.675693 0
1726758768173 2.35864 0
1726758768266 3.056726 0
1726758768362 63.116508 0
1726758768455 1.156941 0
1726758768547 3.187124 0
1726758768639 0.530494 0
1726758768733 8.262619 0
1726758768826 1.680913 5
1726758768920 1.354831 5
1726758769013 3.956247 5
1726758769108 1.119906 5
1726758769211 1.480557 5
1726758769306 3.786377 5
1726758769400 1.026288 5
1726758769490 4.789513 5
1726758769581 0.530442 5
1726758770542 0.977577 0
1726758770642 8.176972 0
1726758770736 1.64843 0
1726758770827 2.202922 0
1726758770920 5.394615 0
1726758771016 2.687777 0
1726758771106 5.308837 0
1726758771203 5.539171 0
1726758771296 1.526975 0
1726758771386 2.331195 0
1726758771487 2.057782 6
1726758771586 1.656368 6
1726758771678 1.217481 6
1726758771770 1.320664 6
1726758771861 13.807235 6
1726758771952 1.311007 6
1726758772043 1.052616 6
1726758772136 2.699636 6
1726758772228 0.848613 6
1726758773193 3.71521 0
1726758773298 133.614151 0
1726758773396 1.349682 0
1726758773493 3.001424 0
1726758773585 2.283155 0
1726758773680 11.220263 0
1726758773773 4.026776 0
1726758773863 3.143038 0
1726758773958 1.468848 0
1726758774052 1.670568 0
1726758774145 0.918917 7
1726758774236 4.076395 7
1726758774327 1.011173 7
1726758774418 0.549571 7
1726758774512 3.891468 7
1726758774603 1.228375 7
1726758774697 2.218947 7
1726758774792 0.895702 7
1726758774882 0.589599 7
1726758775852 1.251499 0
1726758775958 1.969363 0
1726758776050 2.043994 0
1726758776142 8.995454 0
1726758776232 4.131054 0
1726758776328 3.300943 0
1726758776421 3.1441 0
1726758776515 3.260961 0
1726758776611 1.648518 0
1726758776706 1.563504 0
1726758776800 1.201998 8
1726758776894 1.751391 8
1726758776988 1.113086 8
1726758777081 0.540615 8
1726758777173 59.341225 8
1726758777264 1.475448 8
1726758777364 1.228113 8
1726758777461 1.974584 8
1726758777553 0.812829 8
1726758778558 3.067661 0
1726758778661 3.736144 0
1726758778752 1.931783 0
1726758778844 8.172861 0
1726758778936 4.457049 0
1726758779033 4.537292 0
1726758779136 4.715072 0
1726758779227 7.957616 0
1726758779320 1.688902 0
1726758779419 1.277663 0
1726758779514 14.703641 9
1726758779610 1.751856 9
1726758779704 1.090118 9
1726758779795 0.584739 9
1726758779888 3.031631 9
1726758779983 4.006646 9
1726758780077 0.979098 9
1726758780171 1.791015 9
1726758780263 2.569493 9
1726758781229 2.353809 0
1726758781328 3.551248 0
1726758781424 37.132778 0
1726758781522 5.631454 0
1726758781616 5.346928 0
1726758781712 11.30833 0
1726758781811 7.118615 0
1726758781903 4.601787 0
1726758781996 1.592871 0
1726758782091 1.400756 0
1726758782183 1.914473 10
1726758782278 1.442934 10
1726758782370 1.023598 10
1726758782463 0.551106 10
1726758782556 6.316865 10
1726758782649 1.460198 10
1726758782739 0.911925 10
1726758782834 4.192839 10
1726758782925 1.102557 10
