1727110483099 0.012286 0
1727110483227 0.003862 0
1727110483357 0.016734 0
1727110483643 0.003018 0
1727110483769 0.001014 0
1727110483902 0.003583 0
1727110484185 0.001335 0
1727110484319 0.000733 0
1727110484447 0.000905 0
1727110484733 0.001732 0
1727110484864 0.000724 0
1727110484987 0.000789 0
1727110485276 0.002095 0
1727110485384 0.000787 0
1727110485511 0.000765 0
1727110485787 0.001551 0
1727110485911 0.000777 0
1727110486036 0.001136 0
1727110486322 0.001237 0
1727110486452 0.000517 0
1727110486591 0.000833 0
