1726818675909 0.648374 0
1726818676028 0.207781 0
1726818676141 0.115276 0
1726818676256 0.458386 0
1726818676386 1.399955 0
1726818676528 0.736961 0
1726818676674 0.211524 0
1726818676808 0.714839 0
1726818677617 0.174346 0
1726818677751 0.168046 0
1726818677892 0.112493 0
1726818678046 0.350897 0
1726818678203 1.479006 0
1726818678347 0.634732 0
1726818678477 0.661579 0
1726818678599 0.792604 0
1726818679327 0.206127 0
1726818679457 0.194661 0
1726818679575 0.11345 0
1726818679692 0.349983 0
1726818679810 1.961241 0
1726818679930 0.888405 0
1726818680057 0.32233 0
1726818680190 0.648611 0
1726818680950 0.660545 0
1726818681085 0.171871 0
1726818681219 0.122385 0
1726818681354 0.335688 0
1726818681488 2.784186 0
1726818681614 1.079234 0
1726818681733 0.330028 0
1726818681850 0.520408 0
1726818682614 0.198376 0
1726818682745 0.180279 0
1726818682853 0.14576 0
1726818682959 0.348675 0
1726818683079 2.311165 0
1726818683213 1.060967 0
1726818683358 0.230274 0
1726818683505 0.505142 0
1726818684401 0.2315 0
1726818684529 0.170701 0
1726818684650 0.170257 0
1726818684776 0.340954 0
1726818684901 1.769616 0
1726818685025 0.886796 0
1726818685145 0.237408 0
1726818685262 0.526852 0
1726818686048 0.151374 0
1726818686178 0.204019 0
1726818686307 0.094386 0
1726818686440 0.308457 0
1726818686575 1.223499 0
1726818686705 0.697901 0
1726818686834 0.178549 0
1726818686967 0.574966 0
