1726836802216 0.0 0
1726836802351 10.0 0
1726836802484 20.0 0
1726836802617 30.0 0
1726836802749 40.0 0
1726836802883 50.0 0
1726836803447 0.0 0
1726836803581 10.0 0
1726836803713 20.0 0
1726836803847 30.0 0
1726836803980 40.0 0
1726836804112 50.0 0
1726836804644 0.0 0
1726836804776 10.0 0
1726836804909 20.0 0
1726836805042 30.0 0
1726836805175 40.0 0
1726836805309 50.0 0
1726836805839 0.0 0
1726836805972 10.0 0
1726836806105 20.0 0
1726836806238 30.0 0
1726836806370 40.0 0
1726836806502 50.0 0
