1726810931554 0.0 0
1726810931653 10.0 0
1726810931760 20.0 0
1726810931859 30.0 0
1726810931957 40.0 0
1726810932380 0.0 0
1726810932487 10.0 0
1726810932589 20.0 0
1726810932690 30.0 0
1726810932791 40.0 0
1726810933162 0.0 0
1726810933267 10.0 0
1726810933366 20.0 0
1726810933466 30.0 0
1726810933565 40.0 0
1726810934027 0.0 0
1726810934130 10.0 0
1726810934231 20.0 0
1726810934330 30.0 0
1726810934426 40.0 0
1726810934797 0.0 0
1726810934900 10.0 0
1726810935001 20.0 0
1726810935103 30.0 0
1726810935203 40.0 0
1726810935574 0.0 0
1726810935675 10.0 0
1726810935774 20.0 0
1726810935883 30.0 0
1726810935982 40.0 0
1726810936366 0.0 0
1726810936470 10.0 0
1726810936567 20.0 0
1726810936666 30.0 0
1726810936767 40.0 0
1726810937146 0.0 0
1726810937247 10.0 0
1726810937345 20.0 0
1726810937445 30.0 0
1726810937545 40.0 0
1726810937953 0.0 0
1726810938052 10.0 0
1726810938151 20.0 0
1726810938250 30.0 0
1726810938350 40.0 0
1726810938728 0.0 0
1726810938834 10.0 0
1726810938933 20.0 0
1726810939032 30.0 0
1726810939133 40.0 0
