1726833832559 0.0 0
1726833832728 10.0 0
1726833832890 20.0 0
1726833833050 30.0 0
1726833833195 40.0 0
1726833833356 50.0 0
1726833833525 60.0 0
1726833833691 70.0 0
1726833833857 80.0 0
1726833834020 90.0 0
1726833834184 100.0 1
1726833834345 110.0 1
1726833834495 120.0 1
1726833834658 130.0 1
1726833834808 140.0 1
1726833836220 0.0 0
1726833836379 10.0 0
1726833836538 20.0 0
1726833836699 30.0 0
1726833836926 40.0 0
1726833837090 50.0 0
1726833837250 60.0 0
1726833837417 70.0 0
1726833837583 80.0 0
1726833837745 90.0 0
1726833837907 100.0 2
1726833838069 110.0 2
1726833838241 120.0 2
1726833838403 130.0 2
1726833838564 140.0 2
1726833839759 0.0 0
1726833839919 10.0 0
1726833840078 20.0 0
1726833840239 30.0 0
1726833840398 40.0 0
1726833840557 50.0 0
1726833840715 60.0 0
1726833840875 70.0 0
1726833841035 80.0 0
1726833841198 90.0 0
1726833841358 100.0 3
1726833841518 110.0 3
1726833841680 120.0 3
1726833841839 130.0 3
1726833841997 140.0 3
1726833843282 0.0 0
1726833843444 10.0 0
1726833843608 20.0 0
1726833843771 30.0 0
1726833843931 40.0 0
1726833844092 50.0 0
1726833844243 60.0 0
1726833844407 70.0 0
1726833844555 80.0 0
1726833844720 90.0 0
1726833844883 100.0 4
1726833845047 110.0 4
1726833845215 120.0 4
1726833845381 130.0 4
1726833845546 140.0 4
