1727102951067 0.0 0
1727102951195 10.0 0
1727102951329 20.0 0
1727102951455 30.0 0
1727102951578 40.0 0
1727102951700 50.0 0
1727102951823 60.0 0
1727102951951 70.0 0
1727102952075 80.0 0
1727102952595 0.0 0
1727102952720 10.0 0
1727102952843 20.0 0
1727102952967 30.0 0
1727102953093 40.0 0
1727102953217 50.0 0
1727102953342 60.0 0
1727102953463 70.0 0
1727102953591 80.0 0
1727102954118 0.0 0
1727102954241 10.0 0
1727102954364 20.0 0
1727102954504 30.0 0
1727102954628 40.0 0
1727102954755 50.0 0
1727102954876 60.0 0
1727102955002 70.0 0
1727102955128 80.0 0
1727102955659 0.0 0
1727102955784 10.0 0
1727102955910 20.0 0
1727102956036 30.0 0
1727102956162 40.0 0
1727102956285 50.0 0
1727102956409 60.0 0
1727102956531 70.0 0
1727102956656 80.0 0
1727102957181 0.0 0
1727102957313 10.0 0
1727102957439 20.0 0
1727102957568 30.0 0
1727102957694 40.0 0
1727102957820 50.0 0
1727102957943 60.0 0
1727102958069 70.0 0
1727102958194 80.0 0
