1726747373833 184.576675 0
1726747374000 6.075878 0
1726747374095 5.80474 0
1726747374190 19.201063 0
1726747374295 66.347336 0
1726747374733 3.335784 0
1726747374865 2.602957 0
1726747374963 4.159516 0
1726747375063 7.370528 0
1726747375169 8.481607 0
1726747375514 11.823227 0
1726747375632 2.777764 0
1726747375728 4.094742 0
1726747375823 8.000172 0
1726747375925 5.600822 0
1726747376289 12.627371 0
1726747376401 2.668672 0
1726747376497 4.34272 0
1726747376603 21.976274 0
1726747376718 4.877759 0
