1726821589107 0.0 0
1726821589235 10.0 0
1726821589356 20.0 0
1726821589480 30.0 0
1726821589603 40.0 0
1726821589731 50.0 0
1726821589857 60.0 0
1726821589988 70.0 0
1726821590111 80.0 0
1726821590227 90.0 0
1726821590342 100.0 1
1726821590460 110.0 1
1726821590583 120.0 1
1726821590713 130.0 1
1726821590846 140.0 1
1726821590961 150.0 1
1726821591073 160.0 1
1726821591192 170.0 1
1726821593278 0.0 0
1726821593402 10.0 0
1726821593531 20.0 0
1726821593665 30.0 0
1726821593794 40.0 0
1726821593926 50.0 0
1726821594064 60.0 0
1726821594199 70.0 0
1726821594332 80.0 0
1726821594462 90.0 0
1726821594585 100.0 2
1726821594711 110.0 2
1726821594839 120.0 2
1726821594961 130.0 2
1726821595079 140.0 2
1726821595197 150.0 2
1726821595319 160.0 2
1726821595443 170.0 2
1726821597490 0.0 0
1726821597649 10.0 0
1726821597773 20.0 0
1726821597908 30.0 0
1726821598046 40.0 0
1726821598173 50.0 0
1726821598302 60.0 0
1726821598428 70.0 0
1726821598552 80.0 0
1726821598675 90.0 0
1726821598801 100.0 3
1726821598929 110.0 3
1726821599054 120.0 3
1726821599171 130.0 3
1726821599287 140.0 3
1726821599405 150.0 3
1726821599523 160.0 3
1726821599644 170.0 3
1726821601662 0.0 0
1726821601796 10.0 0
1726821601926 20.0 0
1726821602059 30.0 0
1726821602186 40.0 0
1726821602307 50.0 0
1726821602431 60.0 0
1726821602558 70.0 0
1726821602694 80.0 0
1726821602827 90.0 0
1726821602952 100.0 4
1726821603069 110.0 4
1726821603185 120.0 4
1726821603303 130.0 4
1726821603422 140.0 4
1726821603543 150.0 4
1726821603663 160.0 4
1726821603787 170.0 4
1726821605830 0.0 0
1726821605964 10.0 0
1726821606102 20.0 0
1726821606243 30.0 0
1726821606372 40.0 0
1726821606494 50.0 0
1726821606607 60.0 0
1726821606721 70.0 0
1726821606838 80.0 0
1726821606954 90.0 0
1726821607071 100.0 5
1726821607188 110.0 5
1726821607303 120.0 5
1726821607421 130.0 5
1726821607537 140.0 5
1726821607654 150.0 5
1726821607769 160.0 5
1726821607885 170.0 5
1726821609898 0.0 0
1726821610032 10.0 0
1726821610161 20.0 0
1726821610297 30.0 0
1726821610433 40.0 0
1726821610562 50.0 0
1726821610692 60.0 0
1726821610830 70.0 0
1726821610970 80.0 0
1726821611106 90.0 0
1726821611231 100.0 6
1726821611347 110.0 6
1726821611466 120.0 6
1726821611593 130.0 6
1726821611719 140.0 6
1726821611841 150.0 6
1726821611962 160.0 6
1726821612082 170.0 6
1726821614145 0.0 0
1726821614286 10.0 0
1726821614420 20.0 0
1726821614549 30.0 0
1726821614670 40.0 0
1726821614786 50.0 0
1726821614900 60.0 0
1726821615019 70.0 0
1726821615144 80.0 0
1726821615269 90.0 0
1726821615394 100.0 7
1726821615526 110.0 7
1726821615653 120.0 7
1726821615771 130.0 7
1726821615887 140.0 7
1726821616004 150.0 7
1726821616120 160.0 7
1726821616239 170.0 7
