1726820833238 8.695004 0
1726820833369 2.744823 0
1726820833490 1.38994 0
1726820833613 4.213175 0
1726820833742 40.891235 0
1726820833870 4.736399 0
1726820833992 1.44696 0
1726820834107 2.156389 0
1726820834221 2.073696 0
1726820834335 1.299217 0
1726820834451 2.941102 1
1726820834576 2.749994 1
1726820834702 2.204856 1
1726820834831 6.171411 1
1726820834959 3.244632 1
1726820835081 1.304877 1
1726820835199 1.725156 1
1726820835318 1.024948 1
1726820835439 0.841588 1
1726820835563 1.840719 1
1726820837973 2.279052 0
1726820838132 2.736893 0
1726820838252 1.745443 0
1726820838380 3.952663 0
1726820838515 1.900448 0
1726820838647 0.682045 0
1726820838771 0.899741 0
1726820838895 1.90125 0
1726820839023 34.741863 0
1726820839153 1.154377 0
1726820839293 2.733199 2
1726820839423 3.825844 2
1726820839551 4.943163 2
1726820839679 1.628938 2
1726820839809 6.573321 2
1726820839945 1.721802 2
1726820840075 0.934126 2
1726820840206 1.584886 2
1726820840337 0.733837 2
1726820840471 1.878474 2
1726820842892 1.424599 0
1726820843050 2.267686 0
1726820843176 1.580742 0
1726820843301 4.554609 0
1726820843430 2.277484 0
1726820843565 0.578403 0
1726820843705 0.889068 0
1726820843836 8.51935 0
1726820843957 55.540955 0
1726820844075 1.480411 0
1726820844195 5.338982 3
1726820844320 2.644587 3
1726820844440 5.042045 3
1726820844559 1.523994 3
1726820844680 7.604647 3
1726820844803 2.441319 3
1726820844921 0.8525 3
1726820845041 3.026083 3
1726820845163 1.007395 3
1726820845287 8.452295 3
1726820847566 2.687444 0
1726820847696 1.748468 0
1726820847821 3.725342 0
1726820847941 5.933329 0
1726820848066 1.644544 0
1726820848191 0.556703 0
1726820848318 0.877684 0
1726820848447 2.379607 0
1726820848581 10.447412 0
1726820848720 1.316819 0
1726820848862 13.649454 4
1726820849001 5.05197 4
1726820849130 2.886584 4
1726820849256 0.972904 4
1726820849386 9.624212 4
1726820849522 1.529495 4
1726820849655 0.624953 4
1726820849793 2.153849 4
1726820849934 0.95019 4
1726820850084 1.742938 4
1726820852512 3.445536 0
1726820852642 2.112271 0
1726820852770 3.310798 0
1726820852892 5.622587 0
1726820853010 3.419636 0
1726820853124 0.681746 0
1726820853246 0.787225 0
1726820853375 2.263502 0
1726820853516 4.70666 0
1726820853656 1.509117 0
1726820853792 3.630602 5
1726820853920 2.506637 5
1726820854038 2.182928 5
1726820854153 0.783938 5
1726820854270 9.418393 5
1726820854390 1.974388 5
1726820854517 1.46695 5
1726820854648 1.464414 5
1726820854782 1.387964 5
1726820854923 1.149131 5
