1727102915365 0.0 0
1727102915494 10.0 0
1727102915619 20.0 0
1727102915742 30.0 0
1727102915864 40.0 0
1727102915987 50.0 0
1727102916109 60.0 0
1727102916235 70.0 0
1727102916357 80.0 0
1727102916478 90.0 0
1727102916601 100.0 1
1727102916722 110.0 1
1727102917383 0.0 0
1727102917523 10.0 0
1727102917647 20.0 0
1727102917768 30.0 0
1727102917892 40.0 0
1727102918014 50.0 0
1727102918136 60.0 0
1727102918260 70.0 0
1727102918382 80.0 0
1727102918503 90.0 0
1727102918625 100.0 2
1727102918749 110.0 2
1727102919416 0.0 0
1727102919545 10.0 0
1727102919670 20.0 0
1727102919794 30.0 0
1727102919915 40.0 0
1727102920036 50.0 0
1727102920157 60.0 0
1727102920281 70.0 0
1727102920408 80.0 0
1727102920534 90.0 0
1727102920655 100.0 3
1727102920779 110.0 3
1727102921446 0.0 0
1727102921576 10.0 0
1727102921698 20.0 0
1727102921819 30.0 0
1727102921944 40.0 0
1727102922068 50.0 0
1727102922190 60.0 0
1727102922311 70.0 0
1727102922432 80.0 0
1727102922556 90.0 0
1727102922679 100.0 4
1727102922802 110.0 4
