1726762305755 3.269585 0
1726762305849 0.437274 0
1726762305938 0.520486 0
1726762306031 0.88565 0
1726762306121 0.416173 0
1726762306211 0.649985 0
1726762306300 2.575285 0
1726762306389 1.799258 0
1726762306479 1.183747 0
1726762306576 0.253537 0
1726762306666 0.166973 1
1726762306760 0.21626 1
1726762306849 0.205287 1
1726762306938 0.427208 1
1726762307028 0.058722 1
1726762307119 0.229226 1
1726762307208 0.477447 1
1726762308098 0.877885 0
1726762308200 0.520928 0
1726762308291 0.202541 0
1726762308382 0.70808 0
1726762308473 0.483673 0
1726762308567 0.468405 0
1726762308663 2.506295 0
1726762308759 1.521491 0
1726762308849 0.818878 0
1726762308940 0.253406 0
1726762309030 0.135511 2
1726762309120 0.204166 2
1726762309208 0.236442 2
1726762309296 0.40824 2
1726762309384 0.067423 2
1726762309474 0.303623 2
1726762309563 0.510183 2
1726762310422 0.812892 0
1726762310517 0.612304 0
1726762310608 0.183825 0
1726762310703 0.706579 0
1726762310810 0.507321 0
1726762310901 0.475541 0
1726762310990 2.361743 0
1726762311081 1.548468 0
1726762311171 0.835727 0
1726762311261 0.273077 0
1726762311350 0.130151 3
1726762311439 0.219357 3
1726762311529 0.214233 3
1726762311617 0.400122 3
1726762311706 0.061212 3
1726762311805 0.210256 3
1726762311895 0.473625 3
1726762312802 0.88088 0
1726762312899 0.581891 0
1726762312989 0.193661 0
1726762313082 0.72501 0
1726762313172 0.514844 0
1726762313261 0.408916 0
1726762313350 2.324139 0
1726762313442 1.56272 0
1726762313533 0.710541 0
1726762313625 0.254238 0
1726762313715 0.186474 4
1726762313804 0.260403 4
1726762313895 0.27989 4
1726762313986 0.401395 4
1726762314077 0.024085 4
1726762314167 0.288463 4
1726762314257 0.456619 4
1726762315207 0.755329 0
1726762315311 0.576238 0
1726762315401 0.243248 0
1726762315490 0.785193 0
1726762315579 0.52991 0
1726762315675 0.572475 0
1726762315766 2.293895 0
1726762315856 1.652509 0
1726762315946 0.848098 0
1726762316036 0.291772 0
1726762316125 0.168007 5
1726762316219 0.273651 5
1726762316308 0.185535 5
1726762316398 0.397616 5
1726762316490 0.031194 5
1726762316579 0.201301 5
1726762316667 0.487033 5
1726762317548 1.098748 0
1726762317648 0.465193 0
1726762317742 0.185306 0
1726762317832 0.710095 0
1726762317922 0.479784 0
1726762318010 0.505587 0
1726762318098 1.973658 0
1726762318187 1.464922 0
1726762318276 0.829286 0
1726762318364 0.229178 0
1726762318456 0.1888 6
1726762318548 0.210407 6
1726762318639 0.218637 6
1726762318729 0.401412 6
1726762318827 0.046069 6
1726762318921 0.209956 6
1726762319013 0.448751 6
1726762319886 0.723831 0
1726762319982 0.734733 0
1726762320074 0.254705 0
1726762320163 0.779689 0
1726762320251 0.44613 0
1726762320340 0.393099 0
1726762320428 2.12832 0
1726762320516 1.38431 0
1726762320606 0.696748 0
1726762320696 0.263143 0
1726762320785 0.128183 7
1726762320883 0.213517 7
1726762320974 0.216486 7
1726762321066 0.398215 7
1726762321157 0.025939 7
1726762321249 0.209724 7
1726762321351 0.455447 7
1726762322647 0.824785 0
1726762322747 0.482478 0
1726762322843 0.183853 0
1726762322942 0.755528 0
1726762323050 0.45218 0
1726762323147 0.429016 0
1726762323238 2.151659 0
1726762323327 1.42929 0
1726762323417 0.74412 0
1726762323506 0.246178 0
1726762323597 0.122105 8
1726762323687 0.219673 8
1726762323776 0.205938 8
1726762323880 0.391613 8
1726762323994 0.02596 8
1726762324089 0.203225 8
1726762324179 0.44962 8
