1726754342094 5.372952 0
1726754342190 1.490647 0
1726754342282 4.024726 0
1726754342376 44.687046 0
1726754342464 22.760098 0
1726754342553 8.554594 0
1726754342640 7.696644 0
1726754342728 4.596336 0
1726754342815 5.983532 0
1726754342905 4.33532 0
1726754342992 4.919072 1
1726754343080 2.094966 1
1726754343168 15.343416 1
1726754343256 54.648537 1
1726754343343 31.641438 1
1726754343433 11.982765 1
1726754343524 8.106865 1
1726754343613 43.122162 1
1726754343704 4.433964 1
1726754343792 6.034584 1
1726754343882 9.839829 2
1726754343970 16.193338 2
1726754345029 3.966671 0
1726754345129 1.942748 0
1726754345218 88.642807 0
1726754345307 2.175724 0
1726754345395 3.103873 0
1726754345484 2.1232 0
1726754345573 2.080504 0
1726754345660 1.563391 0
1726754345748 1.666573 0
1726754345835 2.561212 0
1726754345925 3.615348 2
1726754346013 2.047671 2
1726754346100 4.412313 2
1726754346199 4.439884 2
1726754346295 196.221222 2
1726754346384 3.293871 2
1726754346475 3.067181 2
1726754346565 10.770065 2
1726754346651 62.047367 2
1726754346741 4.56445 2
1726754346830 2.641649 4
1726754346917 14.181346 4
1726754347921 4.141013 0
1726754348014 1.069387 0
1726754348102 3.027927 0
1726754348194 8.472006 0
1726754348286 3.613427 0
1726754348377 131.011765 0
1726754348466 1.960356 0
1726754348560 1.167493 0
1726754348655 1.649935 0
1726754348744 2.288904 0
1726754348835 2.14839 3
1726754348939 2.191896 3
1726754349029 3.962525 3
1726754349117 11.663826 3
1726754349211 3.839653 3
1726754349310 4.198113 3
1726754349401 2.123851 3
1726754349492 3.990607 3
1726754349582 5.906913 3
1726754349677 4.355287 3
1726754349770 5.79132 6
1726754349865 15.941875 6
1726754350964 5.231936 0
1726754351064 1.21764 0
1726754351156 4.206358 0
1726754351247 1.218754 0
1726754351341 10.246137 0
1726754351431 11.281021 0
1726754351521 2.679039 0
1726754351609 1.298414 0
1726754351697 2.037093 0
1726754351788 3.142896 0
1726754351880 4.452534 4
1726754351969 1.706139 4
1726754352057 4.853689 4
1726754352146 9.126205 4
1726754352234 6.080641 4
1726754352334 3.672618 4
1726754352425 2.154498 4
1726754352515 77.816032 4
1726754352606 2.574416 4
1726754352695 3.202184 4
1726754352784 2.280605 8
1726754352878 11.628207 8
1726754353935 3.573242 0
1726754354036 1.028731 0
1726754354128 2.664977 0
1726754354215 2.686835 0
1726754354311 1.278306 0
1726754354406 2.11043 0
1726754354497 2.078496 0
1726754354587 1.007681 0
1726754354677 2.872932 0
1726754354773 2.198936 0
1726754354864 1.869718 5
1726754354956 1.868863 5
1726754355050 26.805626 5
1726754355141 82.608299 5
1726754355235 3.875856 5
1726754355325 6.884844 5
1726754355414 1.948742 5
1726754355505 3.835547 5
1726754355595 2.337267 5
1726754355686 1.963624 5
1726754355778 2.371638 10
1726754355866 12.330812 10
1726754357030 6.076743 0
1726754357132 0.97876 0
1726754357224 2.700379 0
1726754357315 1.538339 0
1726754357404 1.140889 0
1726754357495 2.058189 0
1726754357584 1.681018 0
1726754357677 1.018228 0
1726754357765 4.627983 0
1726754357855 2.470917 0
1726754357941 2.519597 6
1726754358031 1.960741 6
1726754358119 5.555062 6
1726754358209 63.277599 6
1726754358301 4.347859 6
1726754358390 4.00036 6
1726754358491 2.673832 6
1726754358582 5.007209 6
1726754358675 26.018074 6
1726754358765 3.127737 6
1726754358856 2.447538 12
1726754358946 12.586869 12
1726754359966 2.114255 0
1726754360063 0.926479 0
1726754360153 2.408115 0
1726754360241 1.651573 0
1726754360331 14.946175 0
1726754360425 2.246474 0
1726754360526 2.192883 0
1726754360617 1.061918 0
1726754360708 1.43419 0
1726754360799 23.470993 0
1726754360889 3.641626 7
1726754360978 2.311205 7
1726754361066 5.828403 7
1726754361155 9.363535 7
1726754361245 5.357068 7
1726754361343 3.883946 7
1726754361439 3.523667 7
1726754361534 5.37113 7
1726754361628 2.650724 7
1726754361720 2.025548 7
1726754361812 2.17164 14
1726754361902 12.522291 14
1726754363023 2.298373 0
1726754363122 2.088663 0
1726754363210 2.783219 0
1726754363303 1.263404 0
1726754363391 1.283839 0
1726754363482 2.747029 0
1726754363570 2.715409 0
1726754363661 1.022173 0
1726754363751 1.776913 0
1726754363840 2.551578 0
1726754363930 9.090973 8
1726754364018 1.685842 8
1726754364108 3.970891 8
1726754364199 7.966213 8
1726754364288 4.008843 8
1726754364376 3.963639 8
1726754364466 1.914336 8
1726754364561 4.667093 8
1726754364652 2.544817 8
1726754364747 10.678962 8
1726754364839 2.205024 16
1726754364928 12.386949 16
1726754365984 3.822662 0
1726754366084 0.982697 0
1726754366175 2.996997 0
1726754366265 1.43468 0
1726754366363 1.137189 0
1726754366497 2.102389 0
1726754366590 1.370982 0
1726754366684 1.095627 0
1726754366774 1.493579 0
1726754366865 2.7443 0
1726754366956 4.176829 9
1726754367043 1.566417 9
1726754367133 10.660657 9
1726754367222 417.878784 9
1726754367312 3.282105 9
1726754367400 4.29202 9
1726754367490 2.15725 9
1726754367581 12.18885 9
1726754367670 2.570552 9
1726754367761 9.65989 9
1726754367853 2.094116 18
1726754367942 13.984075 18
