1726806761891 0.340377 0
1726806761994 0.240506 0
1726806762104 0.130695 0
1726806762204 0.403797 0
1726806762307 0.458455 0
1726806762408 0.532444 0
1726806762510 0.404483 0
1726806762610 0.192697 0
1726806762710 2.292733 0
1726806762810 0.237756 0
1726806762910 0.285029 1
1726806763010 0.488952 1
1726806763110 0.885841 1
1726806763210 0.322843 1
1726806763313 1.19614 1
1726806763412 0.325335 1
1726806763514 0.579473 1
1726806764455 0.144293 0
1726806764557 0.119839 0
1726806764658 0.113062 0
1726806764759 0.28636 0
1726806764860 0.487603 0
1726806764963 0.260868 0
1726806765063 0.150466 0
1726806765167 0.129317 0
1726806765267 1.072692 0
1726806765369 0.268093 0
1726806765470 0.211451 2
1726806765575 0.362536 2
1726806765679 0.217429 2
1726806765779 0.235226 2
1726806765880 1.019173 2
1726806765987 0.333942 2
1726806766088 0.366554 2
1726806767008 0.105523 0
1726806767118 0.126988 0
1726806767218 0.156009 0
1726806767322 0.267897 0
1726806767423 0.452919 0
1726806767523 0.259161 0
1726806767631 0.133703 0
1726806767735 0.111948 0
1726806767837 1.144148 0
1726806767940 0.243319 0
1726806768039 0.231071 3
1726806768139 0.467027 3
1726806768238 0.125834 3
1726806768338 0.236798 3
1726806768439 1.023117 3
1726806768539 0.184847 3
1726806768640 0.336566 3
1726806769563 0.094995 0
1726806769672 0.118408 0
1726806769774 0.141962 0
1726806769872 0.305258 0
1726806769971 0.469247 0
1726806770070 0.241816 0
1726806770168 0.130389 0
1726806770268 0.129483 0
1726806770368 1.074002 0
1726806770468 0.313387 0
1726806770570 0.205465 4
1726806770670 0.321628 4
1726806770771 0.135541 4
1726806770869 0.23822 4
1726806770976 0.986433 4
1726806771077 0.195134 4
1726806771177 0.342628 4
1726806772153 0.207747 0
1726806772253 0.158254 0
1726806772356 0.111703 0
1726806772458 0.314437 0
1726806772561 0.439976 0
1726806772660 0.242523 0
1726806772761 0.124797 0
1726806772863 0.109213 0
1726806772959 1.051178 0
1726806773058 0.280194 0
1726806773157 0.202769 5
1726806773255 0.291305 5
1726806773354 0.135735 5
1726806773454 0.230565 5
1726806773554 1.01197 5
1726806773653 0.141971 5
1726806773760 0.34343 5
