1726776469697 0.588424 0
1726776469814 0.568329 0
1726776469931 0.3222 0
1726776470048 1.369979 0
1726776470166 1.80648 0
1726776470624 0.264999 0
1726776470742 0.549133 0
1726776470859 0.341872 0
1726776470977 0.809996 0
1726776471094 1.216358 0
1726776471532 0.118665 0
1726776471649 0.836004 0
1726776471766 0.279298 0
1726776471883 0.77187 0
1726776472001 1.476482 0
1726776472440 0.203853 0
1726776472557 0.620951 0
1726776472674 0.380467 0
1726776472792 0.795887 0
1726776472910 1.315447 0
1726776473348 0.098899 0
1726776473464 0.722093 0
1726776473581 0.324008 0
1726776473699 0.859868 0
1726776473816 1.313457 0
1726776474254 0.234482 0
1726776474372 0.412419 0
1726776474489 0.336321 0
1726776474607 0.838497 0
1726776474724 1.177967 0
1726776475162 0.099849 0
1726776475279 0.471565 0
1726776475396 0.285993 0
1726776475513 0.79284 0
1726776475631 1.183495 0
