1726879779789 0.0 0
1726879779926 10.0 0
1726879780062 20.0 0
1726879780200 30.0 0
1726879780335 40.0 0
1726879780471 50.0 0
1726879780607 60.0 0
1726879780743 70.0 0
1726879780879 80.0 0
1726879781015 90.0 0
1726879781910 0.0 0
1726879782049 10.0 0
1726879782184 20.0 0
1726879782319 30.0 0
1726879782454 40.0 0
1726879782591 50.0 0
1726879782727 60.0 0
1726879782863 70.0 0
1726879782999 80.0 0
1726879783135 90.0 0
1726879783948 0.0 0
1726879784085 10.0 0
1726879784220 20.0 0
1726879784358 30.0 0
1726879784495 40.0 0
1726879784631 50.0 0
1726879784765 60.0 0
1726879784901 70.0 0
1726879785037 80.0 0
1726879785174 90.0 0
1726879785989 0.0 0
1726879786125 10.0 0
1726879786262 20.0 0
1726879786399 30.0 0
1726879786539 40.0 0
1726879786675 50.0 0
1726879786812 60.0 0
1726879786947 70.0 0
1726879787084 80.0 0
1726879787219 90.0 0
1726879788039 0.0 0
1726879788176 10.0 0
1726879788311 20.0 0
1726879788447 30.0 0
1726879788583 40.0 0
1726879788719 50.0 0
1726879788856 60.0 0
1726879788993 70.0 0
1726879789129 80.0 0
1726879789267 90.0 0
1726879790089 0.0 0
1726879790226 10.0 0
1726879790363 20.0 0
1726879790499 30.0 0
1726879790635 40.0 0
1726879790772 50.0 0
1726879790909 60.0 0
1726879791045 70.0 0
1726879791182 80.0 0
1726879791317 90.0 0
1726879792143 0.0 0
1726879792282 10.0 0
1726879792419 20.0 0
1726879792555 30.0 0
1726879792694 40.0 0
1726879792831 50.0 0
1726879792970 60.0 0
1726879793106 70.0 0
1726879793242 80.0 0
1726879793380 90.0 0
1726879794199 0.0 0
1726879794335 10.0 0
1726879794471 20.0 0
1726879794607 30.0 0
1726879794743 40.0 0
1726879794879 50.0 0
1726879795015 60.0 0
1726879795152 70.0 0
1726879795288 80.0 0
1726879795425 90.0 0
1726879796241 0.0 0
1726879796384 10.0 0
1726879796522 20.0 0
1726879796658 30.0 0
1726879796796 40.0 0
1726879796932 50.0 0
1726879797068 60.0 0
1726879797203 70.0 0
1726879797338 80.0 0
1726879797475 90.0 0
1726879798293 0.0 0
1726879798429 10.0 0
1726879798565 20.0 0
1726879798701 30.0 0
1726879798837 40.0 0
1726879798974 50.0 0
1726879799110 60.0 0
1726879799253 70.0 0
1726879799388 80.0 0
1726879799524 90.0 0
