1726766680350 0.641828 0
1726766680461 0.367983 0
1726766680566 0.409763 0
1726766680665 0.309425 0
1726766680760 0.955383 0
1726766680856 0.991976 0
1726766680951 0.671451 0
1726766681050 0.485024 0
1726766681152 2.003804 0
1726766681250 0.848703 0
1726766681346 0.336076 1
1726766681442 0.236085 1
1726766681540 0.380587 1
1726766681636 0.224596 1
1726766681740 0.942048 1
1726766681839 0.22129 1
1726766681934 1.878675 1
1726766682043 0.840635 1
1726766682146 0.684497 1
1726766682240 0.191888 1
1726766682338 0.152685 2
1726766682436 0.18158 2
1726766682541 0.320037 2
1726766683861 0.217946 0
1726766683966 0.265176 0
1726766684065 0.142358 0
1726766684160 0.226102 0
1726766684255 0.422039 0
1726766684352 0.49213 0
1726766684447 0.539627 0
1726766684552 0.343023 0
1726766684651 1.888922 0
1726766684751 0.416505 0
1726766684853 0.347883 2
1726766684951 0.193259 2
1726766685058 0.355183 2
1726766685171 0.217538 2
1726766685297 0.710511 2
1726766685417 0.283411 2
1726766685534 1.295149 2
1726766685650 0.717813 2
1726766685768 0.587334 2
1726766685884 0.161443 2
1726766685993 0.145896 4
1726766686104 0.158354 4
1726766686217 0.342229 4
1726766687606 0.109629 0
1726766687713 0.214423 0
1726766687815 0.149168 0
1726766687926 0.211063 0
1726766688028 0.406407 0
1726766688136 0.479311 0
1726766688237 0.544982 0
1726766688347 0.2836 0
1726766688451 1.693562 0
1726766688553 0.378677 0
1726766688660 0.361722 3
1726766688774 0.180824 3
1726766688886 0.368613 3
1726766689002 0.234575 3
1726766689120 0.586433 3
1726766689228 0.273188 3
1726766689344 1.094408 3
1726766689452 0.64618 3
1726766689557 0.542658 3
1726766689653 0.16499 3
1726766689747 0.167041 6
1726766689855 0.186886 6
1726766689968 0.311968 6
1726766691396 0.077951 0
1726766691504 0.271492 0
1726766691598 0.15406 0
1726766691693 0.195502 0
1726766691791 0.412534 0
1726766691888 0.476823 0
1726766691987 0.525879 0
1726766692087 0.282133 0
1726766692199 1.671297 0
1726766692306 0.338956 0
1726766692403 0.380461 4
1726766692500 0.172316 4
1726766692604 0.382949 4
1726766692713 0.241282 4
1726766692811 0.620458 4
1726766692910 0.29271 4
1726766693012 0.998892 4
1726766693107 0.606212 4
1726766693204 0.518567 4
1726766693303 0.175387 4
1726766693397 0.163271 8
1726766693493 0.160877 8
1726766693589 0.30727 8
1726766694989 0.172296 0
1726766695106 0.170487 0
1726766695210 0.148497 0
1726766695318 0.190385 0
1726766695419 0.369986 0
1726766695517 0.440702 0
1726766695617 0.563699 0
1726766695718 0.267073 0
1726766695823 1.492428 0
1726766695922 0.333799 0
1726766696018 0.391224 5
1726766696113 0.161969 5
1726766696209 0.347347 5
1726766696304 0.236185 5
1726766696397 0.63872 5
1726766696491 0.319288 5
1726766696591 0.917748 5
1726766696699 0.608011 5
1726766696809 0.559929 5
1726766696924 0.308853 5
1726766697028 0.202983 10
1726766697141 0.171783 10
1726766697238 0.371806 10
1726766698533 0.217358 0
1726766698652 0.172938 0
1726766698770 0.190888 0
1726766698874 0.181426 0
1726766698984 0.391284 0
1726766699080 0.448408 0
1726766699176 0.589451 0
1726766699278 0.26485 0
1726766699391 1.468381 0
1726766699504 0.316751 0
1726766699615 0.380951 6
1726766699729 0.155537 6
1726766699845 0.369316 6
1726766699959 0.22856 6
1726766700067 0.674924 6
1726766700170 0.294988 6
1726766700282 0.947602 6
1726766700390 0.555756 6
1726766700501 0.505264 6
1726766700618 0.261247 6
1726766700730 0.205133 12
1726766700845 0.14453 12
1726766700956 0.320096 12
1726766702207 0.230485 0
1726766702313 0.1831 0
1726766702408 0.132014 0
1726766702505 0.180753 0
1726766702601 0.389472 0
1726766702697 0.412383 0
1726766702798 0.500021 0
1726766702905 0.266639 0
1726766703005 1.402787 0
1726766703103 0.316351 0
1726766703209 0.371344 7
1726766703308 0.164832 7
1726766703403 0.355248 7
1726766703501 0.244922 7
1726766703596 0.649667 7
1726766703691 0.299216 7
1726766703786 0.897894 7
1726766703883 0.576006 7
1726766703981 0.487369 7
1726766704076 0.264566 7
1726766704173 0.230422 14
1726766704269 0.157064 14
1726766704366 0.326348 14
1726766705792 0.242629 0
1726766705902 0.18342 0
1726766706007 0.130978 0
1726766706108 0.203267 0
1726766706205 0.394462 0
1726766706308 0.442869 0
1726766706409 0.520697 0
1726766706505 0.250699 0
1726766706604 1.363428 0
1726766706700 0.304713 0
1726766706797 0.386083 8
1726766706899 0.156641 8
1726766707006 0.348081 8
1726766707111 0.2293 8
1726766707209 0.657268 8
1726766707304 0.273558 8
1726766707399 0.890437 8
1726766707499 0.573425 8
1726766707597 0.472526 8
1726766707697 0.196619 8
1726766707800 0.184966 16
1726766707902 0.154731 16
1726766708017 0.350331 16
1726766709350 0.074548 0
1726766709464 0.195648 0
1726766709564 0.139935 0
1726766709662 0.24114 0
1726766709758 0.407548 0
1726766709855 0.43146 0
1726766709953 0.491711 0
1726766710047 0.232646 0
1726766710150 1.372007 0
1726766710254 0.312888 0
1726766710353 0.36933 9
1726766710465 0.157503 9
1726766710568 0.353748 9
1726766710670 0.224235 9
1726766710771 0.61684 9
1726766710875 0.268565 9
1726766710978 0.85389 9
1726766711089 0.575212 9
1726766711192 0.466318 9
1726766711315 0.164528 9
1726766711457 0.169605 18
1726766711576 0.146657 18
1726766711684 0.32551 18
