1726824958824 7.202542 0
1726824958947 2.657456 0
1726824959072 2.126764 0
1726824959202 1.590178 0
1726824959341 1.646866 0
1726824959487 3.196195 0
1726824959640 1.583179 0
1726824959795 1.966969 0
1726824959960 1.260097 0
1726824960111 26.688522 0
1726824960254 26.420341 1
1726824960395 11.816031 1
1726824960533 4.240189 1
1726824960666 5.227884 1
1726824960794 7.31582 1
1726824960919 9.116819 1
1726824961039 2.32019 1
1726824961158 1.318387 1
1726824961283 0.624278 1
1726824961409 12.634041 1
1726824961539 6.750694 2
1726824961668 8.504814 2
1726824961797 4.817219 2
1726824961925 3.6876 2
1726824962057 2.423242 2
1726824962193 4.032172 2
1726824962335 6.684602 2
1726824962491 9.776869 2
1726824962645 3.573911 2
1726824962786 5.399088 2
1726824962925 4.273532 3
1726824963059 2.278227 3
1726824963192 2.4013 3
1726824963321 0.829756 3
1726824963456 1.887134 3
1726824963596 1.23026 3
1726824963739 1.001292 3
1726824963893 0.916549 3
1726824964053 1.110987 3
1726824964200 1.438766 3
1726824964345 1.452183 4
1726824964482 2.107826 4
1726824964612 1.152056 4
1726824968857 14.637733 0
1726824968981 6.978848 0
1726824969109 2.929038 0
1726824969251 2.975198 0
1726824969397 1.275919 0
1726824969545 4.587188 0
1726824969684 0.907314 0
1726824969820 10.106872 0
1726824969960 0.680161 0
1726824970098 1.625805 0
1726824970236 3.371645 2
1726824970370 1.203352 2
1726824970502 0.767912 2
1726824970635 0.599013 2
1726824970774 2.499165 2
1726824970909 2.595833 2
1726824971038 0.912441 2
1726824971168 2.815214 2
1726824971299 0.60276 2
1726824971438 1.571259 2
1726824971576 1.296035 4
1726824971712 1.45161 4
1726824971846 12.959738 4
1726824971977 1.26268 4
1726824972108 1.806048 4
1726824972238 1.205574 4
1726824972372 6.308352 4
1726824972515 3.217949 4
1726824972656 3.105371 4
1726824972793 1.365403 4
1726824972926 1.174481 6
1726824973058 1.812063 6
1726824973192 1.67212 6
1726824973324 1.09225 6
1726824973455 0.582142 6
1726824973594 3.527904 6
1726824973749 1.580365 6
1726824973906 1.226532 6
1726824974049 0.90732 6
1726824974186 1.082075 6
1726824974319 0.779342 8
1726824974449 1.240595 8
1726824974577 3.754626 8
1726824978626 1.749658 0
1726824978750 1.240547 0
1726824978877 2.530341 0
1726824979017 2.028167 0
1726824979150 0.784315 0
1726824979283 7.474061 0
1726824979414 1.93143 0
1726824979543 2.066729 0
1726824979669 3.155739 0
1726824979799 1.760178 0
1726824979937 2.267831 3
1726824980072 0.453651 3
1726824980207 0.417518 3
1726824980338 0.460523 3
1726824980472 0.737798 3
1726824980607 6.333631 3
1726824980752 1.196356 3
1726824980902 4.26279 3
1726824981045 0.596516 3
1726824981179 3.264415 3
1726824981309 1.686633 6
1726824981439 2.613954 6
1726824981571 2.317071 6
1726824981714 10.252367 6
1726824981867 6.863744 6
1726824982024 3.010593 6
1726824982181 3.855038 6
1726824982337 3.599265 6
1726824982492 1.492114 6
1726824982647 2.196329 6
1726824982801 2.133447 9
1726824982952 2.963443 9
1726824983095 1.019024 9
1726824983235 1.423086 9
1726824983379 0.661787 9
1726824983518 0.893185 9
1726824983653 0.850484 9
1726824983787 1.651206 9
1726824983928 0.922439 9
1726824984070 0.793486 9
1726824984215 0.864787 12
1726824984359 3.665787 12
1726824984504 1.605971 12
1726824988593 2.787528 0
1726824988718 7.41605 0
1726824988861 1.815211 0
1726824989010 2.474417 0
1726824989154 1.219167 0
1726824989304 22.290939 0
1726824989464 1.125343 0
1726824989636 1.402343 0
1726824989820 1.194697 0
1726824990020 2.886372 0
1726824990174 6.492816 4
1726824990318 0.870231 4
1726824990461 0.636131 4
1726824990604 0.510769 4
1726824990755 1.311195 4
1726824990910 17.368464 4
1726824991063 0.92428 4
1726824991215 2.57558 4
1726824991359 0.601933 4
1726824991497 2.269206 4
1726824991638 1.332271 8
1726824991776 3.250601 8
1726824991913 2.666276 8
1726824992053 4.388512 8
1726824992197 1.423326 8
1726824992335 5.80806 8
1726824992470 4.662295 8
1726824992604 1.685068 8
1726824992738 0.98503 8
1726824992873 2.373257 8
1726824993012 3.528647 12
1726824993158 4.507833 12
1726824993349 1.170046 12
1726824993522 1.397615 12
1726824993673 0.752788 12
1726824993837 0.770272 12
1726824994022 0.796922 12
1726824994206 1.560345 12
1726824994368 0.991541 12
1726824994518 0.737791 12
1726824994661 0.911032 16
1726824994799 1.098829 16
1726824994941 1.607142 16
1726824999140 2.717825 0
1726824999266 3.35737 0
1726824999394 3.422062 0
1726824999537 4.6301 0
1726824999693 0.765858 0
1726824999847 7.421654 0
1726825000006 1.122185 0
1726825000165 1.512896 0
1726825000299 1.118446 0
1726825000436 3.701511 0
1726825000587 1.983382 5
1726825000747 0.541592 5
1726825000935 0.520673 5
1726825001120 0.464046 5
1726825001293 0.865452 5
1726825001449 2.318668 5
1726825001598 0.821482 5
1726825001742 23.063738 5
1726825001884 0.586847 5
1726825002024 2.039758 5
1726825002162 1.242947 10
1726825002301 2.9527 10
1726825002446 2.141355 10
1726825002605 1.825832 10
1726825002785 1.562824 10
1726825002970 3.034823 10
1726825003149 5.084284 10
1726825003310 1.5863 10
1726825003453 1.24044 10
1726825003591 23.222105 10
1726825003723 3.630486 15
1726825003854 25.19582 15
1726825003994 1.007138 15
1726825004146 0.988444 15
1726825004300 0.838473 15
1726825004465 0.792572 15
1726825004617 0.810737 15
1726825004753 1.382847 15
1726825004885 0.884827 15
1726825005019 0.781372 15
1726825005157 0.886815 20
1726825005296 1.079514 20
1726825005436 2.648575 20
1726825010158 4.315201 0
1726825010286 2.060791 0
1726825010425 1.946469 0
1726825010568 2.148376 0
1726825010711 0.699355 0
1726825010853 4.608477 0
1726825010999 1.735701 0
1726825011147 1.468281 0
1726825011292 1.266464 0
1726825011439 4.384135 0
1726825011585 3.236605 6
1726825011740 0.527882 6
1726825011913 0.503381 6
1726825012097 0.46425 6
1726825012262 0.820769 6
1726825012407 3.520954 6
1726825012543 1.001167 6
1726825012679 1.813489 6
1726825012829 0.602635 6
1726825013021 1.513798 6
1726825013236 1.830018 12
1726825013436 2.574471 12
1726825013614 2.970544 12
1726825013775 2.203592 12
1726825013933 1.308457 12
1726825014093 19.182981 12
1726825014279 5.280086 12
1726825014455 1.721069 12
1726825014605 1.110714 12
1726825014755 1.810579 12
1726825014914 5.936429 18
1726825015079 2.037995 18
1726825015254 1.239463 18
1726825015438 1.071888 18
1726825015615 0.866419 18
1726825015790 0.812616 18
1726825015967 0.752659 18
1726825016106 1.222081 18
1726825016232 1.008199 18
1726825016356 0.667479 18
1726825016478 0.982334 24
1726825016604 1.172134 24
1726825016741 3.367248 24
1726825021023 5.58106 0
1726825021149 5.144629 0
1726825021283 2.910664 0
1726825021421 2.39103 0
1726825021562 0.693845 0
1726825021711 21.660696 0
1726825021863 1.12657 0
1726825022012 1.404338 0
1726825022160 1.460847 0
1726825022324 5.537483 0
1726825022455 2.398304 7
1726825022571 0.485866 7
1726825022686 0.471889 7
1726825022804 0.456903 7
1726825022937 0.769062 7
1726825023068 1.84668 7
1726825023201 0.740291 7
1726825023337 3.342663 7
1726825023512 0.585831 7
1726825023697 1.195516 7
1726825023854 1.130749 14
1726825024002 2.124049 14
1726825024143 2.889428 14
1726825024279 1.847746 14
1726825024415 1.177218 14
1726825024553 2.061261 14
1726825024690 21.382545 14
1726825024826 1.975885 14
1726825024961 1.870125 14
1726825025100 2.088085 14
1726825025240 3.473673 21
1726825025375 1.415401 21
1726825025508 2.368818 21
1726825025647 0.864101 21
1726825025792 0.848167 21
1726825025937 0.92796 21
1726825026083 0.810387 21
1726825026221 1.218901 21
1726825026363 1.150612 21
1726825026511 1.762221 21
1726825026666 0.910671 28
1726825026813 1.067215 28
1726825026952 2.529238 28
1726825031276 8.010262 0
1726825031406 3.053451 0
1726825031540 5.021369 0
1726825031684 2.474335 0
1726825031848 0.673048 0
1726825032038 8.091786 0
1726825032235 1.112611 0
1726825032393 1.373085 0
1726825032542 1.012377 0
1726825032697 1.946973 0
1726825032856 7.968728 8
1726825033017 0.435139 8
1726825033204 0.443347 8
1726825033400 0.460081 8
1726825033564 0.699102 8
1726825033716 3.591534 8
1726825033863 0.797988 8
1726825034006 3.678516 8
1726825034150 0.616815 8
1726825034303 0.987416 8
1726825034455 1.740989 16
1726825034619 4.096478 16
1726825034801 3.429957 16
1726825034988 1.704191 16
1726825035181 1.172792 16
1726825035361 18.375225 16
1726825035514 4.016752 16
1726825035662 6.567306 16
1726825035813 1.693303 16
1726825035971 1.88698 16
1726825036129 2.097041 24
1726825036274 1.978427 24
1726825036408 1.751364 24
1726825036538 0.756138 24
1726825036668 0.942706 24
1726825036800 6.03983 24
1726825036944 0.776335 24
1726825037085 1.114247 24
1726825037225 1.143626 24
1726825037361 0.688664 24
1726825037497 1.283682 32
1726825037641 0.968735 32
1726825037789 2.456242 32
1726825042060 3.310702 0
1726825042188 4.016529 0
1726825042323 1.842085 0
1726825042467 1.626746 0
1726825042623 2.222447 0
1726825042768 4.836033 0
1726825042914 0.997044 0
1726825043062 1.647527 0
1726825043219 0.975548 0
1726825043385 1.530175 0
1726825043571 12013.71875 9
1726825043756 0.410085 9
1726825043949 0.441473 9
1726825044103 0.498112 9
1726825044253 0.88074 9
1726825044409 1.633236 9
1726825044576 1.113649 9
1726825044771 2.590528 9
1726825044945 0.634001 9
1726825045101 1.068875 9
1726825045242 1.267556 18
1726825045372 2.533002 18
1726825045501 19.435061 18
1726825045635 2.092205 18
1726825045777 0.952762 18
1726825045919 4.344253 18
1726825046068 4.290996 18
1726825046217 1.790628 18
1726825046353 1.138095 18
1726825046482 35.28965 18
1726825046609 2.92657 27
1726825046740 1.674174 27
1726825046875 3.698487 27
1726825047013 0.80296 27
1726825047191 4.855342 27
1726825047383 1.064042 27
1726825047553 0.7513 27
1726825047702 1.430554 27
1726825047840 1.355356 27
1726825047972 0.673884 27
1726825048109 1.564267 36
1726825048254 0.956945 36
1726825048412 1.455342 36
1726825052623 2.968974 0
1726825052750 3.501173 0
1726825052883 2.010698 0
1726825053017 2.085411 0
1726825053150 4.843256 0
1726825053283 8.696945 0
1726825053424 1.059472 0
1726825053574 1.753367 0
1726825053735 0.880964 0
1726825053899 3.212635 0
1726825054048 5.544313 10
1726825054184 0.426733 10
1726825054318 0.419751 10
1726825054449 0.479472 10
1726825054584 0.683429 10
1726825054724 1.970981 10
1726825054861 0.679467 10
1726825055004 2.289537 10
1726825055151 1.475537 10
1726825055293 1.069609 10
1726825055437 1.937686 20
1726825055588 25.024891 20
1726825055739 2.41804 20
1726825055875 1.777627 20
1726825056002 1.199471 20
1726825056128 22.14193 20
1726825056256 4.193267 20
1726825056392 1.333444 20
1726825056539 1.146341 20
1726825056689 1.883889 20
1726825056830 1.332439 30
1726825056964 1.364744 30
1726825057096 1.715992 30
1726825057235 0.769524 30
1726825057371 1.442948 30
1726825057506 1.448139 30
1726825057638 0.785893 30
1726825057775 1.321468 30
1726825057909 6.014639 30
1726825058040 1.155952 30
1726825058167 28.410139 40
1726825058301 0.936485 40
1726825058452 1.289602 40
