1726889888128 0.0 0
1726889888275 10.0 0
1726889888415 20.0 0
1726889888554 30.0 0
1726889888693 40.0 0
1726889888835 50.0 0
1726889889012 60.0 0
1726889889534 0.0 0
1726889889673 10.0 0
1726889889811 20.0 0
1726889889950 30.0 0
1726889890088 40.0 0
1726889890226 50.0 0
1726889890364 60.0 0
1726889890909 0.0 0
1726889891050 10.0 0
1726889891187 20.0 0
1726889891326 30.0 0
1726889891464 40.0 0
1726889891604 50.0 0
1726889891741 60.0 0
1726889892256 0.0 0
1726889892396 10.0 0
1726889892535 20.0 0
1726889892673 30.0 0
1726889892812 40.0 0
1726889892954 50.0 0
1726889893093 60.0 0
