1727092395412 0.0 0
1727092395739 10.0 0
1727092396073 20.0 0
1727092396870 0.0 0
1727092397201 10.0 0
1727092397531 20.0 0
1727092398239 0.0 0
1727092398569 10.0 0
1727092398896 20.0 0
1727092399589 0.0 0
1727092399918 10.0 0
1727092400244 20.0 0
1727092400962 0.0 0
1727092401289 10.0 0
1727092401618 20.0 0
1727092402323 0.0 0
1727092402648 10.0 0
1727092402974 20.0 0
1727092403678 0.0 0
1727092404004 10.0 0
1727092404336 20.0 0
1727092405047 0.0 0
1727092405375 10.0 0
1727092405697 20.0 0
1727092406401 0.0 0
1727092406726 10.0 0
1727092407050 20.0 0
1727092407769 0.0 0
1727092408096 10.0 0
1727092408423 20.0 0
