1726877985196 0.0 0
1726877985333 10.0 0
1726877985469 20.0 0
1726877985606 30.0 0
1726877985995 0.0 0
1726877986133 10.0 0
1726877986268 20.0 0
1726877986404 30.0 0
1726877986787 0.0 0
1726877986926 10.0 0
1726877987062 20.0 0
1726877987201 30.0 0
1726877987587 0.0 0
1726877987729 10.0 0
1726877987867 20.0 0
1726877988003 30.0 0
1726877988387 0.0 0
1726877988525 10.0 0
1726877988661 20.0 0
1726877988797 30.0 0
1726877989184 0.0 0
1726877989322 10.0 0
1726877989457 20.0 0
1726877989593 30.0 0
1726877989984 0.0 0
1726877990121 10.0 0
1726877990257 20.0 0
1726877990392 30.0 0
1726877990775 0.0 0
1726877990913 10.0 0
1726877991049 20.0 0
1726877991185 30.0 0
1726877991570 0.0 0
1726877991707 10.0 0
1726877991846 20.0 0
1726877991989 30.0 0
1726877992376 0.0 0
1726877992513 10.0 0
1726877992649 20.0 0
1726877992785 30.0 0
