1726783676314 0.0 0
1726783676414 10.0 0
1726783676509 20.0 0
1726783676637 30.0 0
1726783676738 40.0 0
1726783676842 50.0 0
1726783676938 60.0 0
1726783677033 70.0 0
1726783677128 80.0 0
1726783677223 90.0 0
1726783677316 100.0 1
1726783677412 110.0 1
1726783677505 120.0 1
1726783677599 130.0 1
1726783677695 140.0 1
1726783677790 150.0 1
1726783677885 160.0 1
1726783677978 170.0 1
1726783678075 180.0 1
1726783678170 190.0 1
1726783678265 200.0 2
1726783678362 210.0 2
1726783678457 220.0 2
1726783678555 230.0 2
1726783678652 240.0 2
1726783678746 250.0 2
1726783678848 260.0 2
1726783678944 270.0 2
1726783679039 280.0 2
1726783679132 290.0 2
1726783679227 300.0 3
1726783679321 310.0 3
1726783679415 320.0 3
1726783679508 330.0 3
1726783679606 340.0 3
1726783679703 350.0 3
1726783679798 360.0 3
1726783679894 370.0 3
1726783679989 380.0 3
1726783680083 390.0 3
1726783680178 400.0 4
1726783682275 0.0 0
1726783682383 10.0 0
1726783682478 20.0 0
1726783682572 30.0 0
1726783682668 40.0 0
1726783682761 50.0 0
1726783682859 60.0 0
1726783682958 70.0 0
1726783683054 80.0 0
1726783683151 90.0 0
1726783683245 100.0 2
1726783683339 110.0 2
1726783683434 120.0 2
1726783683528 130.0 2
1726783683622 140.0 2
1726783683716 150.0 2
1726783683817 160.0 2
1726783683913 170.0 2
1726783684009 180.0 2
1726783684106 190.0 2
1726783684203 200.0 4
1726783684298 210.0 4
1726783684395 220.0 4
1726783684489 230.0 4
1726783684584 240.0 4
1726783684679 250.0 4
1726783684774 260.0 4
1726783684868 270.0 4
1726783684971 280.0 4
1726783685066 290.0 4
1726783685162 300.0 6
1726783685274 310.0 6
1726783685375 320.0 6
1726783685469 330.0 6
1726783685564 340.0 6
1726783685658 350.0 6
1726783685753 360.0 6
1726783685846 370.0 6
1726783685940 380.0 6
1726783686036 390.0 6
1726783686130 400.0 8
1726783688240 0.0 0
1726783688347 10.0 0
1726783688447 20.0 0
1726783688544 30.0 0
1726783688643 40.0 0
1726783688738 50.0 0
1726783688833 60.0 0
1726783688928 70.0 0
1726783689030 80.0 0
1726783689128 90.0 0
1726783689224 100.0 3
1726783689320 110.0 3
1726783689416 120.0 3
1726783689511 130.0 3
1726783689605 140.0 3
1726783689710 150.0 3
1726783689807 160.0 3
1726783689903 170.0 3
1726783689996 180.0 3
1726783690093 190.0 3
1726783690190 200.0 6
1726783690286 210.0 6
1726783690384 220.0 6
1726783690478 230.0 6
1726783690572 240.0 6
1726783690666 250.0 6
1726783690761 260.0 6
1726783690856 270.0 6
1726783690952 280.0 6
1726783691050 290.0 6
1726783691148 300.0 9
1726783691241 310.0 9
1726783691337 320.0 9
1726783691433 330.0 9
1726783691528 340.0 9
1726783691622 350.0 9
1726783691716 360.0 9
1726783691810 370.0 9
1726783691904 380.0 9
1726783691996 390.0 9
1726783692091 400.0 12
1726783694181 0.0 0
1726783694286 10.0 0
1726783694381 20.0 0
1726783694478 30.0 0
1726783694573 40.0 0
1726783694667 50.0 0
1726783694761 60.0 0
1726783694857 70.0 0
1726783694958 80.0 0
1726783695053 90.0 0
1726783695153 100.0 4
1726783695250 110.0 4
1726783695344 120.0 4
1726783695439 130.0 4
1726783695534 140.0 4
1726783695628 150.0 4
1726783695721 160.0 4
1726783695818 170.0 4
1726783695914 180.0 4
1726783696012 190.0 4
1726783696110 200.0 8
1726783696205 210.0 8
1726783696314 220.0 8
1726783696416 230.0 8
1726783696512 240.0 8
1726783696605 250.0 8
1726783696698 260.0 8
1726783696794 270.0 8
1726783696887 280.0 8
1726783696979 290.0 8
1726783697079 300.0 12
1726783697178 310.0 12
1726783697276 320.0 12
1726783697372 330.0 12
1726783697466 340.0 12
1726783697563 350.0 12
1726783697658 360.0 12
1726783697761 370.0 12
1726783697860 380.0 12
1726783697955 390.0 12
1726783698048 400.0 16
1726783700107 0.0 0
1726783700215 10.0 0
1726783700309 20.0 0
1726783700402 30.0 0
1726783700495 40.0 0
1726783700589 50.0 0
1726783700681 60.0 0
1726783700776 70.0 0
1726783700871 80.0 0
1726783700965 90.0 0
1726783701062 100.0 5
1726783701157 110.0 5
1726783701252 120.0 5
1726783701357 130.0 5
1726783701455 140.0 5
1726783701553 150.0 5
1726783701649 160.0 5
1726783701744 170.0 5
1726783701838 180.0 5
1726783701932 190.0 5
1726783702025 200.0 10
1726783702121 210.0 10
1726783702219 220.0 10
1726783702314 230.0 10
1726783702407 240.0 10
1726783702502 250.0 10
1726783702596 260.0 10
1726783702689 270.0 10
1726783702785 280.0 10
1726783702879 290.0 10
1726783702972 300.0 15
1726783703066 310.0 15
1726783703160 320.0 15
1726783703254 330.0 15
1726783703356 340.0 15
1726783703453 350.0 15
1726783703546 360.0 15
1726783703640 370.0 15
1726783703735 380.0 15
1726783703829 390.0 15
1726783703926 400.0 20
1726783706023 0.0 0
1726783706125 10.0 0
1726783706219 20.0 0
1726783706314 30.0 0
1726783706408 40.0 0
1726783706503 50.0 0
1726783706597 60.0 0
1726783706691 70.0 0
1726783706785 80.0 0
1726783706880 90.0 0
1726783706974 100.0 6
1726783707075 110.0 6
1726783707172 120.0 6
1726783707267 130.0 6
1726783707362 140.0 6
1726783707468 150.0 6
1726783707563 160.0 6
1726783707657 170.0 6
1726783707753 180.0 6
1726783707847 190.0 6
1726783707942 200.0 12
1726783708036 210.0 12
1726783708131 220.0 12
1726783708227 230.0 12
1726783708321 240.0 12
1726783708417 250.0 12
1726783708512 260.0 12
1726783708607 270.0 12
1726783708701 280.0 12
1726783708795 290.0 12
1726783708889 300.0 18
1726783708982 310.0 18
1726783709077 320.0 18
1726783709173 330.0 18
1726783709266 340.0 18
1726783709360 350.0 18
1726783709457 360.0 18
1726783709556 370.0 18
1726783709652 380.0 18
1726783709748 390.0 18
1726783709846 400.0 24
1726783711891 0.0 0
1726783711997 10.0 0
1726783712093 20.0 0
1726783712187 30.0 0
1726783712281 40.0 0
1726783712374 50.0 0
1726783712469 60.0 0
1726783712564 70.0 0
1726783712658 80.0 0
1726783712753 90.0 0
1726783712847 100.0 7
1726783712947 110.0 7
1726783713045 120.0 7
1726783713140 130.0 7
1726783713235 140.0 7
1726783713330 150.0 7
1726783713425 160.0 7
1726783713521 170.0 7
1726783713624 180.0 7
1726783713719 190.0 7
1726783713813 200.0 14
1726783713906 210.0 14
1726783714000 220.0 14
1726783714094 230.0 14
1726783714190 240.0 14
1726783714285 250.0 14
1726783714382 260.0 14
1726783714478 270.0 14
1726783714573 280.0 14
1726783714670 290.0 14
1726783714764 300.0 21
1726783714861 310.0 21
1726783714957 320.0 21
1726783715053 330.0 21
1726783715148 340.0 21
1726783715245 350.0 21
1726783715341 360.0 21
1726783715436 370.0 21
1726783715530 380.0 21
1726783715632 390.0 21
1726783715728 400.0 28
1726783717780 0.0 0
1726783717883 10.0 0
1726783717977 20.0 0
1726783718073 30.0 0
1726783718170 40.0 0
1726783718264 50.0 0
1726783718362 60.0 0
1726783718461 70.0 0
1726783718559 80.0 0
1726783718655 90.0 0
1726783718749 100.0 8
1726783718850 110.0 8
1726783718946 120.0 8
1726783719041 130.0 8
1726783719135 140.0 8
1726783719229 150.0 8
1726783719323 160.0 8
1726783719422 170.0 8
1726783719514 180.0 8
1726783719607 190.0 8
1726783719710 200.0 16
1726783719808 210.0 16
1726783719904 220.0 16
1726783719997 230.0 16
1726783720089 240.0 16
1726783720200 250.0 16
1726783720296 260.0 16
1726783720390 270.0 16
1726783720485 280.0 16
1726783720577 290.0 16
1726783720671 300.0 24
1726783720765 310.0 24
1726783720857 320.0 24
1726783720951 330.0 24
1726783721045 340.0 24
1726783721139 350.0 24
1726783721232 360.0 24
1726783721326 370.0 24
1726783721424 380.0 24
1726783721521 390.0 24
1726783721616 400.0 32
1726783723681 0.0 0
1726783723793 10.0 0
1726783723891 20.0 0
1726783723985 30.0 0
1726783724080 40.0 0
1726783724174 50.0 0
1726783724269 60.0 0
1726783724364 70.0 0
1726783724457 80.0 0
1726783724550 90.0 0
1726783724645 100.0 9
1726783724746 110.0 9
1726783724841 120.0 9
1726783724935 130.0 9
1726783725029 140.0 9
1726783725124 150.0 9
1726783725218 160.0 9
1726783725318 170.0 9
1726783725415 180.0 9
1726783725513 190.0 9
1726783725610 200.0 18
1726783725706 210.0 18
1726783725806 220.0 18
1726783725909 230.0 18
1726783726004 240.0 18
1726783726099 250.0 18
1726783726193 260.0 18
1726783726287 270.0 18
1726783726380 280.0 18
1726783726473 290.0 18
1726783726568 300.0 27
1726783726662 310.0 27
1726783726757 320.0 27
1726783726851 330.0 27
1726783726946 340.0 27
1726783727039 350.0 27
1726783727135 360.0 27
1726783727233 370.0 27
1726783727328 380.0 27
1726783727424 390.0 27
1726783727519 400.0 36
1726783729620 0.0 0
1726783729723 10.0 0
1726783729819 20.0 0
1726783729919 30.0 0
1726783730028 40.0 0
1726783730124 50.0 0
1726783730219 60.0 0
1726783730314 70.0 0
1726783730408 80.0 0
1726783730503 90.0 0
1726783730596 100.0 10
1726783730697 110.0 10
1726783730792 120.0 10
1726783730886 130.0 10
1726783730980 140.0 10
1726783731074 150.0 10
1726783731169 160.0 10
1726783731263 170.0 10
1726783731356 180.0 10
1726783731450 190.0 10
1726783731544 200.0 20
1726783731636 210.0 20
1726783731732 220.0 20
1726783731831 230.0 20
1726783731928 240.0 20
1726783732030 250.0 20
1726783732124 260.0 20
1726783732225 270.0 20
1726783732320 280.0 20
1726783732413 290.0 20
1726783732506 300.0 30
1726783732602 310.0 30
1726783732697 320.0 30
1726783732791 330.0 30
1726783732886 340.0 30
1726783732980 350.0 30
1726783733073 360.0 30
1726783733166 370.0 30
1726783733261 380.0 30
1726783733356 390.0 30
1726783733451 400.0 40
