1726814576518 16.679462 0
1726814576642 0.23509 0
1726814576765 13.709109 0
1726814576914 21.099369 0
1726814577040 2.556361 0
1726814577164 1.964767 0
1726814577288 1.17497 0
1726814577411 1.45812 0
1726814577534 4.470675 0
1726814577658 1.130185 0
1726814577782 33.381439 1
1726814577905 1.18409 1
1726814578029 1.019162 1
1726814578153 3.69084 1
1726814579079 3.613348 0
1726814579202 0.259028 0
1726814579325 0.282406 0
1726814579449 1.472199 0
1726814579572 2.164477 0
1726814579696 2.944304 0
1726814579820 1.580586 0
1726814579943 1.184113 0
1726814580070 4.52311 0
1726814580193 0.94769 0
1726814580317 9.623144 2
1726814580441 1.674673 2
1726814580566 4.194655 2
1726814580690 6.822091 2
1726814581612 0.58082 0
1726814581736 1.009785 0
1726814581859 0.657612 0
1726814581982 1.233032 0
1726814582106 2.790321 0
1726814582229 6.428731 0
1726814582353 1.233764 0
1726814582476 1.786855 0
1726814582600 0.813007 0
1726814582724 1.21406 0
1726814582848 1.522531 3
1726814582971 2.012253 3
1726814583095 6.903903 3
1726814583219 0.297333 3
1726814584141 0.338134 0
1726814584264 0.271477 0
1726814584388 17.809965 0
1726814584512 1.601779 0
1726814584638 3.072278 0
1726814584762 1.659919 0
1726814584885 0.688186 0
1726814585008 1.183938 0
1726814585132 3.147188 0
1726814585255 1.100265 0
1726814585379 0.970124 4
1726814585502 0.596105 4
1726814585626 3.268397 4
1726814585748 0.504325 4
1726814586672 0.426781 0
1726814586797 0.133975 0
1726814586920 0.160513 0
1726814587043 0.687655 0
1726814587165 2.243783 0
1726814587288 2.793698 0
1726814587411 3.30826 0
1726814587534 2.746141 0
1726814587657 1.394454 0
1726814587780 1.123507 0
1726814587903 1.763321 5
1726814588026 20.405439 5
1726814588148 10.265179 5
1726814588271 3.40714 5
1726814589199 4.844689 0
1726814589322 0.242719 0
1726814589446 0.315319 0
1726814589571 5.847014 0
1726814589694 9.233762 0
1726814589817 1.790662 0
1726814589940 0.586036 0
1726814590063 2.078337 0
1726814590187 1.008599 0
1726814590311 0.790198 0
1726814590434 1.91431 6
1726814590558 0.594432 6
1726814590682 1.604246 6
1726814590806 0.350354 6
1726814591731 0.26916 0
1726814591855 0.439525 0
1726814591977 1.689371 0
1726814592100 3.568195 0
1726814592223 14.003531 0
1726814592346 3.71842 0
1726814592470 3.292687 0
1726814592594 0.787555 0
1726814592717 0.879863 0
1726814592842 1.238629 0
1726814592966 7.078897 7
1726814593089 2.220971 7
1726814593212 11.117124 7
1726814593336 2.115776 7
1726814594261 6.941608 0
1726814594385 0.144612 0
1726814594508 0.167655 0
1726814594631 1.248138 0
1726814594754 10.809599 0
1726814594878 4.402051 0
1726814595002 1.67071 0
1726814595125 4.146848 0
1726814595248 1.950332 0
1726814595371 1.034401 0
1726814595494 3.360158 8
1726814595618 0.773628 8
1726814595741 3.350473 8
1726814595864 0.318207 8
1726814596791 0.339897 0
1726814596915 0.4515 0
1726814597044 0.472066 0
1726814597166 1.860209 0
1726814597289 4.89942 0
1726814597412 4.259753 0
1726814597535 1.325553 0
1726814597658 3.540168 0
1726814597781 4.290257 0
1726814597906 2.99742 0
1726814598029 2.792861 9
1726814598153 0.558062 9
1726814598277 43.082817 9
1726814598400 0.475512 9
1726814599329 0.236811 0
1726814599452 0.131224 0
1726814599575 0.144939 0
1726814599699 3.649223 0
1726814599822 2.918227 0
1726814599945 2.082289 0
1726814600068 3.882467 0
1726814600192 1.012201 0
1726814600315 0.745204 0
1726814600438 0.77446 0
1726814600562 3.561462 10
1726814600686 2.1789 10
1726814600810 1.484937 10
1726814600933 0.622684 10
