1726833070040 0.579331 0
1726833070197 0.365775 0
1726833070369 0.594103 0
1726833070543 1.087052 0
1726833070711 0.279432 0
1726833070882 0.287912 0
1726833071051 0.281074 0
1726833071220 0.2541 0
1726833071376 0.1587 0
1726833071535 0.184651 0
1726833072603 0.432513 0
1726833072761 0.192301 0
1726833072932 0.571396 0
1726833073096 0.448639 0
1726833073256 0.320377 0
1726833073424 0.666257 0
1726833073590 0.468629 0
1726833073755 0.353529 0
1726833073907 0.214395 0
1726833074040 0.475321 0
1726833075012 0.590174 0
1726833075177 0.18336 0
1726833075347 0.575398 0
1726833075514 0.751726 0
1726833075680 0.342611 0
1726833075832 0.270324 0
1726833076000 0.42913 0
1726833076168 0.244558 0
1726833076337 0.368778 0
1726833076492 0.520247 0
1726833077469 1.128097 0
1726833077657 0.176412 0
1726833077846 0.504732 0
1726833078035 0.7833 0
1726833078230 0.467759 0
1726833078408 0.299786 0
1726833078579 0.225726 0
1726833078746 0.204099 0
1726833078913 0.146484 0
1726833079069 0.167454 0
1726833080028 0.52803 0
1726833080196 0.230186 0
1726833080367 0.74639 0
1726833080537 0.99848 0
1726833080709 0.253212 0
1726833080873 0.23752 0
1726833081034 0.20663 0
1726833081203 0.160469 0
1726833081368 0.109716 0
1726833081524 0.146253 0
1726833082489 0.319606 0
1726833082655 0.165846 0
1726833082835 0.588512 0
1726833083002 0.417549 0
1726833083169 0.222059 0
1726833083333 0.23211 0
1726833083502 0.235001 0
1726833083670 0.160789 0
1726833083838 0.121126 0
1726833083999 0.177044 0
1726833084872 0.288122 0
1726833085021 0.136667 0
1726833085165 0.459953 0
1726833085329 0.329545 0
1726833085486 0.2441 0
1726833085621 0.200293 0
1726833085765 0.195228 0
1726833085933 0.15275 0
1726833086102 0.102893 0
1726833086273 0.139158 0
1726833087250 0.289469 0
1726833087431 0.133599 0
1726833087614 0.456794 0
1726833087793 0.395864 0
1726833087969 0.22839 0
1726833088149 0.204424 0
1726833088316 0.193518 0
1726833088485 0.152519 0
1726833088639 0.107687 0
1726833088788 0.133708 0
1726833089770 0.284027 0
1726833089935 0.123254 0
1726833090092 0.444731 0
1726833090248 0.302063 0
1726833090416 0.209933 0
1726833090582 0.223194 0
1726833090750 0.221421 0
1726833090920 0.154714 0
1726833091091 0.104986 0
1726833091260 0.142169 0
1726833092193 0.28615 0
1726833092365 0.133116 0
1726833092533 0.438213 0
1726833092706 0.292479 0
1726833092870 0.207266 0
1726833093041 0.194885 0
1726833093206 0.196085 0
1726833093362 0.14814 0
1726833093520 0.100245 0
1726833093686 0.134856 0
