1726760916789 23.265816 0
1726760916883 0.857486 0
1726760916973 3.360979 0
1726760917061 0.321393 0
1726760917152 1.754698 0
1726760917242 1.375469 0
1726760917335 1.214448 0
1726760917435 2.297122 0
1726760917530 1.304205 0
1726760917629 1.357827 0
1726760917720 0.499999 1
1726760917810 0.253173 1
1726760917899 0.855847 1
1726760917988 1.671518 1
1726760918077 3.243389 1
1726760918167 1.000421 1
1726760918256 9.716875 1
1726760918346 0.553403 1
1726760918437 0.916597 1
1726760918526 1.854824 1
1726760918616 131.002686 2
1726760918705 1.076327 2
1726760918795 0.47035 2
1726760918885 0.575229 2
1726760918976 21.030151 2
1726760919067 2.510213 2
1726760919159 9.944842 2
1726760919249 0.657501 2
1726760919337 1.154471 2
1726760919425 15.589436 2
1726760919513 1.479398 3
1726760921026 0.837273 0
1726760921125 0.511279 0
1726760921214 2.743875 0
1726760921313 0.218792 0
1726760921407 2.449975 0
1726760921496 2.627988 0
1726760921585 1.514874 0
1726760921673 0.603001 0
1726760921770 1.092381 0
1726760921857 1.3236 0
1726760921947 0.598533 2
1726760922036 0.477398 2
1726760922127 0.570272 2
1726760922220 3.851208 2
1726760922312 4.059075 2
1726760922409 1.140013 2
1726760922500 3.303961 2
1726760922588 0.586757 2
1726760922675 1.172148 2
1726760922763 4.258664 2
1726760922850 1.714037 4
1726760922937 0.936642 4
1726760923030 0.397063 4
1726760923119 0.550078 4
1726760923207 2.081903 4
1726760923297 1.004886 4
1726760923385 0.373389 4
1726760923473 0.534673 4
1726760923561 0.987848 4
1726760923648 1.386803 4
1726760923739 0.762391 6
1726760925198 3.554831 0
1726760925290 0.44556 0
1726760925379 1.795828 0
1726760925470 0.216628 0
1726760925560 2.070425 0
1726760925649 0.605811 0
1726760925736 1.175531 0
1726760925834 0.621944 0
1726760925924 1.281369 0
1726760926013 1.289393 0
1726760926102 0.499567 3
1726760926190 0.755827 3
1726760926278 0.868098 3
1726760926367 0.683983 3
1726760926455 2.06915 3
1726760926542 1.498528 3
1726760926630 0.553717 3
1726760926720 0.534836 3
1726760926809 0.811253 3
1726760926898 0.691808 3
1726760926985 1.338972 6
1726760927073 7.186789 6
1726760927163 1.549723 6
1726760927251 0.92976 6
1726760927340 2.589092 6
1726760927436 0.576262 6
1726760927525 0.679381 6
1726760927613 1.479512 6
1726760927701 4.090332 6
1726760927789 0.574538 6
1726760927888 0.737049 9
1726760929360 1.104643 0
1726760929458 0.688672 0
1726760929551 1.745901 0
1726760929642 0.203306 0
1726760929737 2.145719 0
1726760929829 1.492839 0
1726760929927 1.387456 0
1726760930021 6.035425 0
1726760930112 4.0311 0
1726760930202 7.681395 0
1726760930291 0.635796 4
1726760930381 0.528132 4
1726760930473 0.748809 4
1726760930563 0.754112 4
1726760930652 0.960106 4
1726760930742 1.822954 4
1726760930831 2.171387 4
1726760930920 0.509046 4
1726760931009 56.294079 4
1726760931098 1.047751 4
1726760931186 1.80179 8
1726760931281 0.618011 8
1726760931386 0.472839 8
1726760931481 0.413973 8
1726760931570 2.214923 8
1726760931659 0.836433 8
1726760931749 1.006646 8
1726760931836 0.746135 8
1726760931931 0.708543 8
1726760932030 0.698993 8
1726760932123 0.797042 12
1726760933659 1.466675 0
1726760933762 0.544243 0
1726760933852 1.677944 0
1726760933942 0.244302 0
1726760934040 1.020938 0
1726760934130 0.769714 0
1726760934220 3.518905 0
1726760934309 1.220557 0
1726760934400 1.079839 0
1726760934489 1.089987 0
1726760934580 0.54371 5
1726760934670 0.381824 5
1726760934759 0.659785 5
1726760934850 1.496111 5
1726760934938 1.201998 5
1726760935027 1.130814 5
1726760935119 0.581271 5
1726760935209 0.712872 5
1726760935299 1.506572 5
1726760935389 19.210003 5
1726760935478 1.814176 10
1726760935567 0.800054 10
1726760935657 1.983668 10
1726760935744 0.52867 10
1726760935833 1.223819 10
1726760935923 0.580093 10
1726760936016 0.502562 10
1726760936107 0.783415 10
1726760936197 1.64427 10
1726760936287 0.65752 10
1726760936376 0.660283 15
1726760937913 0.848478 0
1726760938014 0.485259 0
1726760938112 1.343234 0
1726760938204 0.273052 0
1726760938297 1.925843 0
1726760938386 0.545525 0
1726760938476 2.30337 0
1726760938565 2.199688 0
1726760938653 4.624771 0
1726760938742 1.018004 0
1726760938832 0.5142 6
1726760938921 0.497092 6
1726760939011 5.271232 6
1726760939100 0.82132 6
1726760939188 1.231203 6
1726760939277 0.900774 6
1726760939365 0.575862 6
1726760939453 0.709582 6
1726760939541 1.350173 6
1726760939632 1.143101 6
1726760939720 26.143517 12
1726760939810 2.407385 12
1726760939899 0.327334 12
1726760939987 0.438 12
1726760940078 0.90224 12
1726760940175 0.95408 12
1726760940265 0.540827 12
1726760940357 2.113497 12
1726760940447 0.836813 12
1726760940536 0.621362 12
1726760940624 2.769539 18
1726760942098 0.967859 0
1726760942203 0.590797 0
1726760942292 1.531389 0
1726760942383 0.250242 0
1726760942476 1.182485 0
1726760942567 0.582853 0
1726760942655 1.638299 0
1726760942744 1.126533 0
1726760942832 1.458832 0
1726760942920 1.039572 0
1726760943011 0.791892 7
1726760943100 0.973835 7
1726760943189 2.600796 7
1726760943284 0.858625 7
1726760943373 0.821615 7
1726760943461 1.340306 7
1726760943548 0.559248 7
1726760943636 2.643396 7
1726760943724 1.001554 7
1726760943813 1.19717 7
1726760943904 6.547059 14
1726760943994 1.071004 14
1726760944082 0.318169 14
1726760944177 0.440469 14
1726760944274 1.369817 14
1726760944363 0.578897 14
1726760944455 0.534093 14
1726760944544 0.958216 14
1726760944635 0.824533 14
1726760944725 0.553589 14
1726760944817 1.065049 21
1726760946326 0.763771 0
1726760946420 0.567445 0
1726760946510 1.304841 0
1726760946601 0.231395 0
1726760946691 1.045394 0
1726760946782 0.690187 0
1726760946872 1.906299 0
1726760946961 2.59585 0
1726760947051 6.127269 0
1726760947141 0.99852 0
1726760947230 0.497244 8
1726760947320 0.369859 8
1726760947410 2.758517 8
1726760947505 0.916342 8
1726760947593 2.830806 8
1726760947682 0.898184 8
1726760947774 0.541487 8
1726760947864 1.105254 8
1726760947956 1.008626 8
1726760948047 1.721468 8
1726760948137 46.590641 16
1726760948226 0.824464 16
1726760948324 0.344589 16
1726760948415 0.435083 16
1726760948503 1.082943 16
1726760948595 0.684161 16
1726760948685 1.087009 16
1726760948773 1.105215 16
1726760948862 1.052871 16
1726760948952 0.594557 16
1726760949042 0.648804 24
1726760950538 0.800051 0
1726760950638 0.543216 0
1726760950727 1.289462 0
1726760950816 0.253461 0
1726760950905 1.864809 0
1726760950994 0.583625 0
1726760951083 8.284353 0
1726760951171 1.531544 0
1726760951260 2.0004 0
1726760951348 0.789449 0
1726760951436 3.344408 9
1726760951525 0.492653 9
1726760951615 0.833168 9
1726760951708 1.342855 9
1726760951797 3.025476 9
1726760951887 1.0285 9
1726760951976 0.516204 9
1726760952064 0.751458 9
1726760952152 0.876341 9
1726760952243 1.588212 9
1726760952332 3.640461 18
1726760952433 1.533245 18
1726760952526 0.315501 18
1726760952615 0.455956 18
1726760952704 1.077556 18
1726760952792 0.579147 18
1726760952890 0.597547 18
1726760952984 1.273255 18
1726760953074 1.067444 18
1726760953162 0.614171 18
1726760953250 0.850103 27
