1726851904464 73.665947 0
1726851904627 1.879084 0
1726851904785 2.031437 0
1726851904937 3.149949 0
1726851905083 6.526114 0
1726851905227 3.254126 0
1726851905366 4.784819 0
1726851905506 0.730039 0
1726851905646 476.354279 0
1726851905791 0.713401 0
1726851905940 1.107116 1
1726851906088 2.599543 1
1726851906235 5.948601 1
1726851906379 0.791678 1
1726851906521 1.703621 1
1726851906662 0.695324 1
1726851906802 1.295681 1
1726851906942 6.139929 1
1726851907078 4.333165 1
1726851907211 3.670056 1
1726851907342 1.857567 2
1726851907472 2.656085 2
1726851907604 1.225709 2
1726851907741 7.238335 2
1726851911750 5.412102 0
1726851911937 2.853564 0
1726851912111 3.154181 0
1726851912267 2.424412 0
1726851912413 2.661115 0
1726851912555 1.081692 0
1726851912691 15.647366 0
1726851912825 3.301055 0
1726851912955 5.924891 0
1726851913088 0.627636 0
1726851913222 0.544736 2
1726851913363 2.239998 2
1726851913508 3.782804 2
1726851913651 0.958836 2
1726851913794 1.06284 2
1726851913942 3.172547 2
1726851914087 1.079154 2
1726851914228 4.366413 2
1726851914370 6.997107 2
1726851914510 1.073131 2
1726851914644 2.4447 4
1726851914777 7.789748 4
1726851914908 1.173252 4
1726851915047 1.824566 4
1726851918999 0.583478 0
1726851919188 7.925508 0
1726851919365 1.962001 0
1726851919529 2.156782 0
1726851919682 2.952087 0
1726851919827 3.156879 0
1726851919971 1.847162 0
1726851920115 1.694881 0
1726851920262 1.764792 0
1726851920408 5.171808 0
1726851920555 0.551483 3
1726851920697 3.888357 3
1726851920836 2.94879 3
1726851920973 1.695025 3
1726851921109 4.622045 3
1726851921246 1.08134 3
1726851921383 2.016766 3
1726851921524 70.206894 3
1726851921663 3.564664 3
1726851921801 2.672353 3
1726851921942 6.570685 6
1726851922085 21.026733 6
1726851922225 1.041488 6
1726851922362 1.912933 6
1726851926481 4.555654 0
1726851926676 2.437527 0
1726851926852 4.269683 0
1726851927018 2.60316 0
1726851927172 2.006376 0
1726851927321 1.472139 0
1726851927468 2.40265 0
1726851927618 0.800617 0
1726851927773 9.659003 0
1726851927931 1.957175 0
1726851928084 2.556692 4
1726851928236 2.276554 4
1726851928394 34.718636 4
1726851928550 1.148373 4
1726851928701 2.72716 4
1726851928844 0.837646 4
1726851928980 1.291283 4
1726851929112 3.98849 4
1726851929243 4.704942 4
1726851929375 1.499711 4
1726851929507 1.216184 8
1726851929639 2.89311 8
1726851929772 1.0425 8
1726851929911 1.649048 8
1726851934014 0.487568 0
1726851934201 3.553361 0
1726851934382 1.121965 0
1726851934568 2.572186 0
1726851934742 2.374266 0
1726851934897 1.270263 0
1726851935043 8.115754 0
1726851935187 1.327951 0
1726851935328 2.994654 0
1726851935472 1.449566 0
1726851935614 1.077608 5
1726851935759 1.176497 5
1726851935902 5.298491 5
1726851936050 0.940534 5
1726851936202 1.251979 5
1726851936355 0.719274 5
1726851936507 1.504015 5
1726851936651 2.095923 5
1726851936793 4.685803 5
1726851936931 1.146308 5
1726851937068 1.319944 10
1726851937205 1.657565 10
1726851937343 2.593077 10
1726851937479 41.098427 10
1726851941297 70.909958 0
1726851941483 2.34469 0
1726851941658 0.913446 0
1726851941817 5.318843 0
1726851941963 7.08317 0
1726851942104 29.225758 0
1726851942241 1.150131 0
1726851942376 0.94109 0
1726851942514 10.996986 0
1726851942653 1.848294 0
1726851942792 0.97217 6
1726851942933 1.614874 6
1726851943076 23.240902 6
1726851943220 1.174209 6
1726851943366 1.365704 6
1726851943511 0.881232 6
1726851943656 5.079311 6
1726851943798 3.473409 6
1726851943947 1.974932 6
1726851944099 2.439953 6
1726851944252 1.794077 12
1726851944404 1.287182 12
1726851944566 1.115592 12
1726851944719 1.211673 12
1726851948847 0.511205 0
1726851949026 3.236915 0
1726851949186 0.835208 0
1726851949340 2.203712 0
1726851949491 1.94521 0
1726851949639 6.457814 0
1726851949781 1.297847 0
1726851949926 158.176285 0
1726851950073 4.697666 0
1726851950221 3.100803 0
1726851950367 1.637353 7
1726851950513 1.455581 7
1726851950660 5.367314 7
1726851950806 1.292058 7
1726851950956 1.145519 7
1726851951115 1.240034 7
1726851951269 1.831382 7
1726851951420 19.488708 7
1726851951566 2.317165 7
1726851951711 1.57102 7
1726851951854 1.180505 14
1726851951994 1.044789 14
1726851952133 1.825529 14
1726851952275 1.379097 14
1726851956167 38.113697 0
1726851956360 1.654504 0
1726851956535 0.898986 0
1726851956700 4.899667 0
1726851956863 1.526668 0
1726851957047 2.07699 0
1726851957223 1.279442 0
1726851957400 0.787377 0
1726851957568 8.112591 0
1726851957729 1.91875 0
1726851957881 1.296906 8
1726851958027 1.173136 8
1726851958172 3.955958 8
1726851958316 1.45983 8
1726851958459 1.288099 8
1726851958602 1.104815 8
1726851958748 1.114671 8
1726851958895 2.65515 8
1726851959039 2.002967 8
1726851959182 1.897107 8
1726851959329 0.96633 16
1726851959477 1.290698 16
1726851959622 3.991701 16
1726851959767 1.331683 16
1726851964018 0.67583 0
1726851964208 1.730201 0
1726851964376 1.879846 0
1726851964533 2.713088 0
1726851964687 14.949487 0
1726851964838 1.597347 0
1726851964995 1.275215 0
1726851965155 0.800794 0
1726851965312 6.009331 0
1726851965466 3.968534 0
1726851965615 1.150639 9
1726851965761 1.423282 9
1726851965904 2.650203 9
1726851966044 1.091957 9
1726851966180 1.179644 9
1726851966318 1.157438 9
1726851966459 0.995486 9
1726851966596 3.729129 9
1726851966729 1.892972 9
1726851966860 1.901987 9
1726851966991 1.081087 18
1726851967123 1.707043 18
1726851967257 1.325675 18
1726851967391 1.163544 18
1726851971302 0.665144 0
1726851971501 2.115797 0
1726851971686 1.007027 0
1726851971861 2.033593 0
1726851972025 1.993153 0
1726851972181 1.454403 0
1726851972329 1.261947 0
1726851972474 1.197387 0
1726851972618 6.589236 0
1726851972761 1.511758 0
1726851972899 1.845484 10
1726851973035 1.184166 10
1726851973168 6.159825 10
1726851973302 1.396619 10
1726851973438 1.281097 10
1726851973573 1.156456 10
1726851973709 1.069523 10
1726851973846 1.834467 10
1726851973986 18.814091 10
1726851974127 2.518143 10
1726851974265 2.125779 20
1726851974402 1.042316 20
1726851974540 1.521219 20
1726851974678 1.872894 20
