1726757952991 62.269188 0
1726757953109 27.184912 0
1726757953224 0.950285 0
1726757953338 1.69835 0
1726757953453 3.661091 0
1726757953569 1.978294 0
1726757953684 2.075361 0
1726757953800 2.405735 0
1726757953915 2.625864 0
1726757954029 2.822968 0
1726757954144 3.255532 1
1726757954262 1.811678 1
1726757954379 2.422334 1
1726757954495 3.366792 1
1726757955386 0.30648 0
1726757955501 0.193091 0
1726757955616 0.206682 0
1726757955731 2.024488 0
1726757955847 2.181294 0
1726757955961 1.338363 0
1726757956076 0.913283 0
1726757956190 1.793351 0
1726757956306 2.973709 0
1726757956422 1.230775 0
1726757956537 3.753776 2
1726757956653 2.147314 2
1726757956768 0.841749 2
1726757956883 0.418449 2
1726757957785 0.8697 0
1726757957901 0.174532 0
1726757958016 0.208218 0
1726757958131 8.087805 0
1726757958246 22.162685 0
1726757958362 1.665596 0
1726757958476 1.331544 0
1726757958591 1.543989 0
1726757958709 35.393059 0
1726757958829 0.893984 0
1726757958943 1.10308 3
1726757959058 1.592359 3
1726757959178 1.270926 3
1726757959295 2.663339 3
1726757960200 0.336195 0
1726757960316 0.373108 0
1726757960434 0.373439 0
1726757960555 1.227658 0
1726757960675 3.185029 0
1726757960792 6.289163 0
1726757960909 1.386543 0
1726757961026 2.847832 0
1726757961141 5.168865 0
1726757961260 1.723477 0
1726757961386 1.132318 4
1726757961503 2.242847 4
1726757961625 1.290655 4
1726757961743 18.253757 4
