1726751030963 0.63326 0
1726751031132 0.480933 0
1726751031280 0.33045 0
1726751031417 0.190357 0
1726751031547 0.225907 0
1726751031667 0.243137 0
1726751031782 0.493623 0
1726751031896 0.196704 0
1726751032009 0.415107 0
1726751032122 0.464735 0
1726751032234 0.260895 1
1726751032347 0.62918 1
1726751032461 0.405593 1
1726751034776 0.570745 0
1726751034942 0.420851 0
1726751035084 0.28712 0
1726751035217 0.180938 0
1726751035342 0.219907 0
1726751035461 0.087521 0
1726751035575 0.534371 0
1726751035689 0.09089 0
1726751035803 0.335394 0
1726751035916 0.478929 0
1726751036037 0.235074 2
1726751036154 0.364547 2
1726751036270 0.310365 2
1726751038080 1.480246 0
1726751038251 0.537863 0
1726751038408 0.283742 0
1726751038550 0.223801 0
1726751038678 0.254381 0
1726751038798 0.102541 0
1726751038915 0.456017 0
1726751039029 0.079852 0
1726751039142 0.340551 0
1726751039255 0.45486 0
1726751039370 0.255403 3
1726751039484 0.210659 3
1726751039599 0.216839 3
1726751041179 0.700693 0
1726751041348 0.442322 0
1726751041497 0.262 0
1726751041631 0.209331 0
1726751041755 0.223675 0
1726751041871 0.082044 0
1726751041984 0.416925 0
1726751042098 0.073002 0
1726751042210 0.444313 0
1726751042324 0.497002 0
1726751042437 0.25856 4
1726751042551 0.185923 4
1726751042664 0.203371 4
1726751044197 0.323572 0
1726751044364 0.43244 0
1726751044506 0.257528 0
1726751044634 0.170638 0
1726751044754 0.220844 0
1726751044872 0.065279 0
1726751044985 0.483681 0
1726751045098 0.076816 0
1726751045212 0.431455 0
1726751045325 0.407293 0
1726751045438 0.247557 5
1726751045552 0.230099 5
1726751045664 0.209632 5
1726751047245 0.437167 0
1726751047411 0.403229 0
1726751047555 0.250441 0
1726751047686 0.175232 0
1726751047813 0.254718 0
1726751047937 0.070692 0
1726751048058 0.462714 0
1726751048176 0.070005 0
1726751048290 0.432713 0
1726751048403 0.392954 0
1726751048516 0.260741 6
1726751048629 0.175863 6
1726751048742 0.209552 6
1726751050280 0.356603 0
1726751050454 0.40408 0
1726751050608 0.249344 0
1726751050742 0.136084 0
1726751050866 0.234861 0
1726751050984 0.078042 0
1726751051098 0.447036 0
1726751051211 0.074331 0
1726751051323 0.411051 0
1726751051436 0.387263 0
1726751051550 0.244398 7
1726751051663 0.198044 7
1726751051778 0.20318 7
1726751053399 0.372911 0
1726751053577 0.39329 0
1726751053738 0.249917 0
1726751053874 0.139079 0
1726751054001 0.226463 0
1726751054121 0.075424 0
1726751054236 0.428528 0
1726751054349 0.070651 0
1726751054462 0.381051 0
1726751054575 0.396292 0
1726751054687 0.244347 8
1726751054803 0.196777 8
1726751054916 0.202256 8
1726751056480 0.317833 0
1726751056652 0.397775 0
1726751056801 0.250616 0
1726751056938 0.133185 0
1726751057064 0.214762 0
1726751057182 0.066629 0
1726751057296 0.424175 0
1726751057409 0.07233 0
1726751057521 0.404812 0
1726751057634 0.384456 0
1726751057746 0.23654 9
1726751057858 0.182787 9
1726751057971 0.20073 9
1726751059614 0.314505 0
1726751059782 0.396648 0
1726751059931 0.250377 0
1726751060069 0.135543 0
1726751060196 0.216203 0
1726751060318 0.058331 0
1726751060433 0.429968 0
1726751060546 0.07258 0
1726751060659 0.409786 0
1726751060771 0.382034 0
1726751060884 0.240033 10
1726751060997 0.182253 10
1726751061110 0.206196 10
