1726832405588 0.0 0
1726832405716 10.0 0
1726832405843 20.0 0
1726832405972 30.0 0
1726832406100 40.0 0
1726832406232 50.0 0
1726832406878 0.0 0
1726832407006 10.0 0
1726832407134 20.0 0
1726832407262 30.0 0
1726832407391 40.0 0
1726832407518 50.0 0
1726832408085 0.0 0
1726832408226 10.0 0
1726832408359 20.0 0
1726832408490 30.0 0
1726832408626 40.0 0
1726832408758 50.0 0
1726832409334 0.0 0
1726832409462 10.0 0
1726832409590 20.0 0
1726832409730 30.0 0
1726832409858 40.0 0
1726832409986 50.0 0
1726832410546 0.0 0
1726832410675 10.0 0
1726832410807 20.0 0
1726832410941 30.0 0
1726832411072 40.0 0
1726832411202 50.0 0
1726832411774 0.0 0
1726832411906 10.0 0
1726832412036 20.0 0
1726832412166 30.0 0
1726832412295 40.0 0
1726832412423 50.0 0
1726832412980 0.0 0
1726832413109 10.0 0
1726832413241 20.0 0
1726832413373 30.0 0
1726832413513 40.0 0
1726832413645 50.0 0
1726832414229 0.0 0
1726832414359 10.0 0
1726832414487 20.0 0
1726832414615 30.0 0
1726832414746 40.0 0
1726832414877 50.0 0
1726832415444 0.0 0
1726832415573 10.0 0
1726832415701 20.0 0
1726832415830 30.0 0
1726832415957 40.0 0
1726832416085 50.0 0
1726832416647 0.0 0
1726832416797 10.0 0
1726832416929 20.0 0
1726832417060 30.0 0
1726832417191 40.0 0
1726832417324 50.0 0
