1726850903608 0.0 0
1726850903768 10.0 0
1726850903932 20.0 0
1726850904083 30.0 0
1726850904227 40.0 0
1726850904367 50.0 0
1726850904506 60.0 0
1726850904643 70.0 0
1726850904782 80.0 0
1726850904925 90.0 0
1726850905067 100.0 1
1726850905221 110.0 1
1726850905369 120.0 1
1726850905511 130.0 1
1726850905654 140.0 1
1726850905793 150.0 1
1726850905936 160.0 1
1726850906079 170.0 1
1726850906226 180.0 1
1726850906377 190.0 1
1726850906524 200.0 2
1726850909889 0.0 0
1726850910083 10.0 0
1726850910259 20.0 0
1726850910430 30.0 0
1726850910593 40.0 0
1726850910747 50.0 0
1726850910892 60.0 0
1726850911032 70.0 0
1726850911169 80.0 0
1726850911304 90.0 0
1726850911436 100.0 2
1726850911567 110.0 2
1726850911700 120.0 2
1726850911834 130.0 2
1726850911970 140.0 2
1726850912108 150.0 2
1726850912243 160.0 2
1726850912378 170.0 2
1726850912516 180.0 2
1726850912654 190.0 2
1726850912790 200.0 4
1726850915906 0.0 0
1726850916099 10.0 0
1726850916280 20.0 0
1726850916449 30.0 0
1726850916604 40.0 0
1726850916748 50.0 0
1726850916887 60.0 0
1726850917023 70.0 0
1726850917156 80.0 0
1726850917288 90.0 0
1726850917422 100.0 3
1726850917558 110.0 3
1726850917694 120.0 3
1726850917831 130.0 3
1726850917969 140.0 3
1726850918105 150.0 3
1726850918245 160.0 3
1726850918389 170.0 3
1726850918529 180.0 3
1726850918669 190.0 3
1726850918809 200.0 6
1726850922108 0.0 0
1726850922304 10.0 0
1726850922483 20.0 0
1726850922639 30.0 0
1726850922787 40.0 0
1726850922932 50.0 0
1726850923076 60.0 0
1726850923228 70.0 0
1726850923376 80.0 0
1726850923520 90.0 0
1726850923663 100.0 4
1726850923806 110.0 4
1726850923947 120.0 4
1726850924086 130.0 4
1726850924225 140.0 4
1726850924368 150.0 4
1726850924515 160.0 4
1726850924657 170.0 4
1726850924798 180.0 4
1726850924937 190.0 4
1726850925073 200.0 8
1726850928343 0.0 0
1726850928542 10.0 0
1726850928723 20.0 0
1726850928888 30.0 0
1726850929040 40.0 0
1726850929182 50.0 0
1726850929319 60.0 0
1726850929456 70.0 0
1726850929590 80.0 0
1726850929723 90.0 0
1726850929856 100.0 5
1726850929988 110.0 5
1726850930121 120.0 5
1726850930254 130.0 5
1726850930389 140.0 5
1726850930531 150.0 5
1726850930679 160.0 5
1726850930830 170.0 5
1726850930979 180.0 5
1726850931128 190.0 5
1726850931276 200.0 10
1726850934624 0.0 0
1726850934814 10.0 0
1726850934989 20.0 0
1726850935146 30.0 0
1726850935295 40.0 0
1726850935439 50.0 0
1726850935578 60.0 0
1726850935716 70.0 0
1726850935855 80.0 0
1726850935991 90.0 0
1726850936122 100.0 6
1726850936253 110.0 6
1726850936383 120.0 6
1726850936515 130.0 6
1726850936650 140.0 6
1726850936793 150.0 6
1726850936943 160.0 6
1726850937098 170.0 6
1726850937247 180.0 6
1726850937390 190.0 6
1726850937530 200.0 12
1726850940838 0.0 0
1726850941016 10.0 0
1726850941178 20.0 0
1726850941330 30.0 0
1726850941477 40.0 0
1726850941618 50.0 0
1726850941759 60.0 0
1726850941900 70.0 0
1726850942047 80.0 0
1726850942191 90.0 0
1726850942331 100.0 7
1726850942469 110.0 7
1726850942603 120.0 7
1726850942735 130.0 7
1726850942869 140.0 7
1726850943002 150.0 7
1726850943135 160.0 7
1726850943270 170.0 7
1726850943406 180.0 7
1726850943546 190.0 7
1726850943690 200.0 14
1726850947007 0.0 0
1726850947191 10.0 0
1726850947358 20.0 0
1726850947517 30.0 0
1726850947666 40.0 0
1726850947808 50.0 0
1726850947949 60.0 0
1726850948094 70.0 0
1726850948244 80.0 0
1726850948395 90.0 0
1726850948543 100.0 8
1726850948690 110.0 8
1726850948833 120.0 8
1726850948973 130.0 8
1726850949116 140.0 8
1726850949256 150.0 8
1726850949392 160.0 8
1726850949529 170.0 8
1726850949669 180.0 8
1726850949812 190.0 8
1726850949961 200.0 16
1726850953694 0.0 0
1726850953886 10.0 0
1726850954055 20.0 0
1726850954210 30.0 0
1726850954359 40.0 0
1726850954506 50.0 0
1726850954685 60.0 0
1726850954836 70.0 0
1726850954982 80.0 0
1726850955127 90.0 0
1726850955276 100.0 9
1726850955431 110.0 9
1726850955581 120.0 9
1726850955729 130.0 9
1726850955880 140.0 9
1726850956030 150.0 9
1726850956177 160.0 9
1726850956326 170.0 9
1726850956473 180.0 9
1726850956620 190.0 9
1726850956765 200.0 18
1726850960191 0.0 0
1726850960385 10.0 0
1726850960563 20.0 0
1726850960732 30.0 0
1726850960887 40.0 0
1726850961032 50.0 0
1726850961174 60.0 0
1726850961319 70.0 0
1726850961469 80.0 0
1726850961615 90.0 0
1726850961761 100.0 10
1726850961910 110.0 10
1726850962058 120.0 10
1726850962206 130.0 10
1726850962352 140.0 10
1726850962498 150.0 10
1726850962642 160.0 10
1726850962788 170.0 10
1726850962935 180.0 10
1726850963079 190.0 10
1726850963222 200.0 20
