1726888733487 0.0 0
1726888733626 10.0 0
1726888733763 20.0 0
1726888733900 30.0 0
1726888734039 40.0 0
1726888734177 50.0 0
1726888734314 60.0 0
1726888734452 70.0 0
1726888734589 80.0 0
1726888734728 90.0 0
1726888734869 100.0 1
1726888735817 0.0 0
1726888735956 10.0 0
1726888736096 20.0 0
1726888736234 30.0 0
1726888736372 40.0 0
1726888736510 50.0 0
1726888736646 60.0 0
1726888736783 70.0 0
1726888736922 80.0 0
1726888737063 90.0 0
1726888737203 100.0 2
1726888738112 0.0 0
1726888738249 10.0 0
1726888738386 20.0 0
1726888738523 30.0 0
1726888738659 40.0 0
1726888738797 50.0 0
1726888738936 60.0 0
1726888739075 70.0 0
1726888739213 80.0 0
1726888739349 90.0 0
1726888739488 100.0 3
1726888740385 0.0 0
1726888740523 10.0 0
1726888740660 20.0 0
1726888740803 30.0 0
1726888740941 40.0 0
1726888741083 50.0 0
1726888741221 60.0 0
1726888741359 70.0 0
1726888741497 80.0 0
1726888741635 90.0 0
1726888741772 100.0 4
