1727264521554 0.0 0
1727264521737 10.0 0
1727264521911 20.0 0
1727264522076 30.0 0
1727264522254 40.0 0
1727264522437 50.0 0
1727264522613 60.0 0
1727264522789 70.0 0
1727264522962 80.0 0
1727264523134 90.0 0
1727264523306 100.0 1
1727264523485 110.0 1
1727264523658 120.0 1
1727264523834 130.0 1
1727264524010 140.0 1
1727264524189 150.0 1
1727264524366 160.0 1
1727264524546 170.0 1
1727264524708 180.0 1
1727264524890 190.0 1
1727264525060 200.0 2
1727264525245 210.0 2
1727264525415 220.0 2
1727264525585 230.0 2
1727264527088 0.0 0
1727264527260 10.0 0
1727264527425 20.0 0
1727264527588 30.0 0
1727264527748 40.0 0
1727264527906 50.0 0
1727264528075 60.0 0
1727264528239 70.0 0
1727264528409 80.0 0
1727264528600 90.0 0
1727264528785 100.0 2
1727264528960 110.0 2
1727264529128 120.0 2
1727264529293 130.0 2
1727264529466 140.0 2
1727264529652 150.0 2
1727264529836 160.0 2
1727264530019 170.0 2
1727264530203 180.0 2
1727264530381 190.0 2
1727264530551 200.0 4
1727264530721 210.0 4
1727264530890 220.0 4
1727264531058 230.0 4
1727264532554 0.0 0
1727264532730 10.0 0
1727264532914 20.0 0
1727264533090 30.0 0
1727264533262 40.0 0
1727264533430 50.0 0
1727264533601 60.0 0
1727264533777 70.0 0
1727264533951 80.0 0
1727264534126 90.0 0
1727264534304 100.0 3
1727264534485 110.0 3
1727264534658 120.0 3
1727264534844 130.0 3
1727264535015 140.0 3
1727264535192 150.0 3
1727264535363 160.0 3
1727264535534 170.0 3
1727264535717 180.0 3
1727264535909 190.0 3
1727264536086 200.0 6
1727264536258 210.0 6
1727264536429 220.0 6
1727264536610 230.0 6
1727264538276 0.0 0
1727264538454 10.0 0
1727264538643 20.0 0
1727264538827 30.0 0
1727264538999 40.0 0
1727264539182 50.0 0
1727264539355 60.0 0
1727264539543 70.0 0
1727264539725 80.0 0
1727264539918 90.0 0
1727264540093 100.0 4
1727264540277 110.0 4
1727264540457 120.0 4
1727264540641 130.0 4
1727264540821 140.0 4
1727264540999 150.0 4
1727264541183 160.0 4
1727264541366 170.0 4
1727264541550 180.0 4
1727264541737 190.0 4
1727264541928 200.0 8
1727264542109 210.0 8
1727264542324 220.0 8
1727264542509 230.0 8
