1726810269750 1.369649 0
1726810269852 0.465548 0
1726810269952 0.43589 0
1726810270058 0.356517 0
1726810270161 0.376852 0
1726810270263 0.217612 0
1726810270365 0.224279 0
1726810270466 0.220806 0
1726810270568 0.190128 0
1726810270669 0.365611 0
1726810270771 0.50544 1
1726810270874 0.459321 1
1726810270977 0.140811 1
1726810271083 0.533476 1
1726810271194 0.281664 1
1726810271299 0.489736 1
1726810271401 0.283603 1
1726810271503 0.330902 1
1726810272468 0.578736 0
1726810272580 0.223856 0
1726810272686 0.387697 0
1726810272786 0.346356 0
1726810272886 0.211132 0
1726810272986 0.086372 0
1726810273087 0.216324 0
1726810273191 0.191364 0
1726810273299 0.172381 0
1726810273400 0.299451 0
1726810273501 0.498561 2
1726810273605 0.416122 2
1726810273709 0.154376 2
1726810273814 0.483094 2
1726810273916 0.203526 2
1726810274017 0.439802 2
1726810274117 0.286733 2
1726810274217 0.313455 2
1726810275252 0.518334 0
1726810275356 0.182521 0
1726810275459 0.38859 0
1726810275559 0.375194 0
1726810275659 0.206458 0
1726810275759 0.109999 0
1726810275860 0.210376 0
1726810275964 0.201102 0
1726810276069 0.165647 0
1726810276170 0.315321 0
1726810276271 0.531989 3
1726810276370 0.428035 3
1726810276471 0.153462 3
1726810276571 0.491899 3
1726810276671 0.218716 3
1726810276772 0.400335 3
1726810276871 0.299694 3
1726810276976 0.296094 3
1726810278055 0.730021 0
1726810278154 0.175538 0
1726810278255 0.403448 0
1726810278352 0.298814 0
1726810278452 0.375911 0
1726810278552 0.122837 0
1726810278654 0.212845 0
1726810278760 0.183549 0
1726810278865 0.177745 0
1726810278985 0.327327 0
1726810279087 0.514786 4
1726810279186 0.395781 4
1726810279286 0.161483 4
1726810279397 0.453816 4
1726810279498 0.213596 4
1726810279600 0.423319 4
1726810279699 0.286142 4
1726810279801 0.290679 4
1726810280746 0.698758 0
1726810280856 0.169394 0
1726810280956 0.405005 0
1726810281058 0.282506 0
1726810281162 0.216238 0
1726810281263 0.084665 0
1726810281366 0.217187 0
1726810281475 0.182456 0
1726810281578 0.17112 0
1726810281679 0.305292 0
1726810281782 0.547149 5
1726810281883 0.403818 5
1726810281984 0.159208 5
1726810282084 0.463994 5
1726810282183 0.216714 5
1726810282283 0.398531 5
1726810282382 0.278702 5
1726810282481 0.28031 5
1726810283459 0.47342 0
1726810283561 0.173348 0
1726810283663 0.41309 0
1726810283763 0.268466 0
1726810283867 0.266889 0
1726810283971 0.204209 0
1726810284073 0.200266 0
1726810284173 0.243605 0
1726810284274 0.183461 0
1726810284373 0.311374 0
1726810284474 0.580233 6
1726810284574 0.374343 6
1726810284675 0.166069 6
1726810284776 0.487107 6
1726810284875 0.242059 6
1726810284977 0.41708 6
1726810285078 0.29672 6
1726810285176 0.297147 6
