1726801843054 0.282424 0
1726801843157 0.254889 0
1726801843261 0.403558 0
1726801843362 0.663127 0
1726801843462 0.224735 0
1726801843561 0.264042 0
1726801843660 0.238209 0
1726801843760 0.120815 0
1726801843860 0.275971 0
1726801843958 0.315132 0
1726801844065 0.18971 1
1726801844168 0.102062 1
1726801844267 0.291847 1
1726801844375 0.818411 1
1726801844474 0.235813 1
1726801844575 0.976581 1
1726801844675 0.188719 1
1726801844775 0.063681 1
1726801844874 0.307795 1
1726801844972 0.695247 1
1726801845072 0.380022 2
1726801845171 0.105528 2
1726801845274 0.250379 2
1726801845379 0.104849 2
1726801845481 0.088692 2
1726801845580 0.10024 2
1726801845683 0.231888 2
1726801845786 0.138274 2
1726801845886 0.113848 2
1726801845985 0.093497 2
1726801846087 0.0794 3
1726801846187 0.03785 3
1726801846286 0.318935 3
1726801846395 0.079353 3
1726801846494 0.130084 3
1726801846593 0.067649 3
1726801846692 0.15873 3
1726801846791 0.061284 3
1726801846891 0.095771 3
1726801847000 0.245616 3
1726801847100 0.142159 4
1726801847201 0.242068 4
1726801847302 0.039503 4
1726801847401 0.381911 4
1726801847500 0.11771 4
1726801847599 0.081552 4
1726801847698 0.123289 4
1726801847798 0.059483 4
1726801847897 0.064919 4
1726801847995 0.082553 4
1726801848093 0.177111 5
1726801850779 0.375203 0
1726801850881 0.12754 0
1726801850981 0.069063 0
1726801851080 0.064061 0
1726801851180 0.03504 0
1726801851280 0.184564 0
1726801851381 0.321665 0
1726801851482 0.052149 0
1726801851582 0.141326 0
1726801851681 0.121564 0
1726801851783 0.123498 2
1726801851886 0.154078 2
1726801851987 0.154305 2
1726801852086 0.458396 2
1726801852185 0.16265 2
1726801852297 0.335166 2
1726801852397 0.155276 2
1726801852503 0.071092 2
1726801852605 0.190111 2
1726801852703 0.393808 2
1726801852803 0.318411 4
1726801852901 0.076015 4
1726801853000 0.324069 4
1726801853098 0.09762 4
1726801853196 0.079728 4
1726801853296 0.085373 4
1726801853395 0.155052 4
1726801853496 0.118417 4
1726801853595 0.132193 4
1726801853693 0.05981 4
1726801853795 0.064191 6
1726801853902 0.040563 6
1726801854003 0.147573 6
1726801854108 0.077661 6
1726801854208 0.053729 6
1726801854310 0.041537 6
1726801854408 0.157444 6
1726801854508 0.053886 6
1726801854613 0.084092 6
1726801854715 0.203838 6
1726801854819 0.133367 8
1726801854920 0.154312 8
1726801855021 0.024452 8
1726801855123 0.24178 8
1726801855222 0.129446 8
1726801855321 0.057876 8
1726801855420 0.096978 8
1726801855521 0.044059 8
1726801855619 0.067264 8
1726801855718 0.058454 8
1726801855821 0.138602 10
1726801858370 0.170734 0
1726801858480 0.065401 0
1726801858578 0.062272 0
1726801858685 0.061405 0
1726801858785 0.032956 0
1726801858884 0.159912 0
1726801858983 0.198443 0
1726801859094 0.048579 0
1726801859201 0.157733 0
1726801859304 0.11443 0
1726801859406 0.122374 3
1726801859508 0.136009 3
1726801859609 0.150036 3
1726801859709 0.351777 3
1726801859808 0.169538 3
1726801859908 0.24104 3
1726801860009 0.150867 3
1726801860108 0.072923 3
1726801860207 0.178225 3
1726801860307 0.294998 3
1726801860405 0.188911 6
1726801860503 0.075125 6
1726801860601 0.322824 6
1726801860708 0.084604 6
1726801860812 0.068366 6
1726801860913 0.079887 6
1726801861012 0.145532 6
1726801861111 0.124678 6
1726801861211 0.136336 6
1726801861310 0.060968 6
1726801861410 0.054291 9
1726801861510 0.035063 9
1726801861610 0.129084 9
1726801861708 0.03791 9
1726801861807 0.036518 9
1726801861906 0.04132 9
1726801862005 0.163692 9
1726801862104 0.049287 9
1726801862203 0.076446 9
1726801862305 0.186073 9
1726801862407 0.127794 12
1726801862509 0.132634 12
1726801862608 0.023607 12
1726801862711 0.21139 12
1726801862816 0.134373 12
1726801862914 0.060403 12
1726801863013 0.092331 12
1726801863112 0.038345 12
1726801863211 0.056392 12
1726801863310 0.063799 12
1726801863409 0.12588 15
1726801865946 0.125973 0
1726801866047 0.048796 0
1726801866150 0.053913 0
1726801866254 0.05903 0
1726801866358 0.03278 0
1726801866459 0.151131 0
1726801866558 0.166777 0
1726801866657 0.03854 0
1726801866757 0.136524 0
1726801866868 0.109144 0
1726801866973 0.108352 4
1726801867077 0.127468 4
1726801867177 0.14463 4
1726801867276 0.342112 4
1726801867375 0.158497 4
1726801867475 0.193014 4
1726801867574 0.139233 4
1726801867676 0.070792 4
1726801867775 0.179525 4
1726801867875 0.295283 4
1726801867976 0.120216 8
1726801868074 0.068703 8
1726801868174 0.347079 8
1726801868277 0.0738 8
1726801868378 0.064119 8
1726801868476 0.067631 8
1726801868583 0.116286 8
1726801868683 0.123981 8
1726801868783 0.136592 8
1726801868892 0.068436 8
1726801868991 0.050543 12
1726801869089 0.032797 12
1726801869187 0.114468 12
1726801869286 0.035543 12
1726801869385 0.029614 12
1726801869485 0.034879 12
1726801869584 0.17106 12
1726801869683 0.050846 12
1726801869784 0.075954 12
1726801869884 0.178437 12
1726801869985 0.128444 16
1726801870083 0.134974 16
1726801870183 0.025652 16
1726801870283 0.188328 16
1726801870383 0.135914 16
1726801870484 0.059719 16
1726801870583 0.090481 16
1726801870683 0.039743 16
1726801870783 0.066965 16
1726801870883 0.07077 16
1726801870988 0.123948 20
1726801873527 0.088357 0
1726801873631 0.035395 0
1726801873733 0.053227 0
1726801873834 0.054367 0
1726801873933 0.033686 0
1726801874033 0.145694 0
1726801874132 0.134836 0
1726801874233 0.038797 0
1726801874333 0.146498 0
1726801874433 0.108679 0
1726801874533 0.113074 5
1726801874638 0.11924 5
1726801874739 0.13921 5
1726801874838 0.323821 5
1726801874939 0.157392 5
1726801875048 0.195638 5
1726801875148 0.136061 5
1726801875249 0.07368 5
1726801875349 0.186496 5
1726801875445 0.272949 5
1726801875543 0.093495 10
1726801875641 0.067732 10
1726801875741 0.323619 10
1726801875846 0.07131 10
1726801875947 0.060283 10
1726801876046 0.057653 10
1726801876146 0.098796 10
1726801876245 0.112731 10
1726801876344 0.14392 10
1726801876444 0.058311 10
1726801876542 0.048539 15
1726801876642 0.031567 15
1726801876742 0.127673 15
1726801876841 0.030007 15
1726801876941 0.023772 15
1726801877048 0.035484 15
1726801877150 0.174238 15
1726801877250 0.047458 15
1726801877350 0.074007 15
1726801877451 0.165574 15
1726801877549 0.114087 20
1726801877649 0.128166 20
1726801877749 0.023796 20
1726801877850 0.179779 20
1726801877950 0.145033 20
1726801878051 0.052366 20
1726801878151 0.078268 20
1726801878252 0.040181 20
1726801878350 0.062092 20
1726801878449 0.064057 20
1726801878550 0.11346 25
