1726896736927 0.577935 0
1726896737066 0.308127 0
1726896737205 0.279815 0
1726896737349 0.353285 0
1726896737487 0.317135 0
1726896737629 0.127734 0
1726896737771 0.174823 0
1726896737910 0.23295 0
1726896738050 0.136905 0
1726896738189 1.205185 0
1726896738328 0.294063 1
1726896738468 0.219604 1
1726896738608 0.360514 1
1726896738747 0.216257 1
1726896738885 0.200831 1
1726896739024 0.364328 1
1726896739162 0.166617 1
1726896739301 0.159956 1
1726896739439 0.332321 1
1726896739580 0.235821 1
1726896739721 0.183997 2
1726896739861 0.377677 2
1726896740001 0.384358 2
1726896740140 0.448405 2
1726896741954 0.274303 0
1726896742095 0.134577 0
1726896742234 0.162633 0
1726896742372 0.196886 0
1726896742511 0.223249 0
1726896742654 0.069592 0
1726896742795 0.103779 0
1726896742934 0.256963 0
1726896743075 0.05352 0
1726896743214 0.502635 0
1726896743354 0.265637 2
1726896743494 0.197554 2
1726896743634 0.268457 2
1726896743772 0.152939 2
1726896743915 0.315935 2
1726896744055 0.378093 2
1726896744196 0.340545 2
1726896744336 0.191892 2
1726896744475 0.25587 2
1726896744614 0.297844 2
1726896744752 0.305073 4
1726896744893 0.323235 4
1726896745031 0.401404 4
1726896745171 0.574935 4
1726896746812 0.747825 0
1726896746952 0.214562 0
1726896747092 0.168878 0
1726896747231 0.252475 0
1726896747372 0.213434 0
1726896747511 0.121732 0
1726896747651 0.118732 0
1726896747790 0.296641 0
1726896747933 0.050439 0
1726896748072 0.511219 0
1726896748213 0.193643 3
1726896748352 0.16067 3
1726896748495 0.238948 3
1726896748634 0.099986 3
1726896748773 0.187081 3
1726896748912 0.250836 3
1726896749053 0.20567 3
1726896749192 0.143752 3
1726896749331 0.267987 3
1726896749471 0.214829 3
1726896749613 0.218307 6
1726896749754 0.340764 6
1726896749893 0.36792 6
1726896750035 0.288726 6
1726896751678 0.168741 0
1726896751818 0.142223 0
1726896751957 0.14619 0
1726896752101 0.205008 0
1726896752241 0.227327 0
1726896752381 0.064094 0
1726896752519 0.122342 0
1726896752659 0.268122 0
1726896752797 0.067842 0
1726896752937 0.452 0
1726896753078 0.213923 4
1726896753218 0.216335 4
1726896753357 0.237431 4
1726896753497 0.104726 4
1726896753636 0.210304 4
1726896753775 0.255187 4
1726896753914 0.2121 4
1726896754056 0.149708 4
1726896754196 0.250189 4
1726896754337 0.224894 4
1726896754476 0.195027 8
1726896754615 0.326979 8
1726896754753 0.372663 8
1726896754892 0.334262 8
1726896756544 0.133115 0
1726896756685 0.153306 0
1726896756824 0.1547 0
1726896756962 0.163833 0
1726896757104 0.223137 0
1726896757244 0.070292 0
1726896757383 0.109015 0
1726896757522 0.244514 0
1726896757661 0.044606 0
1726896757800 0.467094 0
1726896757939 0.187593 5
1726896758077 0.147375 5
1726896758220 0.243312 5
1726896758362 0.098688 5
1726896758503 0.213675 5
1726896758642 0.27031 5
1726896758781 0.219656 5
1726896758920 0.153533 5
1726896759059 0.251208 5
1726896759197 0.24414 5
1726896759335 0.257024 10
1726896759475 0.308769 10
1726896759614 0.358857 10
1726896759753 0.379433 10
1726896761394 0.13533 0
1726896761534 0.119985 0
1726896761674 0.145557 0
1726896761813 0.176654 0
1726896761953 0.200924 0
1726896762092 0.077133 0
1726896762232 0.105472 0
1726896762375 0.245633 0
1726896762515 0.054768 0
1726896762655 0.424832 0
1726896762795 0.197599 6
1726896762934 0.156252 6
1726896763074 0.231529 6
1726896763212 0.102535 6
1726896763352 0.214762 6
1726896763493 0.255896 6
1726896763632 0.186507 6
1726896763770 0.145159 6
1726896763910 0.250215 6
1726896764050 0.220219 6
1726896764189 0.211672 12
1726896764333 0.31797 12
1726896764473 0.357185 12
1726896764616 0.334728 12
1726896766241 0.115422 0
1726896766388 0.134645 0
1726896766530 0.145038 0
1726896766671 0.164814 0
1726896766811 0.207687 0
1726896766951 0.069298 0
1726896767091 0.103618 0
1726896767230 0.246525 0
1726896767370 0.045295 0
1726896767511 0.428788 0
1726896767651 0.195712 7
1726896767790 0.163246 7
1726896767929 0.231617 7
1726896768070 0.10818 7
1726896768210 0.220194 7
1726896768351 0.254612 7
1726896768494 0.194133 7
1726896768634 0.148583 7
1726896768776 0.244989 7
1726896768915 0.23005 7
1726896769055 0.226079 14
1726896769195 0.298771 14
1726896769334 0.354332 14
1726896769474 0.357782 14
1726896771119 0.117864 0
1726896771260 0.119732 0
1726896771399 0.140777 0
1726896771538 0.155551 0
1726896771679 0.201387 0
1726896771819 0.073654 0
1726896771959 0.1035 0
1726896772102 0.254387 0
1726896772243 0.046942 0
1726896772383 0.432072 0
1726896772524 0.185211 8
1726896772669 0.155985 8
1726896772809 0.22151 8
1726896772950 0.1047 8
1726896773098 0.210256 8
1726896773239 0.247982 8
1726896773378 0.185264 8
1726896773520 0.150463 8
1726896773659 0.239424 8
1726896773799 0.228221 8
1726896773939 0.217555 16
1726896774079 0.301675 16
1726896774219 0.356699 16
1726896774359 0.348499 16
1726896775992 0.118729 0
1726896776140 0.121749 0
1726896776280 0.146044 0
1726896776420 0.151262 0
1726896776562 0.204622 0
1726896776702 0.075319 0
1726896776844 0.101628 0
1726896776984 0.253776 0
1726896777124 0.046241 0
1726896777265 0.429945 0
1726896777404 0.191248 9
1726896777545 0.163715 9
1726896777685 0.220392 9
1726896777825 0.10734 9
1726896777964 0.220051 9
1726896778104 0.240782 9
1726896778244 0.185587 9
1726896778383 0.152764 9
1726896778525 0.241769 9
1726896778667 0.225437 9
1726896778807 0.219873 18
1726896778948 0.300966 18
1726896779089 0.35623 18
1726896779230 0.343519 18
1726896780877 0.115063 0
1726896781024 0.121175 0
1726896781163 0.14491 0
1726896781303 0.150712 0
1726896781443 0.202663 0
1726896781584 0.074821 0
1726896781724 0.106272 0
1726896781864 0.248056 0
1726896782005 0.044364 0
1726896782145 0.422675 0
1726896782286 0.18994 10
1726896782426 0.158873 10
1726896782565 0.230914 10
1726896782708 0.105393 10
1726896782849 0.21827 10
1726896782990 0.245785 10
1726896783130 0.181812 10
1726896783270 0.152384 10
1726896783410 0.236512 10
1726896783551 0.226552 10
1726896783689 0.220434 20
1726896783828 0.29984 20
1726896783967 0.350408 20
1726896784108 0.34811 20
