1727128608261 0.0 0
1727128608504 10.0 0
1727128608744 20.0 0
1727128608984 30.0 0
1727128609225 40.0 0
1727128609464 50.0 0
1727128609704 60.0 0
1727128609943 70.0 0
1727128610183 80.0 0
1727128610425 90.0 0
1727128610667 100.0 1
1727128612356 0.0 0
1727128612621 10.0 0
1727128612863 20.0 0
1727128613102 30.0 0
1727128613342 40.0 0
1727128613581 50.0 0
1727128613821 60.0 0
1727128614063 70.0 0
1727128614303 80.0 0
1727128614542 90.0 0
1727128614783 100.0 2
1727128616666 0.0 0
1727128616930 10.0 0
1727128617169 20.0 0
1727128617410 30.0 0
1727128617650 40.0 0
1727128617890 50.0 0
1727128618131 60.0 0
1727128618370 70.0 0
1727128618610 80.0 0
1727128618850 90.0 0
1727128619091 100.0 3
1727128620891 0.0 0
1727128621169 10.0 0
1727128621407 20.0 0
1727128621646 30.0 0
1727128621886 40.0 0
1727128622126 50.0 0
1727128622367 60.0 0
1727128622608 70.0 0
1727128622848 80.0 0
1727128623088 90.0 0
1727128623328 100.0 4
1727128625103 0.0 0
1727128625358 10.0 0
1727128625599 20.0 0
1727128625839 30.0 0
1727128626079 40.0 0
1727128626320 50.0 0
1727128626560 60.0 0
1727128626800 70.0 0
1727128627041 80.0 0
1727128627281 90.0 0
1727128627521 100.0 5
1727128629294 0.0 0
1727128629539 10.0 0
1727128629779 20.0 0
1727128630021 30.0 0
1727128630261 40.0 0
1727128630500 50.0 0
1727128630740 60.0 0
1727128630978 70.0 0
1727128631217 80.0 0
1727128631455 90.0 0
1727128631696 100.0 6
