1726868845654 51.244576 0
1726868845788 1.528324 0
1726868845922 1.205816 0
1726868846055 1.075815 0
1726868846189 5.522466 0
1726868846324 0.806324 0
1726868846458 0.898957 0
1726868846592 0.601594 0
1726868846725 9.391191 0
1726868846859 6.032177 0
1726868846994 10.158827 1
1726868847128 1.935765 1
1726868847262 3.958999 1
1726868847396 3.404732 1
1726868847529 8.524615 1
1726868847664 2.739604 1
1726868847798 0.812893 1
1726868847932 1.145207 1
1726868848066 3.433377 1
1726868848200 6.872499 1
1726868848334 4.320559 2
1726868848468 4.642058 2
1726868850055 1.803615 0
1726868850192 0.309833 0
1726868850326 0.961895 0
1726868850460 0.32782 0
1726868850593 2.257724 0
1726868850727 1.219854 0
1726868850861 5.479712 0
1726868850996 0.868565 0
1726868851132 2.413622 0
1726868851293 2.865743 0
1726868851426 3.530163 2
1726868851559 1.636816 2
1726868851692 7.058947 2
1726868851825 2.149948 2
1726868851958 280.068848 2
1726868852092 0.602803 2
1726868852225 1.941092 2
1726868852357 3.029814 2
1726868852491 1.825152 2
1726868852627 3.211958 2
1726868852760 0.973262 4
1726868852894 4197.022949 4
1726868854421 0.914757 0
1726868854554 0.308526 0
1726868854687 1.665949 0
1726868854821 0.323417 0
1726868854953 4.734212 0
1726868855086 2.016877 0
1726868855223 0.880458 0
1726868855357 0.405256 0
1726868855490 1.094864 0
1726868855625 6.682817 0
1726868855759 3.841482 3
1726868855892 0.73355 3
1726868856025 2.839265 3
1726868856159 8.022604 3
1726868856292 1.050907 3
1726868856425 1.054337 3
1726868856558 0.793116 3
1726868856691 1.12404 3
1726868856825 3.611429 3
1726868856958 5.058564 3
1726868857090 1.03193 6
1726868857225 2.017066 6
1726868858746 5.518681 0
1726868858880 0.670223 0
1726868859013 1.390303 0
1726868859146 0.615923 0
1726868859282 1.113378 0
1726868859415 0.724517 0
1726868859549 3.991948 0
1726868859682 1.61726 0
1726868859815 1.441805 0
1726868859948 3.18888 0
1726868860081 2.838219 4
1726868860215 0.711669 4
1726868860348 5.946726 4
1726868860482 14.116205 4
1726868860616 3.027653 4
1726868860750 0.748602 4
1726868860883 0.689894 4
1726868861016 1.410725 4
1726868861149 4.160152 4
1726868861283 1.139306 4
1726868861417 6.15356 8
1726868861551 3.491417 8
1726868863070 3.512372 0
1726868863204 1.215876 0
1726868863339 1.708527 0
1726868863472 0.348636 0
1726868863606 1.598559 0
1726868863740 0.530248 0
1726868863874 2.597128 0
1726868864008 0.4561 0
1726868864142 1.583682 0
1726868864275 1.293611 0
1726868864408 1.05108 5
1726868864541 0.591649 5
1726868864675 4.360577 5
1726868864809 29.047482 5
1726868864942 1.115847 5
1726868865075 0.601235 5
1726868865209 1.430892 5
1726868865345 1.117006 5
1726868865480 2.177001 5
1726868865612 6.149545 5
1726868865745 4.479899 10
1726868865878 3.460129 10
1726868867400 29.380465 0
1726868867537 0.374725 0
1726868867670 0.77696 0
1726868867849 0.365629 0
1726868867982 1.749604 0
1726868868117 0.893103 0
1726868868251 4.953706 0
1726868868384 0.508471 0
1726868868518 1.304535 0
1726868868651 1.402063 0
1726868868784 0.969376 6
1726868868917 0.780179 6
1726868869051 6.321445 6
1726868869184 10.717613 6
1726868869318 1.64789 6
1726868869453 1.08067 6
1726868869587 0.618099 6
1726868869722 2.133388 6
1726868869857 1.901557 6
1726868869990 2.428918 6
1726868870124 1.269354 12
1726868870258 49.708759 12
1726868871795 9.225889 0
1726868871930 0.507584 0
1726868872064 0.921606 0
1726868872198 0.370514 0
1726868872331 1.799627 0
1726868872465 0.838843 0
1726868872599 1.895455 0
1726868872733 0.532663 0
1726868872866 14.381532 0
1726868873000 1.444727 0
1726868873135 1.575925 7
1726868873269 0.557988 7
1726868873402 5.655017 7
1726868873537 5.561522 7
1726868873672 0.961042 7
1726868873805 0.949991 7
1726868873938 0.609584 7
1726868874071 2.629496 7
1726868874204 1.741954 7
1726868874338 3.26017 7
1726868874472 1.118939 14
1726868874605 6.711309 14
1726868876138 5.514161 0
1726868876272 0.420458 0
1726868876405 0.849759 0
1726868876538 0.357637 0
1726868876671 1.535804 0
1726868876804 1.770461 0
1726868876937 2.054637 0
1726868877070 0.480756 0
1726868877203 1.461648 0
1726868877336 2.997117 0
1726868877469 1.014116 8
1726868877603 0.983856 8
1726868877738 5.515361 8
1726868877872 5.112589 8
1726868878005 1.221169 8
1726868878139 1.048822 8
1726868878272 0.60711 8
1726868878405 3.162189 8
1726868878538 1.764294 8
1726868878671 4.57388 8
1726868878804 1.149591 16
1726868878937 3.437218 16
1726868880465 5.95992 0
1726868880604 0.416816 0
1726868880738 1.053736 0
1726868880872 0.338862 0
1726868881005 1.90239 0
1726868881138 1.380852 0
1726868881271 3.380297 0
1726868881405 0.48505 0
1726868881538 1.715886 0
1726868881672 1.245247 0
1726868881807 2.812758 9
1726868881941 0.609108 9
1726868882073 7.078244 9
1726868882206 5.366245 9
1726868882339 1.551367 9
1726868882473 0.736386 9
1726868882605 0.598971 9
1726868882739 3.138865 9
1726868882873 1.946739 9
1726868883006 3.407904 9
1726868883139 1.318344 18
1726868883272 4.171681 18
1726868884806 4.908177 0
1726868884941 0.421932 0
1726868885074 0.998429 0
1726868885208 0.345169 0
1726868885341 1.884941 0
1726868885474 3.146966 0
1726868885608 3.074031 0
1726868885742 0.498048 0
1726868885878 1.459236 0
1726868886012 1.081104 0
1726868886146 1.537333 10
1726868886279 0.717669 10
1726868886413 3.68245 10
1726868886546 3.613595 10
1726868886680 1.199976 10
1726868886814 0.762859 10
1726868886948 0.597275 10
1726868887081 1.931537 10
1726868887214 3.435365 10
1726868887347 5.314156 10
1726868887481 1.147354 20
1726868887614 36.455147 20
