1726741507588 0.0 0
1726741507675 10.0 0
1726741507756 20.0 0
1726741507839 30.0 0
1726741507921 40.0 0
1726741508005 50.0 0
1726741508095 60.0 0
1726741508194 70.0 0
1726741508293 80.0 0
1726741508395 90.0 0
1726741508496 100.0 1
1726741508586 110.0 1
1726741509759 0.0 0
1726741509899 10.0 0
1726741510008 20.0 0
1726741510106 30.0 0
1726741510204 40.0 0
1726741510299 50.0 0
1726741510382 60.0 0
1726741510472 70.0 0
1726741510565 80.0 0
1726741510658 90.0 0
1726741510743 100.0 2
1726741510827 110.0 2
1726741511849 0.0 0
1726741511964 10.0 0
1726741512058 20.0 0
1726741512148 30.0 0
1726741512236 40.0 0
1726741512324 50.0 0
1726741512411 60.0 0
1726741512519 70.0 0
1726741512624 80.0 0
1726741512721 90.0 0
1726741512820 100.0 3
1726741512922 110.0 3
1726741514046 0.0 0
1726741514163 10.0 0
1726741514265 20.0 0
1726741514362 30.0 0
1726741514455 40.0 0
1726741514553 50.0 0
1726741514649 60.0 0
1726741514746 70.0 0
1726741514839 80.0 0
1726741514933 90.0 0
1726741515031 100.0 4
1726741515130 110.0 4
1726741516428 0.0 0
1726741516555 10.0 0
1726741516667 20.0 0
1726741516774 30.0 0
1726741516875 40.0 0
1726741516973 50.0 0
1726741517068 60.0 0
1726741517162 70.0 0
1726741517261 80.0 0
1726741517349 90.0 0
1726741517442 100.0 5
1726741517530 110.0 5
1726741518599 0.0 0
1726741518730 10.0 0
1726741518831 20.0 0
1726741518926 30.0 0
1726741519030 40.0 0
1726741519122 50.0 0
1726741519224 60.0 0
1726741519326 70.0 0
1726741519431 80.0 0
1726741519528 90.0 0
1726741519619 100.0 6
1726741519705 110.0 6
1726741520566 0.0 0
1726741520677 10.0 0
1726741520777 20.0 0
1726741520871 30.0 0
1726741520962 40.0 0
1726741521054 50.0 0
1726741521141 60.0 0
1726741521230 70.0 0
1726741521318 80.0 0
1726741521409 90.0 0
1726741521505 100.0 7
1726741521604 110.0 7
1726741522578 0.0 0
1726741522683 10.0 0
1726741522796 20.0 0
1726741522906 30.0 0
1726741523032 40.0 0
1726741523151 50.0 0
1726741523255 60.0 0
1726741523355 70.0 0
1726741523452 80.0 0
1726741523546 90.0 0
1726741523639 100.0 8
1726741523735 110.0 8
1726741524932 0.0 0
1726741525048 10.0 0
1726741525149 20.0 0
1726741525244 30.0 0
1726741525337 40.0 0
1726741525436 50.0 0
1726741525529 60.0 0
1726741525624 70.0 0
1726741525721 80.0 0
1726741525819 90.0 0
1726741525916 100.0 9
1726741526012 110.0 9
1726741527126 0.0 0
1726741527266 10.0 0
1726741527368 20.0 0
1726741527468 30.0 0
1726741527563 40.0 0
1726741527654 50.0 0
1726741527745 60.0 0
1726741527837 70.0 0
1726741527932 80.0 0
1726741528029 90.0 0
1726741528122 100.0 10
1726741528215 110.0 10
