1727269097280 8.552578 0
1727269097409 51.776855 0
1727269097548 109.87587 0
1727269097676 37.788933 0
1727269097806 141.380188 0
1727269097949 124.315086 0
1727269098091 36.108738 0
1727269098230 60.312172 0
1727269098369 89.704491 0
1727269098497 23.188332 0
1727269098621 38.115231 1
1727269098742 46.433331 1
1727269098887 24.176968 1
1727269099026 15.539637 1
1727269099151 72.477417 1
1727269099270 14.781466 1
1727269100137 47.73111 0
1727269100289 6.874249 0
1727269100434 4.943203 0
1727269100576 15.808462 0
1727269100724 2.925515 0
1727269100880 5.941391 0
1727269101002 9.684643 0
1727269101123 34.123169 0
1727269101260 4.625217 0
1727269101385 14.12043 0
1727269101513 7.280063 2
1727269101645 5.569502 2
1727269101768 7.888381 2
1727269101893 10.04184 2
1727269102028 5.910435 2
1727269102159 5.923705 2
1727269102953 3.192112 0
1727269103071 2.149375 0
1727269103207 5.318246 0
1727269103334 2.054273 0
1727269103468 0.499526 0
1727269103618 1.298698 0
1727269103754 4.523183 0
1727269103909 9.567228 0
1727269104057 1.78894 0
1727269104190 3.309412 0
1727269104306 2.793775 3
1727269104437 3.659022 3
1727269104571 3.462002 3
1727269104710 2.910026 3
1727269104839 2.220311 3
1727269104957 2.721182 3
1727269105831 1.844188 0
1727269105967 3.551836 0
1727269106112 2.425821 0
1727269106236 0.607233 0
1727269106366 0.24312 0
1727269106509 0.583969 0
1727269106634 3.125562 0
1727269106761 2.46225 0
1727269106909 14.442275 0
1727269107062 20.146587 0
1727269107195 1.416136 4
1727269107327 2.526187 4
1727269107458 2.141586 4
1727269107589 1.460907 4
1727269107730 1.533677 4
1727269107875 2.103973 4
1727269108694 1.463545 0
1727269108836 5.735346 0
1727269108977 1.101008 0
1727269109118 0.487069 0
1727269109253 0.224449 0
1727269109388 0.429046 0
1727269109516 1.623629 0
1727269109638 3.368745 0
1727269109759 0.807053 0
1727269109906 1.636379 0
1727269110026 0.934683 5
1727269110153 1.179403 5
1727269110284 1.932023 5
1727269110428 1.410792 5
1727269110561 1.727677 5
1727269110684 56.911743 5
1727269111582 1.622718 0
1727269111726 18.448231 0
1727269111861 0.931491 0
1727269112005 0.4732 0
1727269112168 0.2183 0
1727269112303 0.424473 0
1727269112441 1.318412 0
1727269112585 8.432487 0
1727269112734 1.247891 0
1727269112862 1.184618 0
1727269112985 1.283258 6
1727269113123 1.272773 6
1727269113251 2.164339 6
1727269113365 0.967131 6
1727269113495 1.629331 6
1727269113619 2.026573 6
1727269114419 1.931681 0
1727269114540 8.778942 0
1727269114662 0.719875 0
1727269114780 0.455743 0
1727269114918 0.211842 0
1727269115039 0.395926 0
1727269115157 1.287419 0
1727269115286 4.479959 0
1727269115421 1.120655 0
1727269115559 1.714925 0
1727269115682 0.844033 7
1727269115820 1.217336 7
1727269115951 2.056945 7
1727269116079 0.931004 7
1727269116217 1.900547 7
1727269116362 2.143219 7
1727269117194 2.804285 0
1727269117323 21.092447 0
1727269117451 0.61278 0
1727269117578 0.452997 0
1727269117711 0.208126 0
1727269117844 0.392989 0
1727269117967 1.219568 0
1727269118093 4.968517 0
1727269118217 0.844411 0
1727269118346 3.624206 0
1727269118473 0.7299 8
1727269118599 1.309804 8
1727269118727 1.618533 8
1727269118852 0.872397 8
1727269118983 1.7808 8
1727269119103 2.064232 8
