1726887354014 8.944942 0
1726887354151 22.593517 0
1726887354287 11.113062 0
1726887354424 16.25893 0
1726887354562 30.329752 0
1726887354698 18.948597 0
1726887354874 6.972066 0
1726887355394 0.703417 0
1726887355533 4.512099 0
1726887355670 4.009373 0
1726887355807 2.19442 0
1726887355947 4.184948 0
1726887356085 1.535107 0
1726887356222 2.028906 0
1726887356736 0.625356 0
1726887356873 3.499852 0
1726887357009 15.762177 0
1726887357147 23.00144 0
1726887357292 3.563615 0
1726887357429 1.507469 0
1726887357565 2.393438 0
1726887358087 0.575025 0
1726887358226 3.595845 0
1726887358363 4.627431 0
1726887358500 6.118619 0
1726887358637 2.812948 0
1726887358774 1.452421 0
1726887358911 2.691828 0
1726887359437 0.534421 0
1726887359576 3.250191 0
1726887359713 3.15716 0
1726887359850 5.6551 0
1726887359988 3.5055 0
1726887360126 1.666995 0
1726887360262 3.179772 0
1726887360776 0.531177 0
1726887360915 3.252817 0
1726887361052 3.665834 0
1726887361190 27.505108 0
1726887361326 2.024716 0
1726887361467 2.216578 0
1726887361604 158.810883 0
1726887362121 0.526042 0
1726887362260 3.253463 0
1726887362397 8.977364 0
1726887362534 6.866116 0
1726887362670 2.665786 0
1726887362807 1.838815 0
1726887362944 6.500888 0
1726887363458 0.526782 0
1726887363598 3.20061 0
1726887363734 5.766552 0
1726887363872 6.872789 0
1726887364010 2.634036 0
1726887364149 1.848432 0
1726887364314 4.946601 0
