1726763717887 0.0 0
1726763718002 10.0 0
1726763718116 20.0 0
1726763718232 30.0 0
1726763718347 40.0 0
1726763718462 50.0 0
1726763718576 60.0 0
1726763718691 70.0 0
1726763718806 80.0 0
1726763718921 90.0 0
1726763719035 100.0 1
1726763719149 110.0 1
1726763719264 120.0 1
1726763719379 130.0 1
1726763719493 140.0 1
1726763719608 150.0 1
1726763719722 160.0 1
1726763719836 170.0 1
1726763719950 180.0 1
1726763720065 190.0 1
1726763720179 200.0 2
1726763720297 210.0 2
1726763720411 220.0 2
1726763720523 230.0 2
1726763722011 0.0 0
1726763722125 10.0 0
1726763722239 20.0 0
1726763722355 30.0 0
1726763722469 40.0 0
1726763722584 50.0 0
1726763722699 60.0 0
1726763722814 70.0 0
1726763722929 80.0 0
1726763723044 90.0 0
1726763723160 100.0 2
1726763723275 110.0 2
1726763723390 120.0 2
1726763723504 130.0 2
1726763723619 140.0 2
1726763723733 150.0 2
1726763723848 160.0 2
1726763723963 170.0 2
1726763724078 180.0 2
1726763724193 190.0 2
1726763724308 200.0 4
1726763724425 210.0 4
1726763724539 220.0 4
1726763724651 230.0 4
1726763726127 0.0 0
1726763726242 10.0 0
1726763726358 20.0 0
1726763726473 30.0 0
1726763726588 40.0 0
1726763726704 50.0 0
1726763726818 60.0 0
1726763726932 70.0 0
1726763727047 80.0 0
1726763727161 90.0 0
1726763727276 100.0 3
1726763727391 110.0 3
1726763727506 120.0 3
1726763727621 130.0 3
1726763727736 140.0 3
1726763727851 150.0 3
1726763727966 160.0 3
1726763728081 170.0 3
1726763728196 180.0 3
1726763728310 190.0 3
1726763728426 200.0 6
1726763728540 210.0 6
1726763728655 220.0 6
1726763728768 230.0 6
1726763730240 0.0 0
1726763730356 10.0 0
1726763730473 20.0 0
1726763730588 30.0 0
1726763730704 40.0 0
1726763730818 50.0 0
1726763730934 60.0 0
1726763731049 70.0 0
1726763731164 80.0 0
1726763731279 90.0 0
1726763731394 100.0 4
1726763731510 110.0 4
1726763731625 120.0 4
1726763731741 130.0 4
1726763731856 140.0 4
1726763731971 150.0 4
1726763732086 160.0 4
1726763732201 170.0 4
1726763732317 180.0 4
1726763732434 190.0 4
1726763732552 200.0 8
1726763732667 210.0 8
1726763732784 220.0 8
1726763732897 230.0 8
1726763734379 0.0 0
1726763734494 10.0 0
1726763734617 20.0 0
1726763734732 30.0 0
1726763734847 40.0 0
1726763734962 50.0 0
1726763735078 60.0 0
1726763735193 70.0 0
1726763735308 80.0 0
1726763735423 90.0 0
1726763735538 100.0 5
1726763735654 110.0 5
1726763735769 120.0 5
1726763735884 130.0 5
1726763736000 140.0 5
1726763736115 150.0 5
1726763736230 160.0 5
1726763736345 170.0 5
1726763736460 180.0 5
1726763736576 190.0 5
1726763736692 200.0 10
1726763736807 210.0 10
1726763736922 220.0 10
1726763737035 230.0 10
1726763738511 0.0 0
1726763738628 10.0 0
1726763738743 20.0 0
1726763738858 30.0 0
1726763738972 40.0 0
1726763739086 50.0 0
1726763739201 60.0 0
1726763739320 70.0 0
1726763739434 80.0 0
1726763739550 90.0 0
1726763739664 100.0 6
1726763739779 110.0 6
1726763739893 120.0 6
1726763740008 130.0 6
1726763740124 140.0 6
1726763740239 150.0 6
1726763740353 160.0 6
1726763740468 170.0 6
1726763740582 180.0 6
1726763740699 190.0 6
1726763740814 200.0 12
1726763740930 210.0 12
1726763741044 220.0 12
1726763741157 230.0 12
1726763742636 0.0 0
1726763742752 10.0 0
1726763742867 20.0 0
1726763742981 30.0 0
1726763743097 40.0 0
1726763743212 50.0 0
1726763743326 60.0 0
1726763743439 70.0 0
1726763743555 80.0 0
1726763743670 90.0 0
1726763743784 100.0 7
1726763743899 110.0 7
1726763744014 120.0 7
1726763744129 130.0 7
1726763744244 140.0 7
1726763744359 150.0 7
1726763744474 160.0 7
1726763744588 170.0 7
1726763744703 180.0 7
1726763744819 190.0 7
1726763744933 200.0 14
1726763745048 210.0 14
1726763745163 220.0 14
1726763745275 230.0 14
1726763746748 0.0 0
1726763746864 10.0 0
1726763746980 20.0 0
1726763747095 30.0 0
1726763747209 40.0 0
1726763747325 50.0 0
1726763747440 60.0 0
1726763747554 70.0 0
1726763747669 80.0 0
1726763747784 90.0 0
1726763747899 100.0 8
1726763748014 110.0 8
1726763748128 120.0 8
1726763748243 130.0 8
1726763748358 140.0 8
1726763748472 150.0 8
1726763748587 160.0 8
1726763748700 170.0 8
1726763748815 180.0 8
1726763748931 190.0 8
1726763749046 200.0 16
1726763749161 210.0 16
1726763749275 220.0 16
1726763749387 230.0 16
1726763750868 0.0 0
1726763750985 10.0 0
1726763751100 20.0 0
1726763751215 30.0 0
1726763751330 40.0 0
1726763751444 50.0 0
1726763751559 60.0 0
1726763751674 70.0 0
1726763751789 80.0 0
1726763751903 90.0 0
1726763752017 100.0 9
1726763752132 110.0 9
1726763752247 120.0 9
1726763752361 130.0 9
1726763752476 140.0 9
1726763752591 150.0 9
1726763752705 160.0 9
1726763752820 170.0 9
1726763752935 180.0 9
1726763753051 190.0 9
1726763753165 200.0 18
1726763753280 210.0 18
1726763753394 220.0 18
1726763753507 230.0 18
1726763754985 0.0 0
1726763755100 10.0 0
1726763755215 20.0 0
1726763755329 30.0 0
1726763755444 40.0 0
1726763755558 50.0 0
1726763755673 60.0 0
1726763755787 70.0 0
1726763755901 80.0 0
1726763756016 90.0 0
1726763756130 100.0 10
1726763756245 110.0 10
1726763756359 120.0 10
1726763756474 130.0 10
1726763756589 140.0 10
1726763756704 150.0 10
1726763756818 160.0 10
1726763756932 170.0 10
1726763757047 180.0 10
1726763757162 190.0 10
1726763757277 200.0 20
1726763757392 210.0 20
1726763757506 220.0 20
1726763757618 230.0 20
