1727104375254 68.91188 0
1727104375380 2.319364 0
1727104375506 1.825469 0
1727104375627 1.068934 0
1727104375751 4.359152 0
1727104375877 2.3564 0
1727104376000 7.488862 0
1727104376115 9.008633 0
1727104376239 3.192456 0
1727104376356 8.080967 0
1727104376471 4.168872 1
1727104376595 2.662978 1
1727104376718 3.817362 1
1727104376838 2.051311 1
1727104377552 3.63509 0
1727104377671 2.436977 0
1727104377789 3.165208 0
1727104377911 0.572327 0
1727104378035 0.640091 0
1727104378156 0.440964 0
1727104378279 23.429058 0
1727104378399 1.580959 0
1727104378530 2.279207 0
1727104378647 2.318061 0
1727104378784 6.495688 2
1727104378913 7.319736 2
1727104379046 6.519094 2
1727104379180 1.053825 2
1727104380022 1.463502 0
1727104380146 1.250845 0
1727104380254 2.435548 0
1727104380389 1.494459 0
1727104380519 0.691811 0
1727104380645 0.343968 0
1727104380762 11.564163 0
1727104380887 1.652685 0
1727104381011 11.926926 0
1727104381130 1.900944 0
1727104381249 7.567464 3
1727104381377 3.479824 3
1727104381510 6.806522 3
1727104381643 7.476687 3
1727104382416 1.094764 0
1727104382539 1.181177 0
1727104382657 6.595793 0
1727104382774 1.884694 0
1727104382890 0.935257 0
1727104383010 1.108534 0
1727104383120 1.171756 0
1727104383237 1.953737 0
1727104383345 1.179774 0
1727104383462 6.213315 0
1727104383586 3.248621 4
1727104383712 6.045448 4
1727104383835 2.681695 4
1727104383960 2.233131 4
1727104384691 3.103289 0
1727104384810 1.305917 0
1727104384924 2.882427 0
1727104385051 0.730556 0
1727104385180 0.9941 0
1727104385303 0.313303 0
1727104385428 1.567889 0
1727104385559 2.107335 0
1727104385679 0.699011 0
1727104385805 2.105545 0
1727104385935 3.951524 5
1727104386057 5.961641 5
1727104386185 3.492562 5
1727104386314 1.301563 5
1727104387117 1.28216 0
1727104387230 0.938651 0
1727104387356 1.93299 0
1727104387483 1.069351 0
1727104387612 0.796836 0
1727104387745 0.274511 0
1727104387870 4.518981 0
1727104387993 1.841314 0
1727104388117 0.64885 0
1727104388241 1.493209 0
1727104388374 3.651413 6
1727104388507 3.348105 6
1727104388654 3.820898 6
1727104388783 2.341257 6
1727104389592 2.334768 0
1727104389713 0.787557 0
1727104389834 15.81273 0
1727104389967 1.731839 0
1727104390087 0.84473 0
1727104390216 0.2715 0
1727104390349 3.726906 0
1727104390476 1.288782 0
1727104390609 0.633297 0
1727104390744 3.227143 0
1727104390869 7.166337 7
1727104390990 3.524832 7
1727104391109 11.931486 7
1727104391230 3.772254 7
1727104392023 1.421191 0
1727104392160 2.129494 0
1727104392286 10.459496 0
1727104392425 1.626293 0
1727104392549 0.701152 0
1727104392671 0.295553 0
1727104392795 1.963933 0
1727104392920 2.106898 0
1727104393052 1.008296 0
1727104393175 9.266335 0
1727104393287 6.107899 8
1727104393415 4.887722 8
1727104393539 4.039295 8
1727104393655 1.67736 8
1727104394373 2.127055 0
1727104394491 0.926359 0
1727104394610 3.759679 0
1727104394725 4.553471 0
1727104394841 0.805985 0
1727104394969 0.292821 0
1727104395101 1.806982 0
1727104395232 1.881143 0
1727104395351 0.80197 0
1727104395473 1.269699 0
1727104395595 4.034962 9
1727104395725 3.092015 9
1727104395846 4.158394 9
1727104395974 1.396131 9
1727104396708 1.208729 0
1727104396830 1.282671 0
1727104396956 1.941175 0
1727104397072 1.270473 0
1727104397199 0.662415 0
1727104397320 0.287113 0
1727104397444 3.193148 0
1727104397568 2.157468 0
1727104397694 0.93255 0
1727104397822 1.393733 0
1727104397942 3.370044 10
1727104398068 4.985402 10
1727104398195 2.230843 10
1727104398319 1.183721 10
