1726780103115 0.0 0
1726780103233 10.0 0
1726780103351 20.0 0
1726780103468 30.0 0
1726780103586 40.0 0
1726780103704 50.0 0
1726780104163 0.0 0
1726780104280 10.0 0
1726780104398 20.0 0
1726780104516 30.0 0
1726780104633 40.0 0
1726780104750 50.0 0
1726780105175 0.0 0
1726780105292 10.0 0
1726780105414 20.0 0
1726780105531 30.0 0
1726780105649 40.0 0
1726780105766 50.0 0
1726780106184 0.0 0
1726780106301 10.0 0
1726780106420 20.0 0
1726780106537 30.0 0
1726780106654 40.0 0
1726780106772 50.0 0
1726780107194 0.0 0
1726780107311 10.0 0
1726780107429 20.0 0
1726780107546 30.0 0
1726780107664 40.0 0
1726780107782 50.0 0
1726780108197 0.0 0
1726780108314 10.0 0
1726780108432 20.0 0
1726780108549 30.0 0
1726780108666 40.0 0
1726780108784 50.0 0
1726780109208 0.0 0
1726780109325 10.0 0
1726780109443 20.0 0
1726780109560 30.0 0
1726780109677 40.0 0
1726780109795 50.0 0
1726780110215 0.0 0
1726780110332 10.0 0
1726780110450 20.0 0
1726780110568 30.0 0
1726780110685 40.0 0
1726780110802 50.0 0
1726780111222 0.0 0
1726780111340 10.0 0
1726780111457 20.0 0
1726780111574 30.0 0
1726780111692 40.0 0
1726780111809 50.0 0
1726780112227 0.0 0
1726780112344 10.0 0
1726780112462 20.0 0
1726780112579 30.0 0
1726780112697 40.0 0
1726780112815 50.0 0
