1726885201196 0.0 0
1726885201341 10.0 0
1726885201477 20.0 0
1726885201614 30.0 0
1726885201752 40.0 0
1726885201889 50.0 0
1726885202029 60.0 0
1726885202167 70.0 0
1726885202305 80.0 0
1726885202442 90.0 0
1726885203224 0.0 0
1726885203365 10.0 0
1726885203502 20.0 0
1726885203639 30.0 0
1726885203777 40.0 0
1726885203915 50.0 0
1726885204052 60.0 0
1726885204189 70.0 0
1726885204326 80.0 0
1726885204464 90.0 0
1726885205181 0.0 0
1726885205319 10.0 0
1726885205460 20.0 0
1726885205596 30.0 0
1726885205734 40.0 0
1726885205871 50.0 0
1726885206009 60.0 0
1726885206147 70.0 0
1726885206283 80.0 0
1726885206420 90.0 0
1726885207138 0.0 0
1726885207276 10.0 0
1726885207415 20.0 0
1726885207552 30.0 0
1726885207688 40.0 0
1726885207825 50.0 0
1726885207962 60.0 0
1726885208099 70.0 0
1726885208238 80.0 0
1726885208374 90.0 0
1726885209091 0.0 0
1726885209227 10.0 0
1726885209365 20.0 0
1726885209503 30.0 0
1726885209640 40.0 0
1726885209777 50.0 0
1726885209915 60.0 0
1726885210059 70.0 0
1726885210198 80.0 0
1726885210335 90.0 0
1726885211051 0.0 0
1726885211191 10.0 0
1726885211333 20.0 0
1726885211469 30.0 0
1726885211610 40.0 0
1726885211747 50.0 0
1726885211883 60.0 0
1726885212020 70.0 0
1726885212158 80.0 0
1726885212295 90.0 0
1726885213014 0.0 0
1726885213153 10.0 0
1726885213294 20.0 0
1726885213432 30.0 0
1726885213571 40.0 0
1726885213708 50.0 0
1726885213846 60.0 0
1726885213982 70.0 0
1726885214121 80.0 0
1726885214257 90.0 0
1726885214975 0.0 0
1726885215114 10.0 0
1726885215250 20.0 0
1726885215386 30.0 0
1726885215523 40.0 0
1726885215661 50.0 0
1726885215797 60.0 0
1726885215935 70.0 0
1726885216071 80.0 0
1726885216209 90.0 0
1726885216925 0.0 0
1726885217062 10.0 0
1726885217199 20.0 0
1726885217336 30.0 0
1726885217472 40.0 0
1726885217610 50.0 0
1726885217750 60.0 0
1726885217895 70.0 0
1726885218033 80.0 0
1726885218171 90.0 0
1726885218888 0.0 0
1726885219026 10.0 0
1726885219164 20.0 0
1726885219302 30.0 0
1726885219440 40.0 0
1726885219578 50.0 0
1726885219717 60.0 0
1726885219856 70.0 0
1726885219994 80.0 0
1726885220131 90.0 0
