1726812677251 101.882988 0
1726812677352 5.818831 0
1726812677454 3.726642 0
1726812677558 3.18267 0
1726812677658 1.342219 0
1726812677760 1.055879 0
1726812677862 6.043889 0
1726812677961 2.265141 0
1726812678060 1.713637 0
1726812678160 8.042248 0
1726812678262 0.965466 1
1726812678362 0.930337 1
1726812679069 1.371973 0
1726812679170 0.488439 0
1726812679269 0.818424 0
1726812679369 2.363295 0
1726812679467 2.57622 0
1726812679566 2.917225 0
1726812679666 1.183367 0
1726812679766 3.284937 0
1726812679868 0.924286 0
1726812679968 1.163786 0
1726812680068 1.391012 2
1726812680168 2.128728 2
1726812680885 1.145702 0
1726812680985 0.293536 0
1726812681085 1.733228 0
1726812681185 2.757234 0
1726812681284 4.555895 0
1726812681387 2.562019 0
1726812681487 1.67298 0
1726812681586 1.27357 0
1726812681684 1.588286 0
1726812681787 1.291621 0
1726812681891 1.219717 3
1726812681991 0.783089 3
1726812682674 1.016197 0
1726812682780 0.271512 0
1726812682880 2.161167 0
1726812682980 2.982971 0
1726812683083 9.923304 0
1726812683186 2.09428 0
1726812683286 1.296716 0
1726812683386 0.769152 0
1726812683487 0.812965 0
1726812683587 2.226947 0
1726812683687 5.562333 4
1726812683786 1.009856 4
1726812684391 0.793214 0
1726812684491 0.265606 0
1726812684590 1.786423 0
1726812684689 4.72263 0
1726812684797 3.205097 0
1726812684898 5.782458 0
1726812685000 1.755587 0
1726812685099 0.602675 0
1726812685199 0.716541 0
1726812685300 1.053867 0
1726812685400 6.953624 5
1726812685501 0.787679 5
1726812686112 0.747625 0
1726812686213 0.281049 0
1726812686314 4.262973 0
1726812686414 3.850334 0
1726812686514 4.199822 0
1726812686612 2.051624 0
1726812686711 1.316374 0
1726812686818 0.557958 0
1726812686918 0.730083 0
1726812687020 1.300254 0
1726812687124 1.574824 6
1726812687226 0.603066 6
1726812687843 0.549695 0
1726812687944 0.280894 0
1726812688045 1.814864 0
1726812688147 3.963588 0
1726812688247 3.715593 0
1726812688347 6.230779 0
1726812688447 0.858885 0
1726812688545 0.581559 0
1726812688643 0.853623 0
1726812688741 1.082861 0
1726812688846 1.270139 7
1726812688947 0.766454 7
1726812689568 3.708248 0
1726812689673 0.282404 0
1726812689774 1.318329 0
1726812689874 4.767863 0
1726812689974 5.841806 0
1726812690074 2.258754 0
1726812690174 1.045866 0
1726812690275 1.038309 0
1726812690386 1.07201 0
1726812690486 1.013224 0
1726812690590 4.879475 8
1726812690691 0.738238 8
