1726910310066 0.356558 0
1726910310218 0.234539 0
1726910310360 0.271893 0
1726910310502 0.202578 0
1726910310645 0.283994 0
1726910310786 0.179187 0
1726910310929 0.19122 0
1726910311083 0.850598 0
1726910311237 0.232172 0
1726910311378 1.160858 0
1726910311525 0.204187 1
1726910312630 0.213025 0
1726910312771 0.209246 0
1726910312913 0.261891 0
1726910313055 0.034532 0
1726910313198 0.239193 0
1726910313339 0.195039 0
1726910313481 0.166121 0
1726910313628 0.41667 0
1726910313769 0.315394 0
1726910313914 0.948539 0
1726910314057 0.158866 2
1726910314980 0.168997 0
1726910315125 0.127003 0
1726910315273 0.200144 0
1726910315427 0.036764 0
1726910315603 0.187966 0
1726910315768 0.137625 0
1726910315909 0.171099 0
1726910316051 0.397993 0
1726910316193 0.220593 0
1726910316336 1.04935 0
1726910316478 0.184856 3
1726910317382 0.16414 0
1726910317527 0.131165 0
1726910317672 0.195568 0
1726910317814 0.041244 0
1726910317957 0.179918 0
1726910318098 0.146471 0
1726910318240 0.151132 0
1726910318383 0.347579 0
1726910318525 0.241014 0
1726910318670 0.99033 0
1726910318813 0.177149 4
1726910319707 0.103911 0
1726910319849 0.145829 0
1726910319991 0.16825 0
1726910320133 0.033543 0
1726910320274 0.159343 0
1726910320417 0.130657 0
1726910320562 0.15256 0
1726910320703 0.348585 0
1726910320843 0.207563 0
1726910320984 0.990131 0
1726910321125 0.156333 5
1726910322026 0.145704 0
1726910322169 0.139164 0
1726910322310 0.216516 0
1726910322450 0.047559 0
1726910322592 0.145462 0
1726910322735 0.140255 0
1726910322875 0.146257 0
1726910323017 0.329678 0
1726910323159 0.223179 0
1726910323301 0.95901 0
1726910323443 0.175391 6
1726910324342 0.107677 0
1726910324484 0.156282 0
1726910324629 0.175879 0
1726910324769 0.037856 0
1726910324911 0.141785 0
1726910325053 0.12963 0
1726910325217 0.148945 0
1726910325357 0.31862 0
1726910325498 0.200769 0
1726910325640 0.928375 0
1726910325784 0.148762 7
