1726899328206 9.116062 0
1726899328355 38.680542 0
1726899328493 9.731923 0
1726899328632 25.860929 0
1726899328772 16.616266 0
1726899328911 4.78544 0
1726899329051 6.372385 0
1726899329191 17.69311 0
1726899329330 11.787734 0
1726899329471 7.821943 0
1726899329611 3.755104 1
1726899330569 6.096431 0
1726899330710 52.914272 0
1726899330849 3.02922 0
1726899330988 4.286035 0
1726899331127 2.633222 0
1726899331267 2.571708 0
1726899331408 2.478472 0
1726899331549 4.596802 0
1726899331688 2.937739 0
1726899331827 2.579065 0
1726899331967 2.101017 2
1726899332908 11.179262 0
1726899333047 1.933465 0
1726899333186 1.177728 0
1726899333324 1.569097 0
1726899333463 1.258829 0
1726899333602 1.088596 0
1726899333741 2.494725 0
1726899333880 2.752376 0
1726899334020 2.143955 0
1726899334162 4.485067 0
1726899334303 24.501797 3
1726899335227 2.858138 0
1726899335368 1.650227 0
1726899335508 1.469902 0
1726899335649 1.136081 0
1726899335788 1.067144 0
1726899335928 2.353046 0
1726899336067 1.793192 0
1726899336210 2.504812 0
1726899336350 4.117119 0
1726899336492 3.171844 0
1726899336632 2.389546 4
1726899337561 2.365653 0
1726899337702 3.988634 0
1726899337842 1.208581 0
1726899337982 0.835483 0
1726899338120 1.501542 0
1726899338261 1.146154 0
1726899338413 1.87559 0
1726899338636 2.19563 0
1726899338776 2.380463 0
1726899338916 3.809158 0
1726899339057 2.799253 5
1726899339976 3.900545 0
1726899340117 4.540537 0
1726899340256 1.298803 0
1726899340397 0.771717 0
1726899340537 0.832429 0
1726899340677 1.247129 0
1726899340818 2.943929 0
1726899340957 27.406078 0
1726899341096 33.745667 0
1726899341235 4.114707 0
1726899341374 2.070154 6
1726899342296 4.916667 0
1726899342437 2.899555 0
1726899342578 0.950079 0
1726899342719 1.027538 0
1726899342859 0.794105 0
1726899342998 1.313964 0
1726899343137 3.133396 0
1726899343276 2.359054 0
1726899343416 1.915533 0
1726899343555 2.941371 0
1726899343694 2.448234 7
1726899344627 2.133649 0
1726899344768 2.690969 0
1726899344908 1.148423 0
1726899345047 0.826771 0
1726899345186 0.79206 0
1726899345326 1.11575 0
1726899345466 12.139149 0
1726899345606 1.925848 0
1726899345746 3.507935 0
1726899345885 3.847384 0
1726899346025 111.234039 8
1726899346958 1.75504 0
1726899347099 2.978663 0
1726899347238 4.420406 0
1726899347378 0.984512 0
1726899347517 0.766025 0
1726899347657 1.107015 0
1726899347797 5.032849 0
1726899347936 2.541404 0
1726899348075 6.259337 0
1726899348214 2.536656 0
1726899348353 5.930072 9
1726899349307 4.428528 0
1726899349449 2.4612 0
1726899349588 1.234121 0
1726899349728 6.232001 0
1726899349866 0.842652 0
1726899350005 0.862986 0
1726899350145 3.562465 0
1726899350284 7.128363 0
1726899350424 3.216976 0
1726899350566 6.312448 0
1726899350708 2.082972 10
