1726870888041 0.0 0
1726870888180 10.0 0
1726870888316 20.0 0
1726870888451 30.0 0
1726870888586 40.0 0
1726870888722 50.0 0
1726870888858 60.0 0
1726870888995 70.0 0
1726870889135 80.0 0
1726870889273 90.0 0
1726870890107 0.0 0
1726870890257 10.0 0
1726870890413 20.0 0
1726870890558 30.0 0
1726870890711 40.0 0
1726870890857 50.0 0
1726870890999 60.0 0
1726870891138 70.0 0
1726870891288 80.0 0
1726870891429 90.0 0
1726870892312 0.0 0
1726870892452 10.0 0
1726870892611 20.0 0
1726870892760 30.0 0
1726870892905 40.0 0
1726870893045 50.0 0
1726870893186 60.0 0
1726870893324 70.0 0
1726870893464 80.0 0
1726870893627 90.0 0
1726870894527 0.0 0
1726870894684 10.0 0
1726870894833 20.0 0
1726870894982 30.0 0
1726870895130 40.0 0
1726870895270 50.0 0
1726870895421 60.0 0
1726870895569 70.0 0
1726870895712 80.0 0
1726870895861 90.0 0
1726870896700 0.0 0
1726870896851 10.0 0
1726870896989 20.0 0
1726870897125 30.0 0
1726870897270 40.0 0
1726870897422 50.0 0
1726870897564 60.0 0
1726870897708 70.0 0
1726870897858 80.0 0
1726870898005 90.0 0
1726870898876 0.0 0
1726870899023 10.0 0
1726870899163 20.0 0
1726870899300 30.0 0
1726870899435 40.0 0
1726870899572 50.0 0
1726870899708 60.0 0
1726870899851 70.0 0
1726870899996 80.0 0
1726870900144 90.0 0
1726870900939 0.0 0
1726870901076 10.0 0
1726870901212 20.0 0
1726870901349 30.0 0
1726870901505 40.0 0
1726870901659 50.0 0
1726870901803 60.0 0
1726870901943 70.0 0
1726870902083 80.0 0
1726870902221 90.0 0
1726870903128 0.0 0
1726870903275 10.0 0
1726870903413 20.0 0
1726870903561 30.0 0
1726870903710 40.0 0
1726870903863 50.0 0
1726870904018 60.0 0
1726870904167 70.0 0
1726870904321 80.0 0
1726870904484 90.0 0
1726870905259 0.0 0
1726870905394 10.0 0
1726870905530 20.0 0
1726870905666 30.0 0
1726870905801 40.0 0
1726870905937 50.0 0
1726870906073 60.0 0
1726870906209 70.0 0
1726870906347 80.0 0
1726870906488 90.0 0
