1727098946707 0.553516 0
1727098946835 0.125748 0
1727098946964 0.329803 0
1727098947093 0.124244 0
1727098947221 0.190792 0
1727098947353 0.490275 0
1727098947480 0.232497 0
1727098947613 0.402478 0
1727098948269 0.088732 0
1727098948393 0.088515 0
1727098948519 0.086162 0
1727098948648 0.142946 0
1727098948782 0.11017 0
1727098948905 0.455961 0
1727098949027 0.225126 0
1727098949147 0.42218 0
1727098949691 0.062453 0
1727098949812 0.064844 0
1727098949941 0.099996 0
1727098950072 0.165682 0
1727098950199 0.202736 0
1727098950322 0.398372 0
1727098950447 0.274525 0
1727098950572 0.350396 0
1727098951184 0.687125 0
1727098951313 0.070544 0
1727098951445 0.208885 0
1727098951574 0.085993 0
1727098951710 0.205949 0
1727098951840 0.691729 0
1727098951978 0.316329 0
1727098952106 0.395861 0
1727098952689 0.118673 0
1727098952817 0.090671 0
1727098952942 0.080636 0
1727098953072 0.156882 0
1727098953194 0.110464 0
1727098953332 0.536587 0
1727098953462 0.262183 0
1727098953590 0.345202 0
