1727096811518 7.596563 0
1727096811628 1.421038 0
1727096811734 13.019296 0
1727096811836 15.341673 0
1727096811941 5.448799 0
1727096812049 37.223553 0
1727096812154 1.64105 0
1727096812256 0.241204 0
1727096812361 1.075038 0
1727096812466 2.373213 0
1727096812576 6.410424 1
1727096812685 9.213604 1
1727096812796 1.244035 1
1727096812904 2.266385 1
1727096813009 7.718147 1
1727096813111 2.812566 1
1727096813213 4.572149 1
1727096813316 1.69827 1
1727096813418 1.375533 1
1727096813522 1.515212 1
1727096813623 3.977004 2
1727096813725 3.385421 2
1727096813827 2.705914 2
1727096813927 8.735872 2
1727096814028 11.761148 2
1727096815105 13.215126 0
1727096815217 2.82462 0
1727096815330 3.619019 0
1727096815438 4.142664 0
1727096815546 2.227652 0
1727096815648 3.917406 0
1727096815750 1.276368 0
1727096815849 0.270754 0
1727096815949 1.870759 0
1727096816053 4.804687 0
1727096816159 2.507734 2
1727096816264 3.851504 2
1727096816377 1.719195 2
1727096816492 1.478553 2
1727096816604 5.292362 2
1727096816719 1.406269 2
1727096816829 3.214489 2
1727096816938 7.088278 2
1727096817044 2.600691 2
1727096817146 1.890521 2
1727096817247 2.327247 4
1727096817347 1.092456 4
1727096817446 4.172467 4
1727096817543 4.50246 4
1727096817641 2.958737 4
1727096818861 4.837955 0
1727096818970 2.429539 0
1727096819080 1.598902 0
1727096819192 2.295181 0
1727096819301 1.965102 0
1727096819411 33.057079 0
1727096819523 0.74622 0
1727096819639 0.239684 0
1727096819751 566.297607 0
1727096819863 6.605965 0
1727096819977 2.086715 3
1727096820087 2.44655 3
1727096820200 1.785944 3
1727096820315 0.915308 3
1727096820432 8.145504 3
1727096820550 3.579977 3
1727096820662 1.190883 3
1727096820769 5.09177 3
1727096820876 3.11212 3
1727096820986 2.181058 3
1727096821098 0.867266 6
1727096821210 1.979301 6
1727096821325 2.116466 6
1727096821441 12.091645 6
1727096821553 1.682024 6
1727096822791 5.099747 0
1727096822907 2.310667 0
1727096823018 2.136607 0
1727096823127 2.200549 0
1727096823228 30.159189 0
1727096823329 1.580384 0
1727096823433 4.605455 0
1727096823538 0.269396 0
1727096823640 2.035379 0
1727096823739 7.142875 0
1727096823845 11.027403 4
1727096823954 1.851798 4
1727096824061 2.293029 4
1727096824179 1.1898 4
1727096824292 2.980546 4
1727096824405 1.246957 4
1727096824518 1.230742 4
1727096824634 2.071505 4
1727096824745 1.955527 4
1727096824855 2.179759 4
1727096824959 0.905111 8
1727096825063 4.640346 8
1727096825169 2.207895 8
1727096825269 24.10722 8
1727096825369 3.645884 8
