1727096811489 0.0 0
1727096811599 10.0 0
1727096811704 20.0 0
1727096811807 30.0 0
1727096811912 40.0 0
1727096812020 50.0 0
1727096812126 60.0 0
1727096812228 70.0 0
1727096812333 80.0 0
1727096812436 90.0 0
1727096812548 100.0 1
1727096812656 110.0 1
1727096812767 120.0 1
1727096812875 130.0 1
1727096812981 140.0 1
1727096813083 150.0 1
1727096813185 160.0 1
1727096813288 170.0 1
1727096813391 180.0 1
1727096813494 190.0 1
1727096813596 200.0 2
1727096813697 210.0 2
1727096813800 220.0 2
1727096813899 230.0 2
1727096814000 240.0 2
1727096815076 0.0 0
1727096815189 10.0 0
1727096815302 20.0 0
1727096815409 30.0 0
1727096815518 40.0 0
1727096815620 50.0 0
1727096815721 60.0 0
1727096815821 70.0 0
1727096815921 80.0 0
1727096816025 90.0 0
1727096816127 100.0 2
1727096816235 110.0 2
1727096816346 120.0 2
1727096816462 130.0 2
1727096816574 140.0 2
1727096816688 150.0 2
1727096816800 160.0 2
1727096816909 170.0 2
1727096817017 180.0 2
1727096817118 190.0 2
1727096817220 200.0 4
1727096817319 210.0 4
1727096817418 220.0 4
1727096817515 230.0 4
1727096817613 240.0 4
1727096818833 0.0 0
1727096818942 10.0 0
1727096819050 20.0 0
1727096819162 30.0 0
1727096819271 40.0 0
1727096819382 50.0 0
1727096819493 60.0 0
1727096819609 70.0 0
1727096819720 80.0 0
1727096819833 90.0 0
1727096819946 100.0 3
1727096820057 110.0 3
1727096820171 120.0 3
1727096820284 130.0 3
1727096820402 140.0 3
1727096820520 150.0 3
1727096820633 160.0 3
1727096820741 170.0 3
1727096820848 180.0 3
1727096820957 190.0 3
1727096821068 200.0 6
1727096821179 210.0 6
1727096821294 220.0 6
1727096821410 230.0 6
1727096821523 240.0 6
1727096822761 0.0 0
1727096822875 10.0 0
1727096822989 20.0 0
1727096823099 30.0 0
1727096823200 40.0 0
1727096823300 50.0 0
1727096823405 60.0 0
1727096823508 70.0 0
1727096823611 80.0 0
1727096823711 90.0 0
1727096823817 100.0 4
1727096823923 110.0 4
1727096824031 120.0 4
1727096824147 130.0 4
1727096824262 140.0 4
1727096824375 150.0 4
1727096824486 160.0 4
1727096824601 170.0 4
1727096824716 180.0 4
1727096824826 190.0 4
1727096824930 200.0 8
1727096825036 210.0 8
1727096825141 220.0 8
1727096825241 230.0 8
1727096825341 240.0 8
