1727101219729 180.572845 0
1727101219855 12.638025 0
1727101219984 2.422736 0
1727101220108 3.440848 0
1727101220227 1.918062 0
1727101220352 1.418032 0
1727101220487 4.816745 0
1727101220613 0.765654 0
1727101220733 0.812319 0
1727101220863 4.331196 0
1727101220999 2.68701 1
1727101221128 1.198259 1
1727101221255 2.064473 1
1727101221386 2.541871 1
1727101221511 1.12783 1
1727101221643 0.590162 1
1727101221768 1.164749 1
1727101221892 1.145735 1
1727101222012 0.643424 1
1727101223257 0.778114 0
1727101223388 46.009621 0
1727101223516 1.188043 0
1727101223646 2.661568 0
1727101223777 1.252188 0
1727101223906 1.676278 0
1727101224035 2.367507 0
1727101224161 0.860254 0
1727101224293 1.729995 0
1727101224427 0.840829 0
1727101224566 3.18839 2
1727101224687 0.721198 2
1727101224814 3.574574 2
1727101224943 2.050109 2
1727101225077 1.27221 2
1727101225206 0.803026 2
1727101225335 2.201158 2
1727101225463 0.57112 2
1727101225593 0.518654 2
1727101226846 1.037711 0
1727101226980 0.792394 0
1727101227102 0.808522 0
1727101227231 0.87692 0
1727101227365 1.702356 0
1727101227493 1.482854 0
1727101227625 2.627334 0
1727101227746 0.934969 0
1727101227866 1.309209 0
1727101227985 0.939574 0
1727101228109 0.912734 3
1727101228232 0.454632 3
1727101228358 1.139961 3
1727101228484 6.1285 3
1727101228606 1.233427 3
1727101228732 1.390157 3
1727101228862 1.516065 3
1727101228994 0.702866 3
1727101229116 2.887357 3
1727101230390 0.739175 0
1727101230519 1.836898 0
1727101230649 1.954195 0
1727101230785 1.024765 0
1727101230919 0.922457 0
1727101231049 1.620102 0
1727101231174 21.345575 0
1727101231291 0.660081 0
1727101231408 0.981864 0
1727101231526 0.619462 0
1727101231652 0.911587 4
1727101231781 0.452018 4
1727101231908 5.653673 4
1727101232039 1.228728 4
1727101232166 2.130639 4
1727101232297 0.543751 4
1727101232415 0.968842 4
1727101232536 1.366208 4
1727101232666 1.671824 4
1727101233855 0.912187 0
1727101233985 0.799 0
1727101234106 0.966624 0
1727101234227 58.763348 0
1727101234351 0.747398 0
1727101234471 1.244913 0
1727101234595 2.497049 0
1727101234724 3.518524 0
1727101234858 1.123383 0
1727101234989 0.890894 0
1727101235116 1.128334 5
1727101235238 0.547318 5
1727101235366 1.638585 5
1727101235499 1.521799 5
1727101235621 1.926814 5
1727101235753 0.745096 5
1727101235882 1.128694 5
1727101236008 1.102007 5
1727101236138 1.013409 5
1727101237346 1.543364 0
1727101237485 0.837975 0
1727101237609 0.625103 0
1727101237734 45.426193 0
1727101237866 0.685659 0
1727101238001 1.159181 0
1727101238123 3.823287 0
1727101238256 3.353827 0
1727101238394 0.852937 0
1727101238518 1.167861 0
1727101238648 0.840207 6
1727101238778 0.512884 6
1727101238911 1.597401 6
1727101239044 1.102999 6
1727101239171 1.703586 6
1727101239303 3.081294 6
1727101239428 1.6603 6
1727101239558 0.840261 6
1727101239679 0.672856 6
1727101240884 1.492981 0
1727101241021 0.582753 0
1727101241143 0.612312 0
1727101241264 0.990565 0
1727101241387 1.770149 0
1727101241517 1.207188 0
1727101241637 3.620219 0
1727101241758 0.620971 0
1727101241880 2.097821 0
1727101242007 1.361416 0
1727101242140 1.973766 7
1727101242265 0.524806 7
1727101242387 3.887543 7
1727101242517 9.062485 7
1727101242649 1.212445 7
1727101242775 0.899793 7
1727101242907 1.218823 7
1727101243029 1.084114 7
1727101243151 0.878755 7
1727101244388 0.646 0
1727101244525 0.750234 0
1727101244646 1.021289 0
1727101244770 0.916812 0
1727101244935 4.862128 0
1727101245063 0.920746 0
1727101245185 1.799191 0
1727101245306 0.452807 0
1727101245424 0.760885 0
1727101245546 0.772614 0
1727101245675 1.708091 8
1727101245809 0.589835 8
1727101245934 1.775691 8
1727101246066 0.869229 8
1727101246190 1.098271 8
1727101246309 0.654432 8
1727101246429 0.931889 8
1727101246548 0.733631 8
1727101246667 0.811935 8
1727101247938 1.401056 0
1727101248075 0.897726 0
1727101248192 0.642173 0
1727101248312 1.331294 0
1727101248435 1.889352 0
1727101248557 2.165767 0
1727101248682 1.8358 0
1727101248816 0.444459 0
1727101248948 1.172654 0
1727101249070 2.354017 0
1727101249191 5.780716 9
1727101249315 0.757263 9
1727101249449 1.46442 9
1727101249569 1.788014 9
1727101249691 1.068668 9
1727101249810 0.721924 9
1727101249932 1.293452 9
1727101250059 0.663115 9
1727101250183 0.532009 9
1727101251380 0.693962 0
1727101251511 0.659092 0
1727101251629 1.009724 0
1727101251747 5.636937 0
1727101251869 1.072433 0
1727101251992 1.500927 0
1727101252114 1.603448 0
1727101252242 0.423779 0
1727101252374 0.663467 0
1727101252495 1.619922 0
1727101252616 1.624523 10
1727101252735 1.012876 10
1727101252859 1.462065 10
1727101252990 2.289973 10
1727101253125 10.898247 10
1727101253258 0.596858 10
1727101253392 1.196252 10
1727101253524 0.503138 10
1727101253658 0.518499 10
