1727129359855 0.0 0
1727129360113 10.0 0
1727129360352 20.0 0
1727129360594 30.0 0
1727129360836 40.0 0
1727129361077 50.0 0
1727129361317 60.0 0
1727129361556 70.0 0
1727129361797 80.0 0
1727129362034 90.0 0
1727129362276 100.0 1
1727129362518 110.0 1
1727129362758 120.0 1
1727129362997 130.0 1
1727129363237 140.0 1
1727129363478 150.0 1
1727129363718 160.0 1
1727129363958 170.0 1
1727129364197 180.0 1
1727129364436 190.0 1
1727129364676 200.0 2
1727129364916 210.0 2
1727129365156 220.0 2
1727129365397 230.0 2
1727129365637 240.0 2
1727129365878 250.0 2
1727129366118 260.0 2
1727129366359 270.0 2
1727129371293 0.0 0
1727129371536 10.0 0
1727129371781 20.0 0
1727129372022 30.0 0
1727129372262 40.0 0
1727129372505 50.0 0
1727129372749 60.0 0
1727129372989 70.0 0
1727129373229 80.0 0
1727129373469 90.0 0
1727129373709 100.0 2
1727129373949 110.0 2
1727129374189 120.0 2
1727129374427 130.0 2
1727129374667 140.0 2
1727129374906 150.0 2
1727129375147 160.0 2
1727129375386 170.0 2
1727129375628 180.0 2
1727129375869 190.0 2
1727129376109 200.0 4
1727129376349 210.0 4
1727129376591 220.0 4
1727129376832 230.0 4
1727129377071 240.0 4
1727129377310 250.0 4
1727129377549 260.0 4
1727129377788 270.0 4
1727129382657 0.0 0
1727129382919 10.0 0
1727129383153 20.0 0
1727129383392 30.0 0
1727129383632 40.0 0
1727129383871 50.0 0
1727129384109 60.0 0
1727129384348 70.0 0
1727129384584 80.0 0
1727129384822 90.0 0
1727129385061 100.0 3
1727129385299 110.0 3
1727129385539 120.0 3
1727129385777 130.0 3
1727129386018 140.0 3
1727129386258 150.0 3
1727129386498 160.0 3
1727129386738 170.0 3
1727129386977 180.0 3
1727129387218 190.0 3
1727129387458 200.0 6
1727129387699 210.0 6
1727129387938 220.0 6
1727129388178 230.0 6
1727129388419 240.0 6
1727129388659 250.0 6
1727129388899 260.0 6
1727129389141 270.0 6
1727129393880 0.0 0
1727129394152 10.0 0
1727129394392 20.0 0
1727129394633 30.0 0
1727129394871 40.0 0
1727129395111 50.0 0
1727129395352 60.0 0
1727129395592 70.0 0
1727129395831 80.0 0
1727129396073 90.0 0
1727129396314 100.0 4
1727129396555 110.0 4
1727129396796 120.0 4
1727129397037 130.0 4
1727129397278 140.0 4
1727129397519 150.0 4
1727129397757 160.0 4
1727129397997 170.0 4
1727129398237 180.0 4
1727129398478 190.0 4
1727129398718 200.0 8
1727129398957 210.0 8
1727129399197 220.0 8
1727129399437 230.0 8
1727129399678 240.0 8
1727129399918 250.0 8
1727129400159 260.0 8
1727129400399 270.0 8
1727129405239 0.0 0
1727129405517 10.0 0
1727129405757 20.0 0
1727129405998 30.0 0
1727129406237 40.0 0
1727129406479 50.0 0
1727129406720 60.0 0
1727129406960 70.0 0
1727129407200 80.0 0
1727129407440 90.0 0
1727129407680 100.0 5
1727129407919 110.0 5
1727129408160 120.0 5
1727129408400 130.0 5
1727129408640 140.0 5
1727129408880 150.0 5
1727129409121 160.0 5
1727129409364 170.0 5
1727129409606 180.0 5
1727129409849 190.0 5
1727129410088 200.0 10
1727129410327 210.0 10
1727129410566 220.0 10
1727129410807 230.0 10
1727129411048 240.0 10
1727129411288 250.0 10
1727129411527 260.0 10
1727129411769 270.0 10
1727129416835 0.0 0
1727129417092 10.0 0
1727129417333 20.0 0
1727129417575 30.0 0
1727129417816 40.0 0
1727129418059 50.0 0
1727129418299 60.0 0
1727129418537 70.0 0
1727129418777 80.0 0
1727129419018 90.0 0
1727129419259 100.0 6
1727129419499 110.0 6
1727129419738 120.0 6
1727129419977 130.0 6
1727129420215 140.0 6
1727129420456 150.0 6
1727129420697 160.0 6
1727129420940 170.0 6
1727129421181 180.0 6
1727129421421 190.0 6
1727129421662 200.0 12
1727129421903 210.0 12
1727129422143 220.0 12
1727129422382 230.0 12
1727129422624 240.0 12
1727129422864 250.0 12
1727129423104 260.0 12
1727129423344 270.0 12
