1726909638842 0.816019 0
1726909638985 0.555068 0
1726909639126 0.329929 0
1726909639267 0.360976 0
1726909639408 0.674354 0
1726909639549 0.204306 0
1726909639691 0.570336 0
1726909639834 0.218066 0
1726909639977 0.269858 0
1726909640120 0.126317 0
1726909640262 0.283652 1
1726909640408 0.155212 1
1726909640550 0.208525 1
1726909640692 0.12798 1
1726909640836 0.101757 1
1726909640978 0.202995 1
1726909642183 0.420651 0
1726909642326 0.11067 0
1726909642471 0.154782 0
1726909642613 0.189934 0
1726909642755 0.372957 0
1726909642900 0.141186 0
1726909643042 0.415369 0
1726909643184 0.179287 0
1726909643327 0.236585 0
1726909643468 0.090976 0
1726909643611 0.289648 2
1726909643753 0.134866 2
1726909643896 0.171059 2
1726909644038 0.108215 2
1726909644180 0.09207 2
1726909644323 0.179727 2
1726909645469 0.231713 0
1726909645611 0.092142 0
1726909645753 0.166799 0
1726909645894 0.162974 0
1726909646036 0.316039 0
1726909646179 0.135855 0
1726909646321 0.395607 0
1726909646463 0.155963 0
1726909646608 0.210265 0
1726909646752 0.112783 0
1726909646896 0.168259 3
1726909647038 0.114299 3
1726909647181 0.15845 3
1726909647324 0.129247 3
1726909647466 0.062019 3
1726909647616 0.192764 3
1726909648768 0.193037 0
1726909648910 0.102125 0
1726909649054 0.118635 0
1726909649196 0.162422 0
1726909649337 0.302103 0
1726909649479 0.148845 0
1726909649619 0.403997 0
1726909649761 0.167062 0
1726909649902 0.247319 0
1726909650046 0.102327 0
1726909650189 0.182674 4
1726909650332 0.125954 4
1726909650473 0.15253 4
1726909650615 0.094236 4
1726909650762 0.065595 4
1726909650904 0.192035 4
1726909652038 0.211737 0
1726909652182 0.100077 0
1726909652324 0.112173 0
1726909652465 0.187222 0
1726909652606 0.292967 0
1726909652752 0.120712 0
1726909652895 0.342655 0
1726909653036 0.149592 0
1726909653178 0.243607 0
1726909653321 0.094598 0
1726909653461 0.109099 5
1726909653602 0.10076 5
1726909653744 0.158174 5
1726909653889 0.106327 5
1726909654031 0.078804 5
1726909654172 0.186599 5
1726909655321 0.183541 0
1726909655467 0.087111 0
1726909655608 0.136394 0
1726909655749 0.16612 0
1726909655891 0.286886 0
1726909656032 0.118337 0
1726909656174 0.343466 0
1726909656316 0.159777 0
1726909656459 0.208181 0
1726909656600 0.091868 0
1726909656742 0.114415 6
1726909656888 0.095782 6
1726909657029 0.155119 6
1726909657172 0.135243 6
1726909657320 0.063217 6
1726909657464 0.187618 6
1726909658622 0.175235 0
1726909658769 0.094448 0
1726909658914 0.077553 0
1726909659055 0.14958 0
1726909659197 0.295873 0
1726909659339 0.126013 0
1726909659480 0.317051 0
1726909659622 0.149058 0
1726909659763 0.270517 0
1726909659905 0.117902 0
1726909660048 0.123553 7
1726909660190 0.100828 7
1726909660331 0.155792 7
1726909660475 0.098585 7
1726909660617 0.062379 7
1726909660759 0.188177 7
1726909661917 0.177222 0
1726909662060 0.088945 0
1726909662202 0.079008 0
1726909662344 0.147307 0
1726909662486 0.293443 0
1726909662626 0.13046 0
1726909662767 0.295351 0
1726909662913 0.147854 0
1726909663057 0.217841 0
1726909663199 0.106287 0
1726909663341 0.097918 8
1726909663483 0.091437 8
1726909663624 0.141194 8
1726909663766 0.093922 8
1726909663909 0.071995 8
1726909664050 0.207326 8
1726909665211 0.164054 0
1726909665354 0.078715 0
1726909665495 0.133085 0
1726909665638 0.159045 0
1726909665781 0.298723 0
1726909665921 0.131565 0
1726909666067 0.322119 0
1726909666210 0.151362 0
1726909666351 0.208871 0
1726909666493 0.080003 0
1726909666635 0.09134 9
1726909666777 0.103744 9
1726909666919 0.145363 9
1726909667065 0.113069 9
1726909667208 0.067053 9
1726909667350 0.200193 9
