1727127800474 11.00034 0
1727127800601 0.382833 0
1727127800732 0.265916 0
1727127800866 0.374929 0
1727127800997 0.473618 0
1727127801131 0.35223 0
1727127801263 0.257458 0
1727127801765 0.330974 0
1727127801892 0.305123 0
1727127802021 0.76862 0
1727127802152 0.506119 0
1727127802286 0.296012 0
1727127802417 0.401896 0
1727127802550 0.268985 0
1727127803091 0.152971 0
1727127803214 0.314671 0
1727127803345 0.318828 0
1727127803478 0.422988 0
1727127803609 0.375525 0
1727127803739 0.213879 0
1727127803871 0.320317 0
1727127804384 2.717706 0
1727127804509 0.641087 0
1727127804640 0.271167 0
1727127804771 0.741132 0
1727127804902 0.760465 0
1727127805033 0.212616 0
1727127805165 0.131093 0
1727127805690 0.278702 0
1727127805817 0.261748 0
1727127805948 1.336122 0
1727127806078 0.348851 0
1727127806210 0.266258 0
1727127806344 0.542662 0
1727127806477 0.102629 0
