1727090918517 8.95427 0
1727090918610 2.810302 0
1727090918705 34.452583 0
1727090918797 12.810406 0
1727090918889 2.429429 0
1727090918986 2.94977 0
1727090919077 2.062877 0
1727090919170 1.551632 0
1727090919613 2.341359 0
1727090919706 2.362811 0
1727090919796 1.157542 0
1727090919887 1.275185 0
1727090919981 1.372078 0
1727090920075 0.877209 0
1727090920169 1.44418 0
1727090920262 1.316958 0
1727090920698 0.336178 0
1727090920795 0.439479 0
1727090920889 0.593716 0
1727090920988 11.765169 0
1727090921081 1.946196 0
1727090921172 1.361993 0
1727090921266 3.125978 0
1727090921364 2.29221 0
1727090921766 5.841265 0
1727090921860 17.752504 0
1727090921954 7.756789 0
1727090922052 4.386661 0
1727090922141 1.11203 0
1727090922233 1.238473 0
1727090922324 1.490684 0
1727090922416 1.299655 0
1727090922824 0.390328 0
1727090922923 3.299721 0
1727090923018 4.566553 0
1727090923111 2.90172 0
1727090923201 2.672932 0
1727090923291 0.965537 0
1727090923387 2.084057 0
1727090923481 1.00458 0
1727090923877 0.807233 0
1727090923976 2.336922 0
1727090924065 4.142804 0
1727090924156 2.933557 0
1727090924249 2.831573 0
1727090924339 1.446525 0
1727090924432 1.101077 0
1727090924521 0.954115 0
