1726783605865 0.0 0
1726783605967 10.0 0
1726783606062 20.0 0
1726783606157 30.0 0
1726783606262 40.0 0
1726783606361 50.0 0
1726783606458 60.0 0
1726783606556 70.0 0
1726783606653 80.0 0
1726783606753 90.0 0
1726783606850 100.0 1
1726783606953 110.0 1
1726783607056 120.0 1
1726783607164 130.0 1
1726783607271 140.0 1
1726783607370 150.0 1
1726783607465 160.0 1
1726783607561 170.0 1
1726783607656 180.0 1
1726783607752 190.0 1
1726783607847 200.0 2
1726783607945 210.0 2
1726783608998 0.0 0
1726783609105 10.0 0
1726783609202 20.0 0
1726783609306 30.0 0
1726783609403 40.0 0
1726783609498 50.0 0
1726783609595 60.0 0
1726783609692 70.0 0
1726783609790 80.0 0
1726783609887 90.0 0
1726783609986 100.0 2
1726783610085 110.0 2
1726783610184 120.0 2
1726783610281 130.0 2
1726783610378 140.0 2
1726783610475 150.0 2
1726783610572 160.0 2
1726783610670 170.0 2
1726783610767 180.0 2
1726783610864 190.0 2
1726783610961 200.0 4
1726783611059 210.0 4
1726783612202 0.0 0
1726783612298 10.0 0
1726783612395 20.0 0
1726783612490 30.0 0
1726783612586 40.0 0
1726783612683 50.0 0
1726783612780 60.0 0
1726783612875 70.0 0
1726783612972 80.0 0
1726783613069 90.0 0
1726783613166 100.0 3
1726783613264 110.0 3
1726783613371 120.0 3
1726783613470 130.0 3
1726783613566 140.0 3
1726783613663 150.0 3
1726783613760 160.0 3
1726783613859 170.0 3
1726783613962 180.0 3
1726783614060 190.0 3
1726783614156 200.0 6
1726783614256 210.0 6
1726783615329 0.0 0
1726783615437 10.0 0
1726783615536 20.0 0
1726783615635 30.0 0
1726783615732 40.0 0
1726783615828 50.0 0
1726783615925 60.0 0
1726783616021 70.0 0
1726783616117 80.0 0
1726783616220 90.0 0
1726783616317 100.0 4
1726783616415 110.0 4
1726783616512 120.0 4
1726783616608 130.0 4
1726783616704 140.0 4
1726783616803 150.0 4
1726783616899 160.0 4
1726783616996 170.0 4
1726783617092 180.0 4
1726783617190 190.0 4
1726783617287 200.0 8
1726783617387 210.0 8
