1726781695039 0.003526 0
1726781695138 0.002116 0
1726781695234 0.00096 0
1726781695329 0.000695 0
1726781695424 0.00076 0
1726781695518 0.000771 0
1726781695613 0.000662 0
1726781695714 0.000975 0
1726781696268 0.002297 0
1726781696371 0.001042 0
1726781696467 0.000838 0
1726781696561 0.000688 0
1726781696653 0.000723 0
1726781696746 0.000618 0
1726781696843 0.000515 0
1726781696948 0.000652 0
1726781697459 0.001511 0
1726781697562 0.000827 0
1726781697655 0.000559 0
1726781697748 0.000448 0
1726781697840 0.002708 0
1726781697931 0.000628 0
1726781698023 0.000509 0
1726781698116 0.000623 0
1726781698642 0.007039 0
1726781698745 0.002166 0
1726781698838 0.001203 0
1726781698937 0.000548 0
1726781699033 0.001234 0
1726781699126 0.001621 0
1726781699223 0.000671 0
1726781699319 0.000959 0
