1726799008336 0.0 0
1726799008433 10.0 0
1726799008529 20.0 0
1726799008624 30.0 0
1726799008722 40.0 0
1726799008822 50.0 0
1726799008920 60.0 0
1726799009017 70.0 0
1726799009118 80.0 0
1726799009217 90.0 0
1726799009319 100.0 1
1726799009416 110.0 1
1726799009514 120.0 1
1726799009620 130.0 1
1726799009717 140.0 1
1726799009815 150.0 1
1726799009910 160.0 1
1726799010007 170.0 1
1726799010103 180.0 1
1726799010198 190.0 1
1726799010296 200.0 2
1726799010394 210.0 2
1726799010491 220.0 2
1726799010587 230.0 2
1726799010682 240.0 2
1726799010777 250.0 2
1726799010874 260.0 2
1726799010968 270.0 2
1726799011065 280.0 2
1726799011162 290.0 2
1726799011258 300.0 3
1726799011353 310.0 3
1726799011448 320.0 3
1726799011543 330.0 3
1726799011647 340.0 3
1726799011743 350.0 3
1726799011842 360.0 3
1726799011939 370.0 3
1726799012036 380.0 3
1726799012131 390.0 3
1726799012227 400.0 4
1726799012323 410.0 4
1726799012420 420.0 4
1726799014385 0.0 0
1726799014486 10.0 0
1726799014584 20.0 0
1726799014683 30.0 0
1726799014782 40.0 0
1726799014884 50.0 0
1726799014983 60.0 0
1726799015082 70.0 0
1726799015179 80.0 0
1726799015275 90.0 0
1726799015374 100.0 2
1726799015470 110.0 2
1726799015566 120.0 2
1726799015662 130.0 2
1726799015767 140.0 2
1726799015867 150.0 2
1726799015966 160.0 2
1726799016067 170.0 2
1726799016163 180.0 2
1726799016259 190.0 2
1726799016358 200.0 4
1726799016456 210.0 4
1726799016555 220.0 4
1726799016656 230.0 4
1726799016752 240.0 4
1726799016848 250.0 4
1726799016946 260.0 4
1726799017045 270.0 4
1726799017142 280.0 4
1726799017242 290.0 4
1726799017338 300.0 6
1726799017434 310.0 6
1726799017530 320.0 6
1726799017626 330.0 6
1726799017726 340.0 6
1726799017826 350.0 6
1726799017922 360.0 6
1726799018018 370.0 6
1726799018115 380.0 6
1726799018213 390.0 6
1726799018310 400.0 8
1726799018406 410.0 8
1726799018501 420.0 8
1726799020536 0.0 0
1726799020631 10.0 0
1726799020728 20.0 0
1726799020825 30.0 0
1726799020922 40.0 0
1726799021017 50.0 0
1726799021117 60.0 0
1726799021216 70.0 0
1726799021313 80.0 0
1726799021408 90.0 0
1726799021504 100.0 3
1726799021600 110.0 3
1726799021696 120.0 3
1726799021791 130.0 3
1726799021897 140.0 3
1726799021995 150.0 3
1726799022093 160.0 3
1726799022190 170.0 3
1726799022285 180.0 3
1726799022383 190.0 3
1726799022480 200.0 6
1726799022575 210.0 6
1726799022672 220.0 6
1726799022768 230.0 6
1726799022866 240.0 6
1726799022965 250.0 6
1726799023062 260.0 6
1726799023158 270.0 6
1726799023257 280.0 6
1726799023353 290.0 6
1726799023450 300.0 9
1726799023545 310.0 9
1726799023641 320.0 9
1726799023737 330.0 9
1726799023832 340.0 9
1726799023936 350.0 9
1726799024030 360.0 9
1726799024126 370.0 9
1726799024223 380.0 9
1726799024322 390.0 9
1726799024433 400.0 12
1726799024533 410.0 12
1726799024627 420.0 12
1726799026576 0.0 0
1726799026674 10.0 0
1726799026773 20.0 0
1726799026870 30.0 0
1726799026966 40.0 0
1726799027073 50.0 0
1726799027178 60.0 0
1726799027276 70.0 0
1726799027373 80.0 0
1726799027473 90.0 0
1726799027570 100.0 4
1726799027666 110.0 4
1726799027763 120.0 4
1726799027861 130.0 4
1726799027959 140.0 4
1726799028060 150.0 4
1726799028157 160.0 4
1726799028254 170.0 4
1726799028350 180.0 4
1726799028448 190.0 4
1726799028546 200.0 8
1726799028644 210.0 8
1726799028742 220.0 8
1726799028841 230.0 8
1726799028938 240.0 8
1726799029033 250.0 8
1726799029129 260.0 8
1726799029224 270.0 8
1726799029324 280.0 8
1726799029423 290.0 8
1726799029522 300.0 12
1726799029618 310.0 12
1726799029714 320.0 12
1726799029810 330.0 12
1726799029904 340.0 12
1726799030000 350.0 12
1726799030098 360.0 12
1726799030197 370.0 12
1726799030295 380.0 12
1726799030391 390.0 12
1726799030486 400.0 16
1726799030581 410.0 16
1726799030675 420.0 16
