1726887539637 0.477797 0
1726887539776 0.347958 0
1726887539912 0.140292 0
1726887540048 0.725507 0
1726887540189 0.481419 0
1726887540326 0.27899 0
1726887540463 0.41891 0
1726887540599 0.358505 0
1726887540737 0.235227 0
1726887540874 1.062371 0
1726887541011 0.298031 1
1726887541148 0.75987 1
1726887541285 0.506786 1
1726887541422 0.248242 1
1726887541562 0.409705 1
1726887541702 1.345789 1
1726887541839 0.295107 1
1726887541976 0.394051 1
1726887542113 3.996483 1
1726887542252 0.240374 1
1726887542389 1.087072 2
1726887543842 0.277709 0
1726887543982 0.248074 0
1726887544118 0.148374 0
1726887544256 0.275189 0
1726887544395 0.218154 0
1726887544532 0.086514 0
1726887544669 0.221374 0
1726887544806 0.337088 0
1726887544945 0.073952 0
1726887545082 0.307562 0
1726887545220 0.310402 2
1726887545357 0.254671 2
1726887545494 0.295575 2
1726887545631 0.191854 2
1726887545769 0.241933 2
1726887545905 0.595817 2
1726887546042 0.307866 2
1726887546178 0.27748 2
1726887546317 1.825331 2
1726887546456 0.291779 2
1726887546593 0.719337 4
1726887548049 0.566099 0
1726887548189 0.330921 0
1726887548327 0.194032 0
1726887548467 0.373661 0
1726887548604 0.323566 0
1726887548741 0.08934 0
1726887548877 0.207896 0
1726887549015 0.31243 0
1726887549153 0.064007 0
1726887549290 0.36529 0
1726887549427 0.200636 3
1726887549563 0.317177 3
1726887549700 0.255592 3
1726887549838 0.157572 3
1726887549975 0.238767 3
1726887550112 0.576926 3
1726887550250 0.249465 3
1726887550389 0.319775 3
1726887550529 1.476459 3
1726887550666 0.21899 3
1726887550802 0.654075 6
1726887552255 0.389873 0
1726887552394 0.196116 0
1726887552534 0.124145 0
1726887552671 0.265658 0
1726887552816 0.237242 0
1726887552953 0.091219 0
1726887553090 0.202695 0
1726887553228 0.303569 0
1726887553365 0.057966 0
1726887553502 0.317045 0
1726887553639 0.195021 4
1726887553776 0.256757 4
1726887553914 0.206306 4
1726887554052 0.142981 4
1726887554189 0.231105 4
1726887554326 0.526076 4
1726887554463 0.258356 4
1726887554603 0.281402 4
1726887554740 1.385923 4
1726887554876 0.225279 4
1726887555013 0.638599 8
1726887556461 0.317326 0
1726887556603 0.175038 0
1726887556740 0.11137 0
1726887556877 0.2392 0
1726887557025 0.222054 0
1726887557165 0.088965 0
1726887557302 0.198521 0
1726887557440 0.296935 0
1726887557577 0.055531 0
1726887557714 0.294501 0
1726887557853 0.192154 5
1726887557990 0.232003 5
1726887558126 0.196279 5
1726887558263 0.136837 5
1726887558401 0.223884 5
1726887558537 0.516781 5
1726887558678 0.247185 5
1726887558814 0.267303 5
1726887558952 1.342478 5
1726887559090 0.219565 5
1726887559227 0.632207 10
1726887560695 0.312245 0
1726887560835 0.172821 0
1726887560972 0.110714 0
1726887561108 0.236731 0
1726887561246 0.220398 0
1726887561382 0.088468 0
1726887561520 0.197433 0
1726887561657 0.296112 0
1726887561793 0.054918 0
1726887561930 0.292134 0
1726887562068 0.19134 6
1726887562206 0.227947 6
1726887562343 0.194961 6
1726887562480 0.136331 6
1726887562619 0.223374 6
1726887562759 0.513854 6
1726887562898 0.246163 6
1726887563035 0.265591 6
1726887563172 1.335006 6
1726887563309 0.218821 6
1726887563446 0.629917 12
1726887564904 0.306382 0
1726887565043 0.171868 0
1726887565181 0.108974 0
1726887565319 0.233661 0
1726887565456 0.218996 0
1726887565592 0.088756 0
1726887565730 0.196713 0
1726887565867 0.296105 0
1726887566004 0.054669 0
1726887566141 0.290371 0
1726887566280 0.191612 7
1726887566420 0.22606 7
1726887566556 0.19392 7
1726887566693 0.136302 7
1726887566831 0.220785 7
1726887566969 0.5128 7
1726887567106 0.245771 7
1726887567244 0.263533 7
1726887567381 1.32514 7
1726887567517 0.218875 7
1726887567656 0.632572 14
1726887569104 0.305555 0
1726887569242 0.171154 0
1726887569379 0.10924 0
1726887569517 0.234095 0
1726887569654 0.219303 0
1726887569792 0.088538 0
1726887569929 0.196398 0
1726887570066 0.296272 0
1726887570204 0.054594 0
1726887570344 0.289886 0
1726887570482 0.191139 8
1726887570620 0.224612 8
1726887570757 0.193631 8
1726887570904 0.13552 8
1726887571043 0.221425 8
1726887571180 0.513357 8
1726887571317 0.245654 8
1726887571454 0.262872 8
1726887571591 1.325222 8
1726887571728 0.218965 8
1726887571865 0.628623 16
1726887573301 0.30518 0
1726887573444 0.171467 0
1726887573581 0.108733 0
1726887573718 0.23422 0
1726887573855 0.218911 0
1726887573993 0.088562 0
1726887574130 0.196966 0
1726887574267 0.294882 0
1726887574406 0.054928 0
1726887574544 0.289897 0
1726887574681 0.191451 9
1726887574818 0.225332 9
1726887574956 0.19353 9
1726887575093 0.13438 9
1726887575231 0.2214 9
1726887575368 0.513292 9
1726887575505 0.244171 9
1726887575643 0.263587 9
1726887575780 1.325449 9
1726887575918 0.21816 9
1726887576057 0.629116 18
