1727103520703 24.904615 0
1727103520829 114.838989 0
1727103521159 14.622575 0
1727103521285 24.892353 0
1727103521595 12.218206 0
1727103521721 40.777229 0
1727103522038 11.194003 0
1727103522161 31.462051 0
1727103522470 14.999327 0
1727103522596 9.644726 0
1727103522917 10.058191 0
1727103523053 8.780258 0
1727103523377 9.042242 0
1727103523501 7.635578 0
1727103523811 8.299278 0
1727103523935 6.442002 0
1727103524236 8.362123 0
1727103524359 6.080173 0
1727103524675 7.445827 0
1727103524798 5.672681 0
