1727105066262 0.52274 0
1727105066433 0.43402 0
1727105066595 0.974303 0
1727105066763 0.142226 0
1727105066937 0.26514 0
1727105067102 0.154235 0
1727105067265 0.438348 0
1727105067424 1.705065 0
1727105067585 0.251697 0
1727105067750 0.352957 0
1727105067911 0.219112 1
1727105068070 0.938507 1
1727105068228 0.293356 1
1727105068386 0.490856 1
1727105068548 0.404512 1
1727105068708 1.516518 1
1727105070052 2.290542 0
1727105070365 0.397413 0
1727105070547 0.713985 0
1727105070710 0.050701 0
1727105070877 0.216149 0
1727105071038 0.089817 0
1727105071212 0.953039 0
1727105071382 0.918676 0
1727105071543 0.217177 0
1727105071703 0.394899 0
1727105071869 0.247394 2
1727105072032 0.779393 2
1727105072195 0.487749 2
1727105072356 0.599672 2
1727105072514 0.347488 2
1727105072674 1.461702 2
1727105073888 0.70824 0
1727105074051 0.329332 0
1727105074210 0.674434 0
1727105074371 0.120205 0
1727105074535 0.415907 0
1727105074695 0.069416 0
1727105074867 0.409756 0
1727105075029 0.886052 0
1727105075190 0.21372 0
1727105075358 0.410144 0
1727105075522 0.26326 3
1727105075683 0.639027 3
1727105075843 0.420474 3
1727105076012 0.418509 3
1727105076183 0.429768 3
1727105076346 0.900967 3
1727105077563 0.290881 0
1727105077732 0.411189 0
1727105077899 0.801044 0
1727105078064 0.140095 0
1727105078227 0.199797 0
1727105078390 0.054193 0
1727105078553 0.453512 0
1727105078735 0.846128 0
1727105078899 0.20895 0
1727105079068 0.363171 0
1727105079231 0.323672 4
1727105079393 0.499812 4
1727105079558 0.312826 4
1727105079723 0.783654 4
1727105079885 0.293448 4
1727105080045 0.826171 4
1727105081241 0.240323 0
1727105081405 0.33122 0
1727105081573 0.55625 0
1727105081732 0.035666 0
1727105081896 0.235881 0
1727105082059 0.051767 0
1727105082221 0.399025 0
1727105082380 0.793511 0
1727105082541 0.176508 0
1727105082704 0.33486 0
1727105082866 0.262875 5
1727105083033 0.501799 5
1727105083195 0.385412 5
1727105083354 0.409106 5
1727105083513 0.279153 5
1727105083674 0.968552 5
1727105084804 0.288118 0
1727105084969 0.415381 0
1727105085135 0.669163 0
1727105085298 0.178941 0
1727105085461 0.174366 0
1727105085629 0.064544 0
1727105085796 0.435358 0
1727105085981 0.694401 0
1727105086146 0.156758 0
1727105086311 0.326735 0
1727105086474 0.182162 6
1727105086637 0.459501 6
1727105086798 0.332699 6
1727105086959 0.537017 6
1727105087124 0.265055 6
1727105087290 0.824235 6
1727105089055 0.256742 0
1727105089223 0.31737 0
1727105089388 0.526166 0
1727105089554 0.037951 0
1727105089724 0.190442 0
1727105089890 0.049683 0
1727105090051 0.418218 0
1727105090221 0.687487 0
1727105090384 0.169324 0
1727105090548 0.387324 0
1727105090711 0.168753 7
1727105090873 0.54546 7
1727105091032 0.43232 7
1727105091197 0.353206 7
1727105091371 0.298802 7
1727105091537 1.156303 7
1727105093180 0.233587 0
1727105093357 0.335152 0
1727105093532 0.663311 0
1727105093707 0.104034 0
1727105093884 0.184411 0
1727105094063 0.050628 0
1727105094246 0.378238 0
1727105094411 0.721789 0
1727105094570 0.161427 0
1727105094731 0.32448 0
1727105094896 0.214165 8
1727105095078 0.488485 8
1727105095273 0.308598 8
1727105095456 0.443735 8
1727105095655 0.321484 8
1727105095855 0.885038 8
