1727105066246 0.0 0
1727105066417 10.0 0
1727105066579 20.0 0
1727105066747 30.0 0
1727105066921 40.0 0
1727105067085 50.0 0
1727105067250 60.0 0
1727105067408 70.0 0
1727105067570 80.0 0
1727105067733 90.0 0
1727105067896 100.0 1
1727105068054 110.0 1
1727105068212 120.0 1
1727105068370 130.0 1
1727105068531 140.0 1
1727105068693 150.0 1
1727105070035 0.0 0
1727105070333 10.0 0
1727105070532 20.0 0
1727105070695 30.0 0
1727105070861 40.0 0
1727105071022 50.0 0
1727105071196 60.0 0
1727105071366 70.0 0
1727105071527 80.0 0
1727105071688 90.0 0
1727105071853 100.0 2
1727105072016 110.0 2
1727105072179 120.0 2
1727105072341 130.0 2
1727105072499 140.0 2
1727105072658 150.0 2
1727105073872 0.0 0
1727105074035 10.0 0
1727105074194 20.0 0
1727105074355 30.0 0
1727105074519 40.0 0
1727105074679 50.0 0
1727105074842 60.0 0
1727105075014 70.0 0
1727105075174 80.0 0
1727105075341 90.0 0
1727105075507 100.0 3
1727105075668 110.0 3
1727105075827 120.0 3
1727105075996 130.0 3
1727105076167 140.0 3
1727105076330 150.0 3
1727105077547 0.0 0
1727105077717 10.0 0
1727105077883 20.0 0
1727105078048 30.0 0
1727105078212 40.0 0
1727105078374 50.0 0
1727105078537 60.0 0
1727105078719 70.0 0
1727105078884 80.0 0
1727105079052 90.0 0
1727105079216 100.0 4
1727105079377 110.0 4
1727105079541 120.0 4
1727105079707 130.0 4
1727105079869 140.0 4
1727105080029 150.0 4
1727105081222 0.0 0
1727105081389 10.0 0
1727105081558 20.0 0
1727105081716 30.0 0
1727105081880 40.0 0
1727105082044 50.0 0
1727105082205 60.0 0
1727105082365 70.0 0
1727105082526 80.0 0
1727105082688 90.0 0
1727105082850 100.0 5
1727105083017 110.0 5
1727105083179 120.0 5
1727105083338 130.0 5
1727105083497 140.0 5
1727105083658 150.0 5
1727105084789 0.0 0
1727105084953 10.0 0
1727105085119 20.0 0
1727105085282 30.0 0
1727105085445 40.0 0
1727105085613 50.0 0
1727105085781 60.0 0
1727105085965 70.0 0
1727105086130 80.0 0
1727105086295 90.0 0
1727105086459 100.0 6
1727105086621 110.0 6
1727105086782 120.0 6
1727105086944 130.0 6
1727105087108 140.0 6
1727105087274 150.0 6
1727105089039 0.0 0
1727105089207 10.0 0
1727105089372 20.0 0
1727105089539 30.0 0
1727105089709 40.0 0
1727105089874 50.0 0
1727105090035 60.0 0
1727105090206 70.0 0
1727105090368 80.0 0
1727105090532 90.0 0
1727105090695 100.0 7
1727105090858 110.0 7
1727105091017 120.0 7
1727105091182 130.0 7
1727105091355 140.0 7
1727105091521 150.0 7
1727105093164 0.0 0
1727105093342 10.0 0
1727105093517 20.0 0
1727105093691 30.0 0
1727105093867 40.0 0
1727105094047 50.0 0
1727105094228 60.0 0
1727105094395 70.0 0
1727105094555 80.0 0
1727105094716 90.0 0
1727105094881 100.0 8
1727105095061 110.0 8
1727105095256 120.0 8
1727105095439 130.0 8
1727105095636 140.0 8
1727105095837 150.0 8
