1726834344367 0.976426 0
1726834344501 0.425922 0
1726834344629 0.374873 0
1726834344755 0.27478 0
1726834344882 0.482901 0
1726834345009 0.457941 0
1726834345136 0.477785 0
1726834345265 0.317054 0
1726834345393 0.365315 0
1726834346113 0.499682 0
1726834346240 0.388895 0
1726834346367 0.423938 0
1726834346494 0.152883 0
1726834346621 0.249616 0
1726834346748 0.349745 0
1726834346904 0.311397 0
1726834347033 0.353204 0
1726834347163 0.384079 0
1726834347859 0.536402 0
1726834347985 0.442031 0
1726834348112 0.392786 0
1726834348240 0.20682 0
1726834348367 0.266529 0
1726834348495 0.33599 0
1726834348622 0.253431 0
1726834348749 0.494439 0
1726834348878 0.331663 0
1726834349581 0.466454 0
1726834349708 0.475931 0
1726834349835 0.741462 0
1726834349963 0.397769 0
1726834350091 0.330639 0
1726834350218 0.492091 0
1726834350345 0.271462 0
1726834350472 0.351683 0
1726834350599 0.359674 0
1726834351325 0.468278 0
1726834351455 0.448001 0
1726834351582 0.500468 0
1726834351709 0.224703 0
1726834351837 0.235739 0
1726834351963 0.409057 0
1726834352091 0.287704 0
1726834352219 0.304112 0
1726834352346 0.353545 0
1726834353042 0.364508 0
1726834353169 0.40506 0
1726834353297 0.332228 0
1726834353425 0.163342 0
1726834353554 0.244032 0
1726834353681 0.374856 0
1726834353811 0.297114 0
1726834353938 0.42889 0
1726834354065 0.342389 0
1726834354759 0.406754 0
1726834354888 0.398341 0
1726834355015 0.313726 0
1726834355142 0.194949 0
1726834355270 0.261618 0
1726834355398 0.435164 0
1726834355529 0.269727 0
1726834355656 0.35637 0
1726834355784 0.339335 0
1726834356482 0.418052 0
1726834356610 0.39002 0
1726834356738 0.312526 0
1726834356866 0.163151 0
1726834356993 0.231239 0
1726834357120 0.386336 0
1726834357247 0.258258 0
1726834357375 0.300934 0
1726834357502 0.345632 0
1726834358201 0.411932 0
1726834358329 0.421796 0
1726834358456 0.337613 0
1726834358584 0.195917 0
1726834358711 0.234998 0
1726834358839 0.366682 0
1726834358973 0.273172 0
1726834359101 0.279787 0
1726834359228 0.345455 0
1726834359942 0.399293 0
1726834360070 0.405582 0
1726834360198 0.319773 0
1726834360326 0.177747 0
1726834360454 0.241623 0
1726834360581 0.374522 0
1726834360709 0.253511 0
1726834360836 0.31661 0
1726834360963 0.339554 0
