1726917846655 0.429577 0
1726917846808 0.181551 0
1726917846954 2.041777 0
1726917847100 1.53193 0
1726917847244 0.315413 0
1726917847389 0.390573 0
1726917847535 0.189846 0
1726917847681 0.181875 0
1726917847832 2.405257 0
1726917847978 0.345223 0
1726917848122 0.440729 1
1726917849123 0.315359 0
1726917849270 0.216471 0
1726917849416 1.092589 0
1726917849560 0.695158 0
1726917849705 0.260307 0
1726917849852 0.359645 0
1726917849999 0.194587 0
1726917850143 0.259091 0
1726917850288 1.06478 0
1726917850435 0.361791 0
1726917850579 0.377293 2
1726917851507 0.161612 0
1726917851652 0.159039 0
1726917851801 0.902615 0
1726917851946 0.586348 0
1726917852092 0.353592 0
1726917852238 0.250063 0
1726917852385 0.173381 0
1726917852534 0.253392 0
1726917852679 1.086118 0
1726917852824 0.365316 0
1726917852970 0.388473 3
1726917853904 0.163968 0
1726917854051 0.139232 0
1726917854196 0.763315 0
1726917854342 0.526762 0
1726917854487 0.239168 0
1726917854633 0.273347 0
1726917854780 0.194231 0
1726917854925 0.240947 0
1726917855071 0.953063 0
1726917855216 0.322238 0
1726917855361 0.376761 4
1726917856297 0.199818 0
1726917856445 0.148585 0
1726917856591 0.975388 0
1726917856736 0.479829 0
1726917856881 0.323087 0
1726917857026 0.25559 0
1726917857172 0.199721 0
1726917857317 0.347707 0
1726917857462 0.843171 0
1726917857607 0.323883 0
1726917857753 0.388313 5
1726917858686 0.237547 0
1726917858833 0.174173 0
1726917858978 0.835428 0
1726917859124 0.490101 0
1726917859268 0.283346 0
1726917859413 0.242423 0
1726917859559 0.178448 0
1726917859704 0.256237 0
1726917859850 0.837741 0
1726917860000 0.330323 0
1726917860145 0.386872 6
1726917861079 0.149264 0
1726917861225 0.147595 0
1726917861372 0.773733 0
1726917861518 0.431491 0
1726917861663 0.244939 0
1726917861809 0.249899 0
1726917861954 0.180707 0
1726917862103 0.287486 0
1726917862248 0.790008 0
1726917862393 0.313007 0
1726917862538 0.400844 7
