1727263152404 96.549713 0
1727263152552 0.311652 0
1727263152702 0.338847 0
1727263152852 1.259965 0
1727263153003 9.686367 0
1727263153150 1.476804 0
1727263153294 1.277718 0
1727263153436 14.388876 0
1727263153590 0.8096 0
1727263153740 2.047461 0
1727263153891 1.854947 1
1727263154672 0.217004 0
1727263154825 0.099349 0
1727263154972 2.376446 0
1727263155116 0.592297 0
1727263155261 7.312225 0
1727263155406 2.715795 0
1727263155548 1.474895 0
1727263155688 1.878038 0
1727263155823 1.777083 0
1727263155961 2.078369 0
1727263156096 6.714381 2
1727263156869 0.128475 0
1727263157008 0.313088 0
1727263157145 0.25907 0
1727263157284 1.37567 0
1727263157419 2.334544 0
1727263157555 0.982312 0
1727263157691 0.791845 0
1727263157828 2.915467 0
1727263157963 1.555683 0
1727263158105 6.234382 0
1727263158244 2.903025 3
1727263158977 6.698516 0
1727263159136 0.120426 0
1727263159285 0.279119 0
1727263159439 7.169854 0
1727263159587 5.791526 0
1727263159735 1.845048 0
1727263159884 1.078917 0
1727263160024 0.911078 0
1727263160164 0.878109 0
1727263160316 0.98114 0
1727263160466 1.105315 4
1727263161299 0.096692 0
1727263161442 0.093856 0
1727263161586 0.367369 0
1727263161726 0.851117 0
1727263161879 13.111788 0
1727263162023 11.330702 0
1727263162164 3.922109 0
1727263162321 0.550494 0
1727263162477 0.984237 0
1727263162634 2.292987 0
1727263162785 0.867956 5
1727263163668 0.076632 0
1727263163837 0.1155 0
1727263164006 0.368974 0
1727263164177 3.742109 0
1727263164336 15.552778 0
1727263164490 1.241304 0
1727263164660 1.80064 0
1727263164813 5.428465 0
1727263164969 0.765432 0
1727263165129 0.92013 0
1727263165279 0.824442 6
1727263166123 0.314439 0
1727263166282 0.092686 0
1727263166433 0.45477 0
1727263166584 26.841595 0
1727263166734 4.323946 0
1727263166883 14.841492 0
1727263167044 2.541717 0
1727263167205 0.668712 0
1727263167361 1.213632 0
1727263167520 2.211973 0
1727263167666 1.404191 7
1727263168558 0.079766 0
1727263168706 0.115862 0
1727263168858 3.18841 0
1727263169000 1.014323 0
1727263169141 2.695583 0
1727263169287 2.193708 0
1727263169431 5.076356 0
1727263169585 5.72507 0
1727263169748 4.099206 0
1727263169904 1.207239 0
1727263170053 6.621915 8
1727263170833 0.1442 0
1727263170985 0.109447 0
1727263171133 0.674762 0
1727263171276 1.070786 0
1727263171420 5.569204 0
1727263171572 2.139858 0
1727263171717 2.359258 0
1727263171867 1.244215 0
1727263172014 0.926116 0
1727263172155 2.39212 0
1727263172300 0.939264 9
1727263173182 0.109482 0
1727263173354 0.090033 0
1727263173519 0.286011 0
1727263173673 1.033863 0
1727263173830 0.8632 0
1727263173988 3.026475 0
1727263174142 4.812059 0
1727263174301 6.473816 0
1727263174452 1.616899 0
1727263174605 1.317839 0
1727263174758 1.10433 10
