1726916065070 0.0 0
1726916065213 10.0 0
1726916065357 20.0 0
1726916065499 30.0 0
1726916065641 40.0 0
1726916065784 50.0 0
1726916065927 60.0 0
1726916066070 70.0 0
1726916066214 80.0 0
1726916066918 0.0 0
1726916067063 10.0 0
1726916067209 20.0 0
1726916067353 30.0 0
1726916067496 40.0 0
1726916067639 50.0 0
1726916067781 60.0 0
1726916067925 70.0 0
1726916068069 80.0 0
1726916068757 0.0 0
1726916068908 10.0 0
1726916069052 20.0 0
1726916069194 30.0 0
1726916069337 40.0 0
1726916069481 50.0 0
1726916069626 60.0 0
1726916069769 70.0 0
1726916069911 80.0 0
1726916070593 0.0 0
1726916070738 10.0 0
1726916070881 20.0 0
1726916071028 30.0 0
1726916071172 40.0 0
1726916071315 50.0 0
1726916071458 60.0 0
1726916071602 70.0 0
1726916071745 80.0 0
1726916072429 0.0 0
1726916072574 10.0 0
1726916072719 20.0 0
1726916072862 30.0 0
1726916073008 40.0 0
1726916073152 50.0 0
1726916073295 60.0 0
1726916073437 70.0 0
1726916073581 80.0 0
1726916074269 0.0 0
1726916074412 10.0 0
1726916074555 20.0 0
1726916074701 30.0 0
1726916074844 40.0 0
1726916074988 50.0 0
1726916075134 60.0 0
1726916075277 70.0 0
1726916075419 80.0 0
1726916076111 0.0 0
1726916076257 10.0 0
1726916076400 20.0 0
1726916076543 30.0 0
1726916076686 40.0 0
1726916076830 50.0 0
1726916076973 60.0 0
1726916077119 70.0 0
1726916077264 80.0 0
1726916077950 0.0 0
1726916078097 10.0 0
1726916078240 20.0 0
1726916078383 30.0 0
1726916078527 40.0 0
1726916078669 50.0 0
1726916078813 60.0 0
1726916078956 70.0 0
1726916079103 80.0 0
