1727103477838 16.436409 0
1727103477964 149.209381 0
1727103478092 8.193439 0
1727103478226 17.542242 0
1727103478673 19.015987 0
1727103478800 81.380836 0
1727103478922 10.501675 0
1727103479050 12.289715 0
1727103479466 92.588875 0
1727103479576 212.618271 0
1727103479710 14.261008 0
1727103479839 22.224262 0
1727103480282 59.018192 0
1727103480408 58.340843 0
1727103480538 44.893951 0
1727103480662 23.796658 0
1727103481078 66.20015 0
1727103481202 19.70969 0
1727103481327 29.770866 0
1727103481457 72.364151 0
1727103481890 61.581779 0
1727103482014 113.829422 0
1727103482135 70.69989 0
1727103482268 3580.450195 0
1727103482690 4189.839355 0
1727103482817 52.085892 0
1727103482947 128.954254 0
1727103483075 130.250046 0
1727103483501 59.397705 0
1727103483633 29.077015 0
1727103483765 62.049843 0
1727103483893 75.137695 0
1727103484325 82.423874 0
1727103484451 69.789795 0
1727103484579 202.848282 0
1727103484708 29.33918 0
1727103485136 34.335033 0
1727103485259 247.370972 0
1727103485384 185.432159 0
1727103485518 27.790545 0
