1726906834611 55.138485 0
1726906834753 2.455632 0
1726906834896 535.081238 0
1726906835040 5.807137 0
1726906835181 7.911362 0
1726906835321 4.830757 0
1726906835461 5.958733 0
1726906835602 6.686324 0
1726906835743 4.648707 0
1726906835885 7.534108 0
1726906836033 1.663659 1
1726906836186 1.331313 1
1726906837156 8.491086 0
1726906837301 2.451833 0
1726906837443 1.201937 0
1726906837583 1.423369 0
1726906837723 3.220337 0
1726906837864 0.890677 0
1726906838008 2.268348 0
1726906838149 4.172016 0
1726906838289 1.540024 0
1726906838430 1.502495 0
1726906838571 4.319269 2
1726906838711 2.545378 2
1726906839600 3.131262 0
1726906839742 1.982583 0
1726906839883 10.531155 0
1726906840024 0.780059 0
1726906840166 1.637623 0
1726906840307 1.263918 0
1726906840448 2.968742 0
1726906840589 1.427928 0
1726906840730 1.090174 0
1726906840871 0.831824 0
1726906841012 3.222806 3
1726906841156 2.360919 3
1726906842044 30.321701 0
1726906842187 2.374919 0
1726906842328 0.79385 0
1726906842470 0.900031 0
1726906842611 1.728888 0
1726906842752 1.184083 0
1726906842893 5.577089 0
1726906843036 1.879383 0
1726906843183 0.934807 0
1726906843324 0.733131 0
1726906843465 2.283536 4
1726906843606 2.849657 4
1726906844483 3.78777 0
1726906844627 1.968111 0
1726906844768 0.845446 0
1726906844910 1.433087 0
1726906845051 10.336764 0
1726906845196 1.613676 0
1726906845338 4.46729 0
1726906845478 2.095778 0
1726906845618 1.401914 0
1726906845759 0.685546 0
1726906845901 4.675646 5
1726906846043 3.491014 5
