1726887364951 0.0 0
1726887365090 10.0 0
1726887365226 20.0 0
1726887365362 30.0 0
1726887365874 0.0 0
1726887366012 10.0 0
1726887366151 20.0 0
1726887366291 30.0 0
1726887366763 0.0 0
1726887366902 10.0 0
1726887367040 20.0 0
1726887367179 30.0 0
1726887367656 0.0 0
1726887367797 10.0 0
1726887367934 20.0 0
1726887368071 30.0 0
1726887368547 0.0 0
1726887368687 10.0 0
1726887368823 20.0 0
1726887368960 30.0 0
1726887369429 0.0 0
1726887369567 10.0 0
1726887369704 20.0 0
1726887369840 30.0 0
1726887370316 0.0 0
1726887370456 10.0 0
1726887370594 20.0 0
1726887370731 30.0 0
