1726764131595 0.225411 0
1726764131709 0.307178 0
1726764131824 1.454936 0
1726764131937 2.786611 0
1726764132052 1.611485 0
1726764132166 2.049104 0
1726764132280 0.521784 0
1726764132394 0.294017 0
1726764132509 0.426491 0
1726764132623 0.175199 0
1726764132738 0.45512 1
1726764133497 0.153706 0
1726764133612 0.17701 0
1726764133727 0.63722 0
1726764133841 1.648918 0
1726764133956 0.92605 0
1726764134070 1.3529 0
1726764134185 0.255974 0
1726764134299 0.256398 0
1726764134413 0.307572 0
1726764134527 0.153469 0
1726764134641 0.280962 2
1726764135390 0.098405 0
1726764135504 0.15233 0
1726764135619 0.538104 0
1726764135735 1.203554 0
1726764135850 0.698693 0
1726764135964 0.858603 0
1726764136078 0.25413 0
1726764136193 0.265408 0
1726764136308 0.256272 0
1726764136422 0.103992 0
1726764136538 0.280422 3
1726764137283 0.079185 0
1726764137398 0.142034 0
1726764137513 0.586154 0
1726764137628 1.085644 0
1726764137744 0.639464 0
1726764137859 0.657663 0
1726764137974 0.257888 0
1726764138088 0.245064 0
1726764138204 0.228113 0
1726764138318 0.094692 0
1726764138432 0.275645 4
1726764139184 0.071755 0
1726764139299 0.131794 0
1726764139414 0.577421 0
1726764139529 1.026559 0
1726764139644 0.616523 0
1726764139760 0.583779 0
1726764139877 0.255694 0
1726764139992 0.227363 0
1726764140107 0.204714 0
1726764140222 0.088733 0
1726764140338 0.268808 5
1726764141087 0.07073 0
1726764141201 0.122889 0
1726764141316 0.567619 0
1726764141431 0.987225 0
1726764141545 0.615066 0
1726764141661 0.558293 0
1726764141775 0.24917 0
1726764141891 0.214291 0
1726764142007 0.190147 0
1726764142122 0.088517 0
1726764142238 0.259271 6
1726764142984 0.07325 0
1726764143099 0.121313 0
1726764143214 0.547421 0
1726764143329 0.956687 0
1726764143444 0.605651 0
1726764143559 0.544942 0
1726764143674 0.249077 0
1726764143789 0.204042 0
1726764143905 0.181877 0
1726764144020 0.086569 0
1726764144136 0.250718 7
1726764144884 0.071519 0
1726764144999 0.123172 0
1726764145114 0.532461 0
1726764145229 0.923399 0
1726764145345 0.602296 0
1726764145460 0.542356 0
1726764145575 0.245593 0
1726764145690 0.197622 0
1726764145805 0.175934 0
1726764145921 0.084517 0
1726764146036 0.24898 8
1726764146784 0.070274 0
1726764146898 0.119784 0
1726764147014 0.524505 0
1726764147128 0.901044 0
1726764147243 0.588078 0
1726764147358 0.543365 0
1726764147473 0.248707 0
1726764147588 0.20043 0
1726764147704 0.168853 0
1726764147819 0.084717 0
1726764147935 0.248585 9
1726764148685 0.0686 0
1726764148799 0.119715 0
1726764148915 0.519067 0
1726764149030 0.876552 0
1726764149144 0.580071 0
1726764149259 0.537106 0
1726764149374 0.239001 0
1726764149489 0.188548 0
1726764149604 0.16217 0
1726764149718 0.080462 0
1726764149833 0.239325 10
