1726912936864 0.0 0
1726912937012 10.0 0
1726912937156 20.0 0
1726912937302 30.0 0
1726912937447 40.0 0
1726912937595 50.0 0
1726912937741 60.0 0
1726912937885 70.0 0
1726912938032 80.0 0
1726912938179 90.0 0
1726912938324 100.0 1
1726912939315 0.0 0
1726912939466 10.0 0
1726912939619 20.0 0
1726912939768 30.0 0
1726912939915 40.0 0
1726912940074 50.0 0
1726912940221 60.0 0
1726912940367 70.0 0
1726912940513 80.0 0
1726912940659 90.0 0
1726912940806 100.0 2
1726912941688 0.0 0
1726912941833 10.0 0
1726912941977 20.0 0
1726912942150 30.0 0
1726912942304 40.0 0
1726912942448 50.0 0
1726912942593 60.0 0
1726912942736 70.0 0
1726912942880 80.0 0
1726912943024 90.0 0
1726912943176 100.0 3
1726912944074 0.0 0
1726912944231 10.0 0
1726912944378 20.0 0
1726912944523 30.0 0
1726912944667 40.0 0
1726912944811 50.0 0
1726912944955 60.0 0
1726912945100 70.0 0
1726912945245 80.0 0
1726912945389 90.0 0
1726912945534 100.0 4
1726912946424 0.0 0
1726912946568 10.0 0
1726912946716 20.0 0
1726912946859 30.0 0
1726912947004 40.0 0
1726912947148 50.0 0
1726912947296 60.0 0
1726912947443 70.0 0
1726912947591 80.0 0
1726912947735 90.0 0
1726912947879 100.0 5
1726912948772 0.0 0
1726912948920 10.0 0
1726912949063 20.0 0
1726912949208 30.0 0
1726912949353 40.0 0
1726912949496 50.0 0
1726912949639 60.0 0
1726912949785 70.0 0
1726912949928 80.0 0
1726912950072 90.0 0
1726912950218 100.0 6
1726912951107 0.0 0
1726912951252 10.0 0
1726912951397 20.0 0
1726912951542 30.0 0
1726912951687 40.0 0
1726912951831 50.0 0
1726912951976 60.0 0
1726912952119 70.0 0
1726912952264 80.0 0
1726912952412 90.0 0
1726912952556 100.0 7
1726912953443 0.0 0
1726912953586 10.0 0
1726912953730 20.0 0
1726912953874 30.0 0
1726912954019 40.0 0
1726912954162 50.0 0
1726912954305 60.0 0
1726912954452 70.0 0
1726912954597 80.0 0
1726912954741 90.0 0
1726912954887 100.0 8
1726912955772 0.0 0
1726912955919 10.0 0
1726912956063 20.0 0
1726912956208 30.0 0
1726912956350 40.0 0
1726912956496 50.0 0
1726912956638 60.0 0
1726912956784 70.0 0
1726912956929 80.0 0
1726912957074 90.0 0
1726912957222 100.0 9
1726912958102 0.0 0
1726912958245 10.0 0
1726912958388 20.0 0
1726912958536 30.0 0
1726912958679 40.0 0
1726912958823 50.0 0
1726912958967 60.0 0
1726912959110 70.0 0
1726912959255 80.0 0
1726912959399 90.0 0
1726912959542 100.0 10
