1727102800791 0.0 0
1727102800922 10.0 0
1727102801053 20.0 0
1727102801180 30.0 0
1727102801306 40.0 0
1727102801431 50.0 0
1727102801561 60.0 0
1727102801691 70.0 0
1727102801819 80.0 0
1727102801945 90.0 0
1727102802068 100.0 1
1727102802191 110.0 1
1727102802936 0.0 0
1727102803068 10.0 0
1727102803196 20.0 0
1727102803322 30.0 0
1727102803445 40.0 0
1727102803573 50.0 0
1727102803697 60.0 0
1727102803820 70.0 0
1727102803941 80.0 0
1727102804063 90.0 0
1727102804187 100.0 2
1727102804311 110.0 2
1727102804974 0.0 0
1727102805102 10.0 0
1727102805227 20.0 0
1727102805351 30.0 0
1727102805474 40.0 0
1727102805597 50.0 0
1727102805721 60.0 0
1727102805845 70.0 0
1727102805980 80.0 0
1727102806113 90.0 0
1727102806246 100.0 3
1727102806370 110.0 3
1727102807024 0.0 0
1727102807154 10.0 0
1727102807283 20.0 0
1727102807408 30.0 0
1727102807532 40.0 0
1727102807655 50.0 0
1727102807778 60.0 0
1727102807905 70.0 0
1727102808029 80.0 0
1727102808156 90.0 0
1727102808280 100.0 4
1727102808404 110.0 4
