1726883711306 1.761772 0
1726883711425 0.656267 0
1726883711548 0.51532 0
1726883711664 0.839337 0
1726883711777 0.838468 0
1726883711892 0.354373 0
1726883712004 0.447422 0
1726883712117 0.660699 0
1726883712235 1.879872 0
1726883712352 0.170329 0
1726883712464 0.08654 1
1726883712576 0.034649 1
1726883712696 0.107448 1
1726883712817 0.03316 1
1726883712934 0.124308 1
1726883713047 0.085993 1
1726883713160 0.34796 1
1726883713275 0.052615 1
1726883713392 0.332959 1
1726883713507 0.084657 1
1726883713629 0.056392 2
1726883713749 0.148687 2
1726883713862 0.081191 2
1726883713978 1.256104 2
1726883714094 0.819152 2
1726883714209 1.211905 2
1726883714324 0.669826 2
1726883714440 1.258208 2
1726883714552 1.7767 2
1726883714665 1.327518 2
1726883714781 0.189962 3
1726883714901 0.442963 3
1726883715017 1.295591 3
1726883715129 0.365304 3
1726883715242 0.378452 3
1726883715355 0.3246 3
1726883715468 0.065442 3
1726883715590 0.05519 3
1726883715703 0.192095 3
1726883717643 0.564349 0
1726883717759 0.218532 0
1726883717873 0.575739 0
1726883717989 0.8998 0
1726883718102 0.789221 0
1726883718213 0.416278 0
1726883718329 0.117748 0
1726883718444 0.539042 0
1726883718562 1.641988 0
1726883718678 0.105512 0
1726883718792 0.064467 2
1726883718913 0.028024 2
1726883719028 0.132878 2
1726883719143 0.031679 2
1726883719259 0.115209 2
1726883719586 0.078661 2
1726883719714 0.287181 2
1726883719826 0.032873 2
1726883719942 0.28336 2
1726883720056 0.077599 2
1726883720170 0.052172 4
1726883720283 0.142886 4
1726883720459 0.071979 4
1726883720571 1.214347 4
1726883720685 0.754097 4
1726883720796 1.176661 4
1726883720909 0.577331 4
1726883721028 1.068517 4
1726883721142 1.688714 4
1726883721256 1.278289 4
1726883721367 0.230236 6
1726883721481 0.412656 6
1726883721592 1.279629 6
1726883721716 0.356896 6
1726883721830 0.42097 6
1726883721945 0.309989 6
1726883722061 0.073031 6
1726883722177 0.039861 6
1726883722295 0.040258 6
1726883724269 0.592446 0
1726883724385 0.172808 0
1726883724501 0.539254 0
1726883724616 0.875396 0
1726883724733 0.734122 0
1726883724845 0.36922 0
1726883724959 0.088974 0
1726883725079 0.555197 0
1726883725201 1.547993 0
1726883725318 0.099949 0
1726883725431 0.061126 3
1726883725546 0.055723 3
1726883725661 0.071282 3
1726883725782 0.049128 3
1726883725900 0.115654 3
1726883726014 0.127997 3
1726883726126 0.325818 3
1726883726244 0.038017 3
1726883726360 0.276771 3
1726883726473 0.065048 3
1726883726588 0.063572 6
1726883726702 0.165512 6
1726883726820 0.071976 6
1726883726933 1.578928 6
1726883727047 1.314324 6
1726883727166 1.011771 6
1726883727285 0.555398 6
1726883727400 0.947558 6
1726883727513 1.752177 6
1726883727626 1.814167 6
1726883727739 0.155226 9
1726883727864 0.352606 9
1726883727979 1.272712 9
1726883728095 0.306136 9
1726883728211 0.480838 9
1726883728326 0.440723 9
1726883728440 0.066051 9
1726883728552 0.042367 9
1726883728665 0.065319 9
1726883730634 0.561254 0
1726883730879 0.198291 0
1726883731024 0.575317 0
1726883731137 0.926642 0
1726883731256 0.751519 0
1726883731376 0.433172 0
1726883731492 0.081 0
1726883731604 0.517237 0
1726883731717 1.532981 0
1726883731829 0.100782 0
1726883731950 0.054458 4
1726883732064 0.032495 4
1726883732179 0.082182 4
1726883732297 0.049668 4
1726883732414 0.110698 4
1726883732528 0.086411 4
1726883732642 0.265491 4
1726883732755 0.059078 4
1726883732869 0.201925 4
1726883732984 0.04436 4
1726883733100 0.053619 8
1726883733216 0.167409 8
1726883733332 0.081581 8
1726883733449 1.255499 8
1726883733562 0.952217 8
1726883733686 1.001975 8
1726883733801 0.521493 8
1726883733914 0.991708 8
1726883734036 1.72624 8
1726883734152 1.804732 8
1726883734267 0.122912 12
1726883734379 0.368057 12
1726883734495 1.290759 12
1726883734608 0.293138 12
1726883734721 0.448925 12
1726883734833 0.405886 12
1726883734947 0.061976 12
1726883735063 0.039716 12
1726883735180 0.078553 12
1726883737158 0.467714 0
1726883737274 0.176249 0
1726883737396 0.603545 0
1726883737525 0.944464 0
1726883737647 0.769213 0
1726883737765 0.513929 0
1726883737880 0.074503 0
1726883737994 0.509753 0
1726883738115 1.394443 0
1726883738239 0.114127 0
1726883738354 0.057243 5
1726883738467 0.025853 5
1726883738581 0.126845 5
1726883738700 0.026624 5
1726883738814 0.115904 5
1726883738928 0.117098 5
1726883739045 0.310244 5
1726883739162 0.030714 5
1726883739279 0.203617 5
1726883739401 0.038398 5
1726883739515 0.057368 10
1726883739628 0.137352 10
1726883739744 0.073881 10
1726883739859 1.246401 10
1726883739972 0.759578 10
1726883740088 1.119281 10
1726883740210 0.682095 10
1726883740329 0.902803 10
1726883740443 1.431454 10
1726883740556 1.50575 10
1726883740673 0.130373 15
1726883740788 0.394359 15
1726883740902 1.21774 15
1726883741016 0.326074 15
1726883741129 0.439073 15
1726883741250 0.343761 15
1726883741367 0.055706 15
1726883741486 0.038067 15
1726883741600 0.062718 15
1726883743496 0.400831 0
1726883743612 0.147191 0
1726883743726 0.572124 0
1726883743843 0.923299 0
1726883743959 0.746954 0
1726883744073 0.461816 0
1726883744189 0.081026 0
1726883744309 0.537683 0
1726883744427 1.439308 0
1726883744548 0.106037 0
1726883744662 0.058889 6
1726883744775 0.026552 6
1726883744895 0.103017 6
1726883745013 0.033523 6
1726883745128 0.114769 6
1726883745244 0.101818 6
1726883745363 0.286777 6
1726883745479 0.02967 6
1726883745597 0.202048 6
1726883745712 0.039707 6
1726883745827 0.054208 12
1726883745945 0.144078 12
1726883746061 0.071018 12
1726883746175 1.163804 12
1726883746298 0.907336 12
1726883746417 0.977173 12
1726883746533 0.603145 12
1726883746647 0.868929 12
1726883746761 1.470671 12
1726883746877 1.545738 12
1726883746995 0.130661 18
1726883747108 0.376586 18
1726883747223 1.217448 18
1726883747336 0.336252 18
1726883747451 0.430763 18
1726883747574 0.342794 18
1726883747693 0.06138 18
1726883747808 0.032828 18
1726883752688 0.059327 18
