1726881004428 0.0 0
1726881004564 10.0 0
1726881004704 20.0 0
1726881004840 30.0 0
1726881004977 40.0 0
1726881005114 50.0 0
1726881005250 60.0 0
1726881005386 70.0 0
1726881005523 80.0 0
1726881005662 90.0 0
1726881006543 0.0 0
1726881006681 10.0 0
1726881006815 20.0 0
1726881006951 30.0 0
1726881007088 40.0 0
1726881007224 50.0 0
1726881007360 60.0 0
1726881007496 70.0 0
1726881007638 80.0 0
1726881007775 90.0 0
1726881008627 0.0 0
1726881008768 10.0 0
1726881008906 20.0 0
1726881009042 30.0 0
1726881009178 40.0 0
1726881009316 50.0 0
1726881009452 60.0 0
1726881009589 70.0 0
1726881009728 80.0 0
1726881009865 90.0 0
1726881010704 0.0 0
1726881010841 10.0 0
1726881010977 20.0 0
1726881011112 30.0 0
1726881011248 40.0 0
1726881011386 50.0 0
1726881011521 60.0 0
1726881011659 70.0 0
1726881011797 80.0 0
1726881011934 90.0 0
