1726775104508 0.0 0
1726775104603 10.0 0
1726775104696 20.0 0
1726775104786 30.0 0
1726775104878 40.0 0
1726775104970 50.0 0
1726775105063 60.0 0
1726775105155 70.0 0
1726775105248 80.0 0
1726775105344 90.0 0
1726775105438 100.0 1
1726775105535 110.0 1
1726775106181 0.0 0
1726775106285 10.0 0
1726775106376 20.0 0
1726775106467 30.0 0
1726775106560 40.0 0
1726775106655 50.0 0
1726775106747 60.0 0
1726775106840 70.0 0
1726775106933 80.0 0
1726775107024 90.0 0
1726775107114 100.0 2
1726775107205 110.0 2
1726775107845 0.0 0
1726775107960 10.0 0
1726775108057 20.0 0
1726775108150 30.0 0
1726775108244 40.0 0
1726775108338 50.0 0
1726775108432 60.0 0
1726775108526 70.0 0
1726775108618 80.0 0
1726775108711 90.0 0
1726775108804 100.0 3
1726775108897 110.0 3
1726775109525 0.0 0
1726775109632 10.0 0
1726775109730 20.0 0
1726775109822 30.0 0
1726775109917 40.0 0
1726775110011 50.0 0
1726775110112 60.0 0
1726775110205 70.0 0
1726775110296 80.0 0
1726775110387 90.0 0
1726775110479 100.0 4
1726775110572 110.0 4
