1726762556400 0.0 0
1726762556490 10.0 0
1726762556582 20.0 0
1726762556673 30.0 0
1726762556762 40.0 0
1726762556851 50.0 0
1726762556942 60.0 0
1726762557032 70.0 0
1726762557121 80.0 0
1726762557210 90.0 0
1726762557301 100.0 1
1726762557868 0.0 0
1726762557969 10.0 0
1726762558060 20.0 0
1726762558151 30.0 0
1726762558250 40.0 0
1726762558340 50.0 0
1726762558431 60.0 0
1726762558522 70.0 0
1726762558612 80.0 0
1726762558699 90.0 0
1726762558791 100.0 2
1726762559394 0.0 0
1726762559500 10.0 0
1726762559590 20.0 0
1726762559679 30.0 0
1726762559768 40.0 0
1726762559856 50.0 0
1726762559946 60.0 0
1726762560035 70.0 0
1726762560125 80.0 0
1726762560213 90.0 0
1726762560310 100.0 3
1726762560852 0.0 0
1726762560953 10.0 0
1726762561045 20.0 0
1726762561138 30.0 0
1726762561228 40.0 0
1726762561320 50.0 0
1726762561410 60.0 0
1726762561500 70.0 0
1726762561589 80.0 0
1726762561677 90.0 0
1726762561766 100.0 4
