1727264231341 0.0 0
1727264231511 10.0 0
1727264231678 20.0 0
1727264231838 30.0 0
1727264232007 40.0 0
1727264232194 50.0 0
1727264232373 60.0 0
1727264232549 70.0 0
1727264232728 80.0 0
1727264232906 90.0 0
1727264233080 100.0 1
1727264233253 110.0 1
1727264233414 120.0 1
1727264233596 130.0 1
1727264233771 140.0 1
1727264233958 150.0 1
1727264234146 160.0 1
1727264234322 170.0 1
1727264234495 180.0 1
1727264234663 190.0 1
1727264234824 200.0 2
1727264234993 210.0 2
1727264235177 220.0 2
1727264235363 230.0 2
1727264235542 240.0 2
1727264235723 250.0 2
1727264235902 260.0 2
1727264236097 270.0 2
1727264236282 280.0 2
1727264236479 290.0 2
1727264236668 300.0 3
1727264236860 310.0 3
1727264237052 320.0 3
1727264237248 330.0 3
1727264237434 340.0 3
1727264237619 350.0 3
1727264237797 360.0 3
1727264237978 370.0 3
1727264238156 380.0 3
1727264238333 390.0 3
1727264238513 400.0 4
1727264238690 410.0 4
1727264238867 420.0 4
1727264241880 0.0 0
1727264242084 10.0 0
1727264242279 20.0 0
1727264242486 30.0 0
1727264242699 40.0 0
1727264242906 50.0 0
1727264243104 60.0 0
1727264243304 70.0 0
1727264243502 80.0 0
1727264243704 90.0 0
1727264243920 100.0 2
1727264244118 110.0 2
1727264244325 120.0 2
1727264244523 130.0 2
1727264244732 140.0 2
1727264244937 150.0 2
1727264245133 160.0 2
1727264245328 170.0 2
1727264245535 180.0 2
1727264245736 190.0 2
1727264245931 200.0 4
1727264246140 210.0 4
1727264246338 220.0 4
1727264246547 230.0 4
1727264246754 240.0 4
1727264246964 250.0 4
1727264247170 260.0 4
1727264247371 270.0 4
1727264247573 280.0 4
1727264247784 290.0 4
1727264248002 300.0 6
1727264248205 310.0 6
1727264248399 320.0 6
1727264248592 330.0 6
1727264248785 340.0 6
1727264248979 350.0 6
1727264249179 360.0 6
1727264249373 370.0 6
1727264249580 380.0 6
1727264249773 390.0 6
1727264249971 400.0 8
1727264250156 410.0 8
1727264250343 420.0 8
1727264253262 0.0 0
1727264253444 10.0 0
1727264253637 20.0 0
1727264253827 30.0 0
1727264254011 40.0 0
1727264254197 50.0 0
1727264254407 60.0 0
1727264254617 70.0 0
1727264254807 80.0 0
1727264254996 90.0 0
1727264255178 100.0 3
1727264255374 110.0 3
1727264255560 120.0 3
1727264255747 130.0 3
1727264255932 140.0 3
1727264256118 150.0 3
1727264256302 160.0 3
1727264256496 170.0 3
1727264256697 180.0 3
1727264256888 190.0 3
1727264257079 200.0 6
1727264257274 210.0 6
1727264257465 220.0 6
1727264257645 230.0 6
1727264257835 240.0 6
1727264258019 250.0 6
1727264258198 260.0 6
1727264258380 270.0 6
1727264258575 280.0 6
1727264258753 290.0 6
1727264258956 300.0 9
1727264259135 310.0 9
1727264259316 320.0 9
1727264259498 330.0 9
1727264259684 340.0 9
1727264259864 350.0 9
1727264260046 360.0 9
1727264260230 370.0 9
1727264260412 380.0 9
1727264260598 390.0 9
1727264260785 400.0 12
1727264260994 410.0 12
1727264261174 420.0 12
1727264264008 0.0 0
1727264264181 10.0 0
1727264264353 20.0 0
1727264264514 30.0 0
1727264264701 40.0 0
1727264264880 50.0 0
1727264265060 60.0 0
1727264265253 70.0 0
1727264265428 80.0 0
1727264265617 90.0 0
1727264265804 100.0 4
1727264265996 110.0 4
1727264266175 120.0 4
1727264266363 130.0 4
1727264266550 140.0 4
1727264266741 150.0 4
1727264266923 160.0 4
1727264267107 170.0 4
1727264267312 180.0 4
1727264267494 190.0 4
1727264267674 200.0 8
1727264267851 210.0 8
1727264268029 220.0 8
1727264268208 230.0 8
1727264268385 240.0 8
1727264268570 250.0 8
1727264268756 260.0 8
1727264268939 270.0 8
1727264269125 280.0 8
1727264269314 290.0 8
1727264269509 300.0 12
1727264269712 310.0 12
1727264269905 320.0 12
1727264270096 330.0 12
1727264270283 340.0 12
1727264270471 350.0 12
1727264270660 360.0 12
1727264270855 370.0 12
1727264271047 380.0 12
1727264271248 390.0 12
1727264271441 400.0 16
1727264271634 410.0 16
1727264271831 420.0 16
