1726836255526 0.0 0
1726836255671 10.0 0
1726836255812 20.0 0
1726836255953 30.0 0
1726836256093 40.0 0
1726836256601 0.0 0
1726836256739 10.0 0
1726836256880 20.0 0
1726836257018 30.0 0
1726836257152 40.0 0
1726836257565 0.0 0
1726836257702 10.0 0
1726836257835 20.0 0
1726836257969 30.0 0
1726836258102 40.0 0
1726836258505 0.0 0
1726836258640 10.0 0
1726836258773 20.0 0
1726836258909 30.0 0
1726836259054 40.0 0
1726836259498 0.0 0
1726836259640 10.0 0
1726836259774 20.0 0
1726836259910 30.0 0
1726836260054 40.0 0
1726836260469 0.0 0
1726836260603 10.0 0
1726836260740 20.0 0
1726836260879 30.0 0
1726836261014 40.0 0
1726836261418 0.0 0
1726836261558 10.0 0
1726836261703 20.0 0
1726836261849 30.0 0
1726836261986 40.0 0
1726836262389 0.0 0
1726836262522 10.0 0
1726836262655 20.0 0
1726836262788 30.0 0
1726836262922 40.0 0
1726836263317 0.0 0
1726836263451 10.0 0
1726836263583 20.0 0
1726836263719 30.0 0
1726836263851 40.0 0
1726836264253 0.0 0
1726836264388 10.0 0
1726836264522 20.0 0
1726836264656 30.0 0
1726836264789 40.0 0
