1727102030775 0.0 0
1727102030918 10.0 0
1727102031046 20.0 0
1727102031168 30.0 0
1727102031294 40.0 0
1727102031840 0.0 0
1727102031965 10.0 0
1727102032090 20.0 0
1727102032214 30.0 0
1727102032335 40.0 0
1727102032766 0.0 0
1727102032895 10.0 0
1727102033017 20.0 0
1727102033141 30.0 0
1727102033261 40.0 0
1727102033695 0.0 0
1727102033820 10.0 0
1727102033945 20.0 0
1727102034069 30.0 0
1727102034190 40.0 0
1727102034632 0.0 0
1727102034765 10.0 0
1727102034888 20.0 0
1727102035010 30.0 0
1727102035133 40.0 0
