1726845227790 129.552063 0
1726845227945 455.368195 0
1726845228079 365.806702 0
1726845228215 202.809906 0
1726845228354 37.379734 0
1726845228495 303.374542 0
1726845228638 69.499168 0
1726845228782 75.977814 0
1726845228928 40.307331 0
1726845229076 72.277679 0
1726845230701 42.921394 0
1726845230884 42.802029 0
1726845231038 100.577232 0
1726845231180 17.557129 0
1726845231318 33.203884 0
1726845231453 33.726906 0
1726845231588 24.572788 0
1726845231726 26.049011 0
1726845231869 16.955267 0
1726845232010 10.039246 0
1726845233425 35.40398 0
1726845233613 33.602959 0
1726845233813 32.000122 0
1726845233986 29.760227 0
1726845234151 18.688396 0
1726845234308 13.879867 0
1726845234460 10.466396 0
1726845234610 10.042 0
1726845234761 6.29359 0
1726845234920 7.423332 0
1726845236494 10.389568 0
1726845236685 17.870922 0
1726845236880 16.639168 0
1726845237061 11.302024 0
1726845237230 19.944021 0
1726845237387 3.513939 0
1726845237539 3.934971 0
1726845237687 5.610151 0
1726845237836 2.874815 0
1726845237981 2.875486 0
1726845239622 14.467257 0
1726845239811 5.925125 0
1726845239999 5.279506 0
1726845240171 3.80339 0
1726845240332 3.761624 0
1726845240483 2.03168 0
1726845240627 2.312213 0
1726845240770 6.384555 0
1726845240916 4.40244 0
1726845241063 3.269644 0
1726845242791 4.845805 0
1726845242980 4.090588 0
1726845243166 4.345751 0
1726845243343 1.728977 0
1726845243518 20.229591 0
1726845243684 3.016356 0
1726845243836 2.155434 0
1726845243985 4.363148 0
1726845244132 1.511448 0
1726845244279 1.70502 0
1726845245873 1681.125244 0
1726845246065 7.583074 0
1726845246240 3.608542 0
1726845246410 1.744314 0
1726845246572 5.10768 0
1726845246728 2.462762 0
1726845246883 2.956221 0
1726845247036 7.780805 0
1726845247192 1.252827 0
1726845247345 3.297733 0
1726845248808 3.408475 0
1726845248992 4.427547 0
1726845249171 2.994362 0
1726845249343 2.093034 0
1726845249504 6.005743 0
1726845249658 4.751489 0
1726845249811 8.746566 0
1726845249961 12.407515 0
1726845250113 1.756363 0
1726845250270 3.043682 0
