1726767201073 8.927963 0
1726767201182 10.943 0
1726767201295 4.655213 0
1726767201401 8.091825 0
1726767201510 7.772625 0
1726767201616 4.120618 0
1726767201720 7.500174 0
1726767201821 3.351767 0
1726767201922 4.377093 0
1726767202024 3.077087 0
1726767202133 1.198241 1
1726767202239 1.259738 1
1726767202346 1.953822 1
1726767202450 0.737286 1
1726767202551 1.481483 1
1726767202655 0.786383 1
1726767202761 1.75661 1
1726767202865 17.015787 1
1726767203941 1.961169 0
1726767204047 11.021786 0
1726767204151 1.306813 0
1726767204256 24.815271 0
1726767204365 5.233048 0
1726767204470 11.833885 0
1726767204575 8.148439 0
1726767204680 2.268832 0
1726767204785 5.298152 0
1726767204889 41.28812 0
1726767204992 4.286952 2
1726767205094 1.388396 2
1726767205200 1.00556 2
1726767205309 2.326847 2
1726767205413 0.683773 2
1726767205521 0.854529 2
1726767205628 1.347847 2
1726767205734 18.927326 2
1726767206757 2.146271 0
1726767206866 6.075875 0
1726767206970 5.432967 0
1726767207074 4.062396 0
1726767207181 2.677443 0
1726767207286 1.113714 0
1726767207395 4.024674 0
1726767207496 5.827557 0
1726767207603 1.235247 0
1726767207706 2.181433 0
1726767207811 1.630171 3
1726767207914 2.809864 3
1726767208018 1.48317 3
1726767208124 1.011831 3
1726767208229 0.672663 3
1726767208332 1.079905 3
1726767208434 0.798919 3
1726767208542 12.021812 3
1726767209619 2.630807 0
1726767209730 11.387097 0
1726767209833 1.286892 0
1726767209937 2.412159 0
1726767210041 2.0593 0
1726767210145 4.693925 0
1726767210250 5.354058 0
1726767210354 2.264748 0
1726767210455 1.120896 0
1726767210561 1.748895 0
1726767210662 1.80565 4
1726767210762 3.605122 4
1726767210866 0.987456 4
1726767210968 0.850817 4
1726767211081 0.756195 4
1726767211186 0.540954 4
1726767211294 2.330997 4
1726767211402 22.966589 4
1726767212366 2.331171 0
1726767212479 2.01025 0
1726767212581 1.168787 0
1726767212684 9.742584 0
1726767212790 1.894936 0
1726767212895 0.619619 0
1726767212999 9.054741 0
1726767213101 16.296627 0
1726767213206 1.378432 0
1726767213314 1.153764 0
1726767213417 1.503068 5
1726767213529 1.221235 5
1726767213631 1.812749 5
1726767213735 1.404678 5
1726767213839 0.745987 5
1726767213943 0.569044 5
1726767214049 4.060993 5
1726767214152 11.064342 5
1726767215093 197.577118 0
1726767215207 1.405207 0
1726767215308 1.370326 0
1726767215412 6.650737 0
1726767215522 1.909801 0
1726767215629 1.176098 0
1726767215734 18.955814 0
1726767215836 2.971213 0
1726767215939 0.829375 0
1726767216044 1.715188 0
1726767216149 1.582777 6
1726767216252 1.667705 6
1726767216361 1.317266 6
1726767216469 0.964836 6
1726767216578 0.814697 6
1726767216682 0.531397 6
1726767216786 7.892584 6
1726767216890 11.834578 6
1726767217894 2.138871 0
1726767218002 1.422434 0
1726767218106 0.948069 0
1726767218209 3.593704 0
1726767218313 4.857059 0
1726767218417 2.394379 0
1726767218520 2.246625 0
1726767218622 2.816697 0
1726767218724 1.583456 0
1726767218827 1.221476 0
1726767218931 2.16821 7
1726767219035 1.284159 7
1726767219276 1.864151 7
1726767219431 1.050284 7
1726767219536 0.673677 7
1726767219647 0.514284 7
1726767219751 0.909359 7
1726767219857 10.552322 7
