1726817023451 0.768076 0
1726817023557 0.697903 0
1726817023661 0.829744 0
1726817023763 0.406547 0
1726817023868 0.676117 0
1726817023972 0.64342 0
1726817024077 0.451392 0
1726817024185 0.987223 0
1726817024290 1.33372 0
1726817024393 1.420387 0
1726817025098 0.739403 0
1726817025200 1.005226 0
1726817025302 0.779939 0
1726817025406 0.419083 0
1726817025509 0.706232 0
1726817025611 0.569793 0
1726817025714 0.482353 0
1726817025816 0.911742 0
1726817025917 1.309281 0
1726817026018 1.597383 0
1726817026657 0.834057 0
1726817026767 0.704932 0
1726817026868 0.753335 0
1726817026972 0.423832 0
1726817027082 0.665306 0
1726817027185 0.591901 0
1726817027288 0.439691 0
1726817027391 0.876933 0
1726817027493 1.251309 0
1726817027594 1.342551 0
1726817028223 0.758788 0
1726817028327 0.696845 0
1726817028428 0.797483 0
1726817028530 0.395491 0
1726817028631 0.711686 0
1726817028732 0.602033 0
1726817028836 0.437669 0
1726817028939 0.913378 0
1726817029055 1.11321 0
1726817029163 1.362851 0
1726817029783 0.811024 0
1726817029895 0.635285 0
1726817029999 0.812327 0
1726817030103 0.414633 0
1726817030205 0.710218 0
1726817030307 0.589449 0
1726817030413 0.426834 0
1726817030519 0.888625 0
1726817030623 1.151794 0
1726817030728 1.263873 0
