1726818840140 0.0 0
1726818840265 10.0 0
1726818840392 20.0 0
1726818840524 30.0 0
1726818840656 40.0 0
1726818840789 50.0 0
1726818840916 60.0 0
1726818841036 70.0 0
1726818841148 80.0 0
1726818841263 90.0 0
1726818841380 100.0 1
1726818841517 110.0 1
1726818841661 120.0 1
1726818841799 130.0 1
1726818841931 140.0 1
1726818842060 150.0 1
1726818842188 160.0 1
1726818842318 170.0 1
1726818842442 180.0 1
1726818842566 190.0 1
1726818842693 200.0 2
1726818842828 210.0 2
1726818842968 220.0 2
1726818843105 230.0 2
1726818843239 240.0 2
1726818843375 250.0 2
1726818843517 260.0 2
1726818843648 270.0 2
1726818843769 280.0 2
1726818843884 290.0 2
1726818843998 300.0 3
1726818847691 0.0 0
1726818847823 10.0 0
1726818847948 20.0 0
1726818848075 30.0 0
1726818848193 40.0 0
1726818848310 50.0 0
1726818848429 60.0 0
1726818848553 70.0 0
1726818848684 80.0 0
1726818848816 90.0 0
1726818848950 100.0 2
1726818849080 110.0 2
1726818849202 120.0 2
1726818849325 130.0 2
1726818849446 140.0 2
1726818849568 150.0 2
1726818849703 160.0 2
1726818849838 170.0 2
1726818849969 180.0 2
1726818850087 190.0 2
1726818850202 200.0 4
1726818850314 210.0 4
1726818850430 220.0 4
1726818850552 230.0 4
1726818850683 240.0 4
1726818850819 250.0 4
1726818850949 260.0 4
1726818851074 270.0 4
1726818851197 280.0 4
1726818851319 290.0 4
1726818851439 300.0 6
1726818855052 0.0 0
1726818855207 10.0 0
1726818855331 20.0 0
1726818855458 30.0 0
1726818855585 40.0 0
1726818855716 50.0 0
1726818855858 60.0 0
1726818855996 70.0 0
1726818856135 80.0 0
1726818856273 90.0 0
1726818856405 100.0 3
1726818856531 110.0 3
1726818856650 120.0 3
1726818856766 130.0 3
1726818856894 140.0 3
1726818857032 150.0 3
1726818857177 160.0 3
1726818857317 170.0 3
1726818857453 180.0 3
1726818857583 190.0 3
1726818857704 200.0 6
1726818857825 210.0 6
1726818857949 220.0 6
1726818858069 230.0 6
1726818858186 240.0 6
1726818858303 250.0 6
1726818858424 260.0 6
1726818858543 270.0 6
1726818858662 280.0 6
1726818858787 290.0 6
1726818858916 300.0 9
1726818862656 0.0 0
1726818862789 10.0 0
1726818862926 20.0 0
1726818863066 30.0 0
1726818863208 40.0 0
1726818863343 50.0 0
1726818863478 60.0 0
1726818863615 70.0 0
1726818863752 80.0 0
1726818863885 90.0 0
1726818864008 100.0 4
1726818864125 110.0 4
1726818864240 120.0 4
1726818864356 130.0 4
1726818864473 140.0 4
1726818864591 150.0 4
1726818864710 160.0 4
1726818864830 170.0 4
1726818864955 180.0 4
1726818865082 190.0 4
1726818865208 200.0 8
1726818865332 210.0 8
1726818865457 220.0 8
1726818865580 230.0 8
1726818865702 240.0 8
1726818865826 250.0 8
1726818865945 260.0 8
1726818866066 270.0 8
1726818866194 280.0 8
1726818866331 290.0 8
1726818866469 300.0 12
1726818870193 0.0 0
1726818870329 10.0 0
1726818870452 20.0 0
1726818870572 30.0 0
1726818870690 40.0 0
1726818870809 50.0 0
1726818870930 60.0 0
1726818871053 70.0 0
1726818871179 80.0 0
1726818871311 90.0 0
1726818871455 100.0 5
1726818871597 110.0 5
1726818871728 120.0 5
1726818871851 130.0 5
1726818871968 140.0 5
1726818872080 150.0 5
1726818872192 160.0 5
1726818872307 170.0 5
1726818872428 180.0 5
1726818872555 190.0 5
1726818872686 200.0 10
1726818872819 210.0 10
1726818872951 220.0 10
1726818873079 230.0 10
1726818873212 240.0 10
1726818873352 250.0 10
1726818873488 260.0 10
1726818873616 270.0 10
1726818873739 280.0 10
1726818873859 290.0 10
1726818873983 300.0 15
1726818877690 0.0 0
1726818877823 10.0 0
1726818877950 20.0 0
1726818878072 30.0 0
1726818878193 40.0 0
1726818878313 50.0 0
1726818878436 60.0 0
1726818878568 70.0 0
1726818878700 80.0 0
1726818878827 90.0 0
1726818878953 100.0 6
1726818879083 110.0 6
1726818879206 120.0 6
1726818879325 130.0 6
1726818879448 140.0 6
1726818879576 150.0 6
1726818879706 160.0 6
1726818879833 170.0 6
1726818879954 180.0 6
1726818880071 190.0 6
1726818880190 200.0 12
1726818880310 210.0 12
1726818880438 220.0 12
1726818880574 230.0 12
1726818880705 240.0 12
1726818880842 250.0 12
1726818880981 260.0 12
1726818881119 270.0 12
1726818881250 280.0 12
1726818881372 290.0 12
1726818881496 300.0 18
1726818885276 0.0 0
1726818885410 10.0 0
1726818885537 20.0 0
1726818885680 30.0 0
1726818885819 40.0 0
1726818885950 50.0 0
1726818886074 60.0 0
1726818886191 70.0 0
1726818886309 80.0 0
1726818886430 90.0 0
1726818886561 100.0 7
1726818886694 110.0 7
1726818886821 120.0 7
1726818886944 130.0 7
1726818887070 140.0 7
1726818887200 150.0 7
1726818887320 160.0 7
1726818887439 170.0 7
1726818887555 180.0 7
1726818887676 190.0 7
1726818887806 200.0 14
1726818887943 210.0 14
1726818888078 220.0 14
1726818888202 230.0 14
1726818888327 240.0 14
1726818888454 250.0 14
1726818888590 260.0 14
1726818888723 270.0 14
1726818888848 280.0 14
1726818888973 290.0 14
1726818889103 300.0 21
1726818892874 0.0 0
1726818893008 10.0 0
1726818893135 20.0 0
1726818893254 30.0 0
1726818893373 40.0 0
1726818893490 50.0 0
1726818893606 60.0 0
1726818893721 70.0 0
1726818893841 80.0 0
1726818893971 90.0 0
1726818894106 100.0 8
1726818894231 110.0 8
1726818894353 120.0 8
1726818894481 130.0 8
1726818894611 140.0 8
1726818894734 150.0 8
1726818894850 160.0 8
1726818894965 170.0 8
1726818895081 180.0 8
1726818895204 190.0 8
1726818895337 200.0 16
1726818895476 210.0 16
1726818895612 220.0 16
1726818895747 230.0 16
1726818895884 240.0 16
1726818896019 250.0 16
1726818896149 260.0 16
1726818896271 270.0 16
1726818896391 280.0 16
1726818896510 290.0 16
1726818896634 300.0 24
1726818900423 0.0 0
1726818900557 10.0 0
1726818900676 20.0 0
1726818900796 30.0 0
1726818900924 40.0 0
1726818901050 50.0 0
1726818901167 60.0 0
1726818901283 70.0 0
1726818901397 80.0 0
1726818901517 90.0 0
1726818901633 100.0 9
1726818901750 110.0 9
1726818901871 120.0 9
1726818901998 130.0 9
1726818902131 140.0 9
1726818902259 150.0 9
1726818902387 160.0 9
1726818902517 170.0 9
1726818902639 180.0 9
1726818902754 190.0 9
1726818902873 200.0 18
1726818902994 210.0 18
1726818903128 220.0 18
1726818903269 230.0 18
1726818903400 240.0 18
1726818903517 250.0 18
1726818903632 260.0 18
1726818903748 270.0 18
1726818903867 280.0 18
1726818903984 290.0 18
1726818904105 300.0 27
1726818907869 0.0 0
1726818908025 10.0 0
1726818908143 20.0 0
1726818908268 30.0 0
1726818908390 40.0 0
1726818908511 50.0 0
1726818908633 60.0 0
1726818908753 70.0 0
1726818908874 80.0 0
1726818908997 90.0 0
1726818909118 100.0 10
1726818909238 110.0 10
1726818909362 120.0 10
1726818909488 130.0 10
1726818909615 140.0 10
1726818909744 150.0 10
1726818909877 160.0 10
1726818910003 170.0 10
1726818910133 180.0 10
1726818910261 190.0 10
1726818910396 200.0 20
1726818910539 210.0 20
1726818910699 220.0 20
1726818910846 230.0 20
1726818910983 240.0 20
1726818911113 250.0 20
1726818911235 260.0 20
1726818911357 270.0 20
1726818911472 280.0 20
1726818911587 290.0 20
1726818911707 300.0 30
