1726899004825 0.0 0
1726899004968 10.0 0
1726899005108 20.0 0
1726899005247 30.0 0
1726899005387 40.0 0
1726899005526 50.0 0
1726899005667 60.0 0
1726899005805 70.0 0
1726899005944 80.0 0
1726899006084 90.0 0
1726899006224 100.0 1
1726899006364 110.0 1
1726899006503 120.0 1
1726899006643 130.0 1
1726899006783 140.0 1
1726899006925 150.0 1
1726899008182 0.0 0
1726899008323 10.0 0
1726899008462 20.0 0
1726899008601 30.0 0
1726899008743 40.0 0
1726899008884 50.0 0
1726899009025 60.0 0
1726899009169 70.0 0
1726899009309 80.0 0
1726899009448 90.0 0
1726899009587 100.0 2
1726899009728 110.0 2
1726899009868 120.0 2
1726899010009 130.0 2
1726899010150 140.0 2
1726899010290 150.0 2
1726899011485 0.0 0
1726899011626 10.0 0
1726899011767 20.0 0
1726899011906 30.0 0
1726899012046 40.0 0
1726899012185 50.0 0
1726899012324 60.0 0
1726899012464 70.0 0
1726899012605 80.0 0
1726899012745 90.0 0
1726899012889 100.0 3
1726899013032 110.0 3
1726899013171 120.0 3
1726899013310 130.0 3
1726899013450 140.0 3
1726899013590 150.0 3
1726899014768 0.0 0
1726899014909 10.0 0
1726899015053 20.0 0
1726899015194 30.0 0
1726899015335 40.0 0
1726899015475 50.0 0
1726899015614 60.0 0
1726899015753 70.0 0
1726899015891 80.0 0
1726899016031 90.0 0
1726899016170 100.0 4
1726899016309 110.0 4
1726899016450 120.0 4
1726899016589 130.0 4
1726899016728 140.0 4
1726899016868 150.0 4
1726899018049 0.0 0
1726899018190 10.0 0
1726899018329 20.0 0
1726899018469 30.0 0
1726899018609 40.0 0
1726899018756 50.0 0
1726899018896 60.0 0
1726899019035 70.0 0
1726899019177 80.0 0
1726899019318 90.0 0
1726899019457 100.0 5
1726899019597 110.0 5
1726899019737 120.0 5
1726899019877 130.0 5
1726899020017 140.0 5
1726899020157 150.0 5
1726899021369 0.0 0
1726899021511 10.0 0
1726899021651 20.0 0
1726899021790 30.0 0
1726899021928 40.0 0
1726899022068 50.0 0
1726899022208 60.0 0
1726899022347 70.0 0
1726899022486 80.0 0
1726899022626 90.0 0
1726899022765 100.0 6
1726899022904 110.0 6
1726899023043 120.0 6
1726899023186 130.0 6
1726899023326 140.0 6
1726899023467 150.0 6
1726899024640 0.0 0
1726899024784 10.0 0
1726899024923 20.0 0
1726899025064 30.0 0
1726899025202 40.0 0
1726899025345 50.0 0
1726899025486 60.0 0
1726899025628 70.0 0
1726899025769 80.0 0
1726899025910 90.0 0
1726899026049 100.0 7
1726899026188 110.0 7
1726899026327 120.0 7
1726899026468 130.0 7
1726899026608 140.0 7
1726899026747 150.0 7
1726899027935 0.0 0
1726899028076 10.0 0
1726899028214 20.0 0
1726899028354 30.0 0
1726899028494 40.0 0
1726899028634 50.0 0
1726899028773 60.0 0
1726899028913 70.0 0
1726899029058 80.0 0
1726899029199 90.0 0
1726899029340 100.0 8
1726899029482 110.0 8
1726899029624 120.0 8
1726899029763 130.0 8
1726899029902 140.0 8
1726899030043 150.0 8
1726899031218 0.0 0
1726899031360 10.0 0
1726899031501 20.0 0
1726899031643 30.0 0
1726899031783 40.0 0
1726899031921 50.0 0
1726899032062 60.0 0
1726899032201 70.0 0
1726899032340 80.0 0
1726899032482 90.0 0
1726899032623 100.0 9
1726899032762 110.0 9
1726899032902 120.0 9
1726899033049 130.0 9
1726899033193 140.0 9
1726899033333 150.0 9
1726899034520 0.0 0
1726899034662 10.0 0
1726899034801 20.0 0
1726899034941 30.0 0
1726899035081 40.0 0
1726899035220 50.0 0
1726899035359 60.0 0
1726899035501 70.0 0
1726899035640 80.0 0
1726899035781 90.0 0
1726899035919 100.0 10
1726899036059 110.0 10
1726899036199 120.0 10
1726899036339 130.0 10
1726899036478 140.0 10
1726899036618 150.0 10
