1727272317961 0.0 0
1727272318087 10.0 0
1727272318207 20.0 0
1727272318338 30.0 0
1727272318468 40.0 0
1727272318589 50.0 0
1727272318713 60.0 0
1727272318844 70.0 0
1727272319349 0.0 0
1727272319481 10.0 0
1727272319606 20.0 0
1727272319741 30.0 0
1727272319871 40.0 0
1727272320002 50.0 0
1727272320134 60.0 0
1727272320267 70.0 0
1727272320799 0.0 0
1727272320938 10.0 0
1727272321089 20.0 0
1727272321227 30.0 0
1727272321361 40.0 0
1727272321506 50.0 0
1727272321639 60.0 0
1727272321775 70.0 0
1727272322284 0.0 0
1727272322412 10.0 0
1727272322559 20.0 0
1727272322691 30.0 0
1727272322835 40.0 0
1727272322979 50.0 0
1727272323121 60.0 0
1727272323255 70.0 0
1727272323792 0.0 0
1727272323926 10.0 0
1727272324063 20.0 0
1727272324203 30.0 0
1727272324336 40.0 0
1727272324473 50.0 0
1727272324617 60.0 0
1727272324762 70.0 0
1727272325294 0.0 0
1727272325442 10.0 0
1727272325582 20.0 0
1727272325724 30.0 0
1727272325862 40.0 0
1727272325998 50.0 0
1727272326134 60.0 0
1727272326271 70.0 0
1727272326782 0.0 0
1727272326914 10.0 0
1727272327048 20.0 0
1727272327186 30.0 0
1727272327330 40.0 0
1727272327477 50.0 0
1727272327614 60.0 0
1727272327766 70.0 0
