1726908400214 1.195624 0
1726908400361 0.642593 0
1726908400504 0.448311 0
1726908400645 0.251457 0
1726908400788 0.415512 0
1726908400930 0.420138 0
1726908401071 0.28238 0
1726908401222 0.293541 0
1726908401364 0.336075 0
1726908402197 0.535919 0
1726908402343 0.37863 0
1726908402485 0.331938 0
1726908402625 0.188627 0
1726908402766 0.27865 0
1726908402906 0.377 0
1726908403048 0.211057 0
1726908403190 0.290813 0
1726908403333 0.321024 0
1726908404105 0.39751 0
1726908404248 0.376529 0
1726908404393 0.292562 0
1726908404534 0.204593 0
1726908404676 0.235926 0
1726908404817 0.408935 0
1726908404958 0.193257 0
1726908405100 0.288044 0
1726908405242 0.332506 0
1726908406015 0.392579 0
1726908406157 0.389762 0
1726908406298 0.324594 0
1726908406442 0.224705 0
1726908406584 0.203091 0
1726908406724 0.356259 0
1726908406866 0.215034 0
1726908407008 0.280689 0
1726908407150 0.339622 0
1726908407922 0.611253 0
1726908408065 0.385336 0
1726908408206 0.292449 0
1726908408347 0.188302 0
1726908408491 0.253649 0
1726908408632 0.395305 0
1726908408773 0.262914 0
1726908408914 0.2935 0
1726908409058 0.287284 0
1726908409822 0.379463 0
1726908409965 0.385464 0
1726908410106 0.369222 0
1726908410250 0.152939 0
1726908410391 0.314863 0
1726908410537 0.3708 0
1726908410680 0.192895 0
1726908410821 0.276278 0
1726908410962 0.285506 0
1726908411730 0.412095 0
1726908411875 0.405008 0
1726908412015 0.340754 0
1726908412163 0.261136 0
1726908412305 0.247286 0
1726908412446 0.346124 0
1726908412591 0.190805 0
1726908412732 0.26899 0
1726908412873 0.277221 0
1726908413629 0.375112 0
1726908413771 0.37999 0
1726908413912 0.301216 0
1726908414053 0.194057 0
1726908414193 0.215297 0
1726908414334 0.34376 0
1726908414475 0.178713 0
1726908414619 0.275468 0
1726908414760 0.290209 0
1726908415517 0.370663 0
1726908415659 0.382378 0
1726908415800 0.315753 0
1726908415940 0.203675 0
1726908416081 0.194658 0
1726908416222 0.327696 0
1726908416365 0.171543 0
1726908416506 0.273666 0
1726908416651 0.289015 0
1726908417419 0.403822 0
1726908417563 0.36265 0
1726908417703 0.277353 0
1726908417843 0.144465 0
1726908417984 0.194813 0
1726908418125 0.382832 0
1726908418265 0.198724 0
1726908418406 0.268096 0
1726908418548 0.291729 0
