1726813444414 0.625029 0
1726813444514 0.290299 0
1726813444616 0.199484 0
1726813444716 0.267191 0
1726813444815 0.610504 0
1726813444913 0.18336 0
1726813445016 0.164809 0
1726813445117 1.383627 0
1726813445216 0.280802 0
1726813445325 0.32237 0
1726813445432 0.168972 1
1726813445532 0.323494 1
1726813445632 0.112082 1
1726813445731 0.464571 1
1726813445830 0.776659 1
1726813445929 0.181413 1
1726813446031 0.204667 1
1726813446134 0.173751 1
1726813446233 0.273665 1
1726813446334 0.333431 1
1726813446432 0.191224 2
1726813446533 0.106234 2
1726813446633 0.046848 2
1726813446735 2.129556 2
1726813446836 0.142134 2
1726813446937 0.080025 2
1726813447036 0.228762 2
1726813447136 0.320951 2
1726813447237 0.150895 2
1726813447339 0.326161 2
1726813447447 0.26885 3
1726813447545 0.105407 3
1726813447644 0.120537 3
1726813447747 0.335767 3
1726813447849 0.273542 3
1726813447949 0.101073 3
1726813448047 1.956855 3
1726813448146 0.41222 3
1726813448246 0.880529 3
1726813448347 0.686528 3
1726813448447 1.099324 4
1726813448546 0.335101 4
1726813450508 0.398356 0
1726813450615 0.107453 0
1726813450716 0.072731 0
1726813450816 0.186518 0
1726813450918 0.404939 0
1726813451019 0.172976 0
1726813451123 0.145623 0
1726813451224 0.94479 0
1726813451326 0.214383 0
1726813451427 0.253341 0
1726813451539 0.130069 2
1726813451648 0.312372 2
1726813451751 0.10915 2
1726813451851 0.453197 2
1726813451953 0.396736 2
1726813452055 0.174168 2
1726813452156 0.164428 2
1726813452256 0.141573 2
1726813452357 0.209665 2
1726813452456 0.272872 2
1726813452556 0.20843 4
1726813452656 0.081859 4
1726813452756 0.037644 4
1726813452857 1.918922 4
1726813452957 0.101266 4
1726813453058 0.079635 4
1726813453157 0.154022 4
1726813453256 0.342774 4
1726813453371 0.143323 4
1726813453473 0.284048 4
1726813453582 0.229485 6
1726813453683 0.068278 6
1726813453784 0.107668 6
1726813453884 0.272979 6
1726813453984 0.293281 6
1726813454085 0.105072 6
1726813454185 0.797942 6
1726813454285 0.334143 6
1726813454387 0.551983 6
1726813454487 0.643831 6
1726813454588 1.074688 8
1726813454691 0.212481 8
1726813456694 0.266176 0
1726813456802 0.047317 0
1726813456905 0.058239 0
1726813457008 0.18822 0
1726813457109 0.400096 0
1726813457209 0.141913 0
1726813457310 0.119622 0
1726813457413 1.016246 0
1726813457514 0.20566 0
1726813457622 0.253395 0
1726813457724 0.12395 3
1726813457824 0.294072 3
1726813457926 0.107653 3
1726813458025 0.430774 3
1726813458125 0.33689 3
1726813458224 0.167772 3
1726813458324 0.154749 3
1726813458425 0.131986 3
1726813458524 0.179875 3
1726813458622 0.277057 3
1726813458721 0.192838 6
1726813458821 0.076549 6
1726813458920 0.037297 6
1726813459021 1.783563 6
1726813459124 0.092934 6
1726813459225 0.075744 6
1726813459325 0.151054 6
1726813459426 0.351812 6
1726813459526 0.151234 6
1726813459630 0.26191 6
1726813459735 0.234259 9
1726813459838 0.060918 9
1726813459939 0.119719 9
1726813460039 0.269616 9
1726813460139 0.297437 9
1726813460239 0.105201 9
1726813460339 0.706094 9
1726813460446 0.289354 9
1726813460546 0.541586 9
1726813460646 0.446114 9
1726813460746 0.998887 12
1726813460847 0.186123 12
1726813462778 0.269068 0
1726813462879 0.048239 0
1726813462979 0.042576 0
1726813463081 0.194648 0
1726813463182 0.412304 0
1726813463282 0.129237 0
1726813463386 0.108457 0
1726813463492 1.050971 0
1726813463592 0.199392 0
1726813463694 0.24045 0
1726813463802 0.109617 4
1726813463902 0.268126 4
1726813464001 0.118964 4
1726813464102 0.406553 4
1726813464203 0.314411 4
1726813464304 0.157408 4
1726813464406 0.150862 4
1726813464506 0.112553 4
1726813464607 0.157393 4
1726813464707 0.272952 4
1726813464809 0.181682 8
1726813464910 0.048789 8
1726813465009 0.037296 8
1726813465108 1.762949 8
1726813465209 0.087888 8
1726813465308 0.067348 8
1726813465415 0.154526 8
1726813465519 0.336803 8
1726813465619 0.138516 8
1726813465721 0.229358 8
1726813465830 0.245769 12
1726813465931 0.071045 12
1726813466031 0.109333 12
1726813466135 0.23227 12
1726813466235 0.303007 12
1726813466335 0.112302 12
1726813466438 0.626339 12
1726813466538 0.288674 12
1726813466638 0.46586 12
1726813466738 0.435691 12
1726813466838 0.845366 16
1726813466940 0.199975 16
1726813468866 0.314197 0
1726813468967 0.049549 0
1726813469071 0.041682 0
1726813469173 0.183241 0
1726813469275 0.40945 0
1726813469377 0.126551 0
1726813469481 0.10226 0
1726813469584 1.082543 0
1726813469685 0.195781 0
1726813469788 0.246364 0
1726813469896 0.102716 5
1726813469997 0.264998 5
1726813470097 0.11734 5
1726813470196 0.417176 5
1726813470296 0.262882 5
1726813470396 0.161754 5
1726813470503 0.134034 5
1726813470605 0.114505 5
1726813470706 0.148528 5
1726813470805 0.257292 5
1726813470904 0.165797 10
1726813471005 0.053628 10
1726813471104 0.041153 10
1726813471204 1.685352 10
1726813471304 0.081507 10
1726813471413 0.070797 10
1726813471517 0.137521 10
1726813471618 0.340459 10
1726813471715 0.141219 10
1726813471815 0.217303 10
1726813471922 0.235975 15
1726813472025 0.063868 15
1726813472128 0.121007 15
1726813472231 0.229502 15
1726813472338 0.307845 15
1726813472440 0.104877 15
1726813472540 0.573672 15
1726813472642 0.282269 15
1726813472741 0.40812 15
1726813472840 0.402691 15
1726813472939 0.877524 20
1726813473038 0.201222 20
1726813474957 0.324999 0
1726813475057 0.049773 0
1726813475156 0.048501 0
1726813475257 0.173942 0
1726813475360 0.410126 0
1726813475464 0.111732 0
1726813475570 0.10898 0
1726813475672 1.077535 0
1726813475772 0.192186 0
1726813475873 0.234688 0
1726813475977 0.105972 6
1726813476085 0.270637 6
1726813476186 0.111712 6
1726813476287 0.409853 6
1726813476388 0.285985 6
1726813476490 0.162899 6
1726813476593 0.134007 6
1726813476697 0.112135 6
1726813476802 0.151804 6
1726813476905 0.266485 6
1726813477013 0.15875 12
1726813477120 0.049069 12
1726813477221 0.05513 12
1726813477321 1.618602 12
1726813477420 0.078481 12
1726813477521 0.079772 12
1726813477621 0.153454 12
1726813477721 0.346441 12
1726813477820 0.136988 12
1726813477921 0.225888 12
1726813478022 0.232482 18
1726813478129 0.0587 18
1726813478233 0.118537 18
1726813478343 0.245248 18
1726813478448 0.306196 18
1726813478548 0.110245 18
1726813478681 0.596494 18
1726813478784 0.273376 18
1726813478887 0.46154 18
1726813478987 0.309567 18
1726813479091 0.788474 24
1726813479194 0.199544 24
1726813481133 0.284361 0
1726813481234 0.044463 0
1726813481333 0.037512 0
1726813481435 0.177704 0
1726813481535 0.418932 0
1726813481643 0.112196 0
1726813481745 0.09657 0
1726813481850 1.11029 0
1726813481950 0.188115 0
1726813482052 0.237076 0
1726813482161 0.109656 7
1726813482262 0.263062 7
1726813482363 0.119696 7
1726813482462 0.40807 7
1726813482561 0.261981 7
1726813482661 0.146262 7
1726813482761 0.130593 7
1726813482862 0.098754 7
1726813482961 0.164938 7
1726813483060 0.254699 7
1726813483160 0.162002 14
1726813483258 0.041066 14
1726813483361 0.045328 14
1726813483463 1.652772 14
1726813483561 0.070402 14
1726813483665 0.069785 14
1726813483766 0.152699 14
1726813483864 0.336614 14
1726813483963 0.134626 14
1726813484062 0.233786 14
1726813484166 0.243611 21
1726813484269 0.072529 21
1726813484389 0.118771 21
1726813484493 0.224601 21
1726813484592 0.30455 21
1726813484692 0.11451 21
1726813484791 0.546416 21
1726813484891 0.266656 21
1726813484989 0.388805 21
1726813485090 0.313757 21
1726813485189 0.727202 28
1726813485287 0.218701 28
1726813487199 0.316069 0
1726813487299 0.044685 0
1726813487398 0.03979 0
1726813487497 0.169157 0
1726813487596 0.409599 0
1726813487693 0.118178 0
1726813487795 0.095896 0
1726813487895 1.079354 0
1726813487995 0.199921 0
1726813488097 0.243082 0
1726813488203 0.095415 8
1726813488314 0.251414 8
1726813488414 0.118901 8
1726813488513 0.400965 8
1726813488615 0.242149 8
1726813488715 0.153077 8
1726813488815 0.138873 8
1726813488915 0.119233 8
1726813489013 0.138647 8
1726813489114 0.23597 8
1726813489212 0.141356 16
1726813489312 0.047914 16
1726813489413 0.050656 16
1726813489513 1.599103 16
1726813489616 0.075145 16
1726813489716 0.067436 16
1726813489816 0.135866 16
1726813489916 0.350084 16
1726813490016 0.131231 16
1726813490116 0.229815 16
1726813490215 0.228618 24
1726813490322 0.059685 24
1726813490427 0.111816 24
1726813490530 0.226174 24
1726813490633 0.31661 24
1726813490735 0.112089 24
1726813490837 0.532261 24
1726813490938 0.283483 24
1726813491037 0.414137 24
1726813491137 0.341255 24
1726813491239 0.772024 32
1726813491338 0.241055 32
1726813493209 0.321552 0
1726813493312 0.04453 0
1726813493412 0.043429 0
1726813493516 0.168219 0
1726813493615 0.397658 0
1726813493714 0.10738 0
1726813493813 0.100022 0
1726813493911 1.09022 0
1726813494012 0.187043 0
1726813494112 0.237508 0
1726813494214 0.100647 9
1726813494318 0.249558 9
1726813494424 0.116833 9
1726813494527 0.396956 9
1726813494630 0.238072 9
1726813494730 0.158892 9
1726813494844 0.123605 9
1726813494946 0.101422 9
1726813495047 0.132372 9
1726813495150 0.261968 9
1726813495250 0.153707 18
1726813495350 0.04111 18
1726813495448 0.057098 18
1726813495547 1.60076 18
1726813495648 0.076529 18
1726813495750 0.072741 18
1726813495852 0.160077 18
1726813495956 0.362319 18
1726813496057 0.126557 18
1726813496155 0.220475 18
1726813496255 0.228642 27
1726813496356 0.058218 27
1726813496461 0.115167 27
1726813496564 0.248322 27
1726813496664 0.30611 27
1726813496827 0.106962 27
1726813496928 0.530229 27
1726813497029 0.292015 27
1726813497131 0.421312 27
1726813497231 0.269473 27
1726813497331 0.721973 36
1726813497429 0.2072 36
1726813499239 0.255801 0
1726813499345 0.048383 0
1726813499445 0.035217 0
1726813499544 0.166648 0
1726813499643 0.38744 0
1726813499744 0.107994 0
1726813499844 0.095389 0
1726813499946 1.078163 0
1726813500046 0.19326 0
1726813500148 0.246469 0
1726813500252 0.100268 10
1726813500356 0.253372 10
1726813500456 0.117102 10
1726813500563 0.398776 10
1726813500663 0.238206 10
1726813500764 0.141957 10
1726813500865 0.110454 10
1726813500967 0.099829 10
1726813501070 0.128097 10
1726813501172 0.249494 10
1726813501271 0.153082 20
1726813501370 0.041297 20
1726813501471 0.051134 20
1726813501571 1.60878 20
1726813501671 0.079989 20
1726813501771 0.066918 20
1726813501870 0.157532 20
1726813501974 0.348726 20
1726813502080 0.127022 20
1726813502185 0.209259 20
1726813502289 0.24436 30
1726813502394 0.067125 30
1726813502496 0.113892 30
1726813502602 0.242336 30
1726813502705 0.301099 30
1726813502808 0.111085 30
1726813502909 0.578441 30
1726813503013 0.259352 30
1726813503111 0.421324 30
1726813503212 0.256345 30
1726813503312 0.692242 40
1726813503413 0.220241 40
