1726872073224 3.957443 0
1726872073359 11.154635 0
1726872073494 7.799572 0
1726872073627 1.611372 0
1726872073763 3.401933 0
1726872073898 0.724116 0
1726872074038 2.05801 0
1726872074172 1.308725 0
1726872074305 2.77719 0
1726872074955 2.114996 0
1726872075090 5.193258 0
1726872075224 3.292182 0
1726872075358 2.147457 0
1726872075492 2.56014 0
1726872075625 2.765965 0
1726872075761 3.862249 0
1726872075897 1.091579 0
1726872076033 4.391798 0
1726872076670 1.678779 0
1726872076805 4.714656 0
1726872076938 4.093625 0
1726872077072 0.4807 0
1726872077206 1.652403 0
1726872077339 1.682129 0
1726872077473 1.49024 0
1726872077606 1.17675 0
1726872077745 5.69464 0
1726872078390 5.290518 0
1726872078525 6.084532 0
1726872078659 3.97684 0
1726872078794 2.739425 0
1726872078928 1.964775 0
1726872079062 10.813967 0
1726872079196 1.227819 0
1726872079330 1.154367 0
1726872079465 1.106739 0
1726872080112 1.896065 0
1726872080247 2.558082 0
1726872080381 1.963009 0
1726872080515 0.737207 0
1726872080649 2.953406 0
1726872080784 5.193742 0
1726872080918 0.997615 0
1726872081052 0.818896 0
1726872081186 2.297196 0
1726872081824 1.879632 0
1726872081960 3.165341 0
1726872082096 2.706616 0
1726872082230 20.977825 0
1726872082364 3.131652 0
1726872082498 1.584182 0
1726872082633 7.315528 0
1726872082766 0.858972 0
1726872082901 1.030776 0
1726872083539 3.39853 0
1726872083674 4.220992 0
1726872083808 4.177294 0
1726872083942 2.254502 0
1726872084079 5.114411 0
1726872084215 4.992632 0
1726872084349 2.735907 0
1726872084483 1.585696 0
1726872084617 1.214858 0
1726872085257 1.279992 0
1726872085392 1.140913 0
1726872085526 8.954185 0
1726872085660 14.249947 0
1726872085795 40.153671 0
1726872085929 2.983693 0
1726872086065 2.766827 0
1726872086201 0.764736 0
1726872086337 1.384568 0
