1726833252692 35.60994 0
1726833252862 130.44606 0
1726833253033 8.441396 0
1726833253205 0.483193 0
1726833253361 1.744227 0
1726833253532 10.430653 0
1726833253693 6.340667 0
1726833253871 3.095674 0
1726833254048 1.091572 0
1726833254222 0.526079 0
1726833254396 9.094423 1
1726833255562 1.435681 0
1726833255738 7.492417 0
1726833255917 3.139493 0
1726833256089 0.176027 0
1726833256263 4.156981 0
1726833256439 17.493973 0
1726833256614 2.472029 0
1726833256789 2.605968 0
1726833256965 1.394187 0
1726833257140 5.538948 0
1726833257312 1.307366 2
1726833258362 0.840723 0
1726833258521 1.439557 0
1726833258690 2.003283 0
1726833258846 0.124314 0
1726833259024 2.579514 0
1726833259198 1.098068 0
1726833259371 7.682116 0
1726833259548 1.37206 0
1726833259721 2.929496 0
1726833259898 1.353912 0
1726833260083 0.548856 3
1726833261258 25.074873 0
1726833261443 1.081941 0
1726833261619 11.841406 0
1726833261798 7.221511 0
1726833261973 4.993866 0
1726833262149 1.33964 0
1726833262326 9.925114 0
1726833262501 3.203059 0
1726833262675 1.552615 0
1726833262844 0.441795 0
1726833263014 1.316805 4
1726833264081 1.345748 0
1726833264257 2.472276 0
1726833264430 3.022486 0
1726833264605 0.105237 0
1726833264775 2.163294 0
1726833264946 1.929702 0
1726833265120 1.774239 0
1726833265290 0.905898 0
1726833265463 2.130043 0
1726833265638 0.56489 0
1726833265815 0.552764 5
1726833266996 6.258592 0
1726833267179 3.910087 0
1726833267350 6.447268 0
1726833267529 0.114161 0
1726833267704 2.576239 0
1726833267876 1.684462 0
1726833268048 4.912333 0
1726833268221 1.007834 0
1726833268392 1.338427 0
1726833268565 0.434423 0
1726833268738 1.063321 6
1726833269896 5.819278 0
1726833270072 2.714727 0
1726833270245 4.059091 0
1726833270413 0.171801 0
1726833270582 11.922191 0
1726833270753 6.063247 0
1726833270926 2.591692 0
1726833271100 0.857465 0
1726833271277 0.923878 0
1726833271453 0.436638 0
1726833271629 3.434811 7
1726833272815 6.662351 0
1726833272985 31.592939 0
1726833273151 2.403938 0
1726833273323 0.157269 0
1726833273494 13.813107 0
1726833273666 5.062655 0
1726833273837 3.735876 0
1726833274007 1.284378 0
1726833274175 0.771726 0
1726833274338 0.440418 0
1726833274510 1.443622 8
1726833275625 3.960474 0
1726833275792 2.548798 0
1726833275959 3.70013 0
1726833276126 0.119926 0
1726833276292 2.019739 0
1726833276438 2.556457 0
1726833276611 3.117159 0
1726833276782 0.980739 0
1726833276954 1.104973 0
1726833277126 0.529408 0
1726833277285 1.199988 9
1726833278426 2.761643 0
1726833278598 2.063587 0
1726833278769 2.821994 0
1726833278940 0.121011 0
1726833279114 3.799372 0
1726833279287 5.177638 0
1726833279467 4.623609 0
1726833279634 0.86225 0
1726833279804 1.3437 0
1726833279963 0.526063 0
1726833280125 1.286403 10
