1726807203429 42.254917 0
1726807203533 6.823038 0
1726807203638 3.265767 0
1726807203738 3.014977 0
1726807203839 1.736611 0
1726807203940 1.206888 0
1726807204039 0.982651 0
1726807204140 1.788004 0
1726807204242 3.291733 0
1726807204343 1.057083 0
1726807204450 0.680746 1
1726807204551 1.04633 1
1726807204653 0.732426 1
1726807204767 1.300588 1
1726807204872 0.936643 1
1726807204974 0.47772 1
1726807205074 1.451156 1
1726807205177 287.844299 1
1726807205285 12.459986 1
1726807205385 6.573968 1
1726807205486 3.589657 2
1726807205588 3.580972 2
1726807205688 1.670984 2
1726807205789 2.928249 2
1726807205889 3.676172 2
1726807205990 1.550757 2
1726807206094 5.072246 2
1726807206201 2.19941 2
1726807206304 2.637204 2
1726807206405 1.735303 2
1726807206508 1.987602 3
1726807206610 2.223958 3
1726807206711 0.864587 3
1726807206811 2.564793 3
1726807206910 2.815649 3
1726807207010 0.974158 3
1726807207107 1.948331 3
1726807207208 0.718401 3
1726807207318 4.701212 3
1726807207420 0.587128 3
1726807207521 1.739308 4
1726807207620 2.140832 4
1726807207719 5.193323 4
1726807207819 1.984471 4
1726807210104 6.288821 0
1726807210208 0.488726 0
1726807210309 0.4233 0
1726807210409 6.315635 0
1726807210508 0.862418 0
1726807210609 0.443576 0
1726807210711 0.417622 0
1726807210814 13.399491 0
1726807210916 1.744825 0
1726807211016 0.227561 0
1726807211117 0.450969 2
1726807211217 0.708707 2
1726807211316 1.127725 2
1726807211426 1.408531 2
1726807211527 0.459186 2
1726807211629 0.237945 2
1726807211729 1.519415 2
1726807211839 2.008667 2
1726807211941 9.226567 2
1726807212043 3.390897 2
1726807212144 1.70921 4
1726807212245 2.48664 4
1726807212344 0.537123 4
1726807212454 3.16276 4
1726807212555 5.596061 4
1726807212656 0.681513 4
1726807212755 2.653895 4
1726807212854 0.705877 4
1726807212953 2.299073 4
1726807213054 0.876237 4
1726807213154 0.768897 6
1726807213256 1.188192 6
1726807213356 0.94876 6
1726807213466 2.273447 6
1726807213568 1.334592 6
1726807213669 0.76081 6
1726807213769 1.584292 6
1726807213869 0.528404 6
1726807213968 2.605747 6
1726807214068 0.673335 6
1726807214167 2.338638 8
1726807214266 2.630165 8
1726807214365 1.651693 8
1726807214473 2.577796 8
1726807216628 0.785611 0
1726807216732 0.342254 0
1726807216836 0.411538 0
1726807216937 28.557421 0
1726807217037 2.452089 0
1726807217138 0.441595 0
1726807217241 0.531718 0
1726807217342 10.922955 0
1726807217443 2.941926 0
1726807217556 0.265444 0
1726807217658 0.421728 3
1726807217760 1.608873 3
1726807217863 1.234136 3
1726807217965 1.35247 3
1726807218067 0.430647 3
1726807218167 0.233498 3
1726807218267 1.449033 3
1726807218366 5.945011 3
1726807218467 2.153948 3
1726807218568 1.456501 3
1726807218668 1.022581 6
1726807218768 1.414636 6
1726807218867 0.425245 6
1726807218966 1.7532 6
1726807219067 4.758183 6
1726807219167 1.257013 6
1726807219267 10.356104 6
1726807219368 0.767826 6
1726807219477 1.631771 6
1726807219588 0.736953 6
1726807219688 0.823082 9
1726807219788 5.412405 9
1726807219890 0.577305 9
1726807219993 1.49461 9
1726807220093 1.034939 9
1726807220194 2.971222 9
1726807220297 2.434872 9
1726807220402 0.519002 9
1726807220503 29.450623 9
1726807220605 0.509728 9
1726807220705 1.270683 12
1726807220805 1.609797 12
1726807220905 1.683372 12
1726807221006 1.248918 12
1726807223221 19.379469 0
1726807223324 0.44785 0
1726807223425 0.469861 0
1726807223528 5.319807 0
1726807223636 1.834978 0
1726807223738 0.455466 0
1726807223838 0.441897 0
1726807223938 9.041197 0
1726807224040 2.00603 0
1726807224144 0.264519 0
1726807224246 0.548785 4
1726807224348 0.618699 4
1726807224457 25.410248 4
1726807224561 1.635859 4
1726807224662 0.441723 4
1726807224764 0.228254 4
1726807224867 0.994132 4
1726807224968 1.763665 4
1726807225071 3.79044 4
1726807225175 5.245623 4
1726807225278 1.168274 8
1726807225378 1.363315 8
1726807225480 0.399195 8
1726807225580 1.652938 8
1726807225688 3.452899 8
1726807225790 0.992405 8
1726807225892 2.66791 8
1726807225994 0.913163 8
1726807226095 1.238118 8
1726807226196 0.7283 8
1726807226299 0.678208 12
1726807226400 1.913969 12
1726807226500 0.553268 12
1726807226603 3.892112 12
1726807226706 1.236311 12
1726807226808 0.758723 12
1726807226909 2.136959 12
1726807227009 0.530693 12
1726807227109 4.522156 12
1726807227207 0.472733 12
1726807227308 2.003491 16
1726807227408 2.718739 16
1726807227508 1.614238 16
1726807227608 3.518213 16
1726807229794 24.513178 0
1726807229903 1.451432 0
1726807230008 1.393281 0
1726807230113 11.97364 0
1726807230217 2.476042 0
1726807230319 0.441819 0
1726807230421 0.378512 0
1726807230520 7.133323 0
1726807230621 3.5687 0
1726807230720 0.213255 0
1726807230826 0.444846 5
1726807230931 0.582283 5
1726807231035 2.583985 5
1726807231137 1.055633 5
1726807231238 0.390936 5
1726807231339 0.223192 5
1726807231440 1.510309 5
1726807231539 1.88912 5
1726807231641 1.57451 5
1726807231743 4.407335 5
1726807231854 1.16616 10
1726807231954 0.939264 10
1726807232053 0.382999 10
1726807232153 1.86268 10
1726807232252 4.565399 10
1726807232353 1.168005 10
1726807232453 2.624296 10
1726807232555 3.815057 10
1726807232658 1.812852 10
1726807232760 0.745159 10
1726807232863 0.738194 15
1726807232965 2.302676 15
1726807233066 0.792507 15
1726807233170 1.619996 15
1726807233272 1.968181 15
1726807233373 0.690834 15
1726807233474 3.535108 15
1726807233574 0.483677 15
1726807233675 6.60871 15
1726807233775 0.495415 15
1726807233883 3.737165 20
1726807233985 1.721972 20
1726807234098 2.718897 20
1726807234203 1.480083 20
1726807236396 4.470397 0
1726807236506 0.410158 0
1726807236607 0.441937 0
1726807236708 5.231098 0
1726807236813 2.073458 0
1726807236915 0.479237 0
1726807237017 0.422016 0
1726807237117 9.865664 0
1726807237218 1.823607 0
1726807237321 0.219671 0
1726807237425 0.469671 6
1726807237526 3.528779 6
1726807237627 3.232255 6
1726807237728 2.959401 6
1726807237827 0.423311 6
1726807237933 0.241433 6
1726807238037 1.260555 6
1726807238137 1.679918 6
1726807238237 18.409922 6
1726807238337 3.062751 6
1726807238437 2.104099 12
1726807238536 0.999701 12
1726807238637 0.419274 12
1726807238737 1.384644 12
1726807238848 6.953285 12
1726807238951 1.006028 12
1726807239051 3.511621 12
1726807239152 1.751002 12
1726807239254 1.66692 12
1726807239356 0.687338 12
1726807239456 0.813688 18
1726807239558 1.933781 18
1726807239660 0.562268 18
1726807239758 1.334433 18
1726807239858 1.253262 18
1726807239959 0.907971 18
1726807240066 2.042343 18
1726807240166 0.491196 18
1726807240270 5.410112 18
1726807240372 0.455076 18
1726807240473 6.742889 24
1726807240574 2.980234 24
1726807240677 3.375786 24
1726807240780 2.176025 24
1726807242963 3.390571 0
1726807243066 0.477341 0
1726807243167 0.46383 0
1726807243274 8.283038 0
1726807243379 1.801858 0
1726807243479 0.497955 0
1726807243580 0.415896 0
1726807243682 4.652709 0
1726807243788 2.772385 0
1726807243888 0.218305 0
1726807243993 0.467941 7
1726807244104 0.830579 7
1726807244207 1.300088 7
1726807244310 1.708663 7
1726807244413 0.413706 7
1726807244515 0.233843 7
1726807244616 1.335182 7
1726807244717 3.326173 7
1726807244819 2.403737 7
1726807244919 4.144353 7
1726807245019 1.519186 14
1726807245121 0.94106 14
1726807245220 0.394695 14
1726807245321 1.553997 14
1726807245421 8.099802 14
1726807245519 0.807057 14
1726807245620 2.423867 14
1726807245720 1.118682 14
1726807245821 1.911423 14
1726807245921 7.17145 14
1726807246020 0.681108 21
1726807246125 1.684528 21
1726807246230 0.549271 21
1726807246335 1.383947 21
1726807246435 1.240241 21
1726807246536 1.071871 21
1726807246635 1.799393 21
1726807246739 0.470853 21
1726807246843 2.989664 21
1726807246943 0.45833 21
1726807247042 1.869695 28
1726807247142 2.08097 28
1726807247244 3.018762 28
1726807247345 1.400034 28
