1726749773480 1.0 0
1726749773579 1.0 0
1726749773672 1.0 0
1726749773769 1.0 0
1726749773867 1.0 0
1726749773966 1.0 0
1726749774065 1.0 0
1726749774162 1.0 0
1726749774261 1.0 0
1726749774362 1.0 0
1726749774466 1.0 1
1726749774569 1.0 1
1726749774663 1.0 1
1726749774758 1.0 1
1726749774852 1.0 1
1726749774945 1.0 1
1726749775043 1.0 1
1726749775145 1.0 1
1726749775252 1.0 1
1726749775350 1.0 1
1726749775443 1.0 2
1726749775536 1.0 2
1726749775639 1.0 2
1726749777823 1.0 0
1726749777970 1.0 0
1726749778063 1.0 0
1726749778157 1.0 0
1726749778258 1.0 0
1726749778363 1.0 0
1726749778465 1.0 0
1726749778559 1.0 0
1726749778652 1.0 0
1726749778743 1.0 0
1726749778836 1.0 2
1726749778932 1.0 2
1726749779030 1.0 2
1726749779134 1.0 2
1726749779239 1.0 2
1726749779342 1.0 2
1726749779440 1.0 2
1726749779536 1.0 2
1726749779627 1.0 2
1726749779719 1.0 2
1726749779810 1.0 4
1726749779902 1.0 4
1726749779995 1.0 4
1726749782074 1.0 0
1726749782217 1.0 0
1726749782313 1.0 0
1726749782409 1.0 0
1726749782512 1.0 0
1726749782612 1.0 0
1726749782715 1.0 0
1726749782814 1.0 0
1726749782913 1.0 0
1726749783015 1.0 0
1726749783119 1.0 3
1726749783215 1.0 3
1726749783307 1.0 3
1726749783400 1.0 3
1726749783494 1.0 3
1726749783588 1.0 3
1726749783681 1.0 3
1726749783778 1.0 3
1726749783876 1.0 3
1726749783972 1.0 3
1726749784068 1.0 6
1726749784164 1.0 6
1726749784261 1.0 6
1726749786328 1.0 0
1726749786432 1.0 0
1726749786522 1.0 0
1726749786614 1.0 0
1726749786713 1.0 0
1726749786813 1.0 0
1726749786910 1.0 0
1726749787005 1.0 0
1726749787101 1.0 0
1726749787193 1.0 0
1726749787284 1.0 4
1726749787377 1.0 4
1726749787470 1.0 4
1726749787563 1.0 4
1726749787660 1.0 4
1726749787754 1.0 4
1726749787851 1.0 4
1726749787947 1.0 4
1726749788040 1.0 4
1726749788135 1.0 4
1726749788227 1.0 8
1726749788323 1.0 8
1726749788419 1.0 8
