1726783840223 0.0 0
1726783840323 10.0 0
1726783840427 20.0 0
1726783840523 30.0 0
1726783840619 40.0 0
1726783840712 50.0 0
1726783840807 60.0 0
1726783840900 70.0 0
1726783840993 80.0 0
1726783841087 90.0 0
1726783841181 100.0 1
1726783841276 110.0 1
1726783841369 120.0 1
1726783841463 130.0 1
1726783842217 0.0 0
1726783842321 10.0 0
1726783842415 20.0 0
1726783842518 30.0 0
1726783842616 40.0 0
1726783842711 50.0 0
1726783842805 60.0 0
1726783842900 70.0 0
1726783842995 80.0 0
1726783843089 90.0 0
1726783843192 100.0 2
1726783843287 110.0 2
1726783843382 120.0 2
1726783843476 130.0 2
1726783844216 0.0 0
1726783844315 10.0 0
1726783844413 20.0 0
1726783844518 30.0 0
1726783844614 40.0 0
1726783844707 50.0 0
1726783844803 60.0 0
1726783844906 70.0 0
1726783845006 80.0 0
1726783845102 90.0 0
1726783845197 100.0 3
1726783845293 110.0 3
1726783845389 120.0 3
1726783845485 130.0 3
1726783846231 0.0 0
1726783846325 10.0 0
1726783846419 20.0 0
1726783846513 30.0 0
1726783846616 40.0 0
1726783846712 50.0 0
1726783846813 60.0 0
1726783846911 70.0 0
1726783847007 80.0 0
1726783847102 90.0 0
1726783847197 100.0 4
1726783847293 110.0 4
1726783847387 120.0 4
1726783847480 130.0 4
1726783848204 0.0 0
1726783848309 10.0 0
1726783848408 20.0 0
1726783848505 30.0 0
1726783848609 40.0 0
1726783848705 50.0 0
1726783848801 60.0 0
1726783848895 70.0 0
1726783848989 80.0 0
1726783849084 90.0 0
1726783849179 100.0 5
1726783849276 110.0 5
1726783849376 120.0 5
1726783849478 130.0 5
1726783850223 0.0 0
1726783850319 10.0 0
1726783850414 20.0 0
1726783850508 30.0 0
1726783850604 40.0 0
1726783850704 50.0 0
1726783850798 60.0 0
1726783850893 70.0 0
1726783850991 80.0 0
1726783851089 90.0 0
1726783851186 100.0 6
1726783851282 110.0 6
1726783851378 120.0 6
1726783851473 130.0 6
1726783852242 0.0 0
1726783852347 10.0 0
1726783852441 20.0 0
1726783852535 30.0 0
1726783852629 40.0 0
1726783852733 50.0 0
1726783852833 60.0 0
1726783852930 70.0 0
1726783853025 80.0 0
1726783853120 90.0 0
1726783853215 100.0 7
1726783853310 110.0 7
1726783853404 120.0 7
1726783853497 130.0 7
1726783854224 0.0 0
1726783854329 10.0 0
1726783854425 20.0 0
1726783854520 30.0 0
1726783854614 40.0 0
1726783854715 50.0 0
1726783854811 60.0 0
1726783854905 70.0 0
1726783855002 80.0 0
1726783855097 90.0 0
1726783855194 100.0 8
1726783855294 110.0 8
1726783855391 120.0 8
1726783855488 130.0 8
1726783856226 0.0 0
1726783856330 10.0 0
1726783856426 20.0 0
1726783856521 30.0 0
1726783856666 40.0 0
1726783856771 50.0 0
1726783856870 60.0 0
1726783856964 70.0 0
1726783857057 80.0 0
1726783857154 90.0 0
1726783857248 100.0 9
1726783857343 110.0 9
1726783857437 120.0 9
1726783857532 130.0 9
1726783858248 0.0 0
1726783858352 10.0 0
1726783858445 20.0 0
1726783858538 30.0 0
1726783858632 40.0 0
1726783858726 50.0 0
1726783858829 60.0 0
1726783858936 70.0 0
1726783859032 80.0 0
1726783859128 90.0 0
1726783859222 100.0 10
1726783859316 110.0 10
1726783859410 120.0 10
1726783859507 130.0 10
