1726748951247 0.0 0
1726748951406 10.0 0
1726748951520 20.0 0
1726748951630 30.0 0
1726748951738 40.0 0
1726748951839 50.0 0
1726748951936 60.0 0
1726748952032 70.0 0
1726748952124 80.0 0
1726748952214 90.0 0
1726748952308 100.0 1
1726748952414 110.0 1
1726748952518 120.0 1
1726748952622 130.0 1
1726748952725 140.0 1
1726748952825 150.0 1
1726748952920 160.0 1
1726748953013 170.0 1
1726748953105 180.0 1
1726748953198 190.0 1
1726748953296 200.0 2
1726748953396 210.0 2
1726748953495 220.0 2
1726748953586 230.0 2
1726748953678 240.0 2
1726748953770 250.0 2
1726748953865 260.0 2
1726748953968 270.0 2
1726748954074 280.0 2
1726748954174 290.0 2
1726748954275 300.0 3
1726748954380 310.0 3
1726748954488 320.0 3
1726748957627 0.0 0
1726748957727 10.0 0
1726748957822 20.0 0
1726748957921 30.0 0
1726748958021 40.0 0
1726748958122 50.0 0
1726748958229 60.0 0
1726748958331 70.0 0
1726748958431 80.0 0
1726748958532 90.0 0
1726748958636 100.0 2
1726748958736 110.0 2
1726748958834 120.0 2
1726748958933 130.0 2
1726748959029 140.0 2
1726748959122 150.0 2
1726748959216 160.0 2
1726748959315 170.0 2
1726748959415 180.0 2
1726748959512 190.0 2
1726748959608 200.0 4
1726748959706 210.0 4
1726748959808 220.0 4
1726748959909 230.0 4
1726748960013 240.0 4
1726748960113 250.0 4
1726748960203 260.0 4
1726748960290 270.0 4
1726748960376 280.0 4
1726748960467 290.0 4
1726748960564 300.0 6
1726748960667 310.0 6
1726748960774 320.0 6
1726748963908 0.0 0
1726748964049 10.0 0
1726748964147 20.0 0
1726748964243 30.0 0
1726748964343 40.0 0
1726748964444 50.0 0
1726748964541 60.0 0
1726748964635 70.0 0
1726748964732 80.0 0
1726748964830 90.0 0
1726748964931 100.0 3
1726748965029 110.0 3
1726748965131 120.0 3
1726748965232 130.0 3
1726748965335 140.0 3
1726748965434 150.0 3
1726748965530 160.0 3
1726748965622 170.0 3
1726748965712 180.0 3
1726748965805 190.0 3
1726748965903 200.0 6
1726748966004 210.0 6
1726748966096 220.0 6
1726748966187 230.0 6
1726748966278 240.0 6
1726748966371 250.0 6
1726748966467 260.0 6
1726748966562 270.0 6
1726748966657 280.0 6
1726748966750 290.0 6
1726748966844 300.0 9
1726748966942 310.0 9
1726748967048 320.0 9
1726748970273 0.0 0
1726748970421 10.0 0
1726748970519 20.0 0
1726748970614 30.0 0
1726748970711 40.0 0
1726748970811 50.0 0
1726748970905 60.0 0
1726748970997 70.0 0
1726748971090 80.0 0
1726748971188 90.0 0
1726748971289 100.0 4
1726748971396 110.0 4
1726748971503 120.0 4
1726748971604 130.0 4
1726748971696 140.0 4
1726748971786 150.0 4
1726748971873 160.0 4
1726748971962 170.0 4
1726748972053 180.0 4
1726748972151 190.0 4
1726748972253 200.0 8
1726748972355 210.0 8
1726748972455 220.0 8
1726748972557 230.0 8
1726748972654 240.0 8
1726748972756 250.0 8
1726748972864 260.0 8
1726748972974 270.0 8
1726748973073 280.0 8
1726748973170 290.0 8
1726748973263 300.0 12
1726748973354 310.0 12
1726748973450 320.0 12
1726748976561 0.0 0
1726748976693 10.0 0
1726748976791 20.0 0
1726748976893 30.0 0
1726748976999 40.0 0
1726748977106 50.0 0
1726748977208 60.0 0
1726748977310 70.0 0
1726748977407 80.0 0
1726748977500 90.0 0
1726748977598 100.0 5
1726748977699 110.0 5
1726748977801 120.0 5
1726748977906 130.0 5
1726748978013 140.0 5
1726748978122 150.0 5
1726748978221 160.0 5
1726748978313 170.0 5
1726748978403 180.0 5
1726748978493 190.0 5
1726748978585 200.0 10
1726748978679 210.0 10
1726748978780 220.0 10
1726748978883 230.0 10
1726748978984 240.0 10
1726748979080 250.0 10
1726748979170 260.0 10
1726748979262 270.0 10
1726748979357 280.0 10
1726748979456 290.0 10
1726748979553 300.0 15
1726748979651 310.0 15
1726748979750 320.0 15
1726748982903 0.0 0
1726748983071 10.0 0
1726748983171 20.0 0
1726748983272 30.0 0
1726748983371 40.0 0
1726748983471 50.0 0
1726748983563 60.0 0
1726748983654 70.0 0
1726748983745 80.0 0
1726748983837 90.0 0
1726748983934 100.0 6
1726748984036 110.0 6
1726748984134 120.0 6
1726748984230 130.0 6
1726748984330 140.0 6
1726748984431 150.0 6
1726748984526 160.0 6
1726748984621 170.0 6
1726748984715 180.0 6
1726748984813 190.0 6
1726748984916 200.0 12
1726748985019 210.0 12
1726748985120 220.0 12
1726748985213 230.0 12
1726748985305 240.0 12
1726748985397 250.0 12
1726748985498 260.0 12
1726748985599 270.0 12
1726748985700 280.0 12
1726748985796 290.0 12
1726748985884 300.0 18
1726748985968 310.0 18
1726748986054 320.0 18
1726748989188 0.0 0
1726748989339 10.0 0
1726748989432 20.0 0
1726748989527 30.0 0
1726748989628 40.0 0
1726748989723 50.0 0
1726748989819 60.0 0
1726748989917 70.0 0
1726748990014 80.0 0
1726748990117 90.0 0
1726748990222 100.0 7
1726748990326 110.0 7
1726748990430 120.0 7
1726748990523 130.0 7
1726748990612 140.0 7
1726748990703 150.0 7
1726748990796 160.0 7
1726748990893 170.0 7
1726748991003 180.0 7
1726748991113 190.0 7
1726748991220 200.0 14
1726748991326 210.0 14
1726748991429 220.0 14
1726748991530 230.0 14
1726748991634 240.0 14
1726748991737 250.0 14
1726748991833 260.0 14
1726748991927 270.0 14
1726748992016 280.0 14
1726748992105 290.0 14
1726748992196 300.0 21
1726748992292 310.0 21
1726748992394 320.0 21
1726748995496 0.0 0
1726748995602 10.0 0
1726748995695 20.0 0
1726748995791 30.0 0
1726748995893 40.0 0
1726748996003 50.0 0
1726748996110 60.0 0
1726748996211 70.0 0
1726748996303 80.0 0
1726748996394 90.0 0
1726748996481 100.0 8
1726748996572 110.0 8
1726748996667 120.0 8
1726748996770 130.0 8
1726748996873 140.0 8
1726748996972 150.0 8
1726748997070 160.0 8
1726748997164 170.0 8
1726748997255 180.0 8
1726748997346 190.0 8
1726748997445 200.0 16
1726748997545 210.0 16
1726748997646 220.0 16
1726748997752 230.0 16
1726748997859 240.0 16
1726748997957 250.0 16
1726748998051 260.0 16
1726748998146 270.0 16
1726748998245 280.0 16
1726748998339 290.0 16
1726748998437 300.0 24
1726748998534 310.0 24
1726748998633 320.0 24
