1726786807107 0.0 0
1726786807210 10.0 0
1726786807309 20.0 0
1726786807404 30.0 0
1726786807499 40.0 0
1726786807595 50.0 0
1726786807690 60.0 0
1726786807785 70.0 0
1726786807889 80.0 0
1726786807990 90.0 0
1726786808091 100.0 1
1726786808191 110.0 1
1726786808288 120.0 1
1726786808384 130.0 1
1726786808479 140.0 1
1726786808585 150.0 1
1726786808683 160.0 1
1726786808778 170.0 1
1726786808873 180.0 1
1726786808970 190.0 1
1726786809069 200.0 2
1726786809166 210.0 2
1726786809262 220.0 2
1726786810458 0.0 0
1726786810567 10.0 0
1726786810667 20.0 0
1726786810764 30.0 0
1726786810860 40.0 0
1726786810955 50.0 0
1726786811049 60.0 0
1726786811145 70.0 0
1726786811241 80.0 0
1726786811337 90.0 0
1726786811431 100.0 2
1726786811527 110.0 2
1726786811621 120.0 2
1726786811716 130.0 2
1726786811811 140.0 2
1726786811905 150.0 2
1726786811999 160.0 2
1726786812095 170.0 2
1726786812190 180.0 2
1726786812286 190.0 2
1726786812380 200.0 4
1726786812474 210.0 4
1726786812569 220.0 4
1726786813853 0.0 0
1726786813954 10.0 0
1726786814054 20.0 0
1726786814152 30.0 0
1726786814247 40.0 0
1726786814345 50.0 0
1726786814442 60.0 0
1726786814538 70.0 0
1726786814636 80.0 0
1726786814739 90.0 0
1726786814836 100.0 3
1726786814935 110.0 3
1726786815032 120.0 3
1726786815128 130.0 3
1726786815225 140.0 3
1726786815322 150.0 3
1726786815417 160.0 3
1726786815524 170.0 3
1726786815630 180.0 3
1726786815731 190.0 3
1726786815830 200.0 6
1726786815928 210.0 6
1726786816023 220.0 6
1726786817246 0.0 0
1726786817345 10.0 0
1726786817441 20.0 0
1726786817540 30.0 0
1726786817637 40.0 0
1726786817733 50.0 0
1726786817830 60.0 0
1726786817926 70.0 0
1726786818026 80.0 0
1726786818127 90.0 0
1726786818224 100.0 4
1726786818322 110.0 4
1726786818420 120.0 4
1726786818515 130.0 4
1726786818611 140.0 4
1726786818708 150.0 4
1726786818814 160.0 4
1726786818913 170.0 4
1726786819012 180.0 4
1726786819116 190.0 4
1726786819217 200.0 8
1726786819315 210.0 8
1726786819411 220.0 8
1726786820616 0.0 0
1726786820721 10.0 0
1726786820825 20.0 0
1726786820922 30.0 0
1726786821022 40.0 0
1726786821120 50.0 0
1726786821216 60.0 0
1726786821312 70.0 0
1726786821409 80.0 0
1726786821504 90.0 0
1726786821600 100.0 5
1726786821695 110.0 5
1726786821790 120.0 5
1726786821888 130.0 5
1726786821986 140.0 5
1726786822082 150.0 5
1726786822180 160.0 5
1726786822277 170.0 5
1726786822372 180.0 5
1726786822469 190.0 5
1726786822564 200.0 10
1726786822667 210.0 10
1726786822766 220.0 10
1726786824041 0.0 0
1726786824140 10.0 0
1726786824242 20.0 0
1726786824339 30.0 0
1726786824439 40.0 0
1726786824538 50.0 0
1726786824637 60.0 0
1726786824733 70.0 0
1726786824828 80.0 0
1726786824932 90.0 0
1726786825028 100.0 6
1726786825125 110.0 6
1726786825221 120.0 6
1726786825318 130.0 6
1726786825415 140.0 6
1726786825510 150.0 6
1726786825605 160.0 6
1726786825701 170.0 6
1726786825795 180.0 6
1726786825889 190.0 6
1726786825986 200.0 12
1726786826080 210.0 12
1726786826173 220.0 12
1726786827413 0.0 0
1726786827520 10.0 0
1726786827616 20.0 0
1726786827713 30.0 0
1726786827831 40.0 0
1726786827928 50.0 0
1726786828026 60.0 0
1726786828128 70.0 0
1726786828224 80.0 0
1726786828320 90.0 0
1726786828415 100.0 7
1726786828512 110.0 7
1726786828609 120.0 7
1726786828705 130.0 7
1726786828803 140.0 7
1726786828898 150.0 7
1726786829000 160.0 7
1726786829103 170.0 7
1726786829205 180.0 7
1726786829304 190.0 7
1726786829401 200.0 14
1726786829498 210.0 14
1726786829597 220.0 14
1726786830798 0.0 0
1726786830906 10.0 0
1726786831003 20.0 0
1726786831111 30.0 0
1726786831210 40.0 0
1726786831307 50.0 0
1726786831403 60.0 0
1726786831499 70.0 0
1726786831596 80.0 0
1726786831692 90.0 0
1726786831787 100.0 8
1726786831883 110.0 8
1726786831978 120.0 8
1726786832073 130.0 8
1726786832168 140.0 8
1726786832264 150.0 8
1726786832359 160.0 8
1726786832455 170.0 8
1726786832550 180.0 8
1726786832647 190.0 8
1726786832745 200.0 16
1726786832842 210.0 16
1726786832938 220.0 16
