1727116482932 0.294257 0
1727116483039 0.095659 0
1727116483143 0.142185 0
1727116483243 0.101278 0
1727116483345 0.05833 0
1727116483446 0.090552 0
1727116483549 0.104995 0
1727116483664 0.187143 0
1727116483775 0.049643 0
1727116483880 0.30872 0
1727116483985 0.096391 1
1727116484088 0.085229 1
1727116484190 0.283711 1
1727116484291 0.281085 1
1727116484392 0.129696 1
1727116484494 0.113785 1
1727116484601 0.338523 1
1727116484702 0.09834 1
1727116484804 0.114995 1
1727116484903 0.266265 1
1727116485004 0.056832 2
1727116485104 0.05327 2
1727116485206 0.151636 2
1727116485309 0.103482 2
1727116485412 0.17722 2
1727116485513 0.474108 2
1727116485616 1.335939 2
1727116485716 0.350947 2
1727116485819 0.194752 2
1727116485924 2.187094 2
1727116486027 0.360072 3
1727116486134 0.117024 3
1727116486237 0.147809 3
1727116486338 0.69916 3
1727116486439 0.273684 3
1727116486537 0.294883 3
1727116486639 0.076382 3
1727116486740 0.433408 3
1727116486841 0.279681 3
1727116486942 0.088743 3
1727116487040 0.124241 4
1727116487143 0.296464 4
1727116487245 0.254525 4
1727116487348 0.207404 4
1727116487449 0.125852 4
1727116487552 0.248288 4
1727116487655 0.22631 4
1727116487756 0.171435 4
1727116487858 0.201626 4
1727116487961 0.987948 4
1727116488067 0.146727 5
1727116488169 0.555014 5
1727116488273 0.254665 5
1727116488375 0.11766 5
1727116488476 0.353289 5
1727116488591 0.500148 5
1727116488701 0.358219 5
1727116488809 0.310225 5
1727116488913 0.17237 5
1727116489015 0.388393 5
1727116489117 0.24299 6
1727116489219 0.262858 6
1727116489322 0.286906 6
1727116489423 0.108749 6
1727116489524 0.222951 6
1727116489627 0.172931 6
1727116489730 1.854387 6
1727116489830 0.164932 6
1727116492048 0.213843 0
1727116492151 0.179411 0
1727116492264 0.056784 0
1727116492366 0.084031 0
1727116492468 0.062247 0
1727116492573 0.068714 0
1727116492675 0.16119 0
1727116492781 0.272425 0
1727116492883 0.038847 0
1727116492990 0.229931 0
1727116493100 0.147253 2
1727116493205 0.098008 2
1727116493306 0.220376 2
1727116493406 0.21582 2
1727116493506 0.084629 2
1727116493606 0.033628 2
1727116493707 0.325818 2
1727116493810 0.210599 2
1727116493912 0.109459 2
1727116494011 0.221211 2
1727116494127 0.07732 4
1727116494242 0.052706 4
1727116494354 0.165987 4
1727116494464 0.10327 4
1727116494573 0.189059 4
1727116494685 0.460268 4
1727116494793 0.971556 4
1727116494895 0.933623 4
1727116495016 0.492272 4
1727116495131 1.712463 4
1727116495244 0.337662 6
1727116495357 0.257414 6
1727116495463 0.14669 6
1727116495564 0.365679 6
1727116495669 0.308208 6
1727116495774 0.4778 6
1727116495880 0.061821 6
1727116495984 0.291485 6
1727116496107 0.261525 6
1727116496220 0.089187 6
1727116496325 0.161052 8
1727116496429 0.321155 8
1727116496530 0.173658 8
1727116496631 0.270841 8
1727116496732 0.148319 8
1727116496837 0.169646 8
1727116496943 0.200814 8
1727116497045 0.19562 8
1727116497151 0.150137 8
1727116497260 0.958286 8
1727116497371 0.12255 10
1727116497479 0.621502 10
1727116497583 0.219894 10
1727116497693 0.11118 10
1727116497800 0.35252 10
1727116497905 0.405552 10
1727116498010 0.520154 10
1727116498110 0.397948 10
1727116498218 0.19974 10
1727116498323 0.392127 10
1727116498426 0.240035 12
1727116498529 0.298791 12
1727116498632 0.298255 12
1727116498734 0.125092 12
1727116498835 0.235401 12
1727116498935 0.204287 12
1727116499040 1.493991 12
1727116499143 0.136955 12
1727116501620 0.072748 0
1727116501731 0.051203 0
1727116501832 0.04729 0
1727116501942 0.05983 0
1727116502052 0.055416 0
1727116502171 0.072744 0
1727116502283 0.121867 0
1727116502392 0.31866 0
1727116502509 0.049069 0
1727116502612 0.285639 0
1727116502714 0.131217 3
1727116502817 0.094598 3
1727116502936 0.204466 3
1727116503056 0.254391 3
1727116503165 0.067807 3
1727116503267 0.035326 3
1727116503367 0.340195 3
1727116503468 0.121866 3
1727116503581 0.111802 3
1727116503687 0.187466 3
1727116503789 0.071913 6
1727116503890 0.043879 6
1727116504003 0.17277 6
1727116504106 0.111452 6
1727116504212 0.148085 6
1727116504326 0.438643 6
1727116504427 0.753071 6
1727116504533 0.848757 6
1727116504638 0.483632 6
1727116504743 1.823169 6
1727116504846 0.242056 9
1727116504950 0.206744 9
1727116505054 0.137763 9
1727116505156 0.35663 9
1727116505258 0.276706 9
1727116505364 0.453758 9
1727116505466 0.065865 9
1727116505568 0.272305 9
1727116505671 0.261669 9
1727116505778 0.098175 9
1727116505879 0.147516 12
1727116505985 0.24319 12
1727116506094 0.158041 12
1727116506198 0.312602 12
1727116506300 0.144798 12
1727116506407 0.203295 12
1727116506511 0.184098 12
1727116506613 0.190232 12
1727116506712 0.160476 12
1727116506812 0.774287 12
1727116506913 0.133264 15
1727116507012 0.579829 15
1727116507114 0.202892 15
1727116507215 0.109111 15
1727116507316 0.327333 15
1727116507415 0.409254 15
1727116507514 0.6117 15
1727116507613 0.433598 15
1727116507713 0.175766 15
1727116507814 0.375391 15
1727116507913 0.246889 18
1727116508012 0.284171 18
1727116508114 0.337237 18
1727116508214 0.121619 18
1727116508313 0.254128 18
1727116508418 0.190107 18
1727116508519 1.585359 18
1727116508623 0.11723 18
1727116510955 0.2073 0
1727116511058 0.038297 0
1727116511157 0.066346 0
1727116511262 0.095596 0
1727116511364 0.082208 0
1727116511463 0.070691 0
1727116511566 0.117644 0
1727116511666 0.263325 0
1727116511768 0.035676 0
1727116511868 0.160279 0
1727116511973 0.093321 4
1727116512073 0.102801 4
1727116512174 0.207032 4
1727116512282 0.232462 4
1727116512394 0.088024 4
1727116512516 0.081055 4
1727116512619 0.321346 4
1727116512719 0.143737 4
1727116512820 0.079921 4
1727116512929 0.166172 4
1727116513029 0.057209 8
1727116513129 0.04316 8
1727116513236 0.173812 8
1727116513338 0.124124 8
1727116513449 0.190428 8
1727116513567 0.368727 8
1727116513680 0.669558 8
1727116513790 0.851372 8
1727116513897 0.546676 8
1727116513998 1.878913 8
1727116514099 0.255608 12
1727116514200 0.273237 12
1727116514304 0.16875 12
1727116514406 0.349581 12
1727116514523 0.279513 12
1727116514635 0.544222 12
1727116514752 0.054307 12
1727116514861 0.276054 12
1727116514965 0.240525 12
1727116515071 0.123043 12
1727116515174 0.176948 16
1727116515284 0.309799 16
1727116515389 0.19726 16
1727116515491 0.466091 16
1727116515596 0.136751 16
1727116515701 0.221572 16
1727116515804 0.136019 16
1727116515906 0.132268 16
1727116516008 0.131506 16
1727116516111 0.744428 16
1727116516214 0.135066 20
1727116516316 0.510164 20
1727116516417 0.218593 20
1727116516523 0.112853 20
1727116516628 0.407324 20
1727116516729 0.31798 20
1727116516834 0.542596 20
1727116516935 0.404228 20
1727116517038 0.166486 20
1727116517147 0.364713 20
1727116517252 0.256151 24
1727116517355 0.267193 24
1727116517456 0.319628 24
1727116517557 0.109062 24
1727116517657 0.240582 24
1727116517757 0.197947 24
1727116517858 1.379091 24
1727116517965 0.104877 24
