1726810863802 0.0 0
1726810863901 10.0 0
1726810864001 20.0 0
1726810864100 30.0 0
1726810864200 40.0 0
1726810864311 50.0 0
1726810864411 60.0 0
1726810864509 70.0 0
1726810864609 80.0 0
1726810864707 90.0 0
1726810864807 100.0 1
1726810864909 110.0 1
1726810865009 120.0 1
1726810865110 130.0 1
1726810865210 140.0 1
1726810865311 150.0 1
1726810865411 160.0 1
1726810865509 170.0 1
1726810865608 180.0 1
1726810865708 190.0 1
1726810865813 200.0 2
1726810865915 210.0 2
1726810866019 220.0 2
1726810866118 230.0 2
1726810867375 0.0 0
1726810867475 10.0 0
1726810867576 20.0 0
1726810867676 30.0 0
1726810867774 40.0 0
1726810867874 50.0 0
1726810867974 60.0 0
1726810868075 70.0 0
1726810868175 80.0 0
1726810868275 90.0 0
1726810868384 100.0 2
1726810868483 110.0 2
1726810868583 120.0 2
1726810868683 130.0 2
1726810868782 140.0 2
1726810868880 150.0 2
1726810868984 160.0 2
1726810869088 170.0 2
1726810869189 180.0 2
1726810869288 190.0 2
1726810869386 200.0 4
1726810869485 210.0 4
1726810869584 220.0 4
1726810869682 230.0 4
1726810870899 0.0 0
1726810870999 10.0 0
1726810871099 20.0 0
1726810871197 30.0 0
1726810871296 40.0 0
1726810871398 50.0 0
1726810871497 60.0 0
1726810871595 70.0 0
1726810871694 80.0 0
1726810871793 90.0 0
1726810871892 100.0 3
1726810871992 110.0 3
1726810872091 120.0 3
1726810872190 130.0 3
1726810872288 140.0 3
1726810872387 150.0 3
1726810872494 160.0 3
1726810872593 170.0 3
1726810872696 180.0 3
1726810872796 190.0 3
1726810872894 200.0 6
1726810872993 210.0 6
1726810873093 220.0 6
1726810873202 230.0 6
1726810874343 0.0 0
1726810874443 10.0 0
1726810874548 20.0 0
1726810874646 30.0 0
1726810874746 40.0 0
1726810874847 50.0 0
1726810874946 60.0 0
1726810875047 70.0 0
1726810875146 80.0 0
1726810875245 90.0 0
1726810875347 100.0 4
1726810875448 110.0 4
1726810875546 120.0 4
1726810875645 130.0 4
1726810875743 140.0 4
1726810875842 150.0 4
1726810875941 160.0 4
1726810876039 170.0 4
1726810876140 180.0 4
1726810876242 190.0 4
1726810876344 200.0 8
1726810876445 210.0 8
1726810876551 220.0 8
1726810876651 230.0 8
1726810877802 0.0 0
1726810877902 10.0 0
1726810878001 20.0 0
1726810878100 30.0 0
1726810878199 40.0 0
1726810878297 50.0 0
1726810878398 60.0 0
1726810878502 70.0 0
1726810878608 80.0 0
1726810878708 90.0 0
1726810878808 100.0 5
1726810878908 110.0 5
1726810879009 120.0 5
1726810879108 130.0 5
1726810879216 140.0 5
1726810879320 150.0 5
1726810879422 160.0 5
1726810879521 170.0 5
1726810879619 180.0 5
1726810879717 190.0 5
1726810879815 200.0 10
1726810879915 210.0 10
1726810880017 220.0 10
1726810880117 230.0 10
1726810881351 0.0 0
1726810881450 10.0 0
1726810881548 20.0 0
1726810881649 30.0 0
1726810881749 40.0 0
1726810881850 50.0 0
1726810881951 60.0 0
1726810882049 70.0 0
1726810882150 80.0 0
1726810882248 90.0 0
1726810882348 100.0 6
1726810882447 110.0 6
1726810882548 120.0 6
1726810882648 130.0 6
1726810882752 140.0 6
1726810882861 150.0 6
1726810882963 160.0 6
1726810883065 170.0 6
1726810883164 180.0 6
1726810883263 190.0 6
1726810883361 200.0 12
1726810883461 210.0 12
1726810883559 220.0 12
1726810883659 230.0 12
1726810884846 0.0 0
1726810884947 10.0 0
1726810885046 20.0 0
1726810885145 30.0 0
1726810885244 40.0 0
1726810885344 50.0 0
1726810885444 60.0 0
1726810885542 70.0 0
1726810885642 80.0 0
1726810885741 90.0 0
1726810885842 100.0 7
1726810885942 110.0 7
1726810886041 120.0 7
1726810886141 130.0 7
1726810886241 140.0 7
1726810886344 150.0 7
1726810886444 160.0 7
1726810886543 170.0 7
1726810886642 180.0 7
1726810886740 190.0 7
1726810886845 200.0 14
1726810886944 210.0 14
1726810887042 220.0 14
1726810887142 230.0 14
1726810888318 0.0 0
1726810888417 10.0 0
1726810888516 20.0 0
1726810888614 30.0 0
1726810888714 40.0 0
1726810888821 50.0 0
1726810888926 60.0 0
1726810889025 70.0 0
1726810889124 80.0 0
1726810889224 90.0 0
1726810889324 100.0 8
1726810889422 110.0 8
1726810889523 120.0 8
1726810889622 130.0 8
1726810889722 140.0 8
1726810889823 150.0 8
1726810889923 160.0 8
1726810890023 170.0 8
1726810890121 180.0 8
1726810890223 190.0 8
1726810890325 200.0 16
1726810890424 210.0 16
1726810890523 220.0 16
1726810890622 230.0 16
1726810891854 0.0 0
1726810891953 10.0 0
1726810892054 20.0 0
1726810892169 30.0 0
1726810892268 40.0 0
1726810892367 50.0 0
1726810892466 60.0 0
1726810892565 70.0 0
1726810892665 80.0 0
1726810892764 90.0 0
1726810892862 100.0 9
1726810892972 110.0 9
1726810893071 120.0 9
1726810893170 130.0 9
1726810893268 140.0 9
1726810893371 150.0 9
1726810893470 160.0 9
1726810893571 170.0 9
1726810893671 180.0 9
1726810893769 190.0 9
1726810893867 200.0 18
1726810893967 210.0 18
1726810894066 220.0 18
1726810894165 230.0 18
