1726834495932 0.0 0
1726834496060 10.0 0
1726834496187 20.0 0
1726834496315 30.0 0
1726834496442 40.0 0
1726834496570 50.0 0
1726834496697 60.0 0
1726834496824 70.0 0
1726834496989 80.0 0
1726834497117 90.0 0
1726834497246 100.0 1
1726834498042 0.0 0
1726834498169 10.0 0
1726834498297 20.0 0
1726834498424 30.0 0
1726834498552 40.0 0
1726834498681 50.0 0
1726834498810 60.0 0
1726834498937 70.0 0
1726834499069 80.0 0
1726834499197 90.0 0
1726834499324 100.0 2
1726834500125 0.0 0
1726834500252 10.0 0
1726834500379 20.0 0
1726834500505 30.0 0
1726834500633 40.0 0
1726834500761 50.0 0
1726834500890 60.0 0
1726834501018 70.0 0
1726834501145 80.0 0
1726834501272 90.0 0
1726834501399 100.0 3
1726834502212 0.0 0
1726834502341 10.0 0
1726834502468 20.0 0
1726834502596 30.0 0
1726834502724 40.0 0
1726834502852 50.0 0
1726834502979 60.0 0
1726834503106 70.0 0
1726834503234 80.0 0
1726834503361 90.0 0
1726834503492 100.0 4
1726834504295 0.0 0
1726834504422 10.0 0
1726834504550 20.0 0
1726834504677 30.0 0
1726834504805 40.0 0
1726834504935 50.0 0
1726834505067 60.0 0
1726834505195 70.0 0
1726834505322 80.0 0
1726834505450 90.0 0
1726834505576 100.0 5
1726834506379 0.0 0
1726834506507 10.0 0
1726834506634 20.0 0
1726834506760 30.0 0
1726834506890 40.0 0
1726834507017 50.0 0
1726834507146 60.0 0
1726834507275 70.0 0
1726834507403 80.0 0
1726834507530 90.0 0
1726834507657 100.0 6
1726834508462 0.0 0
1726834508590 10.0 0
1726834508717 20.0 0
1726834508845 30.0 0
1726834508973 40.0 0
1726834509100 50.0 0
1726834509229 60.0 0
1726834509357 70.0 0
1726834509484 80.0 0
1726834509612 90.0 0
1726834509742 100.0 7
1726834510544 0.0 0
1726834510672 10.0 0
1726834510799 20.0 0
1726834510927 30.0 0
1726834511056 40.0 0
1726834511184 50.0 0
1726834511311 60.0 0
1726834511439 70.0 0
1726834511566 80.0 0
1726834511694 90.0 0
1726834511822 100.0 8
