1727090794877 0.505118 0
1727090794978 0.629995 0
1727090795076 0.176356 0
1727090795168 0.639915 0
1727090795256 0.414944 0
1727090795346 0.300949 0
1727090795437 0.880482 0
1727090795528 3.475248 0
1727090795617 0.529871 0
1727090795708 1.041771 0
1727090795797 0.591379 1
1727090795887 2.147551 1
1727090795980 1.527468 1
1727090796070 0.227032 1
1727090796163 0.715232 1
1727090796250 0.577013 1
1727090796879 0.998938 0
1727090796981 0.389675 0
1727090797071 0.141494 0
1727090797159 0.598729 0
1727090797247 0.308336 0
1727090797336 0.281642 0
1727090797428 0.610179 0
1727090797521 2.247617 0
1727090797611 0.573965 0
1727090797701 0.782387 0
1727090797788 0.438043 2
1727090797880 1.28848 2
1727090797977 1.179619 2
1727090798066 0.22193 2
1727090798157 0.711762 2
1727090798252 0.411502 2
1727090798886 0.237209 0
1727090798982 0.401551 0
1727090799075 0.145795 0
1727090799164 0.523313 0
1727090799251 0.182546 0
1727090799340 0.139001 0
1727090799434 0.627698 0
1727090799524 1.461539 0
1727090799616 0.616907 0
1727090799705 0.664902 0
1727090799794 0.389504 3
1727090799884 1.051044 3
1727090799976 1.118706 3
1727090800065 0.224106 3
1727090800154 0.746429 3
1727090800246 0.424102 3
1727090800875 0.213815 0
1727090800974 0.43981 0
1727090801074 0.139026 0
1727090801167 0.531756 0
1727090801258 0.228888 0
1727090801349 0.16828 0
1727090801441 0.661565 0
1727090801532 1.365936 0
1727090801624 0.604669 0
1727090801715 0.553724 0
1727090801805 0.358146 4
1727090801900 1.154111 4
1727090801994 1.130483 4
1727090802084 0.224912 4
1727090802173 0.759799 4
1727090802265 0.450046 4
