1727268856390 6.54846 0
1727268856532 9.924145 0
1727268856703 114.177742 0
1727268856871 31.893616 0
1727268857034 70.587273 0
1727268857177 16.880405 0
1727268857323 5.309072 0
1727268857464 5.692653 0
1727268857615 24.72439 0
1727268857768 24.019987 0
1727268857911 5.617109 1
1727268858628 4.55084 0
1727268858775 3.573015 0
1727268858917 48.615166 0
1727268859074 27.493347 0
1727268859225 12.482774 0
1727268859369 4.350799 0
1727268859506 2.75145 0
1727268859644 2.649825 0
1727268859797 5.919137 0
1727268859931 5.55356 0
1727268860059 3.715653 2
1727268860716 4.459873 0
1727268860846 2.708738 0
1727268860987 33.375687 0
1727268861131 34.548653 0
1727268861265 5.120123 0
1727268861399 2.810288 0
1727268861527 1.678569 0
1727268861651 1.570618 0
1727268861790 3.457985 0
1727268861931 2.968667 0
1727268862077 3.026454 3
1727268862748 4.550704 0
1727268862889 2.254944 0
1727268863029 101.808548 0
1727268863164 27.171875 0
1727268863293 4.714262 0
1727268863430 15.831699 0
1727268863554 1.329611 0
1727268863680 1.12822 0
1727268863796 4.103668 0
1727268863919 2.690397 0
1727268864035 3.248342 4
1727268864636 7.168915 0
1727268864772 4.605803 0
1727268864908 33.107841 0
1727268865032 11.311027 0
1727268865172 8.569187 0
1727268865308 6.06859 0
1727268865442 1.448535 0
1727268865570 1.035211 0
1727268865705 4.34162 0
1727268865851 2.221726 0
1727268865982 3.798596 5
1727268866637 10.771869 0
1727268866757 7.350789 0
1727268866886 20.077354 0
1727268867014 10.12105 0
1727268867144 31.443153 0
1727268867274 5.033224 0
1727268867404 1.636926 0
1727268867539 1.035022 0
1727268867668 6.758678 0
1727268867824 2.271467 0
1727268867964 4.145017 6
1727268868638 9.997608 0
1727268868767 20.96821 0
1727268868893 34.33316 0
1727268869024 10.175762 0
1727268869153 8.929376 0
1727268869301 6.109426 0
1727268869434 1.880539 0
1727268869561 1.070611 0
1727268869692 2.95062 0
1727268869852 2.277991 0
1727268870001 4.17006 7
1727268870738 27.37957 0
1727268870883 16.131033 0
1727268871017 20.937992 0
1727268871158 9.964901 0
1727268871303 11.242559 0
1727268871435 8.88267 0
1727268871572 2.08639 0
1727268871704 1.072081 0
1727268871843 9.355217 0
1727268871980 2.432304 0
1727268872114 4.171416 8
1727268872709 17.90535 0
1727268872846 8.957732 0
1727268872980 23.47604 0
1727268873114 8.930803 0
1727268873242 11.385362 0
1727268873366 9.707316 0
1727268873501 1.977818 0
1727268873629 1.067719 0
1727268873755 5.077144 0
1727268873881 2.068854 0
1727268874008 4.379389 9
1727268874615 15.890362 0
1727268874743 10.260567 0
1727268874872 25.075407 0
1727268875001 6.494707 0
1727268875137 32.208328 0
1727268875267 5.985477 0
1727268875387 2.285222 0
1727268875517 1.08979 0
1727268875646 6.629589 0
1727268875771 2.08425 0
1727268875901 4.218149 10
