1726768955661 30.983818 0
1726768955753 0.362595 0
1726768955848 1.154491 0
1726768955945 0.47604 0
1726768956041 0.504192 0
1726768956138 2.660682 0
1726768956237 15.297768 0
1726768956330 8.238033 0
1726768956422 2.238528 0
1726768956513 1.301327 0
1726768956605 0.427627 1
1726768956703 2.510784 1
1726768956795 1.725162 1
1726768956886 0.423933 1
1726768956976 4.952993 1
1726768957073 1.385731 1
1726768957170 5.114129 1
1726768957262 0.285867 1
1726768957352 0.225686 1
1726768957445 1.640883 1
1726768957538 0.447739 2
1726768957631 1.944551 2
1726768957721 0.434653 2
1726768957812 0.339426 2
1726768957904 2.022394 2
1726768957995 8.087823 2
1726768958085 0.452216 2
1726768958182 0.762155 2
1726768958275 0.345378 2
1726768958366 0.384394 2
1726768958461 0.218951 3
1726768958554 0.340387 3
1726768958646 0.64878 3
1726768958739 2.282289 3
1726768958837 1.200844 3
1726768958933 2.867514 3
1726768959028 3.356452 3
1726768959122 0.472586 3
1726768959216 2.86747 3
1726768959311 1.33913 3
1726768959405 1.13777 4
1726768959498 0.818639 4
1726768959593 0.841181 4
1726768959689 0.470177 4
1726768959781 0.480201 4
1726768959874 1.965472 4
1726768959970 2.778519 4
1726768960065 1.414045 4
1726768960161 145.932861 4
1726768960262 8.496384 4
1726768960357 0.551033 5
1726768960451 3.182493 5
1726768960544 4.112882 5
1726768960639 4.342298 5
1726768960734 0.596029 5
1726768960830 0.836544 5
1726768960922 0.393809 5
1726768961017 5.679307 5
1726768961112 0.591076 5
1726768961207 0.779137 5
1726768961300 0.558926 6
1726768961393 0.47277 6
1726768961486 1.50545 6
1726768961576 0.458158 6
1726768961672 0.344999 6
1726768961763 2.179411 6
1726768961859 4.030294 6
1726768961951 1.225232 6
1726768962047 1.263809 6
1726768962140 1.022068 6
1726768962235 0.498358 7
1726768962337 1.924882 7
1726768962428 1.296794 7
1726768962519 2.759253 7
1726768962611 0.580532 7
1726768962703 1.432204 7
1726768962795 5.699615 7
1726768962889 1.475786 7
1726768962982 1.574791 7
1726768963078 0.558225 7
1726768963169 1.284231 8
1726768963262 1.237826 8
1726768963355 2.642633 8
1726768963449 1.189408 8
1726768963546 0.741471 8
1726768963648 0.516092 8
1726768963741 0.931756 8
1726768967500 1.377936 0
1726768967598 0.213325 0
1726768967695 0.52313 0
1726768967789 0.553876 0
1726768967882 0.648357 0
1726768967977 0.86221 0
1726768968071 5.318225 0
1726768968207 2.823216 0
1726768968334 0.98074 0
1726768968436 1.196332 0
1726768968544 0.497552 2
1726768968642 2.741505 2
1726768968734 0.496084 2
1726768968825 0.371683 2
1726768968916 2.176381 2
1726768969011 1.270621 2
1726768969105 11.814883 2
1726768969197 0.359467 2
1726768969303 0.231021 2
1726768969395 3.973234 2
1726768969486 0.384369 4
1726768969580 2.323746 4
1726768969672 0.466021 4
1726768969764 0.281042 4
1726768969855 2.802845 4
1726768969947 0.883294 4
1726768970039 0.533563 4
1726768970132 1.491375 4
1726768970226 0.375514 4
1726768970317 0.295818 4
1726768970411 0.213434 6
1726768970511 0.339948 6
1726768970605 0.945162 6
1726768970697 2.354908 6
1726768970797 1.790867 6
1726768970888 1.455782 6
1726768970982 12.087326 6
1726768971075 0.545747 6
1726768971167 1.450757 6
1726768971261 1.290029 6
1726768971352 2.782051 8
1726768971443 0.384951 8
1726768971541 0.921095 8
1726768971635 0.521083 8
1726768971728 0.344621 8
1726768971824 10.506021 8
1726768971917 1.145099 8
1726768972008 1.540881 8
1726768972109 9.774084 8
1726768972199 7.072122 8
1726768972289 0.502606 10
1726768972377 2.033576 10
1726768972466 13.266793 10
1726768972562 4.138076 10
1726768972650 7.544672 10
1726768972739 1.635095 10
1726768972827 0.573875 10
1726768972916 1.531337 10
1726768973010 0.730702 10
1726768973105 1.37881 10
1726768973197 0.493222 12
1726768973288 0.463722 12
1726768973377 1.332796 12
1726768973467 0.387393 12
1726768973558 0.373617 12
1726768973647 4.661531 12
1726768973735 4.338904 12
1726768973824 1.124116 12
1726768973912 1.383337 12
1726768974002 2.866606 12
1726768974096 0.439837 14
1726768974184 2.810529 14
1726768974273 1.035145 14
1726768974364 3.359288 14
1726768974454 0.735765 14
1726768974553 1.999404 14
1726768974644 4.262832 14
1726768974733 0.827886 14
1726768974822 2.0609 14
1726768974912 0.562174 14
1726768975003 1.05986 16
1726768975093 0.914491 16
1726768975182 6.359679 16
1726768975270 1.393444 16
1726768975358 0.75412 16
1726768975445 0.562875 16
1726768975538 0.848432 16
1726768979137 4.314663 0
1726768979227 0.233522 0
1726768979315 0.357356 0
1726768979403 0.600957 0
1726768979492 0.796932 0
1726768979581 0.767327 0
1726768979670 2.280375 0
1726768979759 4.796793 0
1726768979848 0.9452 0
1726768979936 1.175237 0
1726768980026 0.552397 3
1726768980115 1.025324 3
1726768980209 0.520192 3
1726768980299 0.36986 3
1726768980388 2.197215 3
1726768980481 4.62469 3
1726768980575 2.189062 3
1726768980671 0.348415 3
1726768980761 0.219752 3
1726768980850 1.005096 3
1726768980939 0.395775 6
1726768981029 2.36398 6
1726768981119 0.490871 6
1726768981208 0.287897 6
1726768981298 5.25989 6
1726768981386 0.681771 6
1726768981474 0.570068 6
1726768981563 0.754498 6
1726768981654 0.360252 6
1726768981744 0.328687 6
1726768981833 0.220428 9
1726768981923 0.350745 9
1726768982012 0.823949 9
1726768982104 1.516548 9
1726768982192 1.614982 9
1726768982281 1.566975 9
1726768982371 3.15365 9
1726768982458 0.638457 9
1726768982547 1.373373 9
1726768982634 1.805974 9
1726768982731 2.164482 12
1726768982819 0.371839 12
1726768982911 0.96151 12
1726768983002 0.652556 12
1726768983093 0.334867 12
1726768983182 1.60753 12
1726768983270 1.229818 12
1726768983358 1.466067 12
1726768983447 17.265478 12
1726768983535 8.412781 12
1726768983624 0.462711 15
1726768983716 2.148375 15
1726768983807 3.292685 15
1726768983896 4.844801 15
1726768983984 1.388545 15
1726768984074 1.466619 15
1726768984162 0.534726 15
1726768984249 1.786286 15
1726768984339 0.846502 15
1726768984429 0.638718 15
1726768984516 0.512303 18
1726768984604 0.455145 18
1726768984691 1.703949 18
1726768984790 0.399221 18
1726768984880 0.38746 18
1726768984968 14.443811 18
1726768985060 4.861786 18
1726768985150 2.080516 18
1726768985241 1.494116 18
1726768985330 1.688261 18
1726768985421 0.403931 21
1726768985509 1.966952 21
1726768985597 1.020425 21
1726768985684 3.83939 21
1726768985773 0.480539 21
1726768985861 1.319064 21
1726768985950 10.637878 21
1726768986038 0.719483 21
1726768986125 6.754424 21
1726768986213 0.653758 21
1726768986303 1.247774 24
1726768986391 0.801192 24
1726768986480 2.975955 24
1726768986570 1.245475 24
1726768986660 0.744131 24
1726768986753 0.599273 24
1726768986854 0.85374 24
1726768990420 16.932093 0
1726768990511 0.238019 0
1726768990599 0.328343 0
1726768990688 0.680735 0
1726768990776 1.657255 0
1726768990865 0.646114 0
1726768990962 9.116247 0
1726768991052 2.133035 0
1726768991142 1.036876 0
1726768991233 1.385911 0
1726768991324 0.609752 4
1726768991414 0.884315 4
1726768991512 0.503041 4
1726768991604 0.406583 4
1726768991695 1.565206 4
1726768991785 1.956723 4
1726768991873 2.028727 4
1726768991962 0.394085 4
1726768992052 0.198983 4
1726768992142 1.440763 4
1726768992230 0.407727 8
1726768992323 3.963311 8
1726768992415 0.459318 8
1726768992505 0.279195 8
1726768992595 2.050672 8
1726768992683 0.782754 8
1726768992771 0.602611 8
1726768992859 0.952815 8
1726768992956 0.374088 8
1726768993048 0.30564 8
1726768993138 0.211182 12
1726768993231 0.331801 12
1726768993322 1.704492 12
1726768993412 4.794374 12
1726768993502 1.851553 12
1726768993592 1.561732 12
1726768993681 2.682685 12
1726768993770 0.778024 12
1726768993858 1.665576 12
1726768993947 1.331928 12
1726768994035 1.685987 16
1726768994124 0.352442 16
1726768994214 1.033153 16
1726768994307 0.710867 16
1726768994399 0.302029 16
1726768994490 3.270617 16
1726768994578 1.235515 16
1726768994666 1.481635 16
1726768994755 7.888274 16
1726768994844 5.435435 16
1726768994932 0.497321 20
1726768995033 3.452934 20
1726768995125 5.170938 20
1726768995214 5.806284 20
1726768995303 0.7328 20
1726768995391 1.212191 20
1726768995480 0.466764 20
1726768995568 2.683841 20
1726768995657 0.94182 20
1726768995745 2.158584 20
1726768995834 0.419479 24
1726768995924 0.468273 24
1726768996015 3.073208 24
1726768996105 0.286959 24
1726768996194 0.459987 24
1726768996282 3.496099 24
1726768996370 24.180796 24
1726768996458 1.631205 24
1726768996546 1.246025 24
1726768996634 1.015572 24
1726768996722 0.370141 28
1726768996813 49.830898 28
1726768996905 1.230024 28
1726768996996 4.086795 28
1726768997092 0.52555 28
1726768997180 1.197383 28
1726768997270 4.838174 28
1726768997361 1.003656 28
1726768997450 0.967643 28
1726768997541 0.621789 28
1726768997632 1.182251 32
1726768997721 0.805888 32
1726768997810 4.708578 32
1726768997898 1.357958 32
1726768997988 0.755369 32
1726768998075 0.628954 32
1726768998164 0.978126 32
1726769001743 7.2967 0
1726769001838 0.261107 0
1726769001927 0.361688 0
1726769002016 0.629933 0
1726769002104 0.485139 0
1726769002194 0.569748 0
1726769002285 3.837442 0
1726769002374 2.336765 0
1726769002463 0.987374 0
1726769002559 1.305376 0
1726769002651 0.711352 5
1726769002740 0.744067 5
1726769002833 0.483926 5
1726769002922 0.350724 5
1726769003012 1.247518 5
1726769003100 0.929445 5
1726769003197 5.150209 5
1726769003285 0.38408 5
1726769003373 0.202272 5
1726769003461 1.433035 5
1726769003550 0.467477 10
1726769003638 2.591984 10
1726769003725 0.462402 10
1726769003814 0.303331 10
1726769003901 2.134567 10
1726769003992 0.775713 10
1726769004099 0.533967 10
1726769004190 0.634613 10
1726769004281 0.371789 10
1726769004368 0.350162 10
1726769004458 0.236817 15
1726769004549 0.334491 15
1726769004637 1.07953 15
1726769004725 1.828565 15
1726769004813 6.109157 15
1726769004904 1.587312 15
1726769004994 3.456543 15
1726769005084 0.827649 15
1726769005171 1.705811 15
1726769005267 1.181082 15
1726769005357 0.947381 20
1726769005448 0.418202 20
1726769005539 0.936737 20
1726769005629 0.705704 20
1726769005717 0.325439 20
1726769005806 116.707054 20
1726769005895 1.190865 20
1726769005983 2.585291 20
1726769006076 6.232572 20
1726769006166 2.768807 20
1726769006255 0.474582 25
1726769006344 2.326209 25
1726769006432 5.422003 25
1726769006520 28.107704 25
1726769006609 2.312215 25
1726769006698 1.020799 25
1726769006786 0.494787 25
1726769006874 5.811326 25
1726769006965 0.846331 25
1726769007058 8.22718 25
1726769007148 0.426843 30
1726769007239 0.473489 30
1726769007332 1.660447 30
1726769007422 0.275995 30
1726769007514 0.496232 30
1726769007605 1.626232 30
1726769007694 5.357073 30
1726769007783 1.444667 30
1726769007873 2.350229 30
1726769007961 1.898961 30
1726769008053 0.358094 35
1726769008147 3.632829 35
1726769008238 7.66338 35
1726769008327 2.00152 35
1726769008415 0.477785 35
1726769008504 1.243646 35
1726769008591 15.192951 35
1726769008682 0.743942 35
1726769008771 0.797561 35
1726769008859 0.52063 35
1726769008947 1.379215 40
1726769009035 0.785336 40
1726769009123 17.863733 40
1726769009211 1.591883 40
1726769009304 0.712005 40
1726769009392 1.541554 40
1726769009480 0.794742 40
1726769012915 1.889338 0
1726769013018 0.321849 0
1726769013106 0.285911 0
1726769013195 0.95123 0
1726769013283 0.460391 0
1726769013372 0.621638 0
1726769013464 5.73271 0
1726769013555 2.503338 0
1726769013648 0.966369 0
1726769013736 1.484118 0
1726769013826 4.585166 6
1726769013913 0.668916 6
1726769014007 0.471122 6
1726769014101 0.332862 6
1726769014191 1.876288 6
1726769014280 1.127388 6
1726769014368 8.790018 6
1726769014458 0.432411 6
1726769014548 0.189823 6
1726769014638 2.529024 6
1726769014725 0.617604 12
1726769014812 9.358006 12
1726769014901 0.475817 12
1726769014989 0.282872 12
1726769015077 2.099134 12
1726769015167 0.773776 12
1726769015256 0.505618 12
1726769015347 0.630195 12
1726769015442 0.362241 12
1726769015534 0.323664 12
1726769015624 0.216651 18
1726769015718 0.338676 18
1726769015809 1.112238 18
1726769015900 2.615104 18
1726769015990 27.865112 18
1726769016084 1.682325 18
1726769016174 2.220041 18
1726769016264 3.06849 18
1726769016353 1.769086 18
1726769016442 1.338591 18
1726769016530 4.989841 24
1726769016619 0.439428 24
1726769016711 1.107567 24
1726769016802 1.043471 24
1726769016892 0.332958 24
1726769016982 2.167128 24
1726769017071 1.175863 24
1726769017161 1.889559 24
1726769017248 9.567009 24
1726769017336 2.531978 24
1726769017423 0.52285 30
1726769017520 2.243012 30
1726769017609 31.432827 30
1726769017699 5.594809 30
1726769017789 3.521983 30
1726769017879 0.967227 30
1726769017970 0.527721 30
1726769018058 6.636874 30
1726769018147 0.76947 30
1726769018236 1.047583 30
1726769018324 0.428134 36
1726769018414 0.449239 36
1726769018503 1.835686 36
1726769018591 0.259509 36
1726769018679 0.456496 36
1726769018766 2.72673 36
1726769018857 9.74175 36
1726769018949 3.316268 36
1726769019038 1.598623 36
1726769019127 1.963958 36
1726769019218 0.325835 42
1726769019307 1.936368 42
1726769019397 2.083453 42
1726769019486 6.433749 42
1726769019583 0.441858 42
1726769019676 2.186524 42
1726769019768 8.600706 42
1726769019856 2.198639 42
1726769019946 0.958198 42
1726769020037 0.538436 42
1726769020125 1.064415 48
1726769020213 0.804809 48
1726769020302 7.163311 48
1726769020391 1.594728 48
1726769020479 0.810167 48
1726769020567 0.944905 48
1726769020655 0.746386 48
1726769024323 2.864536 0
1726769024417 0.239952 0
1726769024505 0.333318 0
1726769024593 1.040517 0
1726769024682 0.532835 0
1726769024770 0.565958 0
1726769024858 1.701228 0
1726769024947 2.421674 0
1726769025037 1.036576 0
1726769025128 71.814003 0
1726769025217 3.179108 7
1726769025306 0.649247 7
1726769025400 0.454147 7
1726769025490 0.312595 7
1726769025579 1.444683 7
1726769025671 15.719936 7
1726769025763 2.193476 7
1726769025855 0.414469 7
1726769025946 0.208709 7
1726769026036 1.243589 7
1726769026125 1.695442 14
1726769026213 3.742052 14
1726769026301 0.462686 14
1726769026392 0.287408 14
1726769026490 2.961018 14
1726769026579 0.609722 14
1726769026668 0.574115 14
1726769026757 0.607183 14
1726769026845 0.37183 14
1726769026934 0.33789 14
1726769027024 0.220655 21
1726769027113 0.341135 21
1726769027201 0.899274 21
1726769027289 2.384025 21
1726769027377 6.299755 21
1726769027464 2.00167 21
1726769027552 37.178562 21
1726769027641 1.151466 21
1726769027737 1.429983 21
1726769027826 1.600046 21
1726769027917 1.187602 28
1726769028009 0.41302 28
1726769028101 1.325842 28
1726769028189 0.688478 28
1726769028280 0.353057 28
1726769028371 2.404147 28
1726769028459 5.006802 28
1726769028548 2.350111 28
1726769028637 8.816003 28
1726769028724 2.962694 28
1726769028811 0.459897 35
1726769028901 4.515015 35
1726769028989 5.077351 35
1726769029080 2.584857 35
1726769029170 0.875077 35
1726769029259 0.74261 35
1726769029351 0.452416 35
1726769029439 2.567903 35
1726769029536 0.82118 35
1726769029626 1.204802 35
1726769029716 0.42488 42
1726769029815 0.475838 42
1726769029905 1.717643 42
1726769029993 0.255826 42
1726769030090 0.466508 42
1726769030180 2.746858 42
1726769030269 10.626285 42
1726769030357 1.378023 42
1726769030449 1.179497 42
1726769030541 1.364864 42
1726769030631 0.346059 49
1726769030720 3.740374 49
1726769030812 2.040294 49
1726769030902 3.586942 49
1726769030994 0.427408 49
1726769031084 1.916973 49
1726769031173 106.867149 49
1726769031261 2.420637 49
1726769031350 1.73124 49
1726769031442 0.671078 49
1726769031532 1.110359 56
1726769031622 0.789388 56
1726769031711 13.503652 56
1726769031804 1.557038 56
1726769031897 0.838301 56
1726769031987 0.470133 56
1726769032078 0.822783 56
1726769035656 3.407997 0
1726769035756 0.275325 0
1726769035845 0.281879 0
1726769035944 1.242977 0
1726769036048 0.72182 0
1726769036141 0.574952 0
1726769036231 4.789547 0
1726769036321 2.982831 0
1726769036413 0.976827 0
1726769036506 3.112676 0
1726769036596 1.187435 8
1726769036688 0.623403 8
1726769036778 0.429384 8
1726769036866 0.336185 8
1726769036955 1.962791 8
1726769037046 1.501862 8
1726769037133 1.321096 8
1726769037221 0.37614 8
1726769037311 0.21359 8
1726769037402 1.039188 8
1726769037492 0.465794 16
1726769037581 2.311181 16
1726769037670 0.455664 16
1726769037759 0.268933 16
1726769037850 10.21074 16
1726769037944 0.631991 16
1726769038035 0.506103 16
1726769038124 0.554582 16
1726769038212 0.369039 16
1726769038300 0.362867 16
1726769038388 0.228493 24
1726769038477 0.342502 24
1726769038565 0.645914 24
1726769038656 5.126784 24
1726769038747 16.535992 24
1726769038835 1.716463 24
1726769038923 4.158934 24
1726769039012 1.352082 24
1726769039101 1.191595 24
1726769039190 1.240687 24
1726769039279 1.353514 32
1726769039369 0.462665 32
1726769039461 0.840244 32
1726769039550 0.759986 32
1726769039639 0.345024 32
1726769039727 1.226691 32
1726769039815 1.334889 32
1726769039906 1.472136 32
1726769040003 6.753477 32
1726769040096 11.495254 32
1726769040185 0.505914 40
1726769040273 2.935698 40
1726769040361 7.116025 40
1726769040450 4.071465 40
1726769040537 2.362905 40
1726769040624 0.522162 40
1726769040717 0.496796 40
1726769040805 2.394535 40
1726769040893 0.696965 40
1726769040982 0.830261 40
1726769041070 0.464067 48
1726769041158 0.47863 48
1726769041245 3.8337 48
1726769041333 0.26359 48
1726769041422 0.69373 48
1726769041511 3.876506 48
1726769041598 6.657043 48
1726769041687 2.480928 48
1726769041778 1.485562 48
1726769041867 1.570954 48
1726769041955 0.343167 56
1726769042048 2.121876 56
1726769042140 1.71112 56
1726769042230 4.613319 56
1726769042318 0.460034 56
1726769042406 2.172853 56
1726769042495 6.010624 56
1726769042584 2.091124 56
1726769042673 0.889141 56
1726769042765 0.523865 56
1726769042861 1.118137 64
1726769042949 0.94498 64
1726769043039 4.378582 64
1726769043128 1.758904 64
1726769043217 0.878877 64
1726769043306 0.509444 64
1726769043396 0.903617 64
1726769047009 6.884264 0
1726769047110 0.271256 0
1726769047200 0.267888 0
1726769047290 0.866857 0
1726769047379 0.848986 0
1726769047468 0.538648 0
1726769047558 4.276841 0
1726769047651 7.796376 0
1726769047741 0.792804 0
1726769047830 2.630995 0
1726769047920 0.802148 9
1726769048010 0.677477 9
1726769048111 0.269542 9
1726769048211 0.385131 9
1726769048304 1.342883 9
1726769048396 1.384856 9
1726769048486 1.769333 9
1726769048577 0.416566 9
1726769048667 0.241838 9
1726769048755 0.809615 9
1726769048844 0.691909 18
1726769048932 1.832633 18
1726769049022 0.427869 18
1726769049110 0.283378 18
1726769049200 3.629703 18
1726769049292 0.495695 18
1726769049383 0.511654 18
1726769049472 0.4901 18
1726769049560 0.395804 18
1726769049648 0.333808 18
1726769049737 0.211087 27
1726769049825 0.342319 27
1726769049914 0.729783 27
1726769050003 3.176817 27
1726769050091 6.497873 27
1726769050183 1.849175 27
1726769050285 13.410595 27
1726769050375 1.461812 27
1726769050466 1.281973 27
1726769050554 2.160429 27
1726769050645 3.724332 36
1726769050735 0.361799 36
1726769050823 1.177218 36
1726769050912 0.637727 36
1726769051001 0.359496 36
1726769051091 2.381895 36
1726769051190 1.209572 36
1726769051282 1.311071 36
1726769051372 34.597305 36
1726769051459 5.265601 36
1726769051548 0.515034 45
1726769051636 2.885923 45
1726769051724 8.07729 45
1726769051813 7.582211 45
1726769051901 3.307673 45
1726769051989 0.493012 45
1726769052078 0.408911 45
1726769052165 2.370362 45
1726769052258 0.556586 45
1726769052351 0.82231 45
1726769052440 0.505782 54
1726769052528 0.531354 54
1726769052616 1.643575 54
1726769052707 0.25476 54
1726769052798 0.419416 54
1726769052887 2.08297 54
1726769052975 74.117783 54
1726769053065 1.440461 54
1726769053154 1.854148 54
1726769053241 2.951246 54
1726769053330 0.327142 63
1726769053420 2.336121 63
1726769053508 3.192272 63
1726769053597 1.918424 63
1726769053686 0.482767 63
1726769053774 115.487091 63
1726769053861 12.918386 63
1726769053950 4.222959 63
1726769054038 2.575931 63
1726769054126 0.413314 63
1726769054214 3.206741 72
1726769054306 0.735159 72
1726769054398 3.553863 72
1726769054487 1.806736 72
1726769054575 1.13726 72
1726769054664 0.546666 72
1726769054751 1.111661 72
1726769058328 2.451125 0
1726769058427 0.207373 0
1726769058517 0.2662 0
1726769058608 0.830137 0
1726769058698 0.484657 0
1726769058786 0.632641 0
1726769058874 1.743735 0
1726769058963 2.771781 0
1726769059056 1.860077 0
1726769059150 1.60494 0
1726769059240 1.040325 10
1726769059331 0.67217 10
1726769059424 0.301367 10
1726769059514 0.386677 10
1726769059602 85.881874 10
1726769059692 1.189752 10
1726769059780 3.40151 10
1726769059867 0.392913 10
1726769059955 0.232089 10
1726769060052 1.319874 10
1726769060149 0.59937 20
1726769060238 5.59749 20
1726769060327 0.470017 20
1726769060415 0.285698 20
1726769060513 2.78687 20
1726769060602 0.490986 20
1726769060692 0.535789 20
1726769060779 0.49293 20
1726769060867 0.367492 20
1726769060955 0.365047 20
1726769061047 0.237514 30
1726769061136 0.345292 30
1726769061224 0.63005 30
1726769061313 4.43255 30
1726769061401 2.239474 30
1726769061490 1.657921 30
1726769061580 4.317698 30
1726769061668 2.554746 30
1726769061755 1.108445 30
1726769061844 1.043413 30
1726769061932 1.010579 40
1726769062022 0.368882 40
1726769062111 0.852208 40
1726769062203 0.640112 40
1726769062292 0.309467 40
1726769062381 1.186082 40
1726769062474 1.360981 40
1726769062566 1.358472 40
1726769062659 15.617968 40
1726769062750 8.466913 40
1726769062841 0.575053 50
1726769062931 2.295648 50
1726769063020 3.402877 50
1726769063110 2.213688 50
1726769063199 2.730026 50
1726769063289 0.439577 50
1726769063377 0.409355 50
1726769063465 16.424604 50
1726769063559 0.539062 50
1726769063652 0.479343 50
1726769063742 0.494622 60
1726769063831 0.518097 60
1726769063920 1.616079 60
1726769064009 0.233239 60
1726769064098 0.46423 60
1726769064189 1.991822 60
1726769064276 7.875173 60
1726769064365 1.27666 60
1726769064455 1.313784 60
1726769064553 4.172524 60
1726769064644 0.322697 70
1726769064742 1.821507 70
1726769064836 4.366667 70
1726769064927 2.965194 70
1726769065016 0.481258 70
1726769065107 1.586957 70
1726769065197 4.036636 70
1726769065285 12.945303 70
1726769065373 0.999662 70
1726769065462 0.409621 70
1726769065549 1.717558 80
1726769065639 0.753081 80
1726769065732 2.257103 80
1726769065820 1.904852 80
1726769065909 1.172843 80
1726769066001 0.50693 80
1726769066106 1.183346 80
