1727127179041 13.155001 0
1727127179173 0.5981 0
1727127179305 0.251308 0
1727127179437 1.182949 0
1727127179567 1.555039 0
1727127179702 0.319686 0
1727127179833 0.384797 0
1727127179964 0.6284 0
1727127180097 34.209038 0
1727127180227 0.498802 0
1727127180360 0.500243 1
1727127180491 1.835571 1
1727127180622 0.416352 1
1727127180753 3.786971 1
1727127180885 0.367737 1
1727127181016 0.146305 1
1727127181146 0.158778 1
1727127181278 0.189155 1
1727127181409 0.155765 1
1727127181539 0.258598 1
1727127181671 0.74865 2
1727127181801 1.618612 2
1727127181933 0.832271 2
1727127182063 0.408798 2
1727127182194 16.50659 2
1727127182325 1.514713 2
1727127182456 4.073065 2
1727127182587 0.393682 2
1727127182717 5.203777 2
1727127182848 2.510593 2
1727127182977 3.35163 3
1727127183108 1.79038 3
1727127183240 0.647423 3
1727127183371 1.627974 3
1727127183502 7.980875 3
1727127183634 14.120126 3
1727127183769 1.279498 3
1727127183901 1.10904 3
1727127184034 3.23034 3
1727127184166 4.318888 3
1727127184297 0.367098 4
1727127184429 2.461947 4
1727127184560 0.346035 4
1727127186484 0.864007 0
1727127186607 0.376315 0
1727127186738 0.218504 0
1727127186870 0.350632 0
1727127187003 142.78363 0
1727127187134 0.574305 0
1727127187265 0.465443 0
1727127187397 0.652903 0
1727127187528 4.991638 0
1727127187659 0.518935 0
1727127187792 0.324387 2
1727127187924 2.033937 2
1727127188054 0.315522 2
1727127188186 0.2373 2
1727127188317 0.228009 2
1727127188449 0.317283 2
1727127188580 0.137367 2
1727127188712 0.173961 2
1727127188843 0.154596 2
1727127188974 0.183515 2
1727127189105 0.651221 4
1727127189236 0.972021 4
1727127189368 1.848171 4
1727127189500 0.575068 4
1727127189630 9.980589 4
1727127189762 1.122113 4
1727127189896 5.149013 4
1727127190028 0.421167 4
1727127190159 0.348232 4
1727127190289 0.768505 4
1727127190420 2.814608 6
1727127190551 2.501285 6
1727127190683 2.629426 6
1727127190814 0.94056 6
1727127190948 3.562767 6
1727127191079 5.340649 6
1727127191210 1.271702 6
1727127191344 1.801982 6
1727127191474 6.31266 6
1727127191606 4.121926 6
1727127191739 0.400067 8
1727127191874 1.691031 8
1727127192006 0.240425 8
1727127194821 0.806525 0
1727127194947 0.689534 0
1727127195078 0.275587 0
1727127195209 0.357829 0
1727127195341 5.616552 0
1727127195474 0.889858 0
1727127195606 0.551004 0
1727127195738 0.477991 0
1727127195877 5.579327 0
1727127196009 0.352997 0
1727127196141 0.454666 3
1727127196272 1.904082 3
1727127196403 0.419119 3
1727127196534 0.293174 3
1727127196665 0.168443 3
1727127196795 0.242709 3
1727127196926 0.141225 3
1727127197057 0.166642 3
1727127197189 0.176198 3
1727127197321 0.193678 3
1727127197454 0.947779 6
1727127197587 1.870765 6
1727127197718 1.601881 6
1727127197851 0.23593 6
1727127197983 6.508465 6
1727127198116 1.313528 6
1727127198247 3.847428 6
1727127198380 0.523995 6
1727127198512 0.560766 6
1727127198642 2.423947 6
1727127198774 1.086855 9
1727127198905 1.117142 9
1727127199037 0.902757 9
1727127199167 2.962003 9
1727127199297 2.899915 9
1727127199429 1.254874 9
1727127199560 0.915475 9
1727127199691 1.074501 9
1727127199822 4.738944 9
1727127199954 18.695593 9
1727127200085 0.376622 12
1727127200217 2.574825 12
1727127200348 0.408456 12
1727127202444 0.724924 0
1727127202570 0.317424 0
1727127202702 0.262056 0
1727127202834 0.421611 0
1727127202965 2.150363 0
1727127203096 1.088157 0
1727127203203 1.195575 0
1727127203314 0.5415 0
1727127203445 3.705132 0
1727127203578 0.376945 0
1727127203712 0.383495 4
1727127203843 3.085638 4
1727127203975 0.317223 4
1727127204106 0.221687 4
1727127204238 0.221708 4
1727127204369 0.311173 4
1727127204502 0.12085 4
1727127204634 0.172542 4
1727127204765 0.140063 4
1727127204898 0.168239 4
1727127205030 0.614223 8
1727127205162 1.010343 8
1727127205293 1.251899 8
1727127205426 0.374484 8
1727127205557 8.862301 8
1727127205690 1.765929 8
1727127205820 4.716387 8
1727127205953 0.355752 8
1727127206086 0.389746 8
1727127206218 0.90154 8
1727127206349 9.148162 12
1727127206481 1.136103 12
1727127206612 6.894753 12
1727127206744 0.926503 12
1727127206876 5.79024 12
1727127207007 4.700786 12
1727127207138 1.086532 12
1727127207270 1.796629 12
1727127207402 1.857239 12
1727127207533 6.686669 12
1727127207667 0.361048 16
1727127207799 1.760584 16
1727127207931 0.293137 16
1727127209836 0.692386 0
1727127209961 0.472758 0
1727127210092 0.274133 0
1727127210223 0.378056 0
1727127210353 4.088687 0
1727127210485 4.543315 0
1727127210616 0.600207 0
1727127210750 0.531548 0
1727127210884 6.53784 0
1727127211015 0.543962 0
1727127211146 0.377557 5
1727127211254 1.959585 5
1727127211365 0.279572 5
1727127211492 0.186745 5
1727127211624 0.20119 5
1727127211757 0.239551 5
1727127211891 0.133441 5
1727127212023 0.175201 5
1727127212156 0.219838 5
1727127212287 0.164902 5
1727127212420 0.749119 10
1727127212551 1.256066 10
1727127212683 3.83182 10
1727127212816 0.274278 10
1727127212947 11.505342 10
1727127213079 1.834588 10
1727127213210 5.105927 10
1727127213342 0.387837 10
1727127213473 0.386813 10
1727127213604 0.713555 10
1727127213735 9.862894 15
1727127213869 0.975498 15
1727127214000 4.267583 15
1727127214132 2.516398 15
1727127214264 5.02002 15
1727127214395 2.600533 15
1727127214527 0.928862 15
1727127214659 0.957448 15
1727127214791 4.022376 15
1727127214921 9.654597 15
1727127215053 0.437424 20
1727127215186 3.387205 20
1727127215317 0.392752 20
