1726767105620 0.0 0
1726767105726 10.0 0
1726767105831 20.0 0
1726767105936 30.0 0
1726767106041 40.0 0
1726767106160 50.0 0
1726767106265 60.0 0
1726767106369 70.0 0
1726767106862 0.0 0
1726767106968 10.0 0
1726767107070 20.0 0
1726767107174 30.0 0
1726767107281 40.0 0
1726767107384 50.0 0
1726767107485 60.0 0
1726767107590 70.0 0
1726767108077 0.0 0
1726767108182 10.0 0
1726767108284 20.0 0
1726767108387 30.0 0
1726767108493 40.0 0
1726767108595 50.0 0
1726767108699 60.0 0
1726767108805 70.0 0
1726767109246 0.0 0
1726767109362 10.0 0
1726767109466 20.0 0
1726767109579 30.0 0
1726767109682 40.0 0
1726767109784 50.0 0
1726767109888 60.0 0
1726767109995 70.0 0
1726767110440 0.0 0
1726767110555 10.0 0
1726767110660 20.0 0
1726767110766 30.0 0
1726767110872 40.0 0
1726767110973 50.0 0
1726767111078 60.0 0
1726767111184 70.0 0
1726767111712 0.0 0
1726767111827 10.0 0
1726767111931 20.0 0
1726767112034 30.0 0
1726767112136 40.0 0
1726767112240 50.0 0
1726767112341 60.0 0
1726767112445 70.0 0
1726767112896 0.0 0
1726767113010 10.0 0
1726767113113 20.0 0
1726767113215 30.0 0
1726767113319 40.0 0
1726767113429 50.0 0
1726767113536 60.0 0
1726767113639 70.0 0
1726767114098 0.0 0
1726767114212 10.0 0
1726767114315 20.0 0
1726767114419 30.0 0
1726767114523 40.0 0
1726767114629 50.0 0
1726767114730 60.0 0
1726767114834 70.0 0
1726767115241 0.0 0
1726767115352 10.0 0
1726767115462 20.0 0
1726767115565 30.0 0
1726767115668 40.0 0
1726767115775 50.0 0
1726767115877 60.0 0
1726767115980 70.0 0
1726767116478 0.0 0
1726767116584 10.0 0
1726767116689 20.0 0
1726767116793 30.0 0
1726767116899 40.0 0
1726767117006 50.0 0
1726767117111 60.0 0
1726767117212 70.0 0
