1726820464656 66.804413 0
1726820464787 2.527061 0
1726820464907 0.59167 0
1726820465027 3.021639 0
1726820465150 1.338802 0
1726820465275 11.746261 0
1726820465405 1.508008 0
1726820465534 12.840149 0
1726820465661 8.509546 0
1726820465787 5.027299 0
1726820465916 1.867057 1
1726820466043 2.835358 1
1726820466168 0.894919 1
1726820466292 0.716866 1
1726820466415 0.866518 1
1726820466538 0.484904 1
1726820466660 3.022653 1
1726820466786 7.384103 1
1726820466918 3.44758 1
1726820467049 2.652014 1
1726820467176 1.851745 2
1726820467298 2.621477 2
1726820467416 1.981218 2
1726820467533 3.996601 2
1726820467660 1.078742 2
1726820467802 4.768655 2
1726820467941 8.049994 2
1726820468071 0.75567 2
1726820468190 34.909264 2
1726820468312 1.061448 2
1726820468427 2.266467 3
1726820468548 1.294583 3
1726820468677 3.01822 3
1726820468803 0.503623 3
1726820468931 2.241977 3
1726820469057 1.339803 3
1726820469176 6.438391 3
1726820469297 2.057179 3
1726820469419 1.411661 3
1726820469546 1.885809 3
1726820469695 1.378549 4
1726820474734 6.690321 0
1726820474870 0.957074 0
1726820474999 0.495009 0
1726820475123 1.541533 0
1726820475239 12.107557 0
1726820475355 2.598499 0
1726820475474 2.511532 0
1726820475594 2.353992 0
1726820475720 4.436389 0
1726820475857 3.215899 0
1726820475992 0.791804 2
1726820476119 1.041697 2
1726820476244 1.900544 2
1726820476366 1.028604 2
1726820476488 8.194981 2
1726820476610 0.483712 2
1726820476736 13.669935 2
1726820476864 3.460992 2
1726820476994 4.857941 2
1726820477122 2.583413 2
1726820477240 1.704588 4
1726820477352 11.570198 4
1726820477461 1.631175 4
1726820477573 1.884635 4
1726820477690 2.447472 4
1726820477810 6.012239 4
1726820477936 65.961815 4
1726820478068 0.740564 4
1726820478191 5.969269 4
1726820478311 1.743206 4
1726820478428 1.380812 6
1726820478546 0.990392 6
1726820478669 1.573825 6
1726820478798 0.584297 6
1726820478927 21.808081 6
1726820479053 2.594826 6
1726820479184 5.714192 6
1726820479321 3.62119 6
1726820479460 1.265636 6
1726820479592 8.718823 6
1726820479721 2.792859 8
1726820484708 0.373152 0
1726820484861 0.761152 0
1726820484975 1.148604 0
1726820485089 3.211752 0
1726820485205 4.852449 0
1726820485325 5.302643 0
1726820485455 5.820865 0
1726820485588 1.592767 0
1726820485712 3.868919 0
1726820485835 2.492802 0
1726820485958 0.881125 3
1726820486085 0.668796 3
1726820486218 2.070371 3
1726820486347 2.015884 3
1726820486469 1.930037 3
1726820486586 0.295304 3
1726820486706 4.364724 3
1726820486838 4.407218 3
1726820486981 6.356655 3
1726820487122 2.966712 3
1726820487250 1.652731 6
1726820487368 2.389281 6
1726820487484 1.387868 6
1726820487601 2.402002 6
1726820487726 3.375585 6
1726820487858 9.526819 6
1726820487988 1.937636 6
1726820488113 0.671126 6
1726820488234 3.232249 6
1726820488358 2.726003 6
1726820488488 54.174747 9
1726820488624 0.991752 9
1726820488755 1.370206 9
1726820488881 1.239158 9
1726820489008 2.693936 9
1726820489139 9.951433 9
1726820489261 3.273643 9
1726820489377 4.238197 9
1726820489492 0.61048 9
1726820489611 4.435629 9
1726820489737 4.345416 12
1726820494750 0.330625 0
1726820494885 0.471317 0
1726820495008 3.4169 0
1726820495131 4.557622 0
1726820495256 1.545147 0
1726820495376 7.464029 0
1726820495496 1.193221 0
1726820495614 2.297636 0
1726820495735 2.021551 0
1726820495859 1.242521 0
1726820495987 0.800466 4
1726820496114 1.065708 4
1726820496239 1.199347 4
1726820496360 1.340382 4
1726820496483 2.953984 4
1726820496610 0.329558 4
1726820496737 2.672153 4
1726820496865 2.518723 4
1726820497001 4.810225 4
1726820497142 1.495483 4
1726820497277 2.482574 8
1726820497405 35.33744 8
1726820497523 1.45641 8
1726820497638 82.727821 8
1726820497753 4.85377 8
1726820497871 8.22409 8
1726820497992 2.613821 8
1726820498123 0.533089 8
1726820498256 3.692502 8
1726820498382 1.87688 8
1726820498506 1.283324 12
1726820498636 2.015903 12
1726820498761 1.544868 12
1726820498881 2.721089 12
1726820499001 5.287572 12
1726820499122 4.141167 12
1726820499240 4.542939 12
1726820499356 2.943696 12
1726820499472 1.344601 12
1726820499589 1.751119 12
1726820499707 8.429837 16
1726820504646 3.057547 0
1726820504773 0.86173 0
1726820504895 1.728606 0
1726820505016 10.415696 0
1726820505142 1.286355 0
1726820505278 8.828683 0
1726820505405 1.855878 0
1726820505521 2.097654 0
1726820505636 4.444607 0
1726820505750 2.15701 0
1726820505873 1.034574 5
1726820506004 0.649406 5
1726820506131 0.619332 5
1726820506260 1.208069 5
1726820506394 1.14068 5
1726820506519 0.39088 5
1726820506647 3.783944 5
1726820506776 4.897342 5
1726820506909 3.102848 5
1726820507038 1.256719 5
1726820507158 1.556629 10
1726820507273 1.748404 10
1726820507387 1.427516 10
1726820507504 6.636858 10
1726820507619 9.389621 10
1726820507738 3.315731 10
1726820507859 3.140139 10
1726820507978 0.740466 10
1726820508094 12.75457 10
1726820508208 2.141615 10
1726820508326 0.687215 15
1726820508449 1.111115 15
1726820508577 1.681106 15
1726820508719 1.084623 15
1726820508855 2.461833 15
1726820508978 0.857036 15
1726820509090 5.528208 15
1726820509203 1.459882 15
1726820509317 4.120808 15
1726820509449 3.538457 15
1726820509606 1.992485 20
1726820514717 2.405992 0
1726820514857 0.430213 0
1726820514988 0.8012 0
1726820515113 1.661966 0
1726820515229 4.687295 0
1726820515344 17.979395 0
1726820515466 1.434174 0
1726820515594 1.945995 0
1726820515735 3.164487 0
1726820515885 4.872678 0
1726820516019 1.040099 6
1726820516142 1.019324 6
1726820516262 4.752432 6
1726820516378 2.155103 6
1726820516494 7.143413 6
1726820516618 0.271251 6
1726820516754 2.818918 6
1726820516892 2.463311 6
1726820517031 5.575696 6
1726820517160 1.143602 6
1726820517287 1.302429 12
1726820517416 4.148803 12
1726820517543 1.096145 12
1726820517676 3.110168 12
1726820517807 4.761938 12
1726820517931 4.358677 12
1726820518050 1.689525 12
1726820518170 0.633061 12
1726820518291 16.671331 12
1726820518417 1.297949 12
1726820518547 0.914201 18
1726820518676 0.776785 18
1726820518806 3.103859 18
1726820518930 0.954891 18
1726820519056 2.854005 18
1726820519180 3.505059 18
1726820519296 1.518714 18
1726820519413 1.645517 18
1726820519538 1.543528 18
1726820519658 6.709197 18
1726820519784 3.247411 24
1726820524683 0.469101 0
1726820524820 0.339862 0
1726820524947 10.405888 0
1726820525080 2.011364 0
1726820525212 1.712196 0
1726820525336 3.731241 0
1726820525459 0.617951 0
1726820525581 3.300184 0
1726820525700 2.496783 0
1726820525823 9.156803 0
1726820525946 1.191743 7
1726820526069 2.843508 7
1726820526198 2.469361 7
1726820526332 2.148597 7
1726820526465 0.690108 7
1726820526592 0.238088 7
1726820526713 1.532806 7
1726820526831 2.987406 7
1726820526951 4.512472 7
1726820527078 1.191496 7
1726820527212 2.297295 14
1726820527343 4.128593 14
1726820527466 1.779522 14
1726820527583 2.332114 14
1726820527699 2.636483 14
1726820527826 15.882001 14
1726820527958 1.221697 14
1726820528088 11.668006 14
1726820528219 7.404463 14
1726820528341 1.402136 14
1726820528462 0.82703 21
1726820528579 0.862734 21
1726820528697 3.23371 21
1726820528816 0.679913 21
1726820528944 1.91736 21
1726820529078 0.721408 21
1726820529208 13.532224 21
1726820529340 1.428871 21
1726820529471 1.230676 21
1726820529606 8.916674 21
1726820529730 4.253024 28
1726820534666 1.231372 0
1726820534801 1.047029 0
1726820534925 1.867037 0
1726820535054 1.306584 0
1726820535182 1.615019 0
1726820535326 8.849186 0
1726820535479 1.389004 0
1726820535674 3.769115 0
1726820535811 3.599884 0
1726820535934 2.008945 0
1726820536059 1.121029 8
1726820536190 0.65061 8
1726820536314 2.723126 8
1726820536433 2.822925 8
1726820536552 2.077266 8
1726820536671 0.300972 8
1726820536790 1.814691 8
1726820536909 1.37038 8
1726820537036 4.893218 8
1726820537166 11.273595 8
1726820537291 2.176138 16
1726820537422 2.65844 16
1726820537574 3.077197 16
1726820537735 7.473717 16
1726820537903 1.370109 16
1726820538061 6.837543 16
1726820538219 1.031529 16
1726820538402 0.802024 16
1726820538586 2.964874 16
1726820538748 1.785485 16
1726820538885 0.596949 24
1726820539006 0.791919 24
1726820539122 5.463914 24
1726820539238 2.134661 24
1726820539358 2.792614 24
1726820539484 1.747065 24
1726820539612 2.618351 24
1726820539744 1.313 24
1726820539878 0.951058 24
1726820540018 1.768307 24
1726820540152 4.198269 32
1726820545196 1.852567 0
1726820545324 0.310547 0
1726820545456 0.608088 0
1726820545589 7.263364 0
1726820545727 27.514963 0
1726820545854 3.928185 0
1726820545974 3.358019 0
1726820546091 1.390335 0
1726820546211 7.716652 0
1726820546338 2.254713 0
1726820546462 1.462353 9
1726820546584 0.550074 9
1726820546708 3.886857 9
1726820546932 8.152717 9
1726820547117 1.560295 9
1726820547253 0.358292 9
1726820547370 1.4221 9
1726820547482 12.888535 9
1726820547597 2.762768 9
1726820547728 1.237398 9
1726820547853 11.772424 18
1726820547981 2.190679 18
1726820548109 1.235954 18
1726820548239 2.698593 18
1726820548370 1.827854 18
1726820548495 5.231981 18
1726820548616 4.593783 18
1726820548737 0.547321 18
1726820548869 2.951792 18
1726820548999 1.372594 18
1726820549123 0.774534 27
1726820549244 0.805508 27
1726820549375 1.359823 27
1726820549505 0.50712 27
1726820549637 3.466343 27
1726820549770 0.693079 27
1726820549899 3.602321 27
1726820550028 1.815944 27
1726820550146 1.741174 27
1726820550259 1.921853 27
1726820550373 8.386369 36
1726820555350 0.323009 0
1726820555481 0.318259 0
1726820555610 3.855521 0
1726820555744 2.17902 0
1726820555871 2.650183 0
1726820555993 8.595913 0
1726820556111 1.981837 0
1726820556225 1.283511 0
1726820556344 3.369998 0
1726820556466 1.687257 0
1726820556585 2.366263 10
1726820556708 0.349394 10
1726820556837 0.802877 10
1726820556967 2.168376 10
1726820557090 2.617083 10
1726820557211 0.426876 10
1726820557325 1.988484 10
1726820557439 1.457289 10
1726820557553 2.810941 10
1726820557669 1.671318 10
1726820557788 1.643652 20
1726820557908 1.764277 20
1726820558029 1.372798 20
1726820558148 3.780807 20
1726820558266 1.747405 20
1726820558384 5.750003 20
1726820558508 1.523484 20
1726820558638 0.607035 20
1726820558759 4.184487 20
1726820558880 4.292012 20
1726820559001 1.100316 30
1726820559129 0.940399 30
1726820559254 3.505981 30
1726820559378 0.620691 30
1726820559498 4.073127 30
1726820559620 0.557649 30
1726820559743 12.649225 30
1726820559867 1.426013 30
1726820559992 3.396344 30
1726820560120 3.86858 30
1726820560247 1.881885 40
