1726815287592 0.341214 0
1726815287697 0.083097 0
1726815287798 0.281667 0
1726815287899 0.080785 0
1726815288000 0.227948 0
1726815288099 0.211134 0
1726815288200 0.16018 0
1726815288303 0.060671 0
1726815288413 0.18557 0
1726815288514 0.076285 0
1726815288616 0.042821 1
1726815288716 0.077384 1
1726815288819 0.072449 1
1726815288923 0.104564 1
1726815289025 0.282565 1
1726815289125 0.095054 1
1726815289227 0.029199 1
1726815289329 0.101201 1
1726815289431 0.406462 1
1726815289536 0.212697 1
1726815289637 0.162748 2
1726815289739 0.354579 2
1726815289840 0.129777 2
1726815289940 0.204536 2
1726815290044 0.297834 2
1726815290148 0.171842 2
1726815290250 0.11988 2
1726815290357 0.243401 2
1726815290482 0.08662 2
1726815290584 0.401821 2
1726815290687 0.274714 3
1726815290787 0.281807 3
1726815290887 0.177046 3
1726815290988 0.365123 3
1726815291089 0.207256 3
1726815291189 0.147317 3
1726815291289 0.341645 3
1726815291392 0.113632 3
1726815291495 0.151691 3
1726815291597 0.237078 3
1726815291706 0.24806 4
1726815291808 0.117145 4
1726815291912 0.352591 4
1726815292015 0.153213 4
1726815292116 0.444065 4
1726815292220 0.131167 4
1726815292328 0.228577 4
1726815294782 0.128089 0
1726815294893 0.079572 0
1726815294999 0.185656 0
1726815295103 0.065746 0
1726815295204 0.155638 0
1726815295307 0.173521 0
1726815295409 0.13756 0
1726815295509 0.072816 0
1726815295609 0.173232 0
1726815295711 0.065282 0
1726815295812 0.039829 2
1726815295914 0.08801 2
1726815296016 0.065999 2
1726815296117 0.097552 2
1726815296219 0.255075 2
1726815296322 0.099094 2
1726815296425 0.03539 2
1726815296528 0.096483 2
1726815296642 0.414504 2
1726815296751 0.190335 2
1726815296887 0.14712 4
1726815296989 0.379676 4
1726815297090 0.174217 4
1726815297191 0.186283 4
1726815297294 0.304491 4
1726815297395 0.18655 4
1726815297496 0.139474 4
1726815297597 0.217329 4
1726815297698 0.081603 4
1726815297799 0.334552 4
1726815297900 0.332869 6
1726815298002 0.214548 6
1726815298103 0.179139 6
1726815298204 0.386164 6
1726815298306 0.210902 6
1726815298410 0.112088 6
1726815298511 0.337988 6
1726815298615 0.126871 6
1726815298727 0.166341 6
1726815298830 0.228499 6
1726815298933 0.254549 8
1726815299035 0.109151 8
1726815299139 0.333743 8
1726815299242 0.148905 8
1726815299346 0.449873 8
1726815299454 0.13691 8
1726815299557 0.201508 8
1726815301957 0.095057 0
1726815302059 0.088099 0
1726815302162 0.20611 0
1726815302262 0.068771 0
1726815302363 0.186316 0
1726815302464 0.198253 0
1726815302565 0.141981 0
1726815302668 0.053133 0
1726815302781 0.181669 0
1726815302885 0.070854 0
1726815302994 0.037445 3
1726815303097 0.108228 3
1726815303199 0.06179 3
1726815303300 0.081707 3
1726815303403 0.245686 3
1726815303505 0.111931 3
1726815303605 0.042251 3
1726815303706 0.095079 3
1726815303807 0.509924 3
1726815303907 0.190573 3
1726815304010 0.155387 6
1726815304112 0.383496 6
1726815304216 0.170071 6
1726815304318 0.16711 6
1726815304422 0.307655 6
1726815304523 0.205634 6
1726815304624 0.136552 6
1726815304728 0.261853 6
1726815304838 0.076517 6
1726815304939 0.321668 6
1726815305041 0.309107 9
1726815305142 0.235941 9
1726815305248 0.181663 9
1726815305351 0.406654 9
1726815305455 0.209559 9
1726815305559 0.110502 9
1726815305661 0.344184 9
1726815305764 0.114163 9
1726815305867 0.150548 9
1726815305969 0.233341 9
1726815306070 0.237671 12
1726815306172 0.122277 12
1726815306274 0.332787 12
1726815306376 0.135404 12
1726815306475 0.411331 12
1726815306575 0.137473 12
1726815306679 0.191524 12
1726815309118 0.117048 0
1726815309221 0.068458 0
1726815309323 0.184681 0
1726815309425 0.067054 0
1726815309526 0.160385 0
1726815309631 0.165041 0
1726815309734 0.160348 0
1726815309837 0.048919 0
1726815309939 0.201055 0
1726815310041 0.062419 0
1726815310145 0.038459 4
1726815310249 0.067303 4
1726815310351 0.075581 4
1726815310453 0.085987 4
1726815310556 0.259775 4
1726815310658 0.0822 4
1726815310759 0.035332 4
1726815310862 0.098263 4
1726815310972 0.447319 4
1726815311074 0.174707 4
1726815311176 0.168363 8
1726815311280 0.353638 8
1726815311387 0.145992 8
1726815311491 0.166808 8
1726815311593 0.323568 8
1726815311697 0.170999 8
1726815311799 0.10695 8
1726815311900 0.252676 8
1726815312004 0.103088 8
1726815312106 0.281445 8
1726815312210 0.313812 12
1726815312316 0.276215 12
1726815312420 0.19488 12
1726815312522 0.412836 12
1726815312623 0.172664 12
1726815312726 0.11781 12
1726815312831 0.316541 12
1726815312939 0.119435 12
1726815313046 0.154134 12
1726815313148 0.227088 12
1726815313250 0.240485 16
1726815313356 0.146331 16
1726815313459 0.326135 16
1726815313559 0.135655 16
1726815313662 0.443085 16
1726815313764 0.124937 16
1726815313866 0.189597 16
1726815316235 0.090231 0
1726815316343 0.0705 0
1726815316444 0.192523 0
1726815316545 0.065587 0
1726815316646 0.165515 0
1726815316747 0.165796 0
1726815316846 0.156216 0
1726815316947 0.046994 0
1726815317054 0.187459 0
1726815317162 0.061663 0
1726815317271 0.045123 5
1726815317375 0.068982 5
1726815317476 0.067567 5
1726815317578 0.087171 5
1726815317679 0.267454 5
1726815317779 0.084482 5
1726815317881 0.045518 5
1726815317987 0.111546 5
1726815318087 0.406381 5
1726815318190 0.182682 5
1726815318290 0.153797 10
1726815318392 0.351656 10
1726815318495 0.126085 10
1726815318596 0.161279 10
1726815318697 0.329536 10
1726815318796 0.162398 10
1726815318896 0.104249 10
1726815319000 0.265562 10
1726815319112 0.090735 10
1726815319214 0.293664 10
1726815319315 0.282221 15
1726815319416 0.240694 15
1726815319517 0.195364 15
1726815319616 0.387712 15
1726815319716 0.180299 15
1726815319816 0.119692 15
1726815319918 0.291398 15
1726815320021 0.124646 15
1726815320122 0.144962 15
1726815320225 0.227768 15
1726815320328 0.226453 20
1726815320429 0.11387 20
1726815320530 0.331019 20
1726815320632 0.140757 20
1726815320735 0.426522 20
1726815320839 0.137428 20
1726815320940 0.190517 20
1726815323358 0.089373 0
1726815323468 0.072648 0
1726815323571 0.186309 0
1726815323672 0.064244 0
1726815323773 0.168381 0
1726815323873 0.169871 0
1726815323974 0.145895 0
1726815324075 0.050691 0
1726815324178 0.198915 0
1726815324282 0.063274 0
1726815324391 0.038273 6
1726815324494 0.071767 6
1726815324595 0.067846 6
1726815324697 0.089081 6
1726815324798 0.258754 6
1726815324899 0.080511 6
1726815324999 0.042296 6
1726815325111 0.118466 6
1726815325227 0.396292 6
1726815325332 0.197936 6
1726815325438 0.160971 12
1726815325541 0.348668 12
1726815325646 0.141173 12
1726815325748 0.144888 12
1726815325852 0.326517 12
1726815325954 0.160947 12
1726815326055 0.10464 12
1726815326158 0.256164 12
1726815326259 0.091064 12
1726815326360 0.284833 12
1726815326462 0.276889 18
1726815326563 0.22808 18
1726815326664 0.196186 18
1726815326763 0.368877 18
1726815326865 0.178464 18
1726815326968 0.122638 18
1726815327073 0.267701 18
1726815327176 0.128635 18
1726815327287 0.145214 18
1726815327392 0.228295 18
1726815327493 0.224479 24
1726815327594 0.105393 24
1726815327695 0.324988 24
1726815327799 0.145044 24
1726815327903 0.439503 24
1726815328005 0.133036 24
1726815328107 0.187134 24
1726815330517 0.091166 0
1726815330620 0.073227 0
1726815330723 0.189217 0
1726815330825 0.065403 0
1726815330926 0.165143 0
1726815331028 0.172053 0
1726815331128 0.14593 0
1726815331228 0.047596 0
1726815331330 0.201571 0
1726815331439 0.06744 0
1726815331546 0.039431 7
1726815331649 0.073306 7
1726815331751 0.067735 7
1726815331854 0.0852 7
1726815331955 0.264053 7
1726815332057 0.080839 7
1726815332156 0.040213 7
1726815332257 0.110893 7
1726815332357 0.411858 7
1726815332456 0.186346 7
1726815332557 0.161181 14
1726815332656 0.345791 14
1726815332758 0.147149 14
1726815332856 0.149139 14
1726815332956 0.314706 14
1726815333059 0.161413 14
1726815333159 0.104091 14
1726815333260 0.255156 14
1726815333362 0.09216 14
1726815333471 0.260206 14
1726815333571 0.273957 21
1726815333672 0.220432 21
1726815333772 0.198406 21
1726815333871 0.369222 21
1726815333972 0.177825 21
1726815334072 0.118665 21
1726815334171 0.253795 21
1726815334272 0.130489 21
1726815334376 0.152526 21
1726815334478 0.227967 21
1726815334581 0.224707 28
1726815334681 0.106819 28
1726815334783 0.321078 28
1726815334887 0.143209 28
1726815334987 0.426561 28
1726815335088 0.131281 28
1726815335188 0.188928 28
1726815337651 0.089882 0
1726815337760 0.070664 0
1726815337863 0.190081 0
1726815337968 0.065425 0
1726815338071 0.167666 0
1726815338173 0.174448 0
1726815338272 0.143031 0
1726815338381 0.050005 0
1726815338484 0.19417 0
1726815338587 0.066003 0
1726815338698 0.037612 8
1726815338802 0.074461 8
1726815338906 0.063025 8
1726815339009 0.087184 8
1726815339112 0.256821 8
1726815339214 0.077529 8
1726815339315 0.038882 8
1726815339417 0.10739 8
1726815339517 0.414499 8
1726815339632 0.186378 8
1726815339737 0.162163 16
1726815339839 0.340406 16
1726815339940 0.139485 16
1726815340042 0.140042 16
1726815340147 0.330144 16
1726815340252 0.157483 16
1726815340354 0.100792 16
1726815340456 0.260864 16
1726815340562 0.093927 16
1726815340664 0.260429 16
1726815340766 0.268248 24
1726815340868 0.225775 24
1726815340971 0.188242 24
1726815341072 0.367905 24
1726815341172 0.18274 24
1726815341274 0.117897 24
1726815341375 0.279315 24
1726815341475 0.126184 24
1726815341581 0.144247 24
1726815341687 0.233962 24
1726815341790 0.216396 32
1726815341892 0.103084 32
1726815341994 0.309439 32
1726815342096 0.144037 32
1726815342199 0.432829 32
1726815342306 0.130543 32
1726815342410 0.194243 32
