1726885003131 0.0 0
1726885003274 10.0 0
1726885003410 20.0 0
1726885003860 0.0 0
1726885003999 10.0 0
1726885004136 20.0 0
1726885004513 0.0 0
1726885004654 10.0 0
1726885004792 20.0 0
1726885005171 0.0 0
1726885005311 10.0 0
1726885005448 20.0 0
1726885005823 0.0 0
1726885005962 10.0 0
1726885006098 20.0 0
1726885006470 0.0 0
1726885006608 10.0 0
1726885006769 20.0 0
1726885007144 0.0 0
1726885007283 10.0 0
1726885007420 20.0 0
1726885007792 0.0 0
1726885007929 10.0 0
1726885008068 20.0 0
1726885008437 0.0 0
1726885008575 10.0 0
1726885008711 20.0 0
1726885009097 0.0 0
1726885009238 10.0 0
1726885009376 20.0 0
