1727092194116 208.439453 0
1727092194294 0.400974 0
1727092194474 2.466837 0
1727092194657 0.459776 0
1727092195216 0.444752 0
1727092195417 1.736536 0
1727092195597 0.737961 0
1727092195778 48.466698 0
1727092196243 2.413538 0
1727092196427 0.512893 0
1727092196607 0.446246 0
1727092196788 0.58396 0
1727092197256 0.226077 0
1727092197436 6.072289 0
1727092197614 0.430508 0
1727092197795 0.378004 0
1727092198268 0.168967 0
1727092198448 0.445746 0
1727092198628 2.024359 0
1727092198807 0.426208 0
1727092199273 0.067165 0
1727092199451 0.386374 0
1727092199632 0.573564 0
1727092199815 0.285095 0
1727092200281 0.063605 0
1727092200459 1.302723 0
1727092200638 1.690689 0
1727092200817 0.375375 0
1727092201272 0.164048 0
1727092201449 0.392075 0
1727092201625 1.431705 0
1727092201802 0.338908 0
