1726800417773 80.515343 0
1726800417875 17.856382 0
1726800417974 1.814281 0
1726800418073 6.868825 0
1726800418175 2.054368 0
1726800418283 2.401989 0
1726800418702 1.811702 0
1726800418815 0.815041 0
1726800418922 2.110478 0
1726800419021 1.391342 0
1726800419120 1.221464 0
1726800419220 1.496123 0
1726800419637 1.553706 0
1726800419736 21.433222 0
1726800419835 2.712451 0
1726800419933 4.147785 0
1726800420030 0.983509 0
1726800420131 17.025652 0
1726800420570 1.057749 0
1726800420682 6.945811 0
1726800420780 2.312457 0
1726800420886 1.63016 0
1726800420986 1.256934 0
1726800421085 1.543003 0
1726800421507 0.735777 0
1726800421614 2.999639 0
1726800421711 1.69091 0
1726800421810 1.563618 0
1726800421910 0.954485 0
1726800422013 1.411967 0
1726800422436 0.652734 0
1726800422552 3.120126 0
1726800422650 3.981002 0
1726800422750 1.215473 0
1726800422849 0.852 0
1726800422957 2.491471 0
1726800423369 0.885038 0
1726800423473 1.855395 0
1726800423575 1.995023 0
1726800423674 2.79268 0
1726800423772 0.884916 0
1726800423869 1.22058 0
1726800424274 1.849845 0
1726800424395 1.626055 0
1726800424493 2.343026 0
1726800424591 0.791389 0
1726800424690 1.071442 0
1726800424788 1.023905 0
1726800425238 0.828361 0
1726800425340 2.208754 0
1726800425437 5.484667 0
1726800425536 0.611099 0
1726800425634 4.958654 0
1726800425732 0.914016 0
1726800426166 0.553032 0
1726800426273 4.048525 0
1726800426371 23.268591 0
1726800426473 0.597563 0
1726800426572 1.224418 0
1726800426671 1.592589 0
