1726906743506 0.974201 0
1726906743652 0.605046 0
1726906743793 0.261839 0
1726906743936 0.322972 0
1726906744079 1.217986 0
1726906744220 0.287639 0
1726906744362 0.641487 0
1726906744503 0.232775 0
1726906744644 0.225901 0
1726906744786 0.150376 0
1726906744930 0.310066 1
1726906745073 0.154212 1
1726906745216 0.122562 1
1726906745360 0.091344 1
1726906745502 0.147567 1
1726906745643 0.205867 1
1726906746906 0.339563 0
1726906747053 0.07104 0
1726906747195 0.162134 0
1726906747336 0.128754 0
1726906747477 0.593117 0
1726906747621 0.173263 0
1726906747765 0.433617 0
1726906747907 0.128726 0
1726906748049 0.133455 0
1726906748194 0.116033 0
1726906748337 0.290408 2
1726906748478 0.122346 2
1726906748618 0.121188 2
1726906748760 0.066237 2
1726906748902 0.164979 2
1726906749047 0.203409 2
1726906750234 0.246764 0
1726906750375 0.061885 0
1726906750517 0.135333 0
1726906750659 0.1187 0
1726906750800 0.482013 0
1726906750941 0.16042 0
1726906751095 0.389728 0
1726906751240 0.142748 0
1726906751381 0.144218 0
1726906751522 0.110838 0
1726906751664 0.156693 3
1726906751804 0.123246 3
1726906751946 0.110509 3
1726906752090 0.064003 3
1726906752232 0.174685 3
1726906752373 0.163009 3
1726906753581 0.238795 0
1726906753727 0.069655 0
1726906753868 0.099819 0
1726906754009 0.115734 0
1726906754154 0.449581 0
1726906754295 0.146622 0
1726906754436 0.361729 0
1726906754576 0.1412 0
1726906754717 0.217328 0
1726906754859 0.106726 0
1726906755001 0.121466 4
1726906755145 0.091815 4
1726906755287 0.11615 4
1726906755428 0.069485 4
1726906755569 0.145544 4
1726906755710 0.157254 4
1726906756911 0.222527 0
1726906757055 0.068028 0
1726906757201 0.08515 0
1726906757342 0.115206 0
1726906757483 0.443436 0
1726906757625 0.158055 0
1726906757766 0.344462 0
1726906757906 0.121218 0
1726906758047 0.12104 0
1726906758187 0.131727 0
1726906758329 0.141557 5
1726906758469 0.08689 5
1726906758610 0.100655 5
1726906758751 0.070176 5
1726906758893 0.182702 5
1726906759035 0.222141 5
1726906760230 0.206434 0
1726906760374 0.061262 0
1726906760516 0.098945 0
1726906760657 0.104392 0
1726906760798 0.438636 0
1726906760939 0.18815 0
1726906761079 0.31416 0
1726906761221 0.14194 0
1726906761366 0.149429 0
1726906761506 0.094178 0
1726906761648 0.146162 6
1726906761789 0.091098 6
1726906761931 0.101113 6
1726906762074 0.071693 6
1726906762215 0.137296 6
1726906762356 0.157523 6
1726906763548 0.226362 0
1726906763693 0.066063 0
1726906763834 0.095724 0
1726906763975 0.104808 0
1726906764117 0.438026 0
1726906764258 0.112062 0
1726906764398 0.262831 0
1726906764540 0.10875 0
1726906764681 0.157771 0
1726906764823 0.125387 0
1726906764964 0.121355 7
1726906765105 0.081537 7
1726906765246 0.097177 7
1726906765390 0.075015 7
1726906765531 0.139333 7
1726906765673 0.191206 7
1726906766876 0.19168 0
1726906767019 0.056137 0
1726906767160 0.087791 0
1726906767302 0.088362 0
1726906767446 0.428601 0
1726906767587 0.107974 0
1726906767728 0.22842 0
1726906767870 0.148966 0
1726906768011 0.122321 0
1726906768152 0.090149 0
1726906768293 0.100527 8
1726906768433 0.084019 8
1726906768575 0.085877 8
1726906768716 0.08153 8
1726906768857 0.139074 8
1726906768998 0.160397 8
1726906770197 0.21384 0
1726906770342 0.054515 0
1726906770483 0.063817 0
1726906770624 0.105581 0
1726906770764 0.426334 0
1726906770906 0.126584 0
1726906771047 0.234802 0
1726906771189 0.117866 0
1726906771331 0.221298 0
1726906771476 0.096367 0
1726906771618 0.147197 9
1726906771758 0.080499 9
1726906771899 0.095586 9
1726906772040 0.083914 9
1726906772180 0.115004 9
1726906772321 0.165034 9
1726906773516 0.205041 0
1726906773662 0.059373 0
1726906773803 0.068208 0
1726906773944 0.091445 0
1726906774086 0.421449 0
1726906774227 0.126714 0
1726906774368 0.214823 0
1726906774509 0.097033 0
1726906774650 0.131359 0
1726906774791 0.13261 0
1726906774931 0.101482 10
1726906775073 0.072038 10
1726906775215 0.089129 10
1726906775357 0.082029 10
1726906775497 0.144464 10
1726906775641 0.198923 10
