1726844461183 0.386587 0
1726844461341 0.500435 0
1726844461491 0.486637 0
1726844461675 0.287829 0
1726844461819 0.647083 0
1726844461956 0.41312 0
1726844462091 3.327404 0
1726844462228 2.480989 0
1726844462363 3.907872 0
1726844462495 2.597521 0
1726844462629 4.280036 1
1726844462762 2.576277 1
1726844462897 0.470213 1
1726844463030 0.264399 1
1726844464057 0.413087 0
1726844464190 0.508143 0
1726844464325 0.41369 0
1726844464459 0.260862 0
1726844464595 0.597002 0
1726844464730 0.392811 0
1726844464869 2.955177 0
1726844465005 2.180233 0
1726844465140 3.38503 0
1726844465271 2.172322 0
1726844465403 3.720147 2
1726844465541 2.082242 2
1726844465682 0.398383 2
1726844465817 0.208768 2
1726844466855 0.504391 0
1726844466991 0.482901 0
1726844467127 0.276442 0
1726844467265 0.21342 0
1726844467400 0.492552 0
1726844467537 0.374985 0
1726844467673 2.168347 0
1726844467811 1.4872 0
1726844467946 1.872724 0
1726844468082 1.012228 0
1726844468237 1.827677 3
1726844468379 0.624869 3
1726844468520 0.305443 3
1726844468676 0.139231 3
1726844469711 0.871327 0
1726844469854 0.289006 0
1726844469990 0.096858 0
1726844470125 0.170402 0
1726844470263 0.498553 0
1726844470397 0.636168 0
1726844470531 1.175035 0
1726844470668 0.920882 0
1726844470799 1.09834 0
1726844470931 0.722008 0
1726844471063 1.529872 4
1726844471194 0.547492 4
1726844471325 0.328837 4
1726844471456 0.088651 4
