1726873419784 0.0 0
1726873419919 10.0 0
1726873420053 20.0 0
1726873420188 30.0 0
1726873420323 40.0 0
1726873420457 50.0 0
1726873420594 60.0 0
1726873420730 70.0 0
1726873420867 80.0 0
1726873421003 90.0 0
1726873421139 100.0 1
1726873422006 0.0 0
1726873422141 10.0 0
1726873422274 20.0 0
1726873422410 30.0 0
1726873422545 40.0 0
1726873422681 50.0 0
1726873422817 60.0 0
1726873422952 70.0 0
1726873423086 80.0 0
1726873423221 90.0 0
1726873423358 100.0 2
1726873424187 0.0 0
1726873424321 10.0 0
1726873424455 20.0 0
1726873424589 30.0 0
1726873424726 40.0 0
1726873424860 50.0 0
1726873424995 60.0 0
1726873425129 70.0 0
1726873425265 80.0 0
1726873425399 90.0 0
1726873425534 100.0 3
1726873426366 0.0 0
1726873426502 10.0 0
1726873426636 20.0 0
1726873426772 30.0 0
1726873426907 40.0 0
1726873427042 50.0 0
1726873427177 60.0 0
1726873427311 70.0 0
1726873427448 80.0 0
1726873427582 90.0 0
1726873427717 100.0 4
1726873428548 0.0 0
1726873428684 10.0 0
1726873428822 20.0 0
1726873428957 30.0 0
1726873429099 40.0 0
1726873429235 50.0 0
1726873429371 60.0 0
1726873429506 70.0 0
1726873429640 80.0 0
1726873429774 90.0 0
1726873429908 100.0 5
1726873430741 0.0 0
1726873430879 10.0 0
1726873431016 20.0 0
1726873431150 30.0 0
1726873431285 40.0 0
1726873431419 50.0 0
1726873431553 60.0 0
1726873431688 70.0 0
1726873431822 80.0 0
1726873431956 90.0 0
1726873432090 100.0 6
1726873432923 0.0 0
1726873433062 10.0 0
1726873433197 20.0 0
1726873433332 30.0 0
1726873433466 40.0 0
1726873433601 50.0 0
1726873433736 60.0 0
1726873433872 70.0 0
1726873434006 80.0 0
1726873434145 90.0 0
1726873434279 100.0 7
1726873435118 0.0 0
1726873435254 10.0 0
1726873435388 20.0 0
1726873435522 30.0 0
1726873435656 40.0 0
1726873435793 50.0 0
1726873435931 60.0 0
1726873436065 70.0 0
1726873436201 80.0 0
1726873436335 90.0 0
1726873436470 100.0 8
1726873437305 0.0 0
1726873437442 10.0 0
1726873437576 20.0 0
1726873437710 30.0 0
1726873437844 40.0 0
1726873437979 50.0 0
1726873438112 60.0 0
1726873438249 70.0 0
1726873438384 80.0 0
1726873438519 90.0 0
1726873438654 100.0 9
1726873439494 0.0 0
1726873439629 10.0 0
1726873439763 20.0 0
1726873439898 30.0 0
1726873440033 40.0 0
1726873440167 50.0 0
1726873440302 60.0 0
1726873440436 70.0 0
1726873440571 80.0 0
1726873440705 90.0 0
1726873440839 100.0 10
