1727109001888 0.250872 0
1727109002013 0.368702 0
1727109002142 0.266124 0
1727109002268 0.387169 0
1727109002398 0.121607 0
1727109002528 0.070154 0
1727109002656 0.09243 0
1727109002787 0.00906 0
1727109002916 0.147186 0
1727109003044 0.025993 0
1727109003174 0.017399 1
1727109003306 0.077683 1
1727109003437 0.060158 1
1727109003567 0.098987 1
1727109003699 0.107959 1
1727109003829 0.087501 1
1727109004762 0.130352 0
1727109004891 0.065508 0
1727109005020 0.02178 0
1727109005150 0.030257 0
1727109005282 0.014722 0
1727109005414 0.005969 0
1727109005545 0.043623 0
1727109005673 0.008451 0
1727109005803 0.025608 0
1727109005928 0.017411 0
1727109006058 0.121549 2
1727109006188 0.0721 2
1727109006321 0.038137 2
1727109006450 0.074263 2
1727109006581 0.062351 2
1727109006712 0.074324 2
1727109007516 0.038297 0
1727109007638 0.03049 0
1727109007762 0.026088 0
1727109007891 0.042818 0
1727109008022 0.010143 0
1727109008150 0.010078 0
1727109008277 0.012408 0
1727109008407 0.005142 0
1727109008539 0.029146 0
1727109008671 0.004942 0
1727109008799 0.028526 3
1727109008938 0.035397 3
1727109009066 0.035807 3
1727109009194 0.059355 3
1727109009329 0.053793 3
1727109009459 0.074228 3
1727109010260 0.034109 0
1727109010388 0.02852 0
1727109010516 0.048789 0
1727109010641 0.018339 0
1727109010775 0.005575 0
1727109010905 0.007586 0
1727109011033 0.010764 0
1727109011165 0.006876 0
1727109011300 0.033879 0
1727109011430 0.009111 0
1727109011561 0.019092 4
1727109011690 0.03702 4
1727109011819 0.027756 4
1727109011948 0.045263 4
1727109012079 0.064987 4
1727109012207 0.057738 4
1727109013014 0.021883 0
1727109013140 0.025692 0
1727109013264 0.03332 0
1727109013397 0.010819 0
1727109013528 0.00437 0
1727109013658 0.006544 0
1727109013792 0.009338 0
1727109013923 0.006676 0
1727109014054 0.013029 0
1727109014184 0.011212 0
1727109014314 0.020333 5
1727109014448 0.012005 5
1727109014579 0.029584 5
1727109014708 0.032137 5
1727109014838 0.039895 5
1727109014970 0.040735 5
1727109015805 0.024624 0
1727109015927 0.015284 0
1727109016050 0.022026 0
1727109016175 0.00637 0
1727109016301 0.009147 0
1727109016433 0.006236 0
1727109016565 0.012065 0
1727109016696 0.004959 0
1727109016824 0.005663 0
1727109016955 0.006357 0
1727109017086 0.016469 6
1727109017209 0.028059 6
1727109017334 0.024979 6
1727109017466 0.036463 6
1727109017595 0.033074 6
1727109017724 0.027795 6
1727109018530 0.032364 0
1727109018656 0.019419 0
1727109018782 0.019358 0
1727109018908 0.010586 0
1727109019038 0.004631 0
1727109019167 0.005287 0
1727109019297 0.004846 0
1727109019429 0.009897 0
1727109019536 0.008773 0
1727109019666 0.008042 0
1727109019797 0.021608 7
1727109019929 0.031292 7
1727109020036 0.018785 7
1727109020165 0.03309 7
1727109020296 0.027721 7
1727109020424 0.020463 7
1727109021252 0.040852 0
1727109021381 0.023399 0
1727109021512 0.018145 0
1727109021642 0.012066 0
1727109021772 0.004009 0
1727109021902 0.003507 0
1727109022032 0.003569 0
1727109022164 0.006265 0
1727109022291 0.003429 0
1727109022422 0.005159 0
1727109022551 0.023692 8
1727109022683 0.025332 8
1727109022814 0.02236 8
1727109022941 0.034523 8
1727109023067 0.024658 8
1727109023198 0.022504 8
1727109023994 0.075941 0
1727109024116 0.014724 0
1727109024242 0.016419 0
1727109024373 0.009183 0
1727109024503 0.004398 0
1727109024637 0.002666 0
1727109024768 0.002848 0
1727109024898 0.004061 0
1727109025031 0.003219 0
1727109025157 0.004093 0
1727109025284 0.024344 9
1727109025416 0.035423 9
1727109025547 0.031518 9
1727109025675 0.034358 9
1727109025803 0.020101 9
1727109025933 0.016984 9
1727109026725 0.076811 0
1727109026850 0.012437 0
1727109026975 0.015222 0
1727109027099 0.006028 0
1727109027225 0.003643 0
1727109027356 0.002946 0
1727109027485 0.004706 0
1727109027617 0.004695 0
1727109027747 0.004055 0
1727109027880 0.005065 0
1727109028009 0.020859 10
1727109028139 0.022729 10
1727109028270 0.030272 10
1727109028396 0.03073 10
1727109028528 0.019226 10
1727109028658 0.024709 10
