1726782446761 0.361184 0
1726782446857 0.119691 0
1726782446951 0.271282 0
1726782447048 0.100158 0
1726782447145 0.215199 0
1726782447239 0.246759 0
1726782447334 0.201011 0
1726782447428 0.130842 0
1726782447531 0.240717 0
1726782447625 0.073234 0
1726782447719 0.071257 1
1726782447812 0.105157 1
1726782447906 0.114426 1
1726782447999 0.105819 1
1726782448092 0.245675 1
1726782448189 0.091291 1
1726782448287 0.031625 1
1726782448385 0.087665 1
1726782448481 0.580703 1
1726782448575 0.291566 1
1726782448669 0.189756 2
1726782448762 0.389699 2
1726782448863 0.173317 2
1726782448964 0.17923 2
1726782449062 0.350653 2
1726782449157 0.207278 2
1726782449251 0.136479 2
1726782449345 0.205621 2
1726782449438 0.079991 2
1726782449538 0.353353 2
1726782449635 0.311507 3
1726782449730 0.174452 3
1726782449827 0.198124 3
1726782449921 0.437783 3
1726782450016 0.189449 3
1726782450112 0.145561 3
1726782450208 0.407244 3
1726782450305 0.149111 3
1726782450399 0.147034 3
1726782450493 0.226484 3
1726782450587 0.304778 4
1726782450680 0.116622 4
1726782450775 0.401249 4
1726782450871 0.146328 4
1726782450968 0.435442 4
1726782451062 0.137413 4
1726782451158 0.195579 4
1726782453495 0.271554 0
1726782453597 0.103393 0
1726782453700 0.179851 0
1726782453795 0.072072 0
1726782453890 0.164413 0
1726782453983 0.186144 0
1726782454076 0.133058 0
1726782454170 0.064263 0
1726782454265 0.190157 0
1726782454359 0.076811 0
1726782454452 0.030885 2
1726782454553 0.090805 2
1726782454646 0.080208 2
1726782454739 0.097105 2
1726782454832 0.274471 2
1726782454930 0.098121 2
1726782455025 0.04068 2
1726782455120 0.110516 2
1726782455215 0.413266 2
1726782455309 0.20986 2
1726782455404 0.148257 4
1726782455498 0.382743 4
1726782455591 0.166726 4
1726782455694 0.213376 4
1726782455790 0.313951 4
1726782455889 0.179119 4
1726782455983 0.151423 4
1726782456076 0.198337 4
1726782456171 0.105229 4
1726782456263 0.352465 4
1726782456354 0.323667 6
1726782456450 0.185007 6
1726782456545 0.185778 6
1726782456649 0.418441 6
1726782456750 0.205585 6
1726782456844 0.126929 6
1726782456938 0.345166 6
1726782457031 0.140897 6
1726782457123 0.191064 6
1726782457216 0.22383 6
1726782457309 0.257466 8
1726782457401 0.112089 8
1726782457494 0.396965 8
1726782457587 0.156007 8
1726782457682 0.408954 8
1726782457784 0.14811 8
1726782457882 0.218966 8
1726782460197 0.205892 0
1726782460295 0.080701 0
1726782460389 0.191559 0
1726782460482 0.07265 0
1726782460575 0.178776 0
1726782460668 0.215266 0
1726782460766 0.128093 0
1726782460861 0.070233 0
1726782460957 0.193863 0
1726782461050 0.086884 0
1726782461152 0.054173 3
1726782461254 0.143097 3
1726782461349 0.072923 3
1726782461443 0.070379 3
1726782461536 0.23961 3
1726782461629 0.124089 3
1726782461722 0.030457 3
1726782461826 0.094276 3
1726782461920 0.495784 3
1726782462016 0.203085 3
1726782462112 0.150395 6
1726782462206 0.403314 6
1726782462301 0.24462 6
1726782462395 0.18504 6
1726782462489 0.300537 6
1726782462583 0.260487 6
1726782462676 0.16908 6
1726782462774 0.29869 6
1726782462873 0.068839 6
1726782462969 0.414898 6
1726782463064 0.315365 9
1726782463162 0.195246 9
1726782463257 0.194066 9
1726782463352 0.410639 9
1726782463448 0.328478 9
1726782463543 0.153944 9
1726782463640 0.330854 9
1726782463734 0.114124 9
1726782463832 0.146843 9
1726782463931 0.245812 9
1726782464026 0.244372 12
1726782464122 0.112077 12
1726782464216 0.348192 12
1726782464312 0.143655 12
1726782464409 0.407622 12
1726782464505 0.203639 12
1726782464600 0.216961 12
1726782466940 0.181198 0
1726782467046 0.078491 0
1726782467142 0.182314 0
1726782467240 0.082537 0
1726782467336 0.198372 0
1726782467433 0.171603 0
1726782467531 0.156487 0
1726782467629 0.046793 0
1726782467725 0.236396 0
1726782467820 0.100158 0
1726782467919 0.033777 4
1726782468025 0.077698 4
1726782468121 0.117418 4
1726782468217 0.089904 4
1726782468314 0.280249 4
1726782468414 0.095034 4
1726782468510 0.027923 4
1726782468606 0.087596 4
1726782468703 0.558233 4
1726782468800 0.213686 4
1726782468895 0.187784 8
1726782468990 0.396105 8
1726782469084 0.169214 8
1726782469179 0.187777 8
1726782469279 0.308611 8
1726782469376 0.172272 8
1726782469473 0.093682 8
1726782469568 0.327556 8
1726782469664 0.077726 8
1726782469762 0.249807 8
1726782469860 0.329534 12
1726782469959 0.222845 12
1726782470061 0.19652 12
1726782470158 0.43466 12
1726782470253 0.219523 12
1726782470350 0.122111 12
1726782470443 0.34096 12
1726782470535 0.130048 12
1726782470629 0.14956 12
1726782470722 0.218662 12
1726782470816 0.269944 16
1726782470911 0.152389 16
1726782471014 0.341454 16
1726782471110 0.133392 16
1726782471204 0.406776 16
1726782471299 0.124112 16
1726782471394 0.289442 16
1726782473735 0.094523 0
1726782473841 0.083622 0
1726782473936 0.190808 0
1726782474031 0.070848 0
1726782474134 0.166714 0
1726782474227 0.15674 0
1726782474321 0.167118 0
1726782474416 0.044343 0
1726782474510 0.204948 0
1726782474602 0.066906 0
1726782474696 0.062984 5
1726782474796 0.078074 5
1726782474890 0.090056 5
1726782474983 0.096319 5
1726782475076 0.319142 5
1726782475169 0.090358 5
1726782475262 0.025805 5
1726782475355 0.08749 5
1726782475448 0.422951 5
1726782475541 0.285228 5
1726782475633 0.228362 10
1726782475731 0.379602 10
1726782475826 0.128493 10
1726782475919 0.196571 10
1726782476012 0.372006 10
1726782476112 0.197436 10
1726782476210 0.098532 10
1726782476304 0.241157 10
1726782476398 0.092968 10
1726782476495 0.260741 10
1726782476667 0.337814 15
1726782476767 0.251891 15
1726782476861 0.168108 15
1726782476955 0.434819 15
1726782477052 0.19011 15
1726782477146 0.156884 15
1726782477240 0.322927 15
1726782477333 0.115789 15
1726782477426 0.165928 15
1726782477523 0.243053 15
1726782477619 0.286315 20
1726782477714 0.168978 20
1726782477808 0.337214 20
1726782477902 0.1326 20
1726782477997 0.456871 20
1726782478092 0.122707 20
1726782478198 0.278101 20
1726782480554 0.0994 0
1726782480650 0.089367 0
1726782480744 0.180453 0
1726782480839 0.068698 0
1726782480933 0.1623 0
1726782481029 0.177825 0
1726782481126 0.152254 0
1726782481244 0.061636 0
1726782481341 0.177617 0
1726782481439 0.094592 0
1726782481534 0.072352 6
1726782481638 0.073966 6
1726782481735 0.072215 6
1726782481828 0.114157 6
1726782481925 0.288252 6
1726782482019 0.085942 6
1726782482112 0.041123 6
1726782482208 0.119821 6
1726782482313 0.438191 6
1726782482410 0.225437 6
1726782482505 0.167701 12
1726782482600 0.368296 12
1726782482695 0.128578 12
1726782482790 0.184851 12
1726782482884 0.333465 12
1726782482979 0.175171 12
1726782483074 0.108743 12
1726782483174 0.212021 12
1726782483270 0.1161 12
1726782483367 0.336889 12
1726782483462 0.293235 18
1726782483561 0.223841 18
1726782483658 0.172454 18
1726782483754 0.45257 18
1726782483847 0.190516 18
1726782483944 0.10577 18
1726782484040 0.276898 18
1726782484135 0.108008 18
1726782484230 0.179584 18
1726782484333 0.238272 18
1726782484429 0.21662 24
1726782484524 0.108393 24
1726782484619 0.35331 24
1726782484712 0.131489 24
1726782484806 0.446943 24
1726782484899 0.12796 24
1726782484993 0.203563 24
1726782487330 0.114705 0
1726782487429 0.070894 0
1726782487523 0.199209 0
1726782487617 0.068962 0
1726782487714 0.167636 0
1726782487811 0.186633 0
1726782487905 0.122567 0
1726782487999 0.065848 0
1726782488092 0.179053 0
1726782488186 0.067995 0
1726782488280 0.032947 7
1726782488384 0.087317 7
1726782488481 0.0698 7
1726782488576 0.087421 7
1726782488671 0.251265 7
1726782488765 0.104085 7
1726782488860 0.049301 7
1726782488952 0.104458 7
1726782489048 0.434703 7
1726782489142 0.187168 7
1726782489249 0.145649 14
1726782489347 0.365143 14
1726782489442 0.143642 14
1726782489535 0.128996 14
1726782489628 0.297747 14
1726782489722 0.170254 14
1726782489816 0.122127 14
1726782489910 0.231387 14
1726782490006 0.089192 14
1726782490104 0.355667 14
1726782490202 0.281109 21
1726782490297 0.22781 21
1726782490392 0.171903 21
1726782490496 0.38471 21
1726782490591 0.205654 21
1726782490686 0.091079 21
1726782490780 0.266466 21
1726782490876 0.102908 21
1726782490970 0.157816 21
1726782491067 0.217597 21
1726782491164 0.19883 28
1726782491258 0.105136 28
1726782491355 0.369179 28
1726782491450 0.132405 28
1726782491545 0.397588 28
1726782491639 0.138094 28
1726782491733 0.195149 28
1726782494075 0.125587 0
1726782494170 0.072731 0
1726782494265 0.198554 0
1726782494359 0.06716 0
1726782494452 0.177944 0
1726782494555 0.186538 0
1726782494650 0.126667 0
1726782494745 0.046637 0
1726782494841 0.196484 0
1726782494934 0.075457 0
1726782495029 0.035086 8
1726782495129 0.082114 8
1726782495223 0.07108 8
1726782495316 0.076755 8
1726782495410 0.271958 8
1726782495504 0.08894 8
1726782495598 0.031905 8
1726782495691 0.088862 8
1726782495783 0.451338 8
1726782495876 0.189528 8
1726782495969 0.153691 16
1726782496061 0.351483 16
1726782496159 0.141857 16
1726782496254 0.125693 16
1726782496349 0.305884 16
1726782496442 0.150157 16
1726782496538 0.103089 16
1726782496641 0.256038 16
1726782496736 0.077438 16
1726782496835 0.27761 16
1726782496932 0.291053 24
1726782497026 0.22448 24
1726782497122 0.168772 24
1726782497219 0.360844 24
1726782497315 0.206394 24
1726782497410 0.087058 24
1726782497504 0.243989 24
1726782497597 0.104615 24
1726782497694 0.151097 24
1726782497789 0.212401 24
1726782497885 0.182354 32
1726782497985 0.112117 32
1726782498083 0.349181 32
1726782498179 0.12599 32
1726782498275 0.410078 32
1726782498370 0.128715 32
1726782498464 0.194708 32
1726782500826 0.099855 0
1726782500922 0.069493 0
1726782501016 0.186917 0
1726782501109 0.064242 0
1726782501204 0.170766 0
1726782501298 0.175179 0
1726782501392 0.13682 0
1726782501486 0.044514 0
1726782501581 0.196161 0
1726782501676 0.069502 0
1726782501770 0.036702 9
1726782501869 0.073679 9
1726782501963 0.075583 9
1726782502057 0.082586 9
1726782502151 0.294708 9
1726782502245 0.090148 9
1726782502340 0.031924 9
1726782502433 0.09283 9
1726782502528 0.459794 9
1726782502622 0.195291 9
1726782502725 0.156817 18
1726782502820 0.355483 18
1726782502914 0.123223 18
1726782503012 0.116755 18
1726782503108 0.314595 18
1726782503202 0.145769 18
1726782503298 0.092735 18
1726782503392 0.242331 18
1726782503487 0.078138 18
1726782503581 0.27066 18
1726782503674 0.268781 27
1726782503771 0.217924 27
1726782503866 0.168699 27
1726782503963 0.387928 27
1726782504059 0.193259 27
1726782504154 0.093692 27
1726782504250 0.254414 27
1726782504345 0.101437 27
1726782504439 0.153504 27
1726782504534 0.207583 27
1726782504627 0.175391 36
1726782504721 0.10764 36
1726782504825 0.362033 36
1726782504926 0.132223 36
1726782505024 0.410382 36
1726782505120 0.120783 36
1726782505215 0.187799 36
1726782507558 0.10707 0
1726782507663 0.068491 0
1726782507758 0.181451 0
1726782507852 0.064988 0
1726782507946 0.166002 0
1726782508039 0.167165 0
1726782508135 0.133776 0
1726782508230 0.04703 0
1726782508324 0.192785 0
1726782508418 0.074833 0
1726782508511 0.034695 10
1726782508611 0.075059 10
1726782508706 0.072794 10
1726782508803 0.086825 10
1726782508908 0.295214 10
1726782509003 0.08895 10
1726782509100 0.033333 10
1726782509193 0.094096 10
1726782509287 0.438662 10
1726782509383 0.195615 10
1726782509477 0.153626 20
1726782509574 0.35865 20
1726782509667 0.122613 20
1726782509760 0.117787 20
1726782509855 0.318331 20
1726782509949 0.138686 20
1726782510045 0.09382 20
1726782510149 0.224477 20
1726782510248 0.089553 20
1726782510342 0.270893 20
1726782510436 0.280231 30
1726782510532 0.220677 30
1726782510628 0.174236 30
1726782510723 0.346638 30
1726782510816 0.189308 30
1726782510919 0.089767 30
1726782511013 0.245599 30
1726782511108 0.09397 30
1726782511202 0.156072 30
1726782511296 0.201384 30
1726782511390 0.180232 40
1726782511482 0.103975 40
1726782511579 0.344661 40
1726782511674 0.127272 40
1726782511769 0.403995 40
1726782511869 0.116444 40
1726782511964 0.178608 40
