1727117938242 0.0 0
1727117938392 10.0 0
1727117938546 20.0 0
1727117938689 30.0 0
1727117938838 40.0 0
1727117938982 50.0 0
1727117939669 0.0 0
1727117939814 10.0 0
1727117939960 20.0 0
1727117940107 30.0 0
1727117940251 40.0 0
1727117940395 50.0 0
1727117940910 0.0 0
1727117941060 10.0 0
1727117941207 20.0 0
1727117941349 30.0 0
1727117941493 40.0 0
1727117941634 50.0 0
1727117942171 0.0 0
1727117942314 10.0 0
1727117942459 20.0 0
1727117942601 30.0 0
1727117942744 40.0 0
1727117942893 50.0 0
