1726675806087 10.642913 0
1726675806238 0.92357 0
1726675806362 47.456558 0
1726675806474 4.297748 0
1726675806583 6.962571 0
1726675806692 3.858124 0
1726675807143 0.449971 0
1726675807275 0.859506 0
1726675807401 10.459531 0
1726675807522 3.387871 0
1726675807634 6.10357 0
1726675807744 3.489398 0
1726675808198 3.743512 0
1726675808335 2.026548 0
1726675808457 6.69127 0
1726675808570 7.681126 0
1726675808680 2.725347 0
1726675808789 3.35413 0
1726675809231 0.495236 0
1726675809352 0.973133 0
1726675809471 2.336094 0
1726675809584 13.139597 0
1726675809694 2.163574 0
1726675809804 1.841622 0
1726675810250 0.668675 0
1726675810378 0.536864 0
1726675810508 8.335193 0
1726675810633 6.944522 0
1726675810750 2.281477 0
1726675810862 2.821176 0
1726675811309 5.665219 0
1726675811434 21.04278 0
1726675811558 3.708908 0
1726675811673 5.406247 0
1726675811783 2.412091 0
1726675811892 12.534018 0
1726675812346 0.468621 0
1726675812483 0.550103 0
1726675812607 5.762201 0
1726675812724 1.520029 0
1726675812834 12.476163 0
1726675812943 2.47064 0
1726675813389 51.991619 0
1726675813508 21.36389 0
1726675813622 3.594399 0
1726675813731 9.27243 0
1726675813841 2.421855 0
1726675813950 5.588418 0
1726675814395 0.438069 0
1726675814522 0.499166 0
1726675814649 5.050075 0
1726675814771 4.998192 0
1726675814884 2.166131 0
1726675814994 4.322583 0
1726675815456 2.792217 0
1726675815582 2.706935 0
1726675815702 11.192408 0
1726675815816 11.12937 0
1726675815926 3.852762 0
1726675816037 36.255291 0
