1726888742822 0.420232 0
1726888742962 0.3156 0
1726888743101 0.627304 0
1726888743240 1.32306 0
1726888743377 0.647255 0
1726888743516 0.447944 0
1726888743653 0.218726 0
1726888743791 0.318412 0
1726888743958 0.167839 0
1726888744098 0.272728 0
1726888744235 0.277453 1
1726888745154 0.569173 0
1726888745295 0.290192 0
1726888745432 0.729783 0
1726888745571 1.037361 0
1726888745708 0.67109 0
1726888745845 0.609911 0
1726888745982 0.214326 0
1726888746119 0.851725 0
1726888746256 0.426189 0
1726888746395 0.533815 0
1726888746534 0.170926 2
1726888747454 0.09245 0
1726888747594 0.355974 0
1726888747731 1.35557 0
1726888747868 1.188426 0
1726888748011 1.159817 0
1726888748154 0.7817 0
1726888748292 0.495221 0
1726888748428 0.294718 0
1726888748566 0.808631 0
1726888748703 0.243589 0
1726888748840 0.123036 3
1726888749756 0.804848 0
1726888749893 0.451289 0
1726888750031 0.946908 0
1726888750167 1.251773 0
1726888750305 0.656262 0
1726888750441 1.413741 0
1726888750580 0.837896 0
1726888750717 0.254475 0
1726888750854 0.42098 0
1726888750991 0.318482 0
1726888751128 0.364803 4
1726888752047 0.120434 0
1726888752184 0.251901 0
1726888752320 0.731564 0
1726888752458 1.16307 0
1726888752595 0.660896 0
1726888752732 0.469186 0
1726888752870 0.195611 0
1726888753007 0.318348 0
1726888753145 0.195239 0
1726888753284 0.245571 0
1726888753424 0.123976 5
1726888754377 0.126531 0
1726888754520 0.240814 0
1726888754658 0.599376 0
1726888754795 0.990324 0
1726888754932 0.601269 0
1726888755070 0.421762 0
1726888755207 0.173645 0
1726888755345 0.267663 0
1726888755486 0.184942 0
1726888755633 0.267821 0
1726888755772 0.123438 6
1726888756691 0.10245 0
1726888756830 0.238011 0
1726888756967 0.575942 0
1726888757104 0.957034 0
1726888757241 0.579829 0
1726888757379 0.44153 0
1726888757519 0.176659 0
1726888757656 0.255303 0
1726888757795 0.17272 0
1726888757931 0.270364 0
1726888758069 0.126416 7
1726888758983 0.094094 0
1726888759121 0.231679 0
1726888759258 0.57814 0
1726888759397 0.923012 0
1726888759536 0.576516 0
1726888759674 0.433928 0
1726888759811 0.179642 0
1726888759947 0.250981 0
1726888760085 0.166105 0
1726888760221 0.275448 0
1726888760362 0.12186 8
1726888761278 0.082276 0
1726888761417 0.233283 0
1726888761557 0.572574 0
1726888761694 0.905603 0
1726888761831 0.554219 0
1726888761969 0.44225 0
1726888762106 0.181271 0
1726888762243 0.241327 0
1726888762380 0.160675 0
1726888762517 0.272875 0
1726888762655 0.120265 9
1726888763596 0.07644 0
1726888763734 0.229815 0
1726888763876 0.573025 0
1726888764014 0.898716 0
1726888764151 0.550776 0
1726888764288 0.432201 0
1726888764424 0.182301 0
1726888764561 0.23527 0
1726888764698 0.159192 0
1726888764834 0.268241 0
1726888764974 0.12051 10
