1726809824480 0.297821 0
1726809824584 0.050782 0
1726809824684 0.058551 0
1726809824786 0.004322 0
1726809824886 0.100149 0
1726809824987 1.111149 0
1726809825087 0.176398 0
1726809825187 0.238986 0
1726809825297 0.242198 0
1726809825398 0.173688 0
1726809825500 0.436835 1
1726809825601 0.330614 1
1726809825703 0.558223 1
1726809825802 0.327433 1
1726809825903 0.702401 1
1726809826004 0.381105 1
1726809826103 0.73684 1
1726809826203 1.02437 1
1726809826306 0.332285 1
1726809826408 0.22536 1
1726809826511 0.475979 2
1726809826614 0.786906 2
1726809826718 0.281078 2
1726809826819 0.368988 2
1726809826920 0.236263 2
1726809828300 0.607986 0
1726809828403 0.050103 0
1726809828503 0.037219 0
1726809828604 0.008652 0
1726809828706 0.022835 0
1726809828808 0.28921 0
1726809828908 0.079591 0
1726809829008 0.248779 0
1726809829108 0.298293 0
1726809829209 0.167878 0
1726809829310 0.355273 2
1726809829421 0.254032 2
1726809829528 0.435176 2
1726809829629 0.325241 2
1726809829730 0.636913 2
1726809829830 0.426881 2
1726809829930 0.661513 2
1726809830029 0.908531 2
1726809830128 0.328765 2
1726809830228 0.179182 2
1726809830329 0.513905 4
1726809830430 0.804962 4
1726809830530 0.292717 4
1726809830630 0.326992 4
1726809830729 0.011272 4
1726809832116 1.105701 0
1726809832221 0.043639 0
1726809832322 0.078697 0
1726809832423 0.165316 0
1726809832525 0.128842 0
1726809832626 0.56841 0
1726809832726 0.07572 0
1726809832829 0.242357 0
1726809832932 0.273047 0
1726809833033 0.161031 0
1726809833133 0.36442 3
1726809833234 0.247338 3
1726809833347 0.468005 3
1726809833454 0.288365 3
1726809833556 0.670449 3
1726809833656 0.399735 3
1726809833756 0.70725 3
1726809833860 0.955982 3
1726809833962 0.333998 3
1726809834063 0.160771 3
1726809834164 0.507336 6
1726809834264 0.82778 6
1726809834365 0.269657 6
1726809834465 0.333798 6
1726809834574 0.099457 6
1726809835884 0.096949 0
1726809835992 0.047958 0
1726809836092 0.012321 0
1726809836195 0.003826 0
1726809836297 0.036735 0
1726809836397 0.265974 0
1726809836499 0.07692 0
1726809836599 0.242128 0
1726809836743 0.26801 0
1726809836844 0.160839 0
1726809836944 0.321706 4
1726809837044 0.241112 4
1726809837144 0.406707 4
1726809837246 0.30274 4
1726809837348 0.596862 4
1726809837449 0.418498 4
1726809837557 0.643488 4
1726809837661 0.879982 4
1726809837762 0.352211 4
1726809837865 0.13832 4
1726809837971 0.519516 8
1726809838072 0.833942 8
1726809838172 0.261375 8
1726809838274 0.33535 8
1726809838375 0.023838 8
1726809839756 0.060531 0
1726809839866 0.038361 0
1726809839969 0.01927 0
1726809840075 0.011899 0
1726809840177 0.029763 0
1726809840279 0.307376 0
1726809840383 0.072987 0
1726809840484 0.2311 0
1726809840584 0.249901 0
1726809840688 0.172492 0
1726809840793 0.292424 5
1726809840894 0.237515 5
1726809840994 0.416209 5
1726809841096 0.296144 5
1726809841199 0.56744 5
1726809841299 0.424335 5
1726809841400 0.625947 5
1726809841500 0.845404 5
1726809841602 0.37966 5
1726809841710 0.162018 5
1726809841811 0.50328 10
1726809841911 0.857488 10
1726809842012 0.292272 10
1726809842113 0.372875 10
1726809842213 0.040781 10
1726809843535 0.085738 0
1726809843640 0.041622 0
1726809843753 0.00417 0
1726809843858 0.00975 0
1726809843962 0.014896 0
1726809844062 0.242961 0
1726809844165 0.067175 0
1726809844269 0.22266 0
1726809844370 0.265657 0
1726809844472 0.175512 0
1726809844578 0.278351 6
1726809844679 0.219138 6
1726809844779 0.395197 6
1726809844879 0.259287 6
1726809844980 0.552092 6
1726809845083 0.421706 6
1726809845185 0.586231 6
1726809845290 0.868918 6
1726809845396 0.396828 6
1726809845497 0.135686 6
1726809845599 0.476835 12
1726809845703 0.855621 12
1726809845814 0.273385 12
1726809845917 0.388603 12
1726809846018 0.0309 12
1726809847348 0.074409 0
1726809847454 0.040686 0
1726809847555 0.005747 0
1726809847655 0.003915 0
1726809847761 0.010448 0
1726809847867 0.236508 0
1726809847971 0.066104 0
1726809848073 0.230782 0
1726809848174 0.244666 0
1726809848277 0.201149 0
1726809848378 0.270005 7
1726809848480 0.214604 7
1726809848583 0.391265 7
1726809848686 0.263674 7
1726809848786 0.535875 7
1726809848888 0.400261 7
1726809848992 0.598019 7
1726809849094 0.890218 7
1726809849196 0.418561 7
1726809849296 0.132097 7
1726809849396 0.449693 14
1726809849498 0.83832 14
1726809849604 0.269205 14
1726809849703 0.373602 14
1726809849824 0.022234 14
1726809851138 0.075711 0
1726809851242 0.042317 0
1726809851344 0.006373 0
1726809851444 0.003202 0
1726809851546 0.013933 0
1726809851647 0.212009 0
1726809851747 0.064761 0
1726809851848 0.225862 0
1726809851954 0.238593 0
1726809852054 0.207181 0
1726809852155 0.264584 8
1726809852255 0.201389 8
1726809852362 0.370192 8
1726809852466 0.250882 8
1726809852567 0.512413 8
1726809852669 0.416797 8
1726809852770 0.601738 8
1726809852869 0.818061 8
1726809852971 0.429703 8
1726809853074 0.133942 8
1726809853174 0.460757 16
1726809853276 0.846511 16
1726809853379 0.259859 16
1726809853480 0.334092 16
1726809853583 0.010087 16
1726809855031 0.082843 0
1726809855134 0.039881 0
1726809855240 0.004129 0
1726809855343 0.00698 0
1726809855445 0.008927 0
1726809855545 0.201946 0
1726809855645 0.067345 0
1726809855747 0.218324 0
1726809855848 0.21169 0
1726809855952 0.197376 0
1726809856057 0.268355 9
1726809856158 0.200727 9
1726809856261 0.356941 9
1726809856366 0.254358 9
1726809856469 0.52555 9
1726809856571 0.404043 9
1726809856675 0.514596 9
1726809856776 0.789562 9
1726809856878 0.428788 9
1726809856984 0.141783 9
1726809857087 0.41401 18
1726809857190 0.812725 18
1726809857294 0.252818 18
1726809857400 0.355088 18
1726809857500 0.013271 18
