1726896315344 0.0 0
1726896315483 10.0 0
1726896315621 20.0 0
1726896315762 30.0 0
1726896315901 40.0 0
1726896316040 50.0 0
1726896316179 60.0 0
1726896316317 70.0 0
1726896316458 80.0 0
1726896316599 90.0 0
1726896316740 100.0 1
1726896317595 0.0 0
1726896317736 10.0 0
1726896317875 20.0 0
1726896318014 30.0 0
1726896318152 40.0 0
1726896318290 50.0 0
1726896318431 60.0 0
1726896318571 70.0 0
1726896318711 80.0 0
1726896318849 90.0 0
1726896318988 100.0 2
1726896319845 0.0 0
1726896319985 10.0 0
1726896320123 20.0 0
1726896320262 30.0 0
1726896320401 40.0 0
1726896320541 50.0 0
1726896320679 60.0 0
1726896320820 70.0 0
1726896320961 80.0 0
1726896321100 90.0 0
1726896321238 100.0 3
1726896322095 0.0 0
1726896322235 10.0 0
1726896322373 20.0 0
1726896322512 30.0 0
1726896322661 40.0 0
1726896322804 50.0 0
1726896322944 60.0 0
1726896323084 70.0 0
1726896323223 80.0 0
1726896323363 90.0 0
1726896323503 100.0 4
1726896324358 0.0 0
1726896324497 10.0 0
1726896324637 20.0 0
1726896324776 30.0 0
1726896324915 40.0 0
1726896325054 50.0 0
1726896325193 60.0 0
1726896325331 70.0 0
1726896325470 80.0 0
1726896325609 90.0 0
1726896325748 100.0 5
1726896326599 0.0 0
1726896326740 10.0 0
1726896326879 20.0 0
1726896327018 30.0 0
1726896327156 40.0 0
1726896327297 50.0 0
1726896327435 60.0 0
1726896327573 70.0 0
1726896327711 80.0 0
1726896327849 90.0 0
1726896327989 100.0 6
1726896328857 0.0 0
1726896329000 10.0 0
1726896329138 20.0 0
1726896329278 30.0 0
1726896329418 40.0 0
1726896329557 50.0 0
1726896329701 60.0 0
1726896329839 70.0 0
1726896329978 80.0 0
1726896330117 90.0 0
1726896330255 100.0 7
1726896331137 0.0 0
1726896331276 10.0 0
1726896331415 20.0 0
1726896331554 30.0 0
1726896331692 40.0 0
1726896331831 50.0 0
1726896331971 60.0 0
1726896332112 70.0 0
1726896332251 80.0 0
1726896332391 90.0 0
1726896332529 100.0 8
1726896333388 0.0 0
1726896333529 10.0 0
1726896333668 20.0 0
1726896333805 30.0 0
1726896333944 40.0 0
1726896334082 50.0 0
1726896334220 60.0 0
1726896334358 70.0 0
1726896334496 80.0 0
1726896334635 90.0 0
1726896334774 100.0 9
1726896335634 0.0 0
1726896335774 10.0 0
1726896335912 20.0 0
1726896336051 30.0 0
1726896336189 40.0 0
1726896336327 50.0 0
1726896336466 60.0 0
1726896336604 70.0 0
1726896336743 80.0 0
1726896336884 90.0 0
1726896337023 100.0 10
