1726846348285 0.405069 0
1726846348474 0.287818 0
1726846348674 0.262603 0
1726846348844 0.324179 0
1726846349003 0.639056 0
1726846349156 0.296347 0
1726846349306 0.294882 0
1726846349460 0.293475 0
1726846349614 0.554729 0
1726846349768 0.611134 0
1726846349919 1.839243 1
1726846350072 0.422226 1
1726846350230 0.698285 1
1726846350391 1.269573 1
1726846350553 0.241967 1
1726846350719 0.744367 1
1726846350892 0.25228 1
1726846351065 0.188416 1
1726846351228 0.180146 1
1726846351399 0.163543 1
1726846355266 0.732609 0
1726846355459 0.197971 0
1726846355658 0.166876 0
1726846355837 0.190281 0
1726846356009 0.434748 0
1726846356171 0.237253 0
1726846356334 0.203025 0
1726846356497 0.152856 0
1726846356656 0.340496 0
1726846356810 0.433333 0
1726846356956 0.644537 2
1726846357102 0.362619 2
1726846357248 0.460434 2
1726846357390 0.637474 2
1726846357533 0.287085 2
1726846357677 0.593801 2
1726846357820 0.248078 2
1726846357963 0.18736 2
1726846358105 0.146985 2
1726846358249 0.162374 2
1726846361587 0.158163 0
1726846361775 0.222707 0
1726846361945 0.182776 0
1726846362109 0.179352 0
1726846362267 0.361168 0
1726846362424 0.231871 0
1726846362580 0.24419 0
1726846362732 0.185538 0
1726846362885 0.380459 0
1726846363038 0.455665 0
1726846363193 0.61228 3
1726846363353 0.361842 3
1726846363523 0.441553 3
1726846363704 0.655399 3
1726846363898 0.285211 3
1726846364085 0.670235 3
1726846364256 0.243732 3
1726846364424 0.181184 3
1726846364590 0.159862 3
1726846364751 0.171635 3
1726846368054 0.14731 0
1726846368246 0.188065 0
1726846368431 0.174549 0
1726846368596 0.180487 0
1726846368748 0.366491 0
1726846368894 0.201365 0
1726846369038 0.215348 0
1726846369183 0.177772 0
1726846369333 0.356518 0
1726846369488 0.449668 0
1726846369650 0.600915 4
1726846369825 0.365042 4
1726846369988 0.43213 4
1726846370145 0.61303 4
1726846370300 0.261342 4
1726846370456 0.652182 4
1726846370610 0.240307 4
1726846370764 0.176474 4
1726846370919 0.146445 4
1726846371080 0.162347 4
1726846374800 0.158617 0
1726846374986 0.180426 0
1726846375184 0.17074 0
1726846375370 0.186212 0
1726846375551 0.365596 0
1726846375727 0.19648 0
1726846375889 0.201427 0
1726846376052 0.174029 0
1726846376220 0.355482 0
1726846376404 0.429969 0
1726846376591 0.597092 5
1726846376767 0.364116 5
1726846376957 0.432623 5
1726846377148 0.606582 5
1726846377322 0.265856 5
1726846377482 0.667401 5
1726846377633 0.225783 5
1726846377778 0.180242 5
1726846377925 0.143715 5
1726846378424 0.157626 5
1726846381933 0.1649 0
1726846382124 0.178818 0
1726846382319 0.163903 0
1726846382480 0.184978 0
1726846382627 0.358157 0
1726846382768 0.189343 0
1726846382908 0.199736 0
1726846383052 0.178724 0
1726846383198 0.340203 0
1726846383340 0.431205 0
1726846383482 0.597621 6
1726846383629 0.36098 6
1726846383780 0.418964 6
1726846383924 0.64267 6
1726846384064 0.258203 6
1726846384203 0.654428 6
1726846384340 0.23065 6
1726846384477 0.182212 6
1726846384617 0.149313 6
1726846384763 0.158759 6
1726846388266 0.16702 0
1726846388457 0.174368 0
1726846388654 0.163647 0
1726846388849 0.186897 0
1726846389040 0.355578 0
1726846389240 0.18274 0
1726846389418 0.200584 0
1726846389592 0.175383 0
1726846389757 0.342186 0
1726846389912 0.423227 0
1726846390064 0.60784 7
1726846390214 0.365541 7
1726846390367 0.428612 7
1726846390520 0.602244 7
1726846390675 0.258793 7
1726846390827 0.617071 7
1726846390976 0.233215 7
1726846391126 0.174307 7
1726846391274 0.148616 7
1726846391421 0.156943 7
1726846395018 0.167916 0
1726846395218 0.172605 0
1726846395408 0.163671 0
1726846395580 0.184625 0
1726846395745 0.360841 0
1726846395903 0.183244 0
1726846396061 0.195742 0
1726846396218 0.173142 0
1726846396375 0.334643 0
1726846396537 0.418715 0
1726846396704 0.619018 8
1726846396875 0.371479 8
1726846397048 0.425098 8
1726846397218 0.611726 8
1726846397380 0.261858 8
1726846397541 0.622511 8
1726846397697 0.23298 8
1726846397848 0.179972 8
1726846397993 0.150062 8
1726846398137 0.164461 8
1726846401602 0.171048 0
1726846401800 0.177484 0
1726846401991 0.159485 0
1726846402175 0.182725 0
1726846402341 0.358257 0
1726846402502 0.176826 0
1726846402660 0.194206 0
1726846402817 0.175651 0
1726846402976 0.328605 0
1726846403133 0.413476 0
1726846403285 0.613968 9
1726846403439 0.38211 9
1726846403597 0.424274 9
1726846403756 0.609482 9
1726846403924 0.254673 9
1726846404083 0.613432 9
1726846404238 0.229758 9
1726846404391 0.179205 9
1726846404548 0.146134 9
1726846404710 0.160039 9
1726846408133 0.172496 0
1726846408335 0.170815 0
1726846408541 0.158392 0
1726846408722 0.186533 0
1726846408893 0.360644 0
1726846409050 0.176601 0
1726846409203 0.192679 0
1726846409355 0.172292 0
1726846409503 0.32797 0
1726846409658 0.406459 0
1726846409816 0.590266 10
1726846409971 0.383887 10
1726846410128 0.433053 10
1726846410295 0.627167 10
1726846410465 0.259097 10
1726846410631 0.583936 10
1726846410793 0.230377 10
1726846410952 0.182801 10
1726846411113 0.147029 10
1726846411267 0.161775 10
