1726905651257 41.115067 0
1726905651398 10.787193 0
1726905651538 16.660275 0
1726905651679 122.348869 0
1726905651819 26.824148 0
1726905651959 32.511421 0
1726905652100 15.785811 0
1726905652240 20.040239 0
1726905652385 11.970293 0
1726905652528 7.087697 0
1726905652669 5.426945 1
1726905653601 8.553616 0
1726905653744 12.932677 0
1726905653884 16.746445 0
1726905654025 1.173215 0
1726905654165 17.658649 0
1726905654306 4.63154 0
1726905654450 3.363213 0
1726905654593 1.990135 0
1726905654735 2.785089 0
1726905654876 1.978122 0
1726905655018 1.852142 2
1726905655963 6.637599 0
1726905656105 14.754226 0
1726905656245 20.598446 0
1726905656386 0.273543 0
1726905656530 8.419065 0
1726905656670 4.960882 0
1726905656810 2.019146 0
1726905656951 1.071713 0
1726905657092 1.607836 0
1726905657236 1.101163 0
1726905657379 1.247355 3
1726905658332 2.622248 0
1726905658472 7.550672 0
1726905658617 9.874277 0
1726905658759 0.12603 0
1726905658901 3.975266 0
1726905659042 4.189177 0
1726905659184 5.546049 0
1726905659328 0.861861 0
1726905659469 1.274557 0
1726905659621 0.782146 0
1726905659763 1.91889 4
1726905660709 2.791969 0
1726905660852 4.830933 0
1726905660994 7.398981 0
1726905661138 0.132306 0
1726905661278 2.454879 0
1726905661420 8.043905 0
1726905661563 4.843048 0
1726905661705 1.944169 0
1726905661846 1.006128 0
1726905661988 0.652314 0
1726905662128 0.762209 5
1726905663081 2.617906 0
1726905663223 3.354675 0
1726905663364 7.292429 0
1726905663504 0.157421 0
1726905663647 2.030553 0
1726905663788 11.375072 0
1726905663929 22.719158 0
1726905664071 0.935808 0
1726905664212 1.560561 0
1726905664353 1.314087 0
1726905664495 1.043668 6
1726905665446 2.740193 0
1726905665590 5.383262 0
1726905665730 4.407271 0
1726905665870 0.173314 0
1726905666010 2.274185 0
1726905666151 3.644984 0
1726905666292 3.190298 0
1726905666434 0.885022 0
1726905666577 1.537284 0
1726905666723 0.576831 0
1726905666865 0.790791 7
1726905667811 2.388484 0
1726905667956 4.20692 0
1726905668104 8.451805 0
1726905668244 0.186361 0
1726905668385 2.051506 0
1726905668526 5.580645 0
1726905668668 7.056879 0
1726905668812 0.716995 0
1726905668954 1.011464 0
1726905669099 0.581745 0
1726905669240 1.062501 8
1726905670179 4.573081 0
1726905670324 3.122329 0
1726905670465 4.923507 0
1726905670606 0.183531 0
1726905670747 2.247633 0
1726905670893 3.252505 0
1726905671034 8.64452 0
1726905671174 0.697438 0
1726905671316 986.777039 0
1726905671457 0.575408 0
1726905671598 1.321643 9
1726905672522 3.218882 0
1726905672663 4.40599 0
1726905672806 7.378455 0
1726905672950 0.16801 0
1726905673091 2.706366 0
1726905673232 5.752877 0
1726905673373 3.885849 0
1726905673513 0.975384 0
1726905673654 1.92149 0
1726905673796 0.581679 0
1726905673939 0.793309 10
