1726839112703 0.645559 0
1726839112881 0.509689 0
1726839113049 1.67589 0
1726839113222 1.15609 0
1726839113399 3.103822 0
1726839113578 0.761305 0
1726839113749 0.453846 0
1726839113905 1.142674 0
1726839114071 3.145076 0
1726839114238 1.977657 0
1726839114403 0.291062 1
1726839114571 0.294838 1
1726839115609 0.616904 0
1726839115775 0.33546 0
1726839115937 1.237082 0
1726839116108 0.781741 0
1726839116274 2.218395 0
1726839116440 0.429287 0
1726839116602 0.536937 0
1726839116767 0.710878 0
1726839116941 1.895989 0
1726839117138 1.005284 0
1726839117306 0.30721 2
1726839117471 0.271815 2
1726839118589 0.538774 0
1726839118753 0.194712 0
1726839118917 0.705618 0
1726839119085 0.472247 0
1726839119249 1.443374 0
1726839119412 0.397233 0
1726839119579 0.375889 0
1726839119745 0.644454 0
1726839119909 1.476956 0
1726839120073 0.749849 0
1726839120235 0.182697 3
1726839120402 0.281826 3
1726839121367 0.234667 0
1726839121539 0.191102 0
1726839121705 0.708121 0
1726839121871 0.468609 0
1726839122038 1.441399 0
1726839122204 0.365084 0
1726839122371 0.341242 0
1726839122538 0.582796 0
1726839122707 1.336249 0
1726839122874 0.686983 0
1726839123041 0.159453 4
1726839123209 0.267719 4
1726839124232 0.225846 0
1726839124363 0.179294 0
1726839124527 0.685179 0
1726839124695 0.48055 0
1726839124862 1.443327 0
1726839125029 0.364034 0
1726839125197 0.303291 0
1726839125365 0.593933 0
1726839125531 1.311971 0
1726839125701 0.67212 0
1726839125869 0.154458 5
1726839126029 0.27069 5
1726839126982 0.218401 0
1726839127145 0.170543 0
1726839127309 0.669552 0
1726839127473 0.441324 0
1726839127636 1.412877 0
1726839127800 0.362989 0
1726839127963 0.290987 0
1726839128126 0.571826 0
1726839128290 1.216398 0
1726839128453 0.644582 0
1726839128617 0.147184 6
1726839128782 0.267761 6
1726839129789 0.201299 0
1726839129954 0.173257 0
1726839130118 0.660131 0
1726839130282 0.455338 0
1726839130445 1.370542 0
1726839130608 0.375913 0
1726839130773 0.276526 0
1726839130939 0.572901 0
1726839131107 1.198569 0
1726839131272 0.623831 0
1726839131435 0.147317 7
1726839131600 0.266287 7
1726839132609 0.189088 0
1726839132784 0.171736 0
1726839132959 0.653198 0
1726839133132 0.443371 0
1726839133306 1.329495 0
1726839133476 0.358248 0
1726839133643 0.272462 0
1726839133808 0.574685 0
1726839133975 1.158092 0
1726839134135 0.607893 0
1726839134297 0.14923 8
1726839134460 0.272291 8
1726839135502 0.16855 0
1726839135675 0.177993 0
1726839135841 0.676373 0
1726839136010 0.434759 0
1726839136177 1.315453 0
1726839136344 0.365239 0
1726839136511 0.272046 0
1726839136665 0.581637 0
1726839136819 1.136866 0
1726839137003 0.596249 0
1726839137195 0.149834 9
1726839137384 0.274845 9
