1726914894761 38.006279 0
1726914894911 15.806643 0
1726914895056 2.534885 0
1726914895199 1.45033 0
1726914895344 3.753432 0
1726914895489 49.999413 0
1726914895633 1.135281 0
1726914895776 1.468647 0
1726914895922 1.650483 0
1726914896067 1.100161 0
1726914896210 0.823799 1
1726914897115 1.817705 0
1726914897260 4.177988 0
1726914897403 1.457765 0
1726914897546 1.434214 0
1726914897689 3.7447 0
1726914897833 1.699448 0
1726914897978 1.260419 0
1726914898120 2.044464 0
1726914898261 1.152892 0
1726914898405 0.995245 0
1726914898548 1.354183 2
1726914899464 4.489539 0
1726914899608 0.834642 0
1726914899753 1.918923 0
1726914899899 0.842485 0
1726914900046 2.60953 0
1726914900195 2.708445 0
1726914900342 1.908528 0
1726914900486 1.032717 0
1726914900630 2.239156 0
1726914900773 1.865884 0
1726914900920 0.777849 3
1726914901803 5.702117 0
1726914901947 2.180784 0
1726914902090 1.059091 0
1726914902233 3.37584 0
1726914902376 3.240707 0
1726914902518 1.177976 0
1726914902661 1.960079 0
1726914902804 7.256351 0
1726914902948 0.751968 0
1726914903095 5.01251 0
1726914903240 1.483403 4
1726914904118 0.494328 0
1726914904265 1.865571 0
1726914904407 7.455267 0
1726914904550 1.298487 0
1726914904698 11.557402 0
1726914904841 2.011735 0
1726914904984 2.420635 0
1726914905131 3.078634 0
1726914905280 10.48299 0
1726914905425 0.742861 0
1726914905568 0.585721 5
1726914906452 2.318341 0
1726914906597 1.145799 0
1726914906739 1.007655 0
1726914906881 5.108389 0
1726914907026 1.57666 0
1726914907175 3.577184 0
1726914907320 13.702333 0
1726914907465 2.850746 0
1726914907607 0.662244 0
1726914907752 0.791892 0
1726914907897 1.05724 6
1726914908793 1.138694 0
1726914908940 2.760023 0
1726914909084 1.986154 0
1726914909230 2.827913 0
1726914909378 9.353388 0
1726914909522 1.866128 0
1726914909665 2.072484 0
1726914909808 1.565813 0
1726914909952 1.806824 0
1726914910095 1.001243 0
1726914910240 0.956616 7
1726914911115 1.110974 0
1726914911264 1.238031 0
1726914911408 2.454846 0
1726914911551 1.903711 0
1726914911694 3.975651 0
1726914911838 1.94627 0
1726914911981 2.356371 0
1726914912123 1.271455 0
1726914912266 0.906137 0
1726914912410 0.759817 0
1726914912555 42.527946 8
