1726918455097 0.475419 0
1726918455247 0.442756 0
1726918455394 0.109974 0
1726918455539 0.253217 0
1726918455687 0.170431 0
1726918455834 0.089828 0
1726918455980 0.151675 0
1726918456125 0.223269 0
1726918456271 0.133725 0
1726918456423 0.104567 0
1726918456571 0.211437 1
1726918456718 0.211951 1
1726918456864 0.271169 1
1726918457013 0.192476 1
1726918457160 0.340508 1
1726918457307 0.469543 1
1726918457454 0.519988 1
1726918457601 0.935161 1
1726918457749 1.073481 1
1726918457894 0.279782 1
1726918458042 0.351903 2
1726918458189 0.900327 2
1726918459804 0.243499 0
1726918459949 0.274241 0
1726918460097 0.134371 0
1726918460246 0.230881 0
1726918460393 0.132577 0
1726918460543 0.116095 0
1726918460690 0.249396 0
1726918460836 0.208349 0
1726918460987 0.129453 0
1726918461133 0.110604 0
1726918461283 0.25376 2
1726918461430 0.235179 2
1726918461577 0.280614 2
1726918461725 0.180595 2
1726918461873 0.338625 2
1726918462020 0.438046 2
1726918462166 0.483304 2
1726918462313 0.489616 2
1726918462460 0.921215 2
1726918462611 0.366845 2
1726918462756 0.356049 4
1726918462907 0.777807 4
1726918464437 0.634629 0
1726918464589 0.382477 0
1726918464738 0.108323 0
1726918464885 0.249926 0
1726918465033 0.138966 0
1726918465182 0.098682 0
1726918465329 0.242517 0
1726918465477 0.235564 0
1726918465621 0.149161 0
1726918465768 0.119349 0
1726918465923 0.222374 3
1726918466071 0.285869 3
1726918466221 0.307474 3
1726918466368 0.215757 3
1726918466515 0.30666 3
1726918466666 0.549336 3
1726918466813 0.518445 3
1726918466960 0.466329 3
1726918467109 0.80363 3
1726918467257 0.305711 3
1726918467404 0.311549 6
1726918467551 0.828419 6
1726918469123 0.473628 0
1726918469272 0.320715 0
1726918469420 0.096075 0
1726918469567 0.212082 0
1726918469714 0.13059 0
1726918469861 0.099082 0
1726918470008 0.244529 0
1726918470155 0.182336 0
1726918470307 0.142149 0
1726918470463 0.118156 0
1726918470622 0.357737 4
1726918470774 0.201985 4
1726918470925 0.23344 4
1726918471074 0.217475 4
1726918471230 0.381725 4
1726918471381 0.534146 4
1726918471532 0.598903 4
1726918471683 0.423752 4
1726918471833 0.8869 4
1726918471981 0.241159 4
1726918472128 0.443639 8
1726918472285 0.947864 8
1726918473831 0.597417 0
1726918473981 0.303236 0
1726918474125 0.107806 0
1726918474273 0.243021 0
1726918474421 0.12456 0
1726918474567 0.134952 0
1726918474714 0.228883 0
1726918474865 0.169931 0
1726918475010 0.172132 0
1726918475158 0.117392 0
1726918475305 0.217001 5
1726918475452 0.24111 5
1726918475598 0.216446 5
1726918475747 0.197678 5
1726918475894 0.368562 5
1726918476040 0.539509 5
1726918476186 0.635946 5
1726918476337 0.535701 5
1726918476484 0.885721 5
1726918476630 0.292567 5
1726918476776 0.398935 10
1726918476928 0.856044 10
