1727123481918 223.586395 0
1727123482053 41.389511 0
1727123482183 71.175842 0
1727123482314 11.393383 0
1727123482449 3.838595 0
1727123482583 1.161382 0
1727123482718 1.532722 0
1727123482854 82.941338 0
1727123482990 0.899071 0
1727123483125 0.940444 0
1727123483258 23.539341 1
1727123483393 0.280344 1
1727123483525 49.121101 1
1727123483658 1.734393 1
1727123483791 1.275681 1
1727123483925 6.413217 1
1727123484060 1.675094 1
1727123484196 0.260743 1
1727123484329 0.144755 1
1727123484464 4.447898 1
1727123484600 12.004282 2
1727123484733 0.665916 2
1727123484868 1.52292 2
1727123485003 0.714835 2
1727123485139 0.560295 2
1727123485276 0.8601 2
1727123485393 0.098305 2
1727123485526 4.114244 2
1727123485659 0.943453 2
1727123485792 2.840963 2
1727123485927 0.787836 3
1727123486060 0.500853 3
1727123486198 0.490267 3
1727123486335 0.126257 3
1727123486469 0.815943 3
1727123486600 1.801921 3
1727123486734 0.235135 3
1727123486866 0.894518 3
1727123487000 0.137192 3
1727123487138 3.961879 3
1727123487271 0.435041 4
1727123487404 0.216015 4
1727123487538 2.64599 4
1727123487671 1.029953 4
1727123487805 0.140996 4
1727123487938 0.151967 4
1727123488069 1.81241 4
1727123488203 0.087836 4
1727123488337 1.288001 4
1727123488474 0.114251 4
1727123488608 0.102154 5
1727123488743 5.302073 5
1727123488873 0.603502 5
1727123489007 0.429704 5
1727123489141 4.999282 5
1727123489274 0.277039 5
1727123489408 0.119333 5
1727123489542 0.250575 5
1727123489675 2.52773 5
1727123489810 1.107537 5
1727123489943 0.147147 6
1727123490075 0.263947 6
1727123490209 1.070396 6
1727123490342 0.393087 6
1727123490475 1.12192 6
1727123490608 0.139502 6
1727123490740 0.363805 6
1727123490874 3.429925 6
1727123491008 1.240463 6
1727123491143 2.214491 6
1727123491277 2.627273 7
1727123491411 0.71649 7
1727123494301 1.448812 0
1727123494437 0.215942 0
1727123494571 0.125036 0
1727123494707 0.199729 0
1727123494842 0.097632 0
1727123494975 0.482625 0
1727123495109 0.16733 0
1727123495243 2.897046 0
1727123495379 0.229451 0
1727123495512 0.825516 0
1727123495649 1.109624 2
1727123495783 0.18921 2
1727123495916 3.937727 2
1727123496049 1.79761 2
1727123496183 0.753638 2
1727123496317 1.554234 2
1727123496455 0.696302 2
1727123496588 0.230538 2
1727123496723 0.18405 2
1727123496858 10.31321 2
1727123496986 3.175709 4
1727123497120 0.684247 4
1727123497254 5.969195 4
1727123497383 0.238777 4
1727123497505 2.003908 4
1727123497639 1.478354 4
1727123497774 0.109494 4
1727123497886 1.514882 4
1727123498027 0.625424 4
1727123498158 1.356866 4
1727123498292 1.004508 6
1727123498426 0.483582 6
1727123498558 0.339467 6
1727123498692 0.101812 6
1727123498826 0.646969 6
1727123498958 1.484531 6
1727123499092 0.239073 6
1727123499226 8.942782 6
1727123499359 0.112536 6
1727123499492 3.422558 6
1727123499625 0.714049 8
1727123499759 0.722534 8
1727123499891 1.507231 8
1727123500025 1.567228 8
1727123500158 0.259589 8
1727123500292 0.125925 8
1727123500428 2.905137 8
1727123500562 0.07383 8
1727123500694 0.824503 8
1727123500808 0.208022 8
1727123500944 0.086915 10
1727123501059 5.172414 10
1727123501191 1.210063 10
1727123501325 0.191323 10
1727123501461 2.169665 10
1727123501594 0.261859 10
1727123501726 0.169691 10
1727123501859 0.588929 10
1727123501992 1.761151 10
1727123502125 0.604181 10
1727123502258 0.168117 12
1727123502392 0.183661 12
1727123502526 2.546637 12
1727123502659 0.497636 12
1727123502793 1.166737 12
1727123502927 0.155603 12
1727123503061 0.400132 12
1727123503195 1.100304 12
1727123503328 0.310797 12
1727123503462 1.463195 12
1727123503594 3.746693 14
1727123503725 0.725267 14
1727123506547 2.016244 0
1727123506681 0.274341 0
1727123506811 0.139373 0
1727123506945 0.217427 0
1727123507077 0.097654 0
1727123507209 0.74873 0
1727123507343 0.179725 0
1727123507476 1.174415 0
1727123507610 0.202501 0
1727123507743 0.78534 0
1727123507879 1.355309 3
1727123508012 0.204048 3
1727123508146 3.285574 3
1727123508279 3.093348 3
1727123508419 1.223178 3
1727123508554 2.064404 3
1727123508690 3.458017 3
1727123508825 0.224569 3
1727123508962 0.17325 3
1727123509095 2.217172 3
1727123509226 2.745001 6
1727123509359 0.639068 6
1727123509491 2.094983 6
1727123509627 0.237832 6
1727123509759 0.728067 6
1727123509892 2.798947 6
1727123510026 0.119341 6
1727123510157 3.149515 6
1727123510290 0.532097 6
1727123510423 1.223942 6
1727123510558 1.048017 9
1727123510692 0.576498 9
1727123510825 0.234557 9
1727123510958 0.11888 9
1727123511092 0.564839 9
1727123511226 1.714174 9
1727123511359 0.179529 9
1727123511492 0.818458 9
1727123511627 0.083632 9
1727123511760 1.864678 9
1727123511895 11.446105 12
1727123512029 0.431671 12
1727123512163 1.141904 12
1727123512298 0.896675 12
1727123512434 0.146125 12
1727123512566 0.114269 12
1727123512698 0.986393 12
1727123512833 0.081189 12
1727123512967 1.12653 12
1727123513101 0.132864 12
1727123513234 0.099392 15
1727123513367 7.051605 15
1727123513500 1.705528 15
1727123513633 0.1302 15
1727123513767 1.593291 15
1727123513901 0.170821 15
1727123514034 0.083515 15
1727123514167 1.618019 15
1727123514301 1.14066 15
1727123514445 0.948664 15
1727123514583 0.160487 18
1727123514720 0.736316 18
1727123514853 1.383485 18
1727123514988 0.268085 18
1727123515123 0.61462 18
1727123515257 0.124017 18
1727123515376 0.392585 18
1727123515507 6.678535 18
1727123515643 1.624281 18
1727123515779 1.96466 18
1727123515911 1.821851 21
1727123516044 0.792058 21
1727123518891 1.851903 0
1727123519020 0.305033 0
1727123519157 0.135686 0
1727123519287 0.191077 0
1727123519414 0.117529 0
1727123519544 0.68142 0
1727123519678 0.158361 0
1727123519814 1.117022 0
1727123519949 0.212432 0
1727123520084 0.605613 0
1727123520217 1.923255 4
1727123520351 0.194052 4
1727123520484 8.565969 4
1727123520617 1.08255 4
1727123520750 3.624239 4
1727123520885 1.919881 4
1727123521017 1.209147 4
1727123521150 0.235547 4
1727123521284 0.169394 4
1727123521420 1.25795 4
1727123521553 5.582078 8
1727123521686 1.264242 8
1727123521821 1.813793 8
1727123521954 0.261231 8
1727123522087 0.73647 8
1727123522221 1.020529 8
1727123522357 0.099628 8
1727123522490 1.392341 8
1727123522624 1.237234 8
1727123522756 2.739597 8
1727123522892 0.867296 12
1727123523026 0.509308 12
1727123523159 0.446645 12
1727123523293 0.102687 12
1727123523426 5.28051 12
1727123523559 1.096849 12
1727123523691 0.174597 12
1727123523827 0.762237 12
1727123523960 0.084593 12
1727123524093 2.181391 12
1727123524227 0.676392 16
1727123524360 1.060915 16
1727123524494 1.93178 16
1727123524628 0.84066 16
1727123524762 0.116064 16
1727123524896 0.157376 16
1727123525034 0.892491 16
1727123525168 0.079472 16
1727123525301 0.725427 16
1727123525433 0.116952 16
1727123525567 0.105033 20
1727123525699 2.379352 20
1727123525834 1.478358 20
1727123525970 0.132827 20
1727123526104 1.244108 20
1727123526236 0.15694 20
1727123526369 0.117543 20
1727123526500 0.142877 20
1727123526633 4.303546 20
1727123526766 0.805224 20
1727123526901 0.136253 24
1727123527038 2.359834 24
1727123527170 1.432698 24
1727123527304 0.810879 24
1727123527437 0.755706 24
1727123527570 0.150349 24
1727123527704 0.35871 24
1727123527819 0.461567 24
1727123527954 0.792873 24
1727123528087 2.218038 24
1727123528220 22.706741 28
1727123528353 0.568936 28
1727123531249 0.453622 0
1727123531379 0.339212 0
1727123531507 0.146041 0
1727123531620 0.188266 0
1727123531751 0.11648 0
1727123531882 5.009395 0
1727123532015 0.172211 0
1727123532150 0.834498 0
1727123532283 0.212728 0
1727123532417 1.447427 0
1727123532550 2.602867 5
1727123532683 0.202586 5
1727123532816 2.90751 5
1727123532950 1.262209 5
1727123533085 1.8116 5
1727123533218 2.143932 5
1727123533349 0.409641 5
1727123533483 0.340075 5
1727123533615 0.310982 5
1727123533749 1.004284 5
1727123533883 2.124503 10
1727123534019 0.897392 10
1727123534155 24.765471 10
1727123534288 0.249379 10
1727123534420 1.160874 10
1727123534551 1.134152 10
1727123534678 0.110929 10
1727123534814 11.326361 10
1727123534950 1.27984 10
1727123535083 1.275616 10
1727123535219 2.074632 15
1727123535354 0.63248 15
1727123535487 0.757165 15
1727123535621 0.094619 15
1727123535755 0.563575 15
1727123535891 1.99217 15
1727123536026 0.17396 15
1727123536159 1.960704 15
1727123536292 0.104116 15
1727123536427 1.817212 15
1727123536562 0.680774 20
1727123536696 0.563638 20
1727123536829 1.510924 20
1727123536965 4.095727 20
1727123537099 0.186804 20
1727123537233 0.137335 20
1727123537367 0.896707 20
1727123537500 0.083686 20
1727123537633 0.958187 20
1727123537766 0.109968 20
1727123537904 0.123667 25
1727123538038 1.208848 25
1727123538175 0.874185 25
1727123538309 0.105192 25
1727123538444 1.126336 25
1727123538577 0.170402 25
1727123538710 0.100968 25
1727123538843 0.370914 25
1727123538976 1.769195 25
1727123539111 0.796875 25
1727123539244 0.100706 30
1727123539379 0.527719 30
1727123539516 1.218862 30
1727123539652 0.889269 30
1727123539787 0.877632 30
1727123539921 0.090152 30
1727123540055 0.337193 30
1727123540189 11.826564 30
1727123540322 0.790246 30
1727123540459 5.403666 30
1727123540592 5.108039 35
1727123540725 0.525463 35
1727123543597 1.805666 0
1727123543733 0.724267 0
1727123543862 0.113025 0
1727123543991 0.167067 0
1727123544126 0.124748 0
1727123544260 0.475229 0
1727123544396 0.171368 0
1727123544533 1.184871 0
1727123544649 0.199821 0
1727123544785 0.796756 0
1727123544919 1.153366 6
1727123545051 0.19076 6
1727123545184 5.498383 6
1727123545320 8.619422 6
1727123545455 1.230371 6
1727123545589 1.334615 6
1727123545723 1.282434 6
1727123545858 0.254512 6
1727123545993 0.257434 6
1727123546126 1.424531 6
1727123546258 3.215104 12
1727123546390 0.996232 12
1727123546524 0.778743 12
1727123546657 0.255739 12
1727123546791 1.210352 12
1727123546926 1.775608 12
1727123547060 0.103922 12
1727123547193 1.462269 12
1727123547326 1.181962 12
1727123547462 1.813783 12
1727123547596 2.757434 18
1727123547730 0.538304 18
1727123547863 0.319942 18
1727123547995 0.089966 18
1727123548129 0.669745 18
1727123548262 2.113145 18
1727123548398 0.18263 18
1727123548533 0.898478 18
1727123548667 0.094462 18
1727123548800 2.796288 18
1727123548934 0.730115 24
1727123549068 1.074194 24
1727123549200 1.285964 24
1727123549333 1.450091 24
1727123549467 0.15687 24
1727123549600 0.139331 24
1727123549727 5.288447 24
1727123549846 0.080895 24
1727123549979 1.586876 24
1727123550111 0.134873 24
1727123550243 0.096908 30
1727123550379 2.907638 30
1727123550495 1.050365 30
1727123550629 0.091111 30
1727123550763 1.96227 30
1727123550896 0.179741 30
1727123551029 0.106728 30
1727123551163 0.259119 30
1727123551298 2.884062 30
1727123551433 1.39155 30
1727123551567 0.103946 36
1727123551701 0.246475 36
1727123551834 6.200739 36
1727123551968 0.403172 36
1727123552102 1.288583 36
1727123552235 0.129336 36
1727123552369 0.353333 36
1727123552503 0.497045 36
1727123552637 2.214621 36
1727123552770 9.112308 36
1727123552909 28.0243 42
1727123553043 0.65271 42
