1726907795606 7.025008 0
1726907795748 2.052524 0
1726907795888 2.615071 0
1726907796028 1.820951 0
1726907796179 9.541808 0
1726907796767 1.283734 0
1726907796911 3.69662 0
1726907797053 3.114594 0
1726907797194 2.018627 0
1726907797336 7.129619 0
1726907797831 5.078907 0
1726907797976 3.247556 0
1726907798117 5.152782 0
1726907798258 1.862575 0
1726907798398 8.585648 0
1726907798904 3.878609 0
1726907799049 3.561464 0
1726907799191 3.218892 0
1726907799332 3.088358 0
1726907799472 2.353539 0
1726907799976 1.434285 0
1726907800119 2.524213 0
1726907800260 3.382388 0
1726907800401 1.790741 0
1726907800543 2.781293 0
