1726907795595 0.435159 0
1726907795737 0.301852 0
1726907795877 0.235605 0
1726907796018 0.148428 0
1726907796169 0.476287 0
1726907796756 0.285176 0
1726907796900 0.195386 0
1726907797042 0.162259 0
1726907797183 0.115979 0
1726907797325 0.541228 0
1726907797820 0.215933 0
1726907797965 0.214834 0
1726907798106 0.165246 0
1726907798247 0.106075 0
1726907798388 0.333766 0
1726907798893 0.19642 0
1726907799038 0.172217 0
1726907799180 0.173234 0
1726907799321 0.100644 0
1726907799461 0.24387 0
1726907799964 0.257467 0
1726907800108 0.17203 0
1726907800249 0.161128 0
1726907800390 0.105085 0
1726907800532 0.238318 0
