1726787053524 0.359354 0
1726787053624 0.232996 0
1726787053718 0.289369 0
1726787053812 0.368503 0
1726787053906 2.004858 0
1726787054006 4.566027 0
1726787054103 3.567013 0
1726787054201 5.268663 0
1726787054296 1.457433 0
1726787054391 0.525175 0
1726787054485 1.640807 1
1726787054582 0.786384 1
1726787054680 0.394703 1
1726787054778 0.389886 1
1726787054873 0.310785 1
1726787054968 0.130405 1
1726787055062 0.256675 1
1726787055157 0.273151 1
1726787055252 0.092604 1
1726787055345 0.307714 1
1726787055439 0.219645 2
1726787055534 1.024655 2
1726787056652 0.320722 0
1726787056758 0.140743 0
1726787056854 0.295763 0
1726787056949 0.240386 0
1726787057045 0.98553 0
1726787057139 2.736096 0
1726787057235 1.926603 0
1726787057331 2.454649 0
1726787057424 0.86515 0
1726787057522 0.599893 0
1726787057618 0.814765 2
1726787057713 0.563793 2
1726787057808 0.320667 2
1726787057903 0.159525 2
1726787057996 0.273982 2
1726787058099 0.128468 2
1726787058196 0.177233 2
1726787058300 0.19325 2
1726787058400 0.090705 2
1726787058504 0.178798 2
1726787058601 0.260125 4
1726787058697 0.805057 4
1726787059781 0.333227 0
1726787059887 0.14413 0
1726787059987 0.205295 0
1726787060086 0.282549 0
1726787060195 0.838089 0
1726787060296 2.163404 0
1726787060392 1.674736 0
1726787060488 2.147776 0
1726787060587 0.841772 0
1726787060684 0.27048 0
1726787060782 0.861208 3
1726787060881 0.592815 3
1726787060991 0.291585 3
1726787061092 0.132546 3
1726787061191 0.308034 3
1726787061290 0.101583 3
1726787061387 0.156439 3
1726787061483 0.202519 3
1726787061579 0.081058 3
1726787061674 0.19379 3
1726787061772 0.22741 6
1726787061868 0.802736 6
1726787063006 0.164362 0
1726787063104 0.157199 0
1726787063201 0.178865 0
1726787063301 0.308049 0
1726787063397 0.904814 0
1726787063501 1.999122 0
1726787063598 1.516787 0
1726787063695 1.924662 0
1726787063791 0.773867 0
1726787063886 0.235902 0
1726787063988 0.893094 4
1726787064087 0.581235 4
1726787064187 0.294345 4
1726787064293 0.121153 4
1726787064389 0.269297 4
1726787064485 0.095178 4
1726787064581 0.154443 4
1726787064678 0.198756 4
1726787064775 0.075536 4
1726787064872 0.187542 4
1726787064967 0.213001 8
1726787065063 0.832683 8
1726787066141 0.101774 0
1726787066241 0.151272 0
1726787066346 0.166702 0
1726787066441 0.314392 0
1726787066538 0.810614 0
1726787066637 1.880299 0
1726787066734 1.484999 0
1726787066831 1.797238 0
1726787066926 0.801459 0
1726787067020 0.16803 0
1726787067113 0.89272 5
1726787067220 0.546323 5
1726787067318 0.282882 5
1726787067414 0.112043 5
1726787067512 0.248924 5
1726787067608 0.096524 5
1726787067704 0.152724 5
1726787067801 0.201928 5
1726787067895 0.072788 5
1726787067991 0.185002 5
1726787068086 0.192476 10
1726787068184 0.828071 10
1726787069375 0.091889 0
1726787069473 0.150493 0
1726787069572 0.163925 0
1726787069669 0.299008 0
1726787069767 0.773956 0
1726787069864 1.710341 0
1726787069960 1.400197 0
1726787070055 1.715118 0
1726787070153 0.764773 0
1726787070253 0.156362 0
1726787070354 0.825818 6
1726787070457 0.575428 6
1726787070555 0.275368 6
1726787070652 0.109005 6
1726787070748 0.263224 6
1726787070846 0.092129 6
1726787070940 0.149739 6
1726787071039 0.197256 6
1726787071138 0.069578 6
1726787071238 0.186576 6
1726787071334 0.191694 12
1726787071431 0.824202 12
1726787072546 0.089916 0
1726787072652 0.137464 0
1726787072752 0.159138 0
1726787072854 0.294672 0
1726787072955 0.763563 0
1726787073052 1.668332 0
1726787073149 1.370448 0
1726787073246 1.666906 0
1726787073344 0.751825 0
1726787073442 0.1544 0
1726787073541 0.800475 7
1726787073641 0.601593 7
1726787073737 0.269837 7
1726787073833 0.098412 7
1726787073930 0.263778 7
1726787074027 0.091498 7
1726787074123 0.153416 7
1726787074225 0.195396 7
1726787074325 0.070192 7
1726787074424 0.185457 7
1726787074531 0.191244 14
1726787074631 0.820695 14
1726787075737 0.087531 0
1726787075842 0.134669 0
1726787075939 0.151237 0
1726787076037 0.281244 0
1726787076134 0.718511 0
1726787076231 1.588657 0
1726787076331 1.330455 0
1726787076428 1.567835 0
1726787076537 0.755179 0
1726787076633 0.148292 0
1726787076730 0.77263 8
1726787076826 0.581746 8
1726787076920 0.278918 8
1726787077015 0.094621 8
1726787077111 0.276077 8
1726787077206 0.087053 8
1726787077302 0.15 8
1726787077397 0.195655 8
1726787077491 0.067199 8
1726787077587 0.190605 8
1726787077681 0.182353 16
1726787077778 0.835335 16
1726787078988 0.084137 0
1726787079092 0.136327 0
1726787079190 0.147156 0
1726787079286 0.27545 0
1726787079381 0.70506 0
1726787079476 1.49041 0
1726787079570 1.277544 0
1726787079667 1.580251 0
1726787079762 0.753084 0
1726787079857 0.143303 0
1726787079954 0.739457 9
1726787080049 0.589315 9
1726787080144 0.270733 9
1726787080239 0.097334 9
1726787080335 0.275615 9
1726787080431 0.089056 9
1726787080528 0.153035 9
1726787080632 0.198981 9
1726787080728 0.069196 9
1726787080825 0.188263 9
1726787080920 0.179592 18
1726787081015 0.824743 18
1726787082088 0.085097 0
1726787082186 0.130197 0
1726787082283 0.148273 0
1726787082379 0.282746 0
1726787082474 0.723356 0
1726787082570 1.431402 0
1726787082675 1.224993 0
1726787082771 1.531106 0
1726787082870 0.76884 0
1726787082968 0.140101 0
1726787083065 0.718719 10
1726787083164 0.612542 10
1726787083262 0.271579 10
1726787083358 0.093751 10
1726787083461 0.271705 10
1726787083563 0.090853 10
1726787083659 0.153399 10
1726787083756 0.200879 10
1726787083852 0.068964 10
1726787083948 0.189577 10
1726787084046 0.183629 20
1726787084141 0.818862 20
