1726912641945 25.443661 0
1726912642090 11.002575 0
1726912642235 4.331278 0
1726912642379 3.030777 0
1726912642523 2.200123 0
1726912642667 6.302546 0
1726912642811 2.194966 0
1726912642957 3.170975 0
1726912643100 2.938015 0
1726912643247 1.882511 0
1726912643390 2.933695 1
1726912643537 1.711003 1
1726912643683 0.713752 1
1726912643828 3.970133 1
1726912643974 0.669024 1
1726912644118 1.917866 1
1726912645391 1.138428 0
1726912645539 0.520315 0
1726912645686 1.082924 0
1726912645829 7.37753 0
1726912645973 1.223225 0
1726912646119 1.120953 0
1726912646265 1.96806 0
1726912646407 1.897816 0
1726912646551 1.478278 0
1726912646697 1.677227 0
1726912646842 3.61076 2
1726912646987 3.51034 2
1726912647132 0.914558 2
1726912647277 4.819349 2
1726912647422 1.963042 2
1726912647567 16.006151 2
1726912648781 0.833179 0
1726912648925 0.400589 0
1726912649069 41.268452 0
1726912649215 0.629653 0
1726912649358 1.108351 0
1726912649501 1.424839 0
1726912649647 7.815345 0
1726912649792 1.190204 0
1726912649936 1.353821 0
1726912650089 1.503507 0
1726912650233 3.693716 3
1726912650377 0.797104 3
1726912650521 1.063937 3
1726912650665 0.833257 3
1726912650810 1.127161 3
1726912650954 0.832224 3
1726912652177 1.056808 0
1726912652323 0.720776 0
1726912652470 1.698739 0
1726912652615 0.727823 0
1726912652759 0.865977 0
1726912652904 1.05739 0
1726912653047 1.169792 0
1726912653191 1.656764 0
1726912653336 4.485779 0
1726912653480 1.84412 0
1726912653624 5.898188 4
1726912653772 0.561783 4
1726912653916 0.642878 4
1726912654060 2.393545 4
1726912654204 1.282957 4
1726912654349 0.951669 4
1726912655553 0.950127 0
1726912655703 0.80775 0
1726912655849 1.656419 0
1726912655994 1.050428 0
1726912656137 1.386713 0
1726912656282 1.047742 0
1726912656437 0.743611 0
1726912656583 1.263942 0
1726912656729 3.178399 0
1726912656876 1.889327 0
1726912657022 7.012576 5
1726912657167 0.607811 5
1726912657313 1.174154 5
1726912657456 1.724048 5
1726912657600 1.982242 5
1726912657892 1.279549 5
1726912659191 1.108502 0
1726912659337 0.68122 0
1726912659480 2.666126 0
1726912659623 0.985546 0
1726912659766 0.852459 0
1726912659909 3.666332 0
1726912660060 0.76719 0
1726912660205 1.097706 0
1726912660349 1.460132 0
1726912660493 3.485997 0
1726912660638 3.644767 6
1726912660785 0.576709 6
1726912660930 0.769337 6
1726912661074 2.044509 6
1726912661221 1.427272 6
1726912661368 1.521249 6
1726912662762 0.867599 0
1726912662942 0.695272 0
1726912663196 2.898892 0
1726912663394 0.68218 0
1726912663577 6.113662 0
1726912663777 0.814266 0
1726912663953 0.694176 0
1726912664160 3.090234 0
1726912664348 5.308629 0
1726912664536 1.244893 0
1726912664716 7.379925 7
1726912664903 0.555999 7
1726912665096 0.650189 7
1726912665287 0.758032 7
1726912665469 1.381655 7
1726912665652 0.937494 7
1726912667654 0.775247 0
1726912667850 0.68479 0
1726912668070 1.652538 0
1726912668269 1.245489 0
1726912668455 0.793629 0
1726912668663 1.167211 0
1726912668846 1.068464 0
1726912669045 1.378094 0
1726912669236 5.85896 0
1726912669427 2.404646 0
1726912669618 3.549979 8
1726912669811 0.505143 8
1726912670014 0.563078 8
1726912670206 0.666393 8
1726912670406 1.277431 8
1726912670593 1.519513 8
1726912672708 0.788826 0
1726912672917 1.157021 0
1726912673113 1.902542 0
1726912673299 0.570137 0
1726912673496 0.57712 0
1726912673706 0.714925 0
1726912673915 2.962067 0
1726912674116 2.572811 0
1726912674303 1.485448 0
1726912674498 1.348532 0
1726912674686 36.267033 9
1726912674882 1.040904 9
1726912675061 0.623403 9
1726912675247 0.891588 9
1726912675428 5.567906 9
1726912675615 1.282178 9
1726912677498 0.903975 0
1726912677723 1.26826 0
1726912677898 4.653219 0
1726912678074 19.126858 0
1726912678255 0.595149 0
1726912678434 1.114466 0
1726912678604 1.413786 0
1726912678791 1.213007 0
1726912678966 1.896746 0
1726912679141 1.188095 0
1726912679317 6.447171 10
1726912679481 0.767822 10
1726912679649 0.633259 10
1726912679810 0.708453 10
1726912679966 1.289927 10
1726912680172 1.361717 10
