1727109657855 0.0 0
1727109657974 10.0 0
1727109658110 20.0 0
1727109658243 30.0 0
1727109658374 40.0 0
1727109658509 50.0 0
1727109658642 60.0 0
1727109658775 70.0 0
1727109658908 80.0 0
1727109659041 90.0 0
1727109659176 100.0 1
1727109659307 110.0 1
1727109659443 120.0 1
1727109659590 130.0 1
1727109659727 140.0 1
1727109659858 150.0 1
1727109659991 160.0 1
1727109660126 170.0 1
1727109660267 180.0 1
1727109660402 190.0 1
1727109660535 200.0 2
1727109660668 210.0 2
1727109660798 220.0 2
1727109660933 230.0 2
1727109661050 240.0 2
1727109661183 250.0 2
1727109661318 260.0 2
1727109661451 270.0 2
1727109661583 280.0 2
1727109661716 290.0 2
1727109661850 300.0 3
1727109661982 310.0 3
1727109662117 320.0 3
1727109662250 330.0 3
1727109662382 340.0 3
1727109662516 350.0 3
1727109662649 360.0 3
1727109662784 370.0 3
1727109662919 380.0 3
1727109663051 390.0 3
1727109663185 400.0 4
1727109663316 410.0 4
1727109663446 420.0 4
1727109665619 0.0 0
1727109665752 10.0 0
1727109665889 20.0 0
1727109666024 30.0 0
1727109666156 40.0 0
1727109666278 50.0 0
1727109666405 60.0 0
1727109666534 70.0 0
1727109666670 80.0 0
1727109666804 90.0 0
1727109666940 100.0 2
1727109667070 110.0 2
1727109667204 120.0 2
1727109667343 130.0 2
1727109667477 140.0 2
1727109667607 150.0 2
1727109667740 160.0 2
1727109667861 170.0 2
1727109667994 180.0 2
1727109668127 190.0 2
1727109668260 200.0 4
1727109668394 210.0 4
1727109668524 220.0 4
1727109668659 230.0 4
1727109668793 240.0 4
1727109668924 250.0 4
1727109669059 260.0 4
1727109669195 270.0 4
1727109669327 280.0 4
1727109669457 290.0 4
1727109669591 300.0 6
1727109669727 310.0 6
1727109669860 320.0 6
1727109669993 330.0 6
1727109670125 340.0 6
1727109670267 350.0 6
1727109670407 360.0 6
1727109670542 370.0 6
1727109670677 380.0 6
1727109670815 390.0 6
1727109670953 400.0 8
1727109671093 410.0 8
1727109671230 420.0 8
1727109673117 0.0 0
1727109673251 10.0 0
1727109673383 20.0 0
1727109673519 30.0 0
1727109673655 40.0 0
1727109673797 50.0 0
1727109673933 60.0 0
1727109674068 70.0 0
1727109674203 80.0 0
1727109674335 90.0 0
1727109674468 100.0 3
1727109674602 110.0 3
1727109674734 120.0 3
1727109674867 130.0 3
1727109675003 140.0 3
1727109675135 150.0 3
1727109675267 160.0 3
1727109675401 170.0 3
1727109675536 180.0 3
1727109675668 190.0 3
1727109675800 200.0 6
1727109675931 210.0 6
1727109676067 220.0 6
1727109676199 230.0 6
1727109676327 240.0 6
1727109676461 250.0 6
1727109676590 260.0 6
1727109676720 270.0 6
1727109676867 280.0 6
1727109677002 290.0 6
1727109677134 300.0 9
1727109677268 310.0 9
1727109677401 320.0 9
1727109677536 330.0 9
1727109677669 340.0 9
1727109677800 350.0 9
1727109677932 360.0 9
1727109678060 370.0 9
1727109678191 380.0 9
1727109678324 390.0 9
1727109678460 400.0 12
1727109678592 410.0 12
1727109678725 420.0 12
1727109680636 0.0 0
1727109680763 10.0 0
1727109680908 20.0 0
1727109681044 30.0 0
1727109681178 40.0 0
1727109681293 50.0 0
1727109681427 60.0 0
1727109681561 70.0 0
1727109681695 80.0 0
1727109681827 90.0 0
1727109681960 100.0 4
1727109682093 110.0 4
1727109682230 120.0 4
1727109682361 130.0 4
1727109682493 140.0 4
1727109682628 150.0 4
1727109682759 160.0 4
1727109682894 170.0 4
1727109683028 180.0 4
1727109683160 190.0 4
1727109683292 200.0 8
1727109683427 210.0 8
1727109683559 220.0 8
1727109683691 230.0 8
1727109683826 240.0 8
1727109683961 250.0 8
1727109684092 260.0 8
1727109684226 270.0 8
1727109684358 280.0 8
1727109684495 290.0 8
1727109684627 300.0 12
1727109684758 310.0 12
1727109684893 320.0 12
1727109685027 330.0 12
1727109685159 340.0 12
1727109685292 350.0 12
1727109685427 360.0 12
1727109685560 370.0 12
1727109685694 380.0 12
1727109685826 390.0 12
1727109685959 400.0 16
1727109686088 410.0 16
1727109686231 420.0 16
1727109688140 0.0 0
1727109688277 10.0 0
1727109688411 20.0 0
1727109688543 30.0 0
1727109688675 40.0 0
1727109688808 50.0 0
1727109688963 60.0 0
1727109689097 70.0 0
1727109689230 80.0 0
1727109689363 90.0 0
1727109689488 100.0 5
1727109689618 110.0 5
1727109689751 120.0 5
1727109689862 130.0 5
1727109689995 140.0 5
1727109690127 150.0 5
1727109690260 160.0 5
1727109690393 170.0 5
1727109690526 180.0 5
1727109690659 190.0 5
1727109690788 200.0 10
1727109690919 210.0 10
1727109691053 220.0 10
1727109691185 230.0 10
1727109691318 240.0 10
1727109691449 250.0 10
1727109691581 260.0 10
1727109691716 270.0 10
1727109691852 280.0 10
1727109691989 290.0 10
1727109692119 300.0 15
1727109692247 310.0 15
1727109692380 320.0 15
1727109692512 330.0 15
1727109692644 340.0 15
1727109692777 350.0 15
1727109692910 360.0 15
1727109693024 370.0 15
1727109693157 380.0 15
1727109693289 390.0 15
1727109693421 400.0 20
1727109693559 410.0 20
1727109693694 420.0 20
1727109695619 0.0 0
1727109695748 10.0 0
1727109695886 20.0 0
1727109696022 30.0 0
1727109696160 40.0 0
1727109696293 50.0 0
1727109696427 60.0 0
1727109696559 70.0 0
1727109696693 80.0 0
1727109696823 90.0 0
1727109696960 100.0 6
1727109697102 110.0 6
1727109697234 120.0 6
1727109697376 130.0 6
1727109697511 140.0 6
1727109697643 150.0 6
1727109697775 160.0 6
1727109697911 170.0 6
1727109698030 180.0 6
1727109698168 190.0 6
1727109698306 200.0 12
1727109698443 210.0 12
1727109698579 220.0 12
1727109698714 230.0 12
1727109698853 240.0 12
1727109698985 250.0 12
1727109699121 260.0 12
1727109699253 270.0 12
1727109699392 280.0 12
1727109699528 290.0 12
1727109699661 300.0 18
1727109699800 310.0 18
1727109699936 320.0 18
1727109700068 330.0 18
1727109700202 340.0 18
1727109700337 350.0 18
1727109700475 360.0 18
1727109700609 370.0 18
1727109700744 380.0 18
1727109700877 390.0 18
1727109701009 400.0 24
1727109701145 410.0 24
1727109701277 420.0 24
1727109703130 0.0 0
1727109703268 10.0 0
1727109703403 20.0 0
1727109703536 30.0 0
1727109703668 40.0 0
1727109703802 50.0 0
1727109703935 60.0 0
1727109704069 70.0 0
1727109704206 80.0 0
1727109704343 90.0 0
1727109704483 100.0 7
1727109704620 110.0 7
1727109704760 120.0 7
1727109704897 130.0 7
1727109705036 140.0 7
1727109705170 150.0 7
1727109705306 160.0 7
1727109705444 170.0 7
1727109705578 180.0 7
1727109705711 190.0 7
1727109705846 200.0 14
1727109705985 210.0 14
1727109706125 220.0 14
1727109706266 230.0 14
1727109706396 240.0 14
1727109706526 250.0 14
1727109706660 260.0 14
1727109706769 270.0 14
1727109706890 280.0 14
1727109707019 290.0 14
1727109707149 300.0 21
1727109707282 310.0 21
1727109707414 320.0 21
1727109707530 330.0 21
1727109707661 340.0 21
1727109707792 350.0 21
1727109707923 360.0 21
1727109708038 370.0 21
1727109708168 380.0 21
1727109708301 390.0 21
1727109708433 400.0 28
1727109708564 410.0 28
1727109708700 420.0 28
