1726857037627 0.273432 0
1726857037798 0.152984 0
1726857037973 0.917888 0
1726857038132 0.622952 0
1726857038280 1.171268 0
1726857038423 0.329064 0
1726857038567 0.267916 0
1726857038714 1.059881 0
1726857038861 0.352038 0
1726857040061 0.314296 0
1726857040235 0.137021 0
1726857040399 0.565061 0
1726857040559 0.120012 0
1726857040715 0.819563 0
1726857040869 0.219064 0
1726857041024 0.192449 0
1726857041176 0.85995 0
1726857041327 0.334292 0
1726857042561 0.115337 0
1726857042763 0.104272 0
1726857042950 0.610068 0
1726857043123 0.16067 0
1726857043286 0.782367 0
1726857043441 0.175355 0
1726857043595 0.178662 0
1726857043753 0.797527 0
1726857043905 0.324023 0
1726857045007 0.226512 0
1726857045185 0.162211 0
1726857045345 0.568125 0
1726857045498 0.124614 0
1726857045650 0.696767 0
1726857045802 0.225174 0
1726857045946 0.239692 0
1726857046089 0.815855 0
1726857046229 0.419001 0
1726857047382 0.097801 0
1726857047563 0.110187 0
1726857047742 0.573261 0
1726857047909 0.144604 0
1726857048064 0.81309 0
1726857048212 0.186922 0
1726857048357 0.213812 0
1726857048496 0.765675 0
1726857048636 0.339098 0
1726857049777 0.130938 0
1726857049967 0.133253 0
1726857050147 0.531154 0
1726857050313 0.113276 0
1726857050475 0.885708 0
1726857050632 0.170768 0
1726857050790 0.165302 0
1726857050951 0.744703 0
1726857051105 0.315953 0
1726857052263 0.178558 0
1726857052444 0.098474 0
1726857052616 0.599886 0
1726857052780 0.1376 0
1726857052941 0.682823 0
1726857053099 0.175847 0
1726857053250 0.176138 0
1726857053400 0.721896 0
1726857053550 0.298658 0
1726857054759 0.126006 0
1726857054928 0.103043 0
1726857055092 0.548304 0
1726857055247 0.118565 0
1726857055395 0.695681 0
1726857055540 0.164643 0
1726857055680 0.165173 0
1726857055819 0.710819 0
1726857055957 0.300925 0
1726857057313 0.096021 0
1726857057498 0.096314 0
1726857057671 0.562167 0
1726857057828 0.115451 0
1726857057978 0.656916 0
1726857058120 0.170672 0
1726857058257 0.163892 0
1726857058392 0.710766 0
1726857058524 0.307007 0
1726857059463 0.098836 0
1726857059643 0.099592 0
1726857059815 0.563473 0
1726857059974 0.118881 0
1726857060122 0.645546 0
1726857060262 0.16625 0
1726857060400 0.16377 0
1726857060537 0.696099 0
1726857060672 0.30118 0
