1726793875606 0.0 0
1726793875703 10.0 0
1726793875804 20.0 0
1726793875903 30.0 0
1726793876000 40.0 0
1726793876097 50.0 0
1726793876194 60.0 0
1726793876291 70.0 0
1726793876388 80.0 0
1726793876488 90.0 0
1726793876590 100.0 1
1726793876689 110.0 1
1726793876786 120.0 1
1726793876881 130.0 1
1726793876978 140.0 1
1726793877074 150.0 1
1726793877170 160.0 1
1726793877270 170.0 1
1726793877367 180.0 1
1726793877470 190.0 1
1726793877573 200.0 2
1726793877672 210.0 2
1726793877768 220.0 2
1726793877863 230.0 2
1726793877957 240.0 2
1726793878055 250.0 2
1726793878149 260.0 2
1726793878246 270.0 2
1726793878342 280.0 2
1726793878437 290.0 2
1726793878531 300.0 3
1726793878626 310.0 3
1726793878721 320.0 3
1726793878816 330.0 3
1726793878911 340.0 3
1726793879006 350.0 3
1726793879105 360.0 3
1726793879205 370.0 3
1726793879307 380.0 3
1726793879404 390.0 3
1726793879504 400.0 4
1726793879603 410.0 4
1726793879699 420.0 4
1726793879796 430.0 4
1726793879892 440.0 4
1726793879987 450.0 4
1726793880086 460.0 4
1726793880182 470.0 4
1726793880278 480.0 4
1726793880375 490.0 4
1726793880469 500.0 5
1726793880563 510.0 5
1726793880657 520.0 5
1726793880752 530.0 5
1726793880847 540.0 5
1726793880941 550.0 5
1726793881037 560.0 5
1726793881133 570.0 5
1726793881229 580.0 5
1726793881324 590.0 5
1726793881420 600.0 6
1726793881515 610.0 6
1726793881622 620.0 6
1726793881719 630.0 6
1726793881815 640.0 6
1726793881912 650.0 6
1726793882007 660.0 6
1726793882101 670.0 6
1726793882196 680.0 6
1726793882289 690.0 6
1726793882384 700.0 7
1726793882479 710.0 7
1726793882580 720.0 7
1726793882675 730.0 7
1726793882770 740.0 7
1726793882864 750.0 7
1726793882960 760.0 7
1726793883055 770.0 7
1726793883150 780.0 7
1726793883249 790.0 7
1726793883346 800.0 8
1726793883444 810.0 8
1726793883542 820.0 8
1726793883646 830.0 8
1726793883742 840.0 8
1726793883837 850.0 8
1726793883938 860.0 8
1726793884036 870.0 8
1726793884132 880.0 8
1726793884230 890.0 8
1726793884326 900.0 9
1726793884421 910.0 9
1726793884517 920.0 9
1726793888378 0.0 0
1726793888474 10.0 0
1726793888571 20.0 0
1726793888668 30.0 0
1726793888765 40.0 0
1726793888863 50.0 0
1726793888962 60.0 0
1726793889060 70.0 0
1726793889158 80.0 0
1726793889254 90.0 0
1726793889349 100.0 2
1726793889451 110.0 2
1726793889549 120.0 2
1726793889646 130.0 2
1726793889748 140.0 2
1726793889846 150.0 2
1726793889946 160.0 2
1726793890043 170.0 2
1726793890139 180.0 2
1726793890237 190.0 2
1726793890332 200.0 4
1726793890431 210.0 4
1726793890526 220.0 4
1726793890622 230.0 4
1726793890720 240.0 4
1726793890818 250.0 4
1726793890914 260.0 4
1726793891012 270.0 4
1726793891112 280.0 4
1726793891210 290.0 4
1726793891307 300.0 6
1726793891408 310.0 6
1726793891506 320.0 6
1726793891602 330.0 6
1726793891698 340.0 6
1726793891801 350.0 6
1726793891897 360.0 6
1726793891995 370.0 6
1726793892090 380.0 6
1726793892187 390.0 6
1726793892283 400.0 8
1726793892378 410.0 8
1726793892474 420.0 8
1726793892570 430.0 8
1726793892665 440.0 8
1726793892766 450.0 8
1726793892863 460.0 8
1726793892959 470.0 8
1726793893054 480.0 8
1726793893151 490.0 8
1726793893246 500.0 10
1726793893343 510.0 10
1726793893438 520.0 10
1726793893534 530.0 10
1726793893629 540.0 10
1726793893724 550.0 10
1726793893823 560.0 10
1726793893922 570.0 10
1726793894016 580.0 10
1726793894111 590.0 10
1726793894209 600.0 12
1726793894306 610.0 12
1726793894405 620.0 12
1726793894501 630.0 12
1726793894596 640.0 12
1726793894692 650.0 12
1726793894788 660.0 12
1726793894885 670.0 12
1726793894979 680.0 12
1726793895076 690.0 12
1726793895172 700.0 14
1726793895266 710.0 14
1726793895363 720.0 14
1726793895459 730.0 14
1726793895555 740.0 14
1726793895649 750.0 14
1726793895745 760.0 14
1726793895840 770.0 14
1726793895945 780.0 14
1726793896042 790.0 14
1726793896138 800.0 16
1726793896234 810.0 16
1726793896330 820.0 16
1726793896428 830.0 16
1726793896524 840.0 16
1726793896621 850.0 16
1726793896717 860.0 16
1726793896814 870.0 16
1726793896912 880.0 16
1726793897012 890.0 16
1726793897111 900.0 18
1726793897207 910.0 18
1726793897303 920.0 18
1726793901173 0.0 0
1726793901271 10.0 0
1726793901367 20.0 0
1726793901464 30.0 0
1726793901561 40.0 0
1726793901661 50.0 0
1726793901760 60.0 0
1726793901857 70.0 0
1726793901957 80.0 0
1726793902063 90.0 0
1726793902160 100.0 3
1726793902273 110.0 3
1726793902373 120.0 3
1726793902470 130.0 3
1726793902566 140.0 3
1726793902663 150.0 3
1726793902759 160.0 3
1726793902856 170.0 3
1726793902953 180.0 3
1726793903049 190.0 3
1726793903146 200.0 6
1726793903246 210.0 6
1726793903344 220.0 6
1726793903443 230.0 6
1726793903543 240.0 6
1726793903643 250.0 6
1726793903740 260.0 6
1726793903838 270.0 6
1726793903934 280.0 6
1726793904036 290.0 6
1726793904139 300.0 9
1726793904240 310.0 9
1726793904338 320.0 9
1726793904434 330.0 9
1726793904530 340.0 9
1726793904628 350.0 9
1726793904729 360.0 9
1726793904826 370.0 9
1726793904922 380.0 9
1726793905019 390.0 9
1726793905113 400.0 12
1726793905207 410.0 12
1726793905303 420.0 12
1726793905401 430.0 12
1726793905498 440.0 12
1726793905597 450.0 12
1726793905693 460.0 12
1726793905788 470.0 12
1726793905882 480.0 12
1726793905978 490.0 12
1726793906078 500.0 15
1726793906176 510.0 15
1726793906283 520.0 15
1726793906379 530.0 15
1726793906478 540.0 15
1726793906576 550.0 15
1726793906674 560.0 15
1726793906773 570.0 15
1726793906870 580.0 15
1726793906965 590.0 15
1726793907061 600.0 18
1726793907155 610.0 18
1726793907250 620.0 18
1726793907345 630.0 18
1726793907440 640.0 18
1726793907536 650.0 18
1726793907632 660.0 18
1726793907728 670.0 18
1726793907826 680.0 18
1726793907921 690.0 18
1726793908015 700.0 21
1726793908116 710.0 21
1726793908218 720.0 21
1726793908314 730.0 21
1726793908413 740.0 21
1726793908510 750.0 21
1726793908606 760.0 21
1726793908706 770.0 21
1726793908805 780.0 21
1726793908900 790.0 21
1726793908997 800.0 24
1726793909098 810.0 24
1726793909193 820.0 24
1726793909289 830.0 24
1726793909385 840.0 24
1726793909480 850.0 24
1726793909575 860.0 24
1726793909670 870.0 24
1726793909765 880.0 24
1726793909861 890.0 24
1726793909958 900.0 27
1726793910054 910.0 27
1726793910153 920.0 27
1726793913965 0.0 0
1726793914062 10.0 0
1726793914167 20.0 0
1726793914274 30.0 0
1726793914375 40.0 0
1726793914474 50.0 0
1726793914571 60.0 0
1726793914668 70.0 0
1726793914765 80.0 0
1726793914862 90.0 0
1726793914957 100.0 4
1726793915058 110.0 4
1726793915154 120.0 4
1726793915254 130.0 4
1726793915352 140.0 4
1726793915448 150.0 4
1726793915547 160.0 4
1726793915647 170.0 4
1726793915746 180.0 4
1726793915843 190.0 4
1726793915941 200.0 8
1726793916037 210.0 8
1726793916136 220.0 8
1726793916235 230.0 8
1726793916340 240.0 8
1726793916440 250.0 8
1726793916538 260.0 8
1726793916634 270.0 8
1726793916731 280.0 8
1726793916829 290.0 8
1726793916925 300.0 12
1726793917021 310.0 12
1726793917117 320.0 12
1726793917213 330.0 12
1726793917309 340.0 12
1726793917406 350.0 12
1726793917503 360.0 12
1726793917600 370.0 12
1726793917696 380.0 12
1726793917795 390.0 12
1726793917893 400.0 16
1726793917989 410.0 16
1726793918087 420.0 16
1726793918183 430.0 16
1726793918279 440.0 16
1726793918385 450.0 16
1726793918482 460.0 16
1726793918586 470.0 16
1726793918682 480.0 16
1726793918781 490.0 16
1726793918876 500.0 20
1726793918971 510.0 20
1726793919068 520.0 20
1726793919163 530.0 20
1726793919306 540.0 20
1726793919404 550.0 20
1726793919501 560.0 20
1726793919597 570.0 20
1726793919693 580.0 20
1726793919788 590.0 20
1726793919883 600.0 24
1726793919979 610.0 24
1726793920076 620.0 24
1726793920171 630.0 24
1726793920266 640.0 24
1726793920362 650.0 24
1726793920467 660.0 24
1726793920563 670.0 24
1726793920659 680.0 24
1726793920755 690.0 24
1726793920849 700.0 28
1726793920945 710.0 28
1726793921041 720.0 28
1726793921136 730.0 28
1726793921232 740.0 28
1726793921326 750.0 28
1726793921422 760.0 28
1726793921516 770.0 28
1726793921611 780.0 28
1726793921706 790.0 28
1726793921800 800.0 32
1726793921895 810.0 32
1726793921989 820.0 32
1726793922084 830.0 32
1726793922178 840.0 32
1726793922273 850.0 32
1726793922369 860.0 32
1726793922473 870.0 32
1726793922569 880.0 32
1726793922664 890.0 32
1726793922762 900.0 36
1726793922859 910.0 36
1726793922954 920.0 36
1726793926816 0.0 0
1726793926913 10.0 0
1726793927009 20.0 0
1726793927105 30.0 0
1726793927200 40.0 0
1726793927297 50.0 0
1726793927398 60.0 0
1726793927496 70.0 0
1726793927593 80.0 0
1726793927690 90.0 0
1726793927787 100.0 5
1726793927888 110.0 5
1726793927987 120.0 5
1726793928083 130.0 5
1726793928182 140.0 5
1726793928280 150.0 5
1726793928378 160.0 5
1726793928476 170.0 5
1726793928580 180.0 5
1726793928683 190.0 5
1726793928782 200.0 10
1726793928879 210.0 10
1726793928979 220.0 10
1726793929077 230.0 10
1726793929177 240.0 10
1726793929277 250.0 10
1726793929374 260.0 10
1726793929471 270.0 10
1726793929567 280.0 10
1726793929667 290.0 10
1726793929766 300.0 15
1726793929867 310.0 15
1726793929965 320.0 15
1726793930064 330.0 15
1726793930162 340.0 15
1726793930259 350.0 15
1726793930356 360.0 15
1726793930453 370.0 15
1726793930551 380.0 15
1726793930657 390.0 15
1726793930754 400.0 20
1726793930850 410.0 20
1726793930947 420.0 20
1726793931043 430.0 20
1726793931140 440.0 20
1726793931237 450.0 20
1726793931334 460.0 20
1726793931433 470.0 20
1726793931529 480.0 20
1726793931626 490.0 20
1726793931724 500.0 25
1726793931825 510.0 25
1726793931922 520.0 25
1726793932021 530.0 25
1726793932117 540.0 25
1726793932212 550.0 25
1726793932309 560.0 25
1726793932405 570.0 25
1726793932500 580.0 25
1726793932596 590.0 25
1726793932701 600.0 30
1726793932798 610.0 30
1726793932892 620.0 30
1726793932990 630.0 30
1726793933086 640.0 30
1726793933182 650.0 30
1726793933279 660.0 30
1726793933376 670.0 30
1726793933472 680.0 30
1726793933567 690.0 30
1726793933662 700.0 35
1726793933756 710.0 35
1726793933853 720.0 35
1726793933946 730.0 35
1726793934041 740.0 35
1726793934138 750.0 35
1726793934234 760.0 35
1726793934329 770.0 35
1726793934424 780.0 35
1726793934520 790.0 35
1726793934615 800.0 40
1726793934719 810.0 40
1726793934814 820.0 40
1726793934910 830.0 40
1726793935008 840.0 40
1726793935110 850.0 40
1726793935208 860.0 40
1726793935303 870.0 40
1726793935398 880.0 40
1726793935493 890.0 40
1726793935587 900.0 45
1726793935682 910.0 45
1726793935779 920.0 45
1726793939614 0.0 0
1726793939712 10.0 0
1726793939808 20.0 0
1726793939905 30.0 0
1726793940002 40.0 0
1726793940098 50.0 0
1726793940196 60.0 0
1726793940293 70.0 0
1726793940396 80.0 0
1726793940496 90.0 0
1726793940593 100.0 6
1726793940693 110.0 6
1726793940790 120.0 6
1726793940895 130.0 6
1726793940992 140.0 6
1726793941091 150.0 6
1726793941190 160.0 6
1726793941287 170.0 6
1726793941387 180.0 6
1726793941485 190.0 6
1726793941585 200.0 12
1726793941682 210.0 12
1726793941779 220.0 12
1726793941875 230.0 12
1726793941972 240.0 12
1726793942067 250.0 12
1726793942162 260.0 12
1726793942258 270.0 12
1726793942354 280.0 12
1726793942452 290.0 12
1726793942548 300.0 18
1726793942648 310.0 18
1726793942746 320.0 18
1726793942843 330.0 18
1726793942949 340.0 18
1726793943045 350.0 18
1726793943141 360.0 18
1726793943239 370.0 18
1726793943337 380.0 18
1726793943434 390.0 18
1726793943530 400.0 24
1726793943626 410.0 24
1726793943723 420.0 24
1726793943820 430.0 24
1726793943919 440.0 24
1726793944016 450.0 24
1726793944115 460.0 24
1726793944213 470.0 24
1726793944312 480.0 24
1726793944408 490.0 24
1726793944505 500.0 30
1726793944600 510.0 30
1726793944697 520.0 30
1726793944793 530.0 30
1726793944889 540.0 30
1726793944994 550.0 30
1726793945093 560.0 30
1726793945190 570.0 30
1726793945287 580.0 30
1726793945384 590.0 30
1726793945482 600.0 36
1726793945579 610.0 36
1726793945680 620.0 36
1726793945779 630.0 36
1726793945875 640.0 36
1726793945972 650.0 36
1726793946069 660.0 36
1726793946174 670.0 36
1726793946273 680.0 36
1726793946369 690.0 36
1726793946465 700.0 42
1726793946562 710.0 42
1726793946660 720.0 42
1726793946758 730.0 42
1726793946854 740.0 42
1726793946950 750.0 42
1726793947058 760.0 42
1726793947155 770.0 42
1726793947255 780.0 42
1726793947353 790.0 42
1726793947449 800.0 48
1726793947546 810.0 48
1726793947642 820.0 48
1726793947736 830.0 48
1726793947832 840.0 48
1726793947927 850.0 48
1726793948031 860.0 48
1726793948130 870.0 48
1726793948225 880.0 48
1726793948321 890.0 48
1726793948416 900.0 54
1726793948510 910.0 54
1726793948605 920.0 54
1726793952433 0.0 0
1726793952532 10.0 0
1726793952636 20.0 0
1726793952733 30.0 0
1726793952833 40.0 0
1726793952931 50.0 0
1726793953030 60.0 0
1726793953132 70.0 0
1726793953230 80.0 0
1726793953332 90.0 0
1726793953429 100.0 7
1726793953531 110.0 7
1726793953630 120.0 7
1726793953726 130.0 7
1726793953822 140.0 7
1726793953921 150.0 7
1726793954017 160.0 7
1726793954113 170.0 7
1726793954210 180.0 7
1726793954310 190.0 7
1726793954408 200.0 14
1726793954507 210.0 14
1726793954605 220.0 14
1726793954704 230.0 14
1726793954801 240.0 14
1726793954897 250.0 14
1726793954995 260.0 14
1726793955091 270.0 14
1726793955194 280.0 14
1726793955292 290.0 14
1726793955390 300.0 21
1726793955490 310.0 21
1726793955588 320.0 21
1726793955688 330.0 21
1726793955785 340.0 21
1726793955883 350.0 21
1726793955979 360.0 21
1726793956075 370.0 21
1726793956174 380.0 21
1726793956271 390.0 21
1726793956371 400.0 28
1726793956470 410.0 28
1726793956566 420.0 28
1726793956663 430.0 28
1726793956759 440.0 28
1726793956857 450.0 28
1726793956954 460.0 28
1726793957051 470.0 28
1726793957149 480.0 28
1726793957254 490.0 28
1726793957354 500.0 35
1726793957454 510.0 35
1726793957553 520.0 35
1726793957653 530.0 35
1726793957748 540.0 35
1726793957847 550.0 35
1726793957947 560.0 35
1726793958042 570.0 35
1726793958139 580.0 35
1726793958239 590.0 35
1726793958337 600.0 42
1726793958434 610.0 42
1726793958532 620.0 42
1726793958631 630.0 42
1726793958729 640.0 42
1726793958826 650.0 42
1726793958926 660.0 42
1726793959024 670.0 42
1726793959121 680.0 42
1726793959221 690.0 42
1726793959327 700.0 49
1726793959425 710.0 49
1726793959522 720.0 49
1726793959618 730.0 49
1726793959717 740.0 49
1726793959813 750.0 49
1726793959913 760.0 49
1726793960013 770.0 49
1726793960109 780.0 49
1726793960207 790.0 49
1726793960304 800.0 56
1726793960401 810.0 56
1726793960497 820.0 56
1726793960592 830.0 56
1726793960687 840.0 56
1726793960783 850.0 56
1726793960881 860.0 56
1726793960978 870.0 56
1726793961074 880.0 56
1726793961172 890.0 56
1726793961270 900.0 63
1726793961376 910.0 63
1726793961477 920.0 63
1726793965283 0.0 0
1726793965382 10.0 0
1726793965485 20.0 0
1726793965580 30.0 0
1726793965693 40.0 0
1726793965801 50.0 0
1726793965904 60.0 0
1726793966002 70.0 0
1726793966100 80.0 0
1726793966197 90.0 0
1726793966297 100.0 8
1726793966396 110.0 8
1726793966491 120.0 8
1726793966588 130.0 8
1726793966685 140.0 8
1726793966782 150.0 8
1726793966879 160.0 8
1726793966978 170.0 8
1726793967075 180.0 8
1726793967174 190.0 8
1726793967272 200.0 16
1726793967370 210.0 16
1726793967473 220.0 16
1726793967571 230.0 16
1726793967667 240.0 16
1726793967765 250.0 16
1726793967863 260.0 16
1726793967962 270.0 16
1726793968062 280.0 16
1726793968162 290.0 16
1726793968260 300.0 24
1726793968361 310.0 24
1726793968458 320.0 24
1726793968554 330.0 24
1726793968649 340.0 24
1726793968754 350.0 24
1726793968853 360.0 24
1726793968949 370.0 24
1726793969048 380.0 24
1726793969145 390.0 24
1726793969245 400.0 32
1726793969341 410.0 32
1726793969437 420.0 32
1726793969542 430.0 32
1726793969640 440.0 32
1726793969741 450.0 32
1726793969843 460.0 32
1726793969945 470.0 32
1726793970045 480.0 32
1726793970142 490.0 32
1726793970238 500.0 40
1726793970336 510.0 40
1726793970432 520.0 40
1726793970529 530.0 40
1726793970624 540.0 40
1726793970721 550.0 40
1726793970818 560.0 40
1726793970913 570.0 40
1726793971007 580.0 40
1726793971104 590.0 40
1726793971203 600.0 48
1726793971300 610.0 48
1726793971397 620.0 48
1726793971497 630.0 48
1726793971602 640.0 48
1726793971697 650.0 48
1726793971799 660.0 48
1726793971895 670.0 48
1726793971992 680.0 48
1726793972087 690.0 48
1726793972188 700.0 56
1726793972295 710.0 56
1726793972392 720.0 56
1726793972490 730.0 56
1726793972588 740.0 56
1726793972683 750.0 56
1726793972778 760.0 56
1726793972876 770.0 56
1726793972972 780.0 56
1726793973067 790.0 56
1726793973162 800.0 64
1726793973259 810.0 64
1726793973357 820.0 64
1726793973454 830.0 64
1726793973550 840.0 64
1726793973654 850.0 64
1726793973749 860.0 64
1726793973843 870.0 64
1726793973938 880.0 64
1726793974033 890.0 64
1726793974129 900.0 72
1726793974226 910.0 72
1726793974323 920.0 72
