1727265980718 0.0 0
1727265980894 10.0 0
1727265981057 20.0 0
1727265981222 30.0 0
1727265981379 40.0 0
1727265981543 50.0 0
1727265981708 60.0 0
1727265981877 70.0 0
1727265982038 80.0 0
1727265982200 90.0 0
1727265982359 100.0 1
1727265982515 110.0 1
1727265982677 120.0 1
1727265982861 130.0 1
1727265983025 140.0 1
1727265983207 150.0 1
1727265983368 160.0 1
1727265983538 170.0 1
1727265983703 180.0 1
1727265983878 190.0 1
1727265984042 200.0 2
1727265984209 210.0 2
1727265984369 220.0 2
1727265984535 230.0 2
1727265984699 240.0 2
1727265984863 250.0 2
1727265985029 260.0 2
1727265985203 270.0 2
1727265985376 280.0 2
1727265985547 290.0 2
1727265985718 300.0 3
1727265985883 310.0 3
1727265986050 320.0 3
1727265986222 330.0 3
1727265987913 0.0 0
1727265988088 10.0 0
1727265988267 20.0 0
1727265988440 30.0 0
1727265988612 40.0 0
1727265988784 50.0 0
1727265988949 60.0 0
1727265989115 70.0 0
1727265989274 80.0 0
1727265989436 90.0 0
1727265989597 100.0 2
1727265989758 110.0 2
1727265989932 120.0 2
1727265990095 130.0 2
1727265990258 140.0 2
1727265990423 150.0 2
1727265990584 160.0 2
1727265990743 170.0 2
1727265990902 180.0 2
1727265991057 190.0 2
1727265991215 200.0 4
1727265991373 210.0 4
1727265991542 220.0 4
1727265991710 230.0 4
1727265991870 240.0 4
1727265992036 250.0 4
1727265992197 260.0 4
1727265992365 270.0 4
1727265992528 280.0 4
1727265992689 290.0 4
1727265992849 300.0 6
1727265993027 310.0 6
1727265993189 320.0 6
1727265993356 330.0 6
1727265995049 0.0 0
1727265995214 10.0 0
1727265995386 20.0 0
1727265995557 30.0 0
1727265995716 40.0 0
1727265995873 50.0 0
1727265996033 60.0 0
1727265996198 70.0 0
1727265996365 80.0 0
1727265996535 90.0 0
1727265996700 100.0 3
1727265996868 110.0 3
1727265997036 120.0 3
1727265997205 130.0 3
1727265997380 140.0 3
1727265997548 150.0 3
1727265997723 160.0 3
1727265997888 170.0 3
1727265998054 180.0 3
1727265998217 190.0 3
1727265998373 200.0 6
1727265998536 210.0 6
1727265998692 220.0 6
1727265998846 230.0 6
1727265999002 240.0 6
1727265999155 250.0 6
1727265999308 260.0 6
1727265999463 270.0 6
1727265999625 280.0 6
1727265999795 290.0 6
1727265999982 300.0 9
1727266000159 310.0 9
1727266000322 320.0 9
1727266000485 330.0 9
1727266002150 0.0 0
1727266002314 10.0 0
1727266002477 20.0 0
1727266002641 30.0 0
1727266002806 40.0 0
1727266002977 50.0 0
1727266003137 60.0 0
1727266003300 70.0 0
1727266003464 80.0 0
1727266003630 90.0 0
1727266003804 100.0 4
1727266003986 110.0 4
1727266004154 120.0 4
1727266004323 130.0 4
1727266004497 140.0 4
1727266004658 150.0 4
1727266004823 160.0 4
1727266004986 170.0 4
1727266005146 180.0 4
1727266005310 190.0 4
1727266005472 200.0 8
1727266005637 210.0 8
1727266005799 220.0 8
1727266005971 230.0 8
1727266006132 240.0 8
1727266006298 250.0 8
1727266006461 260.0 8
1727266006635 270.0 8
1727266006808 280.0 8
1727266006984 290.0 8
1727266007158 300.0 12
1727266007329 310.0 12
1727266007501 320.0 12
1727266007673 330.0 12
