1726872112738 9.016773 0
1726872112874 0.902801 0
1726872113008 20.854683 0
1726872113141 8.427532 0
1726872113274 4.700053 0
1726872113408 2.412273 0
1726872113542 3.18504 0
1726872114145 0.676268 0
1726872114280 3.117844 0
1726872114413 1.275876 0
1726872114547 9.440845 0
1726872114681 2.209417 0
1726872114818 1.695278 0
1726872114952 3.444858 0
1726872115519 2.83671 0
1726872115654 0.980308 0
1726872115787 0.658109 0
1726872115922 4.265233 0
1726872116057 4.866467 0
1726872116191 2.429555 0
1726872116325 2.467874 0
1726872116898 4.532343 0
1726872117033 1.033545 0
1726872117166 52.483746 0
1726872117300 8.904279 0
1726872117434 2.838514 0
1726872117568 1.414382 0
1726872117702 4.268103 0
1726872118271 0.585844 0
1726872118406 0.534227 0
1726872118539 0.66027 0
1726872118673 0.699553 0
1726872118808 9.050516 0
1726872118945 11.307483 0
1726872119080 5.59971 0
1726872119644 5.292892 0
1726872119778 10.799451 0
1726872119912 7.070833 0
1726872120046 18.302399 0
1726872120180 9.857571 0
1726872120315 2.044153 0
1726872120451 2.314583 0
1726872121025 0.630978 0
1726872121161 0.699893 0
1726872121295 5.570889 0
1726872121428 12.160933 0
1726872121562 2.797248 0
1726872121696 1.441663 0
1726872121830 3.851147 0
1726872122394 1.040965 0
1726872122530 0.957373 0
1726872122663 2.298931 0
1726872122800 6.423481 0
1726872122935 23.758659 0
1726872123072 1.689885 0
1726872123205 4.931075 0
