1726806346408 2.549624 0
1726806346510 0.882826 0
1726806346613 0.814934 0
1726806346714 0.643733 0
1726806346817 1.179287 0
1726806346919 0.275985 0
1726806347020 0.168741 0
1726806347122 0.132168 0
1726806347220 0.298041 0
1726806347320 0.140063 0
1726806347419 0.080026 1
1726806347519 0.131166 1
1726806347618 1.132239 1
1726806347719 0.642942 1
1726806347819 1.753989 1
1726806347920 0.539547 1
1726806348019 0.920155 1
1726806348118 0.397374 1
1726806348219 0.346791 1
1726806348329 0.223327 1
1726806349364 0.83497 0
1726806349474 0.408787 0
1726806349574 0.524999 0
1726806349672 0.333501 0
1726806349774 1.328701 0
1726806349876 0.079796 0
1726806349976 0.186849 0
1726806350074 0.113975 0
1726806350177 0.286309 0
1726806350278 0.136326 0
1726806350385 0.061834 2
1726806350485 0.093574 2
1726806350587 1.015869 2
1726806350687 0.61276 2
1726806350785 1.701902 2
1726806350885 0.618968 2
1726806350984 0.942564 2
1726806351085 0.450321 2
1726806351185 0.309746 2
1726806351286 0.095331 2
1726806352350 0.991103 0
1726806352461 0.415706 0
1726806352560 0.509823 0
1726806352660 0.294028 0
1726806352760 1.320124 0
1726806352860 0.112485 0
1726806352960 0.119757 0
1726806353063 0.113682 0
1726806353165 0.324822 0
1726806353269 0.151154 0
1726806353373 0.065717 3
1726806353474 0.088285 3
1726806353576 0.828771 3
1726806353680 0.671819 3
1726806353783 1.71155 3
1726806353884 0.32287 3
1726806353985 1.059747 3
1726806354088 0.334318 3
1726806354190 0.320375 3
1726806354296 0.148201 3
1726806355366 0.583576 0
1726806355468 0.42375 0
1726806355571 0.50856 0
1726806355672 0.274946 0
1726806355773 1.314905 0
1726806355873 0.07555 0
1726806355973 0.131746 0
1726806356073 0.114425 0
1726806356173 0.249289 0
1726806356273 0.131232 0
1726806356375 0.063816 4
1726806356484 0.077968 4
1726806356585 0.903253 4
1726806356686 0.647921 4
1726806356830 1.698692 4
1726806356935 0.286751 4
1726806357035 1.058981 4
1726806357135 0.33116 4
1726806357235 0.299607 4
1726806357335 0.152471 4
1726806358356 0.579294 0
1726806358466 0.454697 0
1726806358575 0.532759 0
1726806358676 0.247574 0
1726806358778 1.249368 0
1726806358877 0.06796 0
1726806358977 0.140551 0
1726806359077 0.131678 0
1726806359178 0.299124 0
1726806359282 0.132375 0
1726806359382 0.079358 5
1726806359483 0.085585 5
1726806359584 0.862108 5
1726806359689 0.607762 5
1726806359789 1.616246 5
1726806359889 0.296324 5
1726806359987 0.943569 5
1726806360086 0.338754 5
1726806360185 0.292209 5
1726806360296 0.122217 5
