1726916213019 7.719006 0
1726916213164 73.901848 0
1726916213308 46.352623 0
1726916213452 3.24789 0
1726916213595 25.767336 0
1726916213738 10.333376 0
1726916214426 5.146162 0
1726916214570 21.459385 0
1726916214712 4.779778 0
1726916214856 11.127171 0
1726916215000 10.561686 0
1726916215142 2.996085 0
1726916215672 14.800459 0
1726916215817 13.970911 0
1726916215959 1.69091 0
1726916216104 3.271716 0
1726916216249 4.738705 0
1726916216393 3.108526 0
1726916216936 17.948917 0
1726916217079 5.72753 0
1726916217221 1.152761 0
1726916217365 3.023271 0
1726916217509 4.693667 0
1726916217652 2.64024 0
1726916218193 4.800063 0
1726916218337 4.396044 0
1726916218479 0.927053 0
1726916218621 1.792501 0
1726916218764 2.917795 0
1726916218906 5.278089 0
1726916219436 13.894515 0
1726916219579 12.665795 0
1726916219721 0.765043 0
1726916219862 4.341223 0
1726916220004 16.205328 0
1726916220148 2.108464 0
1726916220686 9.474384 0
1726916220829 3.690809 0
1726916220971 0.690165 0
1726916221115 2.234159 0
1726916221257 2.69419 0
1726916221400 1.779571 0
1726916221927 16.563545 0
1726916222071 4.409642 0
1726916222216 0.61886 0
1726916222362 2.80727 0
1726916222506 6.144397 0
1726916222650 1.56065 0
1726916223186 2.664551 0
1726916223329 7.965668 0
1726916223471 0.609084 0
1726916223614 2.389359 0
1726916223756 4.301363 0
1726916223902 1.524518 0
1726916224445 3.356558 0
1726916224599 3.30904 0
1726916224744 0.581764 0
1726916224889 6.792829 0
1726916225031 3.799639 0
1726916225178 1.314348 0
