1727087788423 16.682804 0
1727087788567 3.870288 0
1727087788708 1.160905 0
1727087788848 0.660406 0
1727087788988 0.508463 0
1727087789586 0.850917 0
1727087789729 0.211519 0
1727087789864 1.72545 0
1727087789999 0.828589 0
1727087790139 0.515828 0
1727087790728 0.153196 0
1727087790881 0.167538 0
1727087791022 0.63428 0
1727087791163 0.755346 0
1727087791303 0.857865 0
1727087791844 0.227483 0
1727087791984 0.187927 0
1727087792119 0.672169 0
1727087792255 0.582773 0
1727087792391 0.615155 0
1727087792938 0.220445 0
1727087793078 0.19634 0
1727087793217 0.858959 0
1727087793356 0.499912 0
1727087793499 0.531199 0
1727087794061 0.1832 0
1727087794205 0.208112 0
1727087794340 1.258697 0
1727087794474 0.560221 0
1727087794613 0.539285 0
1727087795170 0.123626 0
1727087795323 0.130077 0
1727087795466 0.866649 0
1727087795609 0.605761 0
1727087795751 0.619479 0
1727087796326 0.14297 0
1727087796483 0.172931 0
1727087796626 0.551926 0
1727087796773 0.491372 0
1727087796922 0.556502 0
1727087797492 0.241782 0
1727087797634 0.271801 0
1727087797777 0.983393 0
1727087797924 0.492252 0
1727087798072 0.493518 0
1727087798646 0.206411 0
1727087798791 0.197681 0
1727087798926 1.078865 0
1727087799061 0.680987 0
1727087799201 0.560777 0
