1726921442862 129.609695 0
1726921443009 67.060799 0
1726921443155 49.3979 0
1726921443302 3.66032 0
1726921443448 9.02504 0
1726921444045 0.894894 0
1726921444192 5.870509 0
1726921444358 2.000087 0
1726921444507 2.460614 0
1726921444656 2.935505 0
1726921445161 40.51828 0
1726921445311 4.103809 0
1726921445458 2.17704 0
1726921445606 2.499819 0
1726921445752 3.569656 0
1726921446255 27.145187 0
1726921446403 4.274906 0
1726921446552 9.70997 0
1726921446705 10.283014 0
1726921446853 3.01488 0
1726921447364 10.20433 0
1726921447513 2.85174 0
1726921447662 53.036266 0
1726921447810 1.964061 0
1726921447958 3.519095 0
1726921448479 5.513805 0
1726921448636 4.262308 0
1726921448786 2.180593 0
1726921448935 2.076218 0
1726921449087 2.233622 0
