1726916141019 67.988014 0
1726916141164 4.349511 0
1726916141308 33.133667 0
1726916141451 3.150191 0
1726916141595 29.932278 0
1726916141737 9.992949 0
1726916141955 5.416649 0
1726916142511 1.248532 0
1726916142654 7.394307 0
1726916142797 3.626333 0
1726916142939 3.371011 0
1726916143082 2.893947 0
1726916143227 2.3521 0
1726916143370 3.920535 0
1726916143925 1.160932 0
1726916144071 12.015577 0
1726916144213 4.371198 0
1726916144355 7.307086 0
1726916144498 2.156775 0
1726916144644 1.428773 0
1726916144790 2.600861 0
1726916145347 0.817897 0
1726916145491 5.291528 0
1726916145633 5.684118 0
1726916145776 2.717816 0
1726916145919 1.350414 0
1726916146063 1.297087 0
1726916146205 2.083892 0
1726916146760 0.700074 0
1726916146903 5.551116 0
1726916147044 4.387983 0
1726916147188 5.124863 0
1726916147331 1.185241 0
1726916147474 0.950219 0
1726916147616 4.03882 0
1726916148193 0.606665 0
1726916148338 8.892677 0
1726916148482 6.2228 0
1726916148627 6.171753 0
1726916148772 1.24581 0
1726916148915 1.376386 0
1726916149058 7.318746 0
1726916149609 0.547794 0
1726916149753 27.496187 0
1726916149895 6.482994 0
1726916150038 8.342037 0
1726916150183 1.863921 0
1726916150327 1.001576 0
1726916150469 4.016333 0
1726916151027 0.48237 0
1726916151172 6.416924 0
1726916151316 5.133722 0
1726916151459 6.720716 0
1726916151603 38.622349 0
1726916151747 1.092318 0
1726916151889 4.983021 0
1726916152446 0.439174 0
1726916152591 3.713372 0
1726916152737 10.589935 0
1726916152881 17.356075 0
1726916153024 2.87487 0
1726916153168 1.239096 0
1726916153316 5.132401 0
1726916153854 0.429178 0
1726916153999 9.401648 0
1726916154142 6.921544 0
1726916154286 20.882317 0
1726916154430 2.103487 0
1726916154572 2.564909 0
1726916154716 4.554497 0
