1726885041535 0.521282 0
1726885041675 4.189382 0
1726885041812 1.155729 0
1726885041949 0.538514 0
1726885042085 1.059664 0
1726885042222 0.589763 0
1726885042898 0.418704 0
1726885043038 3.808746 0
1726885043175 1.054362 0
1726885043312 0.384126 0
1726885043451 0.990992 0
1726885043587 0.540324 0
1726885044195 0.412749 0
1726885044333 3.543419 0
1726885044474 1.001051 0
1726885044614 0.324078 0
1726885044750 0.957033 0
1726885044887 0.507799 0
1726885045487 0.393813 0
1726885045625 3.33938 0
1726885045762 0.981121 0
1726885045899 0.289305 0
1726885046035 0.925451 0
1726885046172 0.485782 0
1726885046777 0.38642 0
1726885046915 3.174488 0
1726885047051 0.960887 0
1726885047188 0.272206 0
1726885047325 0.912825 0
1726885047463 0.48247 0
1726885048068 0.38388 0
1726885048207 3.144827 0
1726885048343 0.953639 0
1726885048482 0.266095 0
1726885048619 0.912625 0
1726885048756 0.478304 0
1726885049356 0.377986 0
1726885049496 3.125597 0
1726885049634 0.967922 0
1726885049772 0.268981 0
1726885049912 0.904078 0
1726885050048 0.472348 0
1726885050655 0.368161 0
1726885050794 3.096837 0
1726885050933 0.966631 0
1726885051071 0.26532 0
1726885051207 0.911724 0
1726885051345 0.471523 0
1726885051948 0.36731 0
1726885052086 3.057392 0
1726885052223 0.964679 0
1726885052359 0.266692 0
1726885052496 0.906825 0
1726885052634 0.468228 0
1726885053231 0.364845 0
1726885053369 3.05109 0
1726885053505 0.967403 0
1726885053642 0.265233 0
1726885053779 0.901526 0
1726885053917 0.46919 0
