1727118891078 0.190808 0
1727118891241 0.563608 0
1727118891387 0.157456 0
1727118891531 0.062428 0
1727118891684 0.036104 0
1727118891828 0.247606 0
1727118891976 0.039273 0
1727118892121 0.115628 0
1727118892265 0.055438 0
1727118892412 0.02581 0
1727118892557 0.039829 1
1727118892707 0.02941 1
1727118892852 0.043119 1
1727118893001 0.114075 1
1727118893147 0.062803 1
1727118893294 0.066039 1
1727118893438 0.129745 1
1727118893590 0.221831 1
1727118893740 0.052583 1
1727118893887 0.012775 1
1727118894034 0.154039 2
1727118894178 0.437925 2
1727118894320 0.828354 2
1727118894466 0.019023 2
1727118894611 0.044016 2
1727118894754 3.994903 2
1727118894900 0.087374 2
1727118895048 0.082519 2
1727118895195 1.899548 2
1727118895338 0.347287 2
1727118895488 0.141731 3
1727118895634 0.032839 3
1727118895783 0.259348 3
1727118895931 0.035838 3
1727118896077 0.062454 3
1727118896221 0.024143 3
1727118896365 0.220493 3
1727118896510 0.235944 3
1727118896653 0.040739 3
1727118896798 0.139084 3
1727118896945 0.034237 4
1727118897090 0.122932 4
1727118897234 2.075829 4
1727118897382 0.525912 4
1727118897527 0.217616 4
1727118897670 0.108955 4
1727118897819 0.047404 4
1727118897968 0.029164 4
1727118898113 0.270207 4
1727118898261 0.025167 4
1727118898411 0.016437 5
1727118898554 0.073654 5
1727118898697 0.019381 5
1727118898841 0.228733 5
1727118899001 0.281211 5
1727118899147 0.028852 5
1727118899293 0.395202 5
1727118899439 0.232529 5
1727118899582 0.024947 5
1727118899728 0.059102 5
1727118899875 0.226874 6
1727118900025 0.026315 6
1727118900173 0.041823 6
1727118900319 0.014144 6
1727118900463 0.222549 6
1727118900608 0.141551 6
1727118900756 0.060982 6
1727118900903 0.231449 6
1727118901050 0.032869 6
1727118901195 0.08992 6
1727118901338 0.115109 7
1727118905059 0.718495 0
1727118905203 0.174519 0
1727118905345 0.106504 0
1727118905488 0.011769 0
1727118905632 0.016087 0
1727118905778 0.061061 0
1727118905927 0.033846 0
1727118906073 0.145149 0
1727118906223 0.039839 0
1727118906366 0.01708 0
1727118906509 0.027093 2
1727118906653 0.035031 2
1727118906797 0.049407 2
1727118906940 0.122785 2
1727118907083 0.046699 2
1727118907229 0.046519 2
1727118907371 0.141836 2
1727118907516 0.251071 2
1727118907659 0.048338 2
1727118907802 0.024068 2
1727118907954 0.156656 4
1727118908100 0.392339 4
1727118908248 0.630896 4
1727118908391 0.017336 4
1727118908536 0.064783 4
1727118908682 3.438896 4
1727118908827 0.024203 4
1727118908969 0.049286 4
1727118909120 1.514869 4
1727118909265 0.332545 4
1727118909407 0.229997 6
1727118909551 0.023665 6
1727118909697 0.102576 6
1727118909843 0.009183 6
1727118910001 0.058436 6
1727118910149 0.012487 6
1727118910297 0.217378 6
1727118910441 0.173972 6
1727118910584 0.033674 6
1727118910731 0.192295 6
1727118910875 0.041912 8
1727118911020 0.13225 8
1727118911165 2.217816 8
1727118911309 0.598107 8
1727118911459 0.374139 8
1727118911609 0.15698 8
1727118911756 0.043449 8
1727118911901 0.03671 8
1727118912052 0.242897 8
1727118912196 0.032146 8
1727118912341 0.010675 10
1727118912486 0.077401 10
1727118912627 0.016794 10
1727118912772 0.285817 10
1727118912916 0.335896 10
1727118913062 0.021557 10
1727118913203 0.306774 10
1727118913349 0.19778 10
1727118913492 0.014394 10
1727118913636 0.058974 10
1727118913780 0.204308 12
1727118913923 0.014539 12
1727118914068 0.033475 12
1727118914215 0.016866 12
1727118914361 0.259392 12
1727118914505 0.130689 12
1727118914652 0.068462 12
1727118914796 0.196 12
1727118914939 0.025164 12
1727118915081 0.08165 12
1727118915227 0.077494 14
1727118918853 0.839498 0
1727118918997 0.112277 0
1727118919145 0.077665 0
1727118919292 0.010235 0
1727118919439 0.007095 0
1727118919586 0.03849 0
1727118919728 0.03546 0
1727118919874 0.147451 0
1727118920020 0.031296 0
1727118920165 0.016621 0
1727118920313 0.038741 3
1727118920461 0.03601 3
1727118920605 0.058715 3
1727118920749 0.117061 3
1727118920890 0.050122 3
1727118921034 0.048493 3
1727118921196 0.127177 3
1727118921343 0.252899 3
1727118921487 0.053361 3
1727118921630 0.017243 3
1727118921773 0.142415 6
1727118921915 0.42376 6
1727118922064 0.592646 6
1727118922208 0.011257 6
1727118922355 0.044415 6
1727118922504 3.045327 6
1727118922647 0.014407 6
1727118922789 0.04351 6
1727118922933 1.339477 6
1727118923077 0.310953 6
1727118923220 0.214965 9
1727118923362 0.014814 9
1727118923508 0.10733 9
1727118923654 0.011986 9
1727118923797 0.042285 9
1727118923940 0.00497 9
1727118924084 0.213565 9
1727118924228 0.162267 9
1727118924375 0.025658 9
1727118924523 0.171036 9
1727118924675 0.038344 12
1727118924819 0.14305 12
1727118924964 2.308784 12
1727118925108 0.465878 12
1727118925253 0.304791 12
1727118925395 0.155373 12
1727118925539 0.048748 12
1727118925684 0.040704 12
1727118925827 0.182113 12
1727118925973 0.038464 12
1727118926116 0.009099 15
1727118926261 0.082742 15
1727118926407 0.014201 15
1727118926559 0.134607 15
1727118926702 0.310154 15
1727118926845 0.010982 15
1727118926991 0.18179 15
1727118927135 0.140713 15
1727118927279 0.015438 15
1727118927425 0.04844 15
1727118927567 0.234535 18
1727118927711 0.009822 18
1727118927853 0.024469 18
1727118927994 0.012308 18
1727118928137 0.24831 18
1727118928282 0.193132 18
1727118928431 0.062752 18
1727118928581 0.220352 18
1727118928727 0.034014 18
1727118928874 0.081031 18
1727118929021 0.057068 21
1727118932664 0.59222 0
1727118932809 0.111334 0
1727118932955 0.050312 0
1727118933099 0.003869 0
1727118933245 0.003877 0
1727118933391 0.066252 0
1727118933539 0.032745 0
1727118933686 0.11275 0
1727118933833 0.029594 0
1727118933976 0.017207 0
1727118934121 0.037155 4
1727118934265 0.033925 4
1727118934410 0.056599 4
1727118934559 0.11976 4
1727118934708 0.0448 4
1727118934855 0.053659 4
1727118934997 0.132892 4
1727118935141 0.320304 4
1727118935289 0.077498 4
1727118935433 0.012476 4
1727118935581 0.158954 8
1727118935726 0.383408 8
1727118935872 0.634021 8
1727118936017 0.01211 8
1727118936162 0.03965 8
1727118936309 2.821196 8
1727118936453 0.024916 8
1727118936599 0.052116 8
1727118936761 1.203193 8
1727118936917 0.323642 8
1727118937075 0.200464 12
1727118937230 0.018068 12
1727118937383 0.125407 12
1727118937532 0.015477 12
1727118937681 0.022703 12
1727118937829 0.009121 12
1727118937977 0.163163 12
1727118938127 0.175048 12
1727118938275 0.032715 12
1727118938426 0.152808 12
1727118938592 0.031908 16
1727118938754 0.153623 16
1727118938913 2.397199 16
1727118939063 0.349393 16
1727118939214 0.24287 16
1727118939379 0.144596 16
1727118939537 0.04348 16
1727118939699 0.033034 16
1727118939869 0.168399 16
1727118940034 0.042727 16
1727118940184 0.007226 20
1727118940336 0.107828 20
1727118940488 0.010823 20
1727118940644 0.092662 20
1727118940800 0.255159 20
1727118940946 0.00711 20
1727118941093 0.189045 20
1727118941240 0.131779 20
1727118941388 0.014293 20
1727118941533 0.039284 20
1727118941677 0.21455 24
1727118941822 0.008272 24
1727118941967 0.024567 24
1727118942116 0.007551 24
1727118942261 0.233335 24
1727118942410 0.19797 24
1727118942556 0.057686 24
1727118942708 0.26566 24
1727118942852 0.046562 24
1727118942999 0.122733 24
1727118943148 0.069671 28
