1726829145624 68.786163 0
1726829145735 66.509407 0
1726829145845 31.005692 0
1726829145950 25.874722 0
1726829146055 29.573423 0
1726829146161 10.5797 0
1726829146268 22.880102 0
1726829146373 9.887739 0
1726829146481 13.835871 0
1726829146594 10.283632 0
1726829146700 27.032074 1
1726829146814 15.334225 1
1726829146925 12.292391 1
1726829147030 55.811119 1
1726829147135 8.489177 1
1726829147240 12.365961 1
1726829147344 6.62323 1
1726829147465 28.176502 1
1726829147571 8.52457 1
1726829147677 29.29743 1
1726829147783 9.781479 2
1726829149021 7.295409 0
1726829149129 6.10469 0
1726829149236 3.372954 0
1726829149341 8.121305 0
1726829149446 20.669193 0
1726829149551 4.055755 0
1726829149656 18.759949 0
1726829149763 1.955957 0
1726829149870 17.995434 0
1726829149975 4.461105 0
1726829150080 4.603691 2
1726829150187 11.481742 2
1726829150294 12.600568 2
1726829150399 4.336874 2
1726829150505 8.095581 2
1726829150610 32.716621 2
1726829150715 14.40086 2
1726829150819 13.272944 2
1726829150931 18.850603 2
1726829151037 16.668091 2
1726829151145 4.498148 4
1726829152366 1.024011 0
1726829152477 3.450502 0
1726829152583 2.082672 0
1726829152687 5.209416 0
1726829152792 3.243772 0
1726829152900 13.147175 0
1726829153011 4.039608 0
1726829153122 0.987815 0
1726829153231 3.598192 0
1726829153338 2.486485 0
1726829153443 5.634017 3
1726829153552 8.329365 3
1726829153658 3.159913 3
1726829153766 3.730466 3
1726829153873 8.935156 3
1726829153979 13.362455 3
1726829154083 3.549989 3
1726829154188 7.660262 3
1726829154291 3.800713 3
1726829154396 2.504886 3
1726829154500 1.707643 6
1726829155733 0.624521 0
1726829155845 1.414732 0
1726829155955 2.00549 0
1726829156063 6.101132 0
1726829156171 3.062268 0
1726829156276 7.648532 0
1726829156382 17.921101 0
1726829156488 4.239798 0
1726829156601 2.158816 0
1726829156705 3.295961 0
1726829156903 5.547458 4
1726829157016 3.701999 4
1726829157124 3.981826 4
1726829157232 2.628308 4
1726829157339 4.498106 4
1726829157445 8.626493 4
1726829157550 11.559561 4
1726829157655 4.003885 4
1726829157762 4.154074 4
1726829157869 1.905661 4
1726829157975 1.432674 8
1726829159159 0.654839 0
1726829159272 2.193878 0
1726829159377 3.33158 0
1726829159482 4.013809 0
1726829159587 7.428303 0
1726829159694 10.541164 0
1726829159803 5.90711 0
1726829159909 0.896271 0
1726829160013 3.90467 0
1726829160121 3.628278 0
1726829160227 5.748739 5
1726829160333 5.827965 5
1726829160440 4.798033 5
1726829160546 17.887966 5
1726829160651 3.18501 5
1726829160757 3.545531 5
1726829160866 3.988478 5
1726829160973 9.70393 5
1726829161084 1.239665 5
1726829161193 1.993962 5
1726829161299 1.490723 10
1726829162517 1.01316 0
1726829162625 4.87493 0
1726829162734 4.098767 0
1726829162839 5.013942 0
1726829162958 4.496597 0
1726829163064 4.850295 0
1726829163178 5.303676 0
1726829163290 1.209478 0
1726829163398 3.350674 0
1726829163505 9.851363 0
1726829163611 6.994135 6
1726829163717 2.126796 6
1726829163825 5.983252 6
1726829163932 3.658125 6
1726829164039 3.02733 6
1726829164145 45.318401 6
1726829164252 3.365541 6
1726829164358 2.672272 6
1726829164466 0.904912 6
1726829164574 7.073545 6
1726829164681 1.242121 12
1726829165898 1.328216 0
1726829166011 21.625027 0
1726829166118 84.264671 0
1726829166223 7.486826 0
1726829166329 6.947358 0
1726829166436 3.062582 0
1726829166542 13.144988 0
1726829166656 2.773203 0
1726829166765 14.086384 0
1726829166873 3.277263 0
1726829166979 4.940345 7
1726829167084 1.770445 7
1726829167191 3.125176 7
1726829167304 4.041356 7
1726829167411 2.638438 7
1726829167518 3.07996 7
1726829167623 7.673155 7
1726829167727 2.410632 7
1726829167837 0.740999 7
1726829167948 10.255171 7
1726829168062 1.334131 14
1726829169269 1.681929 0
1726829169381 2.49173 0
1726829169487 2.570742 0
1726829169594 6.790354 0
1726829169698 4.386156 0
1726829169808 8.560881 0
1726829169915 11.048864 0
1726829170021 1.382907 0
1726829170128 20.761589 0
1726829170233 2.361826 0
1726829170339 7.548828 8
1726829170443 2.001504 8
1726829170548 2.190766 8
1726829170653 1.430197 8
1726829170759 1.353748 8
1726829170864 2.858809 8
1726829170969 3.413486 8
1726829171075 3.13728 8
1726829171181 0.714837 8
1726829171292 9.396782 8
1726829171400 1.08137 16
1726829172584 1.383643 0
1726829172693 4.730494 0
1726829172798 2.281632 0
1726829172906 23.235073 0
1726829173013 3.799675 0
1726829173118 11.723687 0
1726829173223 3.960856 0
1726829173333 7.022539 0
1726829173445 7.869291 0
1726829173557 1.576877 0
1726829173667 5.610684 9
1726829173774 24.003576 9
1726829173882 1.882908 9
1726829173989 1.063249 9
1726829174095 1.235076 9
1726829174201 3.314259 9
1726829174307 2.722265 9
1726829174412 4.517961 9
1726829174516 0.644501 9
1726829174623 5.303377 9
1726829174727 1.043505 18
1726829175943 1.442247 0
1726829176053 3.760574 0
1726829176160 5.672957 0
1726829176266 3.820803 0
1726829176373 2.337821 0
1726829176478 9.779634 0
1726829176587 26.176781 0
1726829176694 3.82523 0
1726829176799 16.258593 0
1726829176906 1.4278 0
1726829177012 4.439964 10
1726829177116 6.742494 10
1726829177222 3.231403 10
1726829177328 0.953784 10
1726829177441 1.228373 10
1726829177548 3.09225 10
1726829177654 2.458317 10
1726829177762 3.422433 10
1726829177868 0.59793 10
1726829177990 5.814714 10
1726829178096 1.440436 20
