1726745606649 0.490678 0
1726745606761 34.7948 0
1726745606861 0.583353 0
1726745606967 2.34321 0
1726745607077 1.556571 0
1726745607179 0.977411 0
1726745607278 0.855797 0
1726745607374 1.477276 0
1726745607480 1.77131 0
1726745607591 0.654618 0
1726745607698 1.145247 1
1726745607809 0.42533 1
1726745607915 2.874678 1
1726745608021 2.007731 1
1726745608122 2.055879 1
1726745608226 1.058385 1
1726745608336 0.886378 1
1726745608450 6.4809 1
1726745608564 1.305179 1
1726745608684 0.647336 1
1726745610382 0.635496 0
1726745610507 0.347399 0
1726745610608 0.490819 0
1726745610714 0.313467 0
1726745610826 1.228473 0
1726745610928 0.820914 0
1726745611032 0.356116 0
1726745611134 0.962967 0
1726745611237 1.592653 0
1726745611340 0.856618 0
1726745611447 0.483762 2
1726745611554 0.240152 2
1726745611657 1.733178 2
1726745611757 2.203636 2
1726745611855 2.676902 2
1726745611954 1.064819 2
1726745612050 0.699903 2
1726745612147 4.780828 2
1726745612249 0.665752 2
1726745612347 0.726611 2
1726745614176 0.222322 0
1726745614287 0.33111 0
1726745614389 0.253555 0
1726745614492 0.279205 0
1726745614597 0.711712 0
1726745614700 0.583478 0
1726745614802 0.227234 0
1726745614899 3.152752 0
1726745615000 1.259835 0
1726745615096 1.097775 0
1726745615191 0.673249 3
1726745615293 0.220668 3
1726745615597 2.266712 3
1726745615943 1.810408 3
1726745616056 1.539993 3
1726745616161 1.16648 3
1726745616270 0.626332 3
1726745616421 6.490619 3
1726745616547 1.237641 3
1726745616657 0.690484 3
1726745618277 0.513709 0
1726745618390 0.449739 0
1726745618495 0.491508 0
1726745618599 0.32691 0
1726745618710 0.608967 0
1726745618823 0.693227 0
1726745618927 0.478642 0
1726745619028 2.212169 0
1726745619124 1.977122 0
1726745619223 0.421949 0
1726745619323 0.30952 4
1726745619420 0.227096 4
1726745619518 1.714365 4
1726745619617 1.865229 4
1726745619717 2.519989 4
1726745619829 1.095133 4
1726745619944 0.611801 4
1726745620059 8.072541 4
1726745620158 0.992925 4
1726745620254 0.837402 4
1726745622034 0.726751 0
1726745622168 0.232171 0
1726745622270 0.26199 0
1726745622377 0.188932 0
1726745622485 0.485139 0
1726745622593 0.773372 0
1726745622697 0.385489 0
1726745622800 1.830533 0
1726745622902 1.604867 0
1726745623007 0.647594 0
1726745623106 0.697986 5
1726745623201 0.239968 5
1726745623295 1.396254 5
1726745623393 1.815511 5
1726745623496 0.927388 5
1726745623608 3.191662 5
1726745623716 1.600592 5
1726745623817 3.69941 5
1726745623913 0.852437 5
1726745624008 0.589841 5
1726745625757 0.170145 0
1726745625864 0.400866 0
1726745625966 0.212342 0
1726745626076 0.399708 0
1726745626185 0.364458 0
1726745626302 0.774199 0
1726745626415 0.19179 0
1726745626522 0.42175 0
1726745626626 1.059112 0
1726745626725 0.436979 0
1726745626820 0.373383 6
1726745626921 0.169842 6
1726745627027 1.4323 6
1726745627136 1.711501 6
1726745627240 1.156831 6
1726745627343 3.090638 6
1726745627438 1.772666 6
1726745627535 3.14991 6
1726745627637 0.748411 6
1726745627740 0.806119 6
1726745629651 0.2236 0
1726745629798 0.311 0
1726745629896 0.227347 0
1726745630000 0.341739 0
1726745630111 0.311387 0
1726745630228 0.600123 0
1726745630345 0.133143 0
1726745630458 0.497842 0
1726745630558 0.879133 0
1726745630655 0.468796 0
1726745630750 0.387836 7
1726745630844 0.14419 7
1726745630943 1.422738 7
1726745631050 1.556593 7
1726745631159 0.675786 7
1726745631267 2.478359 7
1726745631369 1.811682 7
1726745631466 2.794241 7
1726745631563 0.707928 7
1726745631663 0.461298 7
1726745633551 0.200979 0
1726745633696 0.123143 0
1726745633798 0.185153 0
1726745633901 0.239004 0
1726745634007 0.204563 0
1726745634109 0.765809 0
1726745634205 0.22745 0
1726745634303 0.74234 0
1726745634404 1.164768 0
1726745634511 0.447343 0
1726745634617 0.324895 8
1726745634720 0.287145 8
1726745634825 1.538334 8
1726745634929 1.712009 8
1726745635032 0.590976 8
1726745635133 2.104035 8
1726745635228 1.93302 8
1726745635323 2.42707 8
1726745635420 0.753047 8
1726745635519 0.45295 8
1726745637341 0.206913 0
1726745637451 0.253454 0
1726745637551 0.213822 0
1726745637657 0.299604 0
1726745637764 0.184645 0
1726745637865 0.668068 0
1726745637963 0.387746 0
1726745638060 0.679019 0
1726745638159 0.518861 0
1726745638261 0.413544 0
1726745638365 0.270936 9
1726745638463 0.200526 9
1726745638559 1.494419 9
1726745638654 1.587746 9
1726745638752 1.079018 9
1726745638854 2.780905 9
1726745638950 0.757825 9
1726745639044 3.394771 9
1726745639140 1.395619 9
1726745639240 1.420366 9
