1727096609743 0.0 0
1727096609856 10.0 0
1727096609966 20.0 0
1727096610080 30.0 0
1727096610443 0.0 0
1727096610560 10.0 0
1727096610679 20.0 0
1727096610787 30.0 0
1727096611106 0.0 0
1727096611213 10.0 0
1727096611319 20.0 0
1727096611429 30.0 0
1727096611731 0.0 0
1727096611838 10.0 0
1727096611951 20.0 0
1727096612067 30.0 0
1727096612366 0.0 0
1727096612477 10.0 0
1727096612588 20.0 0
1727096612702 30.0 0
1727096613018 0.0 0
1727096613129 10.0 0
1727096613234 20.0 0
1727096613335 30.0 0
1727096613664 0.0 0
1727096613770 10.0 0
1727096613878 20.0 0
1727096613985 30.0 0
1727096614283 0.0 0
1727096614387 10.0 0
1727096614493 20.0 0
1727096614600 30.0 0
1727096614903 0.0 0
1727096615010 10.0 0
1727096615115 20.0 0
1727096615219 30.0 0
1727096615518 0.0 0
1727096615630 10.0 0
1727096615736 20.0 0
1727096615843 30.0 0
