1726890437857 0.0 0
1726890437977 10.0 0
1726890438097 20.0 0
1726890438214 30.0 0
1726890438332 40.0 0
1726890438452 50.0 0
1726890438574 60.0 0
1726890438697 70.0 0
1726890438822 80.0 0
1726890438949 90.0 0
1726890439068 100.0 1
1726890439190 110.0 1
1726890439313 120.0 1
1726890439432 130.0 1
1726890439554 140.0 1
1726890439673 150.0 1
1726890439791 160.0 1
1726890439910 170.0 1
1726890440030 180.0 1
1726890440152 190.0 1
1726890440270 200.0 2
1726890440388 210.0 2
1726890440511 220.0 2
1726890440632 230.0 2
1726890440750 240.0 2
1726890440872 250.0 2
1726890441002 260.0 2
1726890441120 270.0 2
1726890441238 280.0 2
1726890441356 290.0 2
1726890441473 300.0 3
1726890441592 310.0 3
1726890441710 320.0 3
1726890441828 330.0 3
1726890441946 340.0 3
1726890442067 350.0 3
1726890442187 360.0 3
1726890442307 370.0 3
1726890442425 380.0 3
1726890442588 390.0 3
1726890444620 0.0 0
1726890444742 10.0 0
1726890444858 20.0 0
1726890444976 30.0 0
1726890445103 40.0 0
1726890445222 50.0 0
1726890445338 60.0 0
1726890445454 70.0 0
1726890445574 80.0 0
1726890445693 90.0 0
1726890445812 100.0 2
1726890445930 110.0 2
1726890446052 120.0 2
1726890446172 130.0 2
1726890446289 140.0 2
1726890446405 150.0 2
1726890446521 160.0 2
1726890446637 170.0 2
1726890446755 180.0 2
1726890446878 190.0 2
1726890446996 200.0 4
1726890447124 210.0 4
1726890447244 220.0 4
1726890447363 230.0 4
1726890447480 240.0 4
1726890447598 250.0 4
1726890447715 260.0 4
1726890447833 270.0 4
1726890447951 280.0 4
1726890448070 290.0 4
1726890448190 300.0 6
1726890448311 310.0 6
1726890448428 320.0 6
1726890448550 330.0 6
1726890448667 340.0 6
1726890448792 350.0 6
1726890448912 360.0 6
1726890449028 370.0 6
1726890449157 380.0 6
1726890449280 390.0 6
1726890451190 0.0 0
1726890451312 10.0 0
1726890451432 20.0 0
1726890451554 30.0 0
1726890451674 40.0 0
1726890451796 50.0 0
1726890451915 60.0 0
1726890452040 70.0 0
1726890452158 80.0 0
1726890452278 90.0 0
1726890452396 100.0 3
1726890452516 110.0 3
1726890452637 120.0 3
1726890452755 130.0 3
1726890452873 140.0 3
1726890452992 150.0 3
1726890453115 160.0 3
1726890453243 170.0 3
1726890453363 180.0 3
1726890453480 190.0 3
1726890453598 200.0 6
1726890453715 210.0 6
1726890453839 220.0 6
1726890453956 230.0 6
1726890454077 240.0 6
1726890454197 250.0 6
1726890454323 260.0 6
1726890454443 270.0 6
1726890454561 280.0 6
1726890454680 290.0 6
1726890454797 300.0 9
1726890454915 310.0 9
1726890455032 320.0 9
1726890455153 330.0 9
1726890455281 340.0 9
1726890455400 350.0 9
1726890455518 360.0 9
1726890455636 370.0 9
1726890455756 380.0 9
1726890455875 390.0 9
1726890457774 0.0 0
1726890457894 10.0 0
1726890458013 20.0 0
1726890458131 30.0 0
1726890458253 40.0 0
1726890458370 50.0 0
1726890458491 60.0 0
1726890458608 70.0 0
1726890458724 80.0 0
1726890458848 90.0 0
1726890458965 100.0 4
1726890459083 110.0 4
1726890459204 120.0 4
1726890459326 130.0 4
1726890459451 140.0 4
1726890459572 150.0 4
1726890459689 160.0 4
1726890459805 170.0 4
1726890459922 180.0 4
1726890460039 190.0 4
1726890460158 200.0 8
1726890460278 210.0 8
1726890460397 220.0 8
1726890460522 230.0 8
1726890460647 240.0 8
1726890460779 250.0 8
1726890460917 260.0 8
1726890461058 270.0 8
1726890461193 280.0 8
1726890461319 290.0 8
1726890461454 300.0 12
1726890461576 310.0 12
1726890461705 320.0 12
1726890461835 330.0 12
1726890461956 340.0 12
1726890462080 350.0 12
1726890462202 360.0 12
1726890462324 370.0 12
1726890462455 380.0 12
1726890462582 390.0 12
