1726837485483 294.164062 0
1726837485616 293.788696 0
1726837485749 120.219955 0
1726837485882 41.776318 0
1726837486016 40.796616 0
1726837486606 168.091934 0
1726837486739 47.341522 0
1726837486871 3.524585 0
1726837487003 8.244476 0
1726837487135 3.970748 0
1726837487647 184.381622 0
1726837487799 120.428314 0
1726837487941 1.315193 0
1726837488083 5.064214 0
1726837488221 2.052611 0
1726837488711 79.509171 0
1726837488866 23.890869 0
1726837489007 1.147318 0
1726837489144 3.14086 0
1726837489276 1.825819 0
1726837489777 11.98143 0
1726837489909 17.240225 0
1726837490039 1.522762 0
1726837490175 2.653596 0
1726837490318 1.773065 0
1726837490855 21.272717 0
1726837490993 22.927174 0
1726837491125 1.424981 0
1726837491256 2.416559 0
1726837491387 1.721319 0
1726837491940 17.492908 0
1726837492082 18.083387 0
1726837492220 1.487987 0
1726837492353 2.563062 0
1726837492487 1.731078 0
1726837493001 25.560457 0
1726837493138 10.229639 0
1726837493290 1.598042 0
1726837493435 2.347179 0
1726837493581 1.719077 0
1726837494120 17.743488 0
1726837494254 20.533802 0
1726837494393 1.747066 0
1726837494529 3.968935 0
1726837494664 1.773906 0
1726837495181 37.370354 0
1726837495316 14.962656 0
1726837495448 1.705238 0
1726837495583 2.512461 0
1726837495719 1.762154 0
