1726875256525 0.0 0
1726875256666 10.0 0
1726875256805 20.0 0
1726875256944 30.0 0
1726875257082 40.0 0
1726875257219 50.0 0
1726875257357 60.0 0
1726875257494 70.0 0
1726875257634 80.0 0
1726875257772 90.0 0
1726875258683 0.0 0
1726875258820 10.0 0
1726875258956 20.0 0
1726875259091 30.0 0
1726875259229 40.0 0
1726875259365 50.0 0
1726875259505 60.0 0
1726875259642 70.0 0
1726875259779 80.0 0
1726875259915 90.0 0
1726875260774 0.0 0
1726875260912 10.0 0
1726875261051 20.0 0
1726875261196 30.0 0
1726875261336 40.0 0
1726875261476 50.0 0
1726875261619 60.0 0
1726875261763 70.0 0
1726875261903 80.0 0
1726875262044 90.0 0
1726875262904 0.0 0
1726875263045 10.0 0
1726875263183 20.0 0
1726875263320 30.0 0
1726875263458 40.0 0
1726875263599 50.0 0
1726875263736 60.0 0
1726875263875 70.0 0
1726875264013 80.0 0
1726875264150 90.0 0
1726875265077 0.0 0
1726875265239 10.0 0
1726875265391 20.0 0
1726875265545 30.0 0
1726875265700 40.0 0
1726875265852 50.0 0
1726875266006 60.0 0
1726875266151 70.0 0
1726875266296 80.0 0
1726875266433 90.0 0
1726875267282 0.0 0
1726875267434 10.0 0
1726875267572 20.0 0
1726875267709 30.0 0
1726875267846 40.0 0
1726875267984 50.0 0
1726875268118 60.0 0
1726875268259 70.0 0
1726875268395 80.0 0
1726875268532 90.0 0
1726875269404 0.0 0
1726875269543 10.0 0
1726875269685 20.0 0
1726875269828 30.0 0
1726875269966 40.0 0
1726875270109 50.0 0
1726875270253 60.0 0
1726875270391 70.0 0
1726875270528 80.0 0
1726875270668 90.0 0
1726875271529 0.0 0
1726875271668 10.0 0
1726875271805 20.0 0
1726875271942 30.0 0
1726875272080 40.0 0
1726875272218 50.0 0
1726875272355 60.0 0
1726875272494 70.0 0
1726875272636 80.0 0
1726875272772 90.0 0
1726875273635 0.0 0
1726875273774 10.0 0
1726875273913 20.0 0
1726875274050 30.0 0
1726875274192 40.0 0
1726875274332 50.0 0
1726875274476 60.0 0
1726875274614 70.0 0
1726875274756 80.0 0
1726875274901 90.0 0
1726875275861 0.0 0
1726875276004 10.0 0
1726875276141 20.0 0
1726875276276 30.0 0
1726875276414 40.0 0
1726875276551 50.0 0
1726875276687 60.0 0
1726875276825 70.0 0
1726875276961 80.0 0
1726875277099 90.0 0
