1726885371655 0.0 0
1726885371796 10.0 0
1726885371933 20.0 0
1726885372073 30.0 0
1726885372209 40.0 0
1726885372345 50.0 0
1726885372481 60.0 0
1726885372618 70.0 0
1726885372754 80.0 0
1726885372892 90.0 0
1726885373028 100.0 1
1726885373166 110.0 1
1726885373304 120.0 1
1726885373440 130.0 1
1726885373578 140.0 1
1726885373725 150.0 1
1726885373863 160.0 1
1726885374000 170.0 1
1726885374137 180.0 1
1726885374273 190.0 1
1726885374410 200.0 2
1726885374548 210.0 2
1726885374685 220.0 2
1726885374822 230.0 2
1726885374959 240.0 2
1726885375097 250.0 2
1726885376911 0.0 0
1726885377053 10.0 0
1726885377195 20.0 0
1726885377335 30.0 0
1726885377472 40.0 0
1726885377610 50.0 0
1726885377811 60.0 0
1726885377971 70.0 0
1726885378109 80.0 0
1726885378247 90.0 0
1726885378384 100.0 2
1726885378523 110.0 2
1726885378660 120.0 2
1726885378798 130.0 2
1726885378935 140.0 2
1726885379074 150.0 2
1726885379211 160.0 2
1726885379349 170.0 2
1726885379486 180.0 2
1726885379623 190.0 2
1726885379760 200.0 4
1726885379897 210.0 4
1726885380035 220.0 4
1726885380172 230.0 4
1726885380310 240.0 4
1726885380448 250.0 4
1726885382213 0.0 0
1726885382352 10.0 0
1726885382489 20.0 0
1726885382627 30.0 0
1726885382764 40.0 0
1726885382901 50.0 0
1726885383041 60.0 0
1726885383178 70.0 0
1726885383314 80.0 0
1726885383453 90.0 0
1726885383590 100.0 3
1726885383726 110.0 3
1726885383863 120.0 3
1726885383999 130.0 3
1726885384136 140.0 3
1726885384276 150.0 3
1726885384416 160.0 3
1726885384557 170.0 3
1726885384695 180.0 3
1726885384832 190.0 3
1726885384969 200.0 6
1726885385106 210.0 6
1726885385244 220.0 6
1726885385380 230.0 6
1726885385519 240.0 6
1726885385656 250.0 6
1726885387403 0.0 0
1726885387547 10.0 0
1726885387683 20.0 0
1726885387820 30.0 0
1726885387957 40.0 0
1726885388094 50.0 0
1726885388232 60.0 0
1726885388370 70.0 0
1726885388507 80.0 0
1726885388644 90.0 0
1726885388781 100.0 4
1726885388918 110.0 4
1726885389054 120.0 4
1726885389191 130.0 4
1726885389327 140.0 4
1726885389464 150.0 4
1726885389603 160.0 4
1726885389739 170.0 4
1726885389876 180.0 4
1726885390014 190.0 4
1726885390150 200.0 8
1726885390286 210.0 8
1726885390424 220.0 8
1726885390561 230.0 8
1726885390698 240.0 8
1726885390834 250.0 8
1726885392630 0.0 0
1726885392767 10.0 0
1726885392905 20.0 0
1726885393045 30.0 0
1726885393184 40.0 0
1726885393322 50.0 0
1726885393460 60.0 0
1726885393599 70.0 0
1726885393740 80.0 0
1726885393878 90.0 0
1726885394015 100.0 5
1726885394153 110.0 5
1726885394290 120.0 5
1726885394429 130.0 5
1726885394567 140.0 5
1726885394705 150.0 5
1726885394842 160.0 5
1726885394980 170.0 5
1726885395119 180.0 5
1726885395256 190.0 5
1726885395394 200.0 10
1726885395532 210.0 10
1726885395672 220.0 10
1726885395811 230.0 10
1726885395948 240.0 10
1726885396085 250.0 10
1726885397833 0.0 0
1726885397975 10.0 0
1726885398114 20.0 0
1726885398252 30.0 0
1726885398389 40.0 0
1726885398527 50.0 0
1726885398665 60.0 0
1726885398805 70.0 0
1726885398943 80.0 0
1726885399080 90.0 0
1726885399219 100.0 6
1726885399357 110.0 6
1726885399494 120.0 6
1726885399631 130.0 6
1726885399769 140.0 6
1726885399908 150.0 6
1726885400047 160.0 6
1726885400186 170.0 6
1726885400324 180.0 6
1726885400463 190.0 6
1726885400602 200.0 12
1726885400739 210.0 12
1726885400878 220.0 12
1726885401015 230.0 12
1726885401152 240.0 12
1726885401290 250.0 12
1726885403035 0.0 0
1726885403176 10.0 0
1726885403313 20.0 0
1726885403450 30.0 0
1726885403587 40.0 0
1726885403724 50.0 0
1726885403861 60.0 0
1726885403999 70.0 0
1726885404135 80.0 0
1726885404272 90.0 0
1726885404410 100.0 7
1726885404548 110.0 7
1726885404685 120.0 7
1726885404823 130.0 7
1726885404959 140.0 7
1726885405097 150.0 7
1726885405233 160.0 7
1726885405370 170.0 7
1726885405508 180.0 7
1726885405645 190.0 7
1726885405782 200.0 14
1726885405919 210.0 14
1726885406056 220.0 14
1726885406193 230.0 14
1726885406330 240.0 14
1726885406467 250.0 14
