1727090928426 0.0 0
1727090928521 10.0 0
1727090928618 20.0 0
1727090928713 30.0 0
1727090928811 40.0 0
1727090929123 0.0 0
1727090929215 10.0 0
1727090929303 20.0 0
1727090929395 30.0 0
1727090929488 40.0 0
1727090929784 0.0 0
1727090929877 10.0 0
1727090929976 20.0 0
1727090930068 30.0 0
1727090930162 40.0 0
1727090930458 0.0 0
1727090930552 10.0 0
1727090930643 20.0 0
1727090930733 30.0 0
1727090930824 40.0 0
1727090931125 0.0 0
1727090931222 10.0 0
1727090931325 20.0 0
1727090931421 30.0 0
1727090931517 40.0 0
1727090931810 0.0 0
1727090931909 10.0 0
1727090932007 20.0 0
1727090932104 30.0 0
1727090932196 40.0 0
1727090932491 0.0 0
1727090932583 10.0 0
1727090932677 20.0 0
1727090932768 30.0 0
1727090932864 40.0 0
1727090933169 0.0 0
1727090933261 10.0 0
1727090933352 20.0 0
1727090933447 30.0 0
1727090933544 40.0 0
1727090933839 0.0 0
1727090933937 10.0 0
1727090934028 20.0 0
1727090934119 30.0 0
1727090934208 40.0 0
1727090934506 0.0 0
1727090934607 10.0 0
1727090934699 20.0 0
1727090934788 30.0 0
1727090934881 40.0 0
