1726899228262 0.564324 0
1726899228403 1.509925 0
1726899228543 0.667422 0
1726899228683 0.380215 0
1726899228822 1.473006 0
1726899228962 1.591249 0
1726899229620 0.408449 0
1726899229760 1.404586 0
1726899229902 0.446936 0
1726899230041 0.30303 0
1726899230183 1.177458 0
1726899230323 1.193382 0
1726899230849 0.367821 0
1726899230990 1.290214 0
1726899231131 0.307345 0
1726899231270 0.257873 0
1726899231410 0.968791 0
1726899231548 0.911395 0
1726899232066 0.337437 0
1726899232207 1.203497 0
1726899232347 0.230467 0
1726899232487 0.234293 0
1726899232627 0.848292 0
1726899232767 0.747119 0
1726899233278 0.307603 0
1726899233419 1.110287 0
1726899233557 0.195833 0
1726899233697 0.22786 0
1726899233837 0.76711 0
1726899233978 0.671813 0
1726899234484 0.29724 0
1726899234625 1.072034 0
1726899234766 0.181531 0
1726899234905 0.230004 0
1726899235044 0.733396 0
1726899235183 0.642741 0
1726899235701 0.276766 0
1726899235846 1.032383 0
1726899235989 0.174541 0
1726899236131 0.230453 0
1726899236272 0.722648 0
1726899236414 0.633937 0
1726899236919 0.268789 0
1726899237061 1.008557 0
1726899237201 0.170643 0
1726899237343 0.226203 0
1726899237483 0.703663 0
1726899237622 0.613452 0
1726899238134 0.255564 0
1726899238276 0.988839 0
1726899238417 0.162653 0
1726899238556 0.23128 0
1726899238696 0.696994 0
1726899238836 0.607378 0
1726899239342 0.256854 0
1726899239484 0.976467 0
1726899239624 0.155221 0
1726899239763 0.233745 0
1726899239903 0.692066 0
1726899240043 0.610833 0
