1726842474837 54.026367 0
1726842474972 315.335114 0
1726842475103 27.122269 0
1726842475236 44.359486 0
1726842475369 26.519772 0
1726842475503 18.757235 0
1726842475637 4.859288 0
1726842475771 122.401428 0
1726842475903 18.461929 0
1726842476035 23.629976 0
1726842476167 25.460369 1
1726842476298 7.759439 1
1726842476430 6.795611 1
1726842476562 4.458275 1
1726842476695 19.739662 1
1726842477829 7.479414 0
1726842477962 10.103109 0
1726842478094 22.961651 0
1726842478226 1.214353 0
1726842478359 0.653656 0
1726842478492 0.912752 0
1726842478624 2.365661 0
1726842478757 14.251501 0
1726842478892 5.241538 0
1726842479024 3.982952 0
1726842479157 20.348392 2
1726842479288 2.443847 2
1726842479418 9.276937 2
1726842479550 1.975313 2
1726842479681 1.515263 2
1726842480741 3.413685 0
1726842480875 1.278831 0
1726842481008 2.283522 0
1726842481142 0.580021 0
1726842481275 0.332253 0
1726842481407 0.661368 0
1726842481537 2.393855 0
1726842481670 848.573303 0
1726842481804 2.074062 0
1726842481936 1.197351 0
1726842482068 1.985628 3
1726842482200 3.195808 3
1726842482331 1.263905 3
1726842482462 4.012545 3
1726842482594 1.154128 3
1726842483673 3.351397 0
1726842483805 0.884538 0
1726842483937 3.222711 0
1726842484070 0.656306 0
1726842484201 0.335383 0
1726842484333 0.545173 0
1726842484465 1.008419 0
1726842484597 4.015135 0
1726842484729 2.184581 0
1726842484862 1.849859 0
1726842484996 1.506954 4
1726842485128 2.592431 4
1726842485265 1.142502 4
1726842485397 3.378424 4
1726842485530 1.066476 4
1726842486586 11.86129 0
1726842486720 0.771847 0
1726842486853 3.65184 0
1726842486990 0.712095 0
1726842487121 0.354731 0
1726842487252 0.552256 0
1726842487384 0.979579 0
1726842487516 8.662806 0
1726842487648 10.612422 0
1726842487779 1.767707 0
1726842487910 1.504195 5
1726842488042 1.649195 5
1726842488174 2.883223 5
1726842488305 2.699499 5
1726842488437 1.039943 5
1726842489500 6.197857 0
1726842489640 0.749979 0
1726842489771 2.065183 0
1726842489913 0.711882 0
1726842490045 0.371956 0
1726842490176 0.571655 0
1726842490308 1.134045 0
1726842490439 9.011709 0
1726842490570 4.438841 0
1726842490701 1.361621 0
1726842490833 1.473309 6
1726842490964 1.998745 6
1726842491097 2.241899 6
1726842491229 4.596007 6
1726842491362 0.999382 6
1726842492412 5.406326 0
1726842492544 0.735064 0
1726842492676 2.57258 0
1726842492808 0.716766 0
1726842492939 0.386468 0
1726842493073 0.558127 0
1726842493204 1.189719 0
1726842493337 16.286615 0
1726842493473 2.943754 0
1726842493605 1.917718 0
1726842493737 2.05579 7
1726842493868 1.396333 7
1726842494000 0.982756 7
1726842494132 16.206392 7
1726842494264 0.987227 7
1726842495326 89.021584 0
1726842495460 0.76104 0
1726842495592 2.226806 0
1726842495724 0.705376 0
1726842495855 0.38387 0
1726842495988 0.56837 0
1726842496121 1.409272 0
1726842496253 7.019944 0
1726842496385 3.571895 0
1726842496518 1.30555 0
1726842496650 3.075699 8
1726842496785 1.6015 8
1726842496918 1.305291 8
1726842497050 2.926891 8
1726842497183 1.119468 8
1726842498244 4.753196 0
1726842498378 0.751007 0
1726842498509 4.910247 0
1726842498640 0.697711 0
1726842498772 0.385958 0
1726842498905 0.538583 0
1726842499037 1.176978 0
1726842499169 5.044242 0
1726842499302 3.250184 0
1726842499435 1.491258 0
1726842499568 3.00497 9
1726842499700 4.227556 9
1726842499832 0.908666 9
1726842499964 5.409795 9
1726842500097 1.013852 9
1726842501145 3.631397 0
1726842501277 0.737517 0
1726842501410 2.018314 0
1726842501543 0.674856 0
1726842501674 0.375876 0
1726842501807 0.549804 0
1726842501938 1.426813 0
1726842502070 3.750726 0
1726842502202 4.326703 0
1726842502334 2.568464 0
1726842502466 4.602757 10
1726842502597 1.95923 10
1726842502729 0.890266 10
1726842502861 42.146011 10
1726842502992 0.995196 10
