1726792575483 0.0 0
1726792575581 10.0 0
1726792575674 20.0 0
1726792575767 30.0 0
1726792575872 40.0 0
1726792575972 50.0 0
1726792576071 60.0 0
1726792576169 70.0 0
1726792576268 80.0 0
1726792576367 90.0 0
1726792576468 100.0 1
1726792576568 110.0 1
1726792576671 120.0 1
1726792576770 130.0 1
1726792576871 140.0 1
1726792576970 150.0 1
1726792577069 160.0 1
1726792577168 170.0 1
1726792577267 180.0 1
1726792577366 190.0 1
1726792577467 200.0 2
1726792577568 210.0 2
1726792577668 220.0 2
1726792577768 230.0 2
1726792577868 240.0 2
1726792577966 250.0 2
1726792578065 260.0 2
1726792578163 270.0 2
1726792578261 280.0 2
1726792578363 290.0 2
1726792578462 300.0 3
1726792578560 310.0 3
1726792578659 320.0 3
1726792578765 330.0 3
1726792578867 340.0 3
1726792578981 350.0 3
1726792579079 360.0 3
1726792579176 370.0 3
1726792579274 380.0 3
1726792579371 390.0 3
1726792579469 400.0 4
1726792579565 410.0 4
1726792579664 420.0 4
1726792581614 0.0 0
1726792581709 10.0 0
1726792581803 20.0 0
1726792581897 30.0 0
1726792581992 40.0 0
1726792582087 50.0 0
1726792582185 60.0 0
1726792582280 70.0 0
1726792582376 80.0 0
1726792582471 90.0 0
1726792582567 100.0 2
1726792582661 110.0 2
1726792582760 120.0 2
1726792582864 130.0 2
1726792582960 140.0 2
1726792583055 150.0 2
1726792583151 160.0 2
1726792583248 170.0 2
1726792583343 180.0 2
1726792583437 190.0 2
1726792583532 200.0 4
1726792583626 210.0 4
1726792583720 220.0 4
1726792583818 230.0 4
1726792583916 240.0 4
1726792584014 250.0 4
1726792584108 260.0 4
1726792584210 270.0 4
1726792584308 280.0 4
1726792584403 290.0 4
1726792584497 300.0 6
1726792584592 310.0 6
1726792584686 320.0 6
1726792584779 330.0 6
1726792584882 340.0 6
1726792584979 350.0 6
1726792585073 360.0 6
1726792585167 370.0 6
1726792585261 380.0 6
1726792585356 390.0 6
1726792585451 400.0 8
1726792585545 410.0 8
1726792585639 420.0 8
1726792587567 0.0 0
1726792587664 10.0 0
1726792587759 20.0 0
1726792587852 30.0 0
1726792587945 40.0 0
1726792588039 50.0 0
1726792588136 60.0 0
1726792588235 70.0 0
1726792588330 80.0 0
1726792588424 90.0 0
1726792588518 100.0 3
1726792588612 110.0 3
1726792588705 120.0 3
1726792588799 130.0 3
1726792588893 140.0 3
1726792589001 150.0 3
1726792589107 160.0 3
1726792589205 170.0 3
1726792589303 180.0 3
1726792589402 190.0 3
1726792589498 200.0 6
1726792589594 210.0 6
1726792589689 220.0 6
1726792589785 230.0 6
1726792589882 240.0 6
1726792589978 250.0 6
1726792590074 260.0 6
1726792590170 270.0 6
1726792590266 280.0 6
1726792590361 290.0 6
1726792590456 300.0 9
1726792590551 310.0 9
1726792590647 320.0 9
1726792590742 330.0 9
1726792590836 340.0 9
1726792590930 350.0 9
1726792591032 360.0 9
1726792591127 370.0 9
1726792591222 380.0 9
1726792591318 390.0 9
1726792591414 400.0 12
1726792591510 410.0 12
1726792591605 420.0 12
1726792593494 0.0 0
1726792593591 10.0 0
1726792593684 20.0 0
1726792593779 30.0 0
1726792593872 40.0 0
1726792593968 50.0 0
1726792594062 60.0 0
1726792594156 70.0 0
1726792594250 80.0 0
1726792594344 90.0 0
1726792594438 100.0 4
1726792594537 110.0 4
1726792594633 120.0 4
1726792594727 130.0 4
1726792594822 140.0 4
1726792594916 150.0 4
1726792595010 160.0 4
1726792595113 170.0 4
1726792595209 180.0 4
1726792595305 190.0 4
1726792595398 200.0 8
1726792595496 210.0 8
1726792595592 220.0 8
1726792595688 230.0 8
1726792595784 240.0 8
1726792595879 250.0 8
1726792595973 260.0 8
1726792596073 270.0 8
1726792596168 280.0 8
1726792596263 290.0 8
1726792596359 300.0 12
1726792596455 310.0 12
1726792596549 320.0 12
1726792596643 330.0 12
1726792596736 340.0 12
1726792596830 350.0 12
1726792596922 360.0 12
1726792597016 370.0 12
1726792597113 380.0 12
1726792597216 390.0 12
1726792597312 400.0 16
1726792597406 410.0 16
1726792597500 420.0 16
1726792599393 0.0 0
1726792599489 10.0 0
1726792599585 20.0 0
1726792599680 30.0 0
1726792599777 40.0 0
1726792599874 50.0 0
1726792599972 60.0 0
1726792600071 70.0 0
1726792600169 80.0 0
1726792600267 90.0 0
1726792600364 100.0 5
1726792600464 110.0 5
1726792600563 120.0 5
1726792600660 130.0 5
1726792600755 140.0 5
1726792600851 150.0 5
1726792600946 160.0 5
1726792601042 170.0 5
1726792601137 180.0 5
1726792601240 190.0 5
1726792601341 200.0 10
1726792601435 210.0 10
1726792601531 220.0 10
1726792601625 230.0 10
1726792601720 240.0 10
1726792601819 250.0 10
1726792601914 260.0 10
1726792602010 270.0 10
1726792602106 280.0 10
1726792602201 290.0 10
1726792602295 300.0 15
1726792602391 310.0 15
1726792602485 320.0 15
1726792602578 330.0 15
1726792602676 340.0 15
1726792602772 350.0 15
1726792602868 360.0 15
1726792602968 370.0 15
1726792603068 380.0 15
1726792603165 390.0 15
1726792603276 400.0 20
1726792603373 410.0 20
1726792603468 420.0 20
