1726814790554 0.381417 0
1726814790677 0.241704 0
1726814790800 3.097772 0
1726814790924 0.550037 0
1726814791263 0.944256 0
1726814791387 0.16096 0
1726814791510 1.6569 0
1726814791633 0.186106 0
1726814791969 0.665457 0
1726814792092 0.152919 0
1726814792215 2.112905 0
1726814792338 0.656685 0
1726814792673 1.96565 0
1726814792795 0.279573 0
1726814792919 2.031966 0
1726814793042 0.195631 0
1726814793381 0.693641 0
1726814793504 0.162969 0
1726814793627 1.405594 0
1726814793750 0.587735 0
1726814794084 0.353144 0
1726814794207 0.148386 0
1726814794330 2.336766 0
1726814794453 0.194328 0
1726814794787 0.351507 0
1726814794910 0.232318 0
1726814795033 1.4636 0
1726814795156 0.180458 0
