1726846627971 112.559479 0
1726846628142 57.274166 0
1726846628312 23.671566 0
1726846628474 17.240299 0
1726846628630 25.348354 0
1726846628780 17.541485 0
1726846628932 16.221226 0
1726846629082 13.753549 0
1726846629239 4.978491 0
1726846629389 6.93366 0
1726846629543 12.203625 1
1726846629703 3.418828 1
1726846629871 2.123047 1
1726846630048 0.710051 1
1726846630231 1.184482 1
1726846630415 0.964086 1
1726846633176 1.179277 0
1726846633372 0.895552 0
1726846633556 6.59408 0
1726846633713 1.526556 0
1726846633866 4.048028 0
1726846634016 1.41203 0
1726846634162 4.62357 0
1726846634306 1.835847 0
1726846634446 1.613642 0
1726846634590 2.155361 0
1726846634742 2.267649 2
1726846634894 0.952309 2
1726846635046 1.438254 2
1726846635197 0.584872 2
1726846635348 1.47526 2
1726846635513 1.123503 2
1726846638022 0.897301 0
1726846638246 3.133319 0
1726846638409 1.158987 0
1726846638561 0.941977 0
1726846638716 1.923939 0
1726846638876 1.472206 0
1726846639046 1.279025 0
1726846639228 1.804281 0
1726846639411 4.080313 0
1726846639583 2.094387 0
1726846639755 4.14232 3
1726846639920 1.138646 3
1726846640076 1.305125 3
1726846640232 0.701239 3
1726846640392 1.385008 3
1726846640571 1.263508 3
1726846642786 0.971831 0
1726846642972 1.147144 0
1726846643150 3.818885 0
1726846643348 3.415702 0
1726846643546 1.061663 0
1726846643730 2.61094 0
1726846643923 3.431483 0
1726846644112 2.952554 0
1726846644303 2.018844 0
1726846644493 1.282588 0
1726846644682 1.679922 4
1726846644863 2.141278 4
1726846645039 2.561913 4
1726846645210 0.553449 4
1726846645374 0.793697 4
1726846645533 0.912123 4
1726846647990 2.852594 0
1726846648177 5.329011 0
1726846648381 1.716987 0
1726846648558 2.713268 0
1726846648740 1.021444 0
1726846648930 1.976356 0
1726846649130 1.349868 0
1726846649302 3.214344 0
1726846649486 3.201952 0
1726846649680 1.532767 0
1726846649871 1.417505 5
1726846650064 0.807013 5
1726846650263 2.228723 5
1726846650434 0.496045 5
1726846650588 0.59193 5
1726846650738 0.779801 5
1726846653222 1.775826 0
1726846653413 16.335964 0
1726846653600 1.628006 0
1726846653770 1.463624 0
1726846653926 1.958019 0
1726846654078 2.564511 0
1726846654233 1.182797 0
1726846654387 3.470678 0
1726846654542 3.975317 0
1726846654705 3.067404 0
1726846654867 8.21205 6
1726846655020 2.735289 6
1726846655172 2.630528 6
1726846655320 0.502197 6
1726846655462 0.655505 6
1726846655599 1.461862 6
1726846657740 0.835532 0
1726846657932 4.083893 0
1726846658116 2.327306 0
1726846658291 1.620319 0
1726846658470 1.192955 0
1726846658661 1.33085 0
1726846658830 0.923018 0
1726846658992 2.634433 0
1726846659151 2.42073 0
1726846659302 1.474446 0
1726846659451 2.266118 7
1726846659615 0.739784 7
1726846659796 1.4474 7
1726846660005 0.570923 7
1726846660192 1.118799 7
1726846660361 0.679845 7
1726846662674 0.722674 0
1726846662870 2.16422 0
1726846663081 1.831696 0
1726846663275 2.8895 0
1726846663438 2.315816 0
1726846663593 2.608028 0
1726846663748 0.952952 0
1726846663901 4.515941 0
1726846664054 4.761992 0
1726846664206 2.899485 0
1726846664358 2.658377 8
1726846664510 0.979682 8
1726846664671 1.521423 8
1726846664845 0.56298 8
1726846665008 1.076447 8
1726846665169 0.603857 8
1726846667595 0.719996 0
1726846667790 10.856401 0
1726846667976 2.728588 0
1726846668157 9.658401 0
1726846668329 1.635747 0
1726846668493 1.225557 0
1726846668665 1.892294 0
1726846668846 4.038253 0
1726846669046 2.01678 0
1726846669245 1.968997 0
1726846669416 1.896284 9
1726846669576 2.553905 9
1726846669734 0.905846 9
1726846669888 0.688272 9
1726846670036 0.780776 9
1726846670184 0.547798 9
1726846672317 0.789712 0
1726846672509 16.831245 0
1726846672719 9.764023 0
1726846672908 3.738307 0
1726846673090 1.595941 0
1726846673280 2.15358 0
1726846673481 1.111701 0
1726846673668 2.597831 0
1726846673849 3.162506 0
1726846674030 2.688936 0
1726846674228 1.535342 10
1726846674445 1.4459 10
1726846674647 0.798678 10
1726846674836 0.657091 10
1726846675022 2.135931 10
1726846675212 1.265882 10
