1726753066899 0.0 0
1726753067017 10.0 0
1726753067120 20.0 0
1726753067224 30.0 0
1726753067327 40.0 0
1726753067427 50.0 0
1726753067525 60.0 0
1726753067624 70.0 0
1726753067724 80.0 0
1726753067825 90.0 0
1726753067929 100.0 1
1726753068027 110.0 1
1726753068128 120.0 1
1726753068237 130.0 1
1726753068341 140.0 1
1726753068445 150.0 1
1726753068549 160.0 1
1726753068648 170.0 1
1726753068749 180.0 1
1726753068847 190.0 1
1726753068943 200.0 2
1726753069040 210.0 2
1726753069141 220.0 2
1726753069243 230.0 2
1726753069350 240.0 2
1726753069457 250.0 2
1726753069557 260.0 2
1726753069657 270.0 2
1726753069756 280.0 2
1726753069858 290.0 2
1726753069963 300.0 3
1726753070073 310.0 3
1726753070181 320.0 3
1726753070284 330.0 3
1726753070387 340.0 3
1726753070490 350.0 3
1726753070591 360.0 3
1726753070692 370.0 3
1726753070795 380.0 3
1726753070896 390.0 3
1726753070994 400.0 4
1726753071093 410.0 4
1726753071192 420.0 4
1726753071294 430.0 4
1726753076375 0.0 0
1726753076530 10.0 0
1726753076632 20.0 0
1726753076734 30.0 0
1726753076838 40.0 0
1726753076944 50.0 0
1726753077051 60.0 0
1726753077153 70.0 0
1726753077250 80.0 0
1726753077345 90.0 0
1726753077441 100.0 2
1726753077539 110.0 2
1726753077637 120.0 2
1726753077738 130.0 2
1726753077839 140.0 2
1726753077939 150.0 2
1726753078037 160.0 2
1726753078137 170.0 2
1726753078237 180.0 2
1726753078337 190.0 2
1726753078436 200.0 4
1726753078532 210.0 4
1726753078627 220.0 4
1726753078725 230.0 4
1726753078824 240.0 4
1726753078923 250.0 4
1726753079027 260.0 4
1726753079129 270.0 4
1726753079232 280.0 4
1726753079328 290.0 4
1726753079425 300.0 6
1726753079524 310.0 6
1726753079622 320.0 6
1726753079720 330.0 6
1726753079814 340.0 6
1726753079910 350.0 6
1726753080005 360.0 6
1726753080102 370.0 6
1726753080199 380.0 6
1726753080295 390.0 6
1726753080391 400.0 8
1726753080486 410.0 8
1726753080581 420.0 8
1726753080684 430.0 8
1726753085703 0.0 0
1726753085807 10.0 0
1726753085899 20.0 0
1726753085992 30.0 0
1726753086083 40.0 0
1726753086179 50.0 0
1726753086287 60.0 0
1726753086395 70.0 0
1726753086503 80.0 0
1726753086613 90.0 0
1726753086717 100.0 3
1726753086820 110.0 3
1726753086923 120.0 3
1726753087026 130.0 3
1726753087132 140.0 3
1726753087242 150.0 3
1726753087349 160.0 3
1726753087456 170.0 3
1726753087560 180.0 3
1726753087660 190.0 3
1726753087761 200.0 6
1726753087863 210.0 6
1726753087963 220.0 6
1726753088060 230.0 6
1726753088154 240.0 6
1726753088248 250.0 6
1726753088344 260.0 6
1726753088444 270.0 6
1726753088554 280.0 6
1726753088664 290.0 6
1726753088772 300.0 9
1726753088880 310.0 9
1726753088982 320.0 9
1726753089077 330.0 9
1726753089170 340.0 9
1726753089272 350.0 9
1726753089370 360.0 9
1726753089470 370.0 9
1726753089601 380.0 9
1726753089724 390.0 9
1726753089841 400.0 12
1726753089947 410.0 12
1726753090051 420.0 12
1726753090151 430.0 12
1726753095481 0.0 0
1726753095598 10.0 0
1726753095704 20.0 0
1726753095807 30.0 0
1726753095906 40.0 0
1726753096013 50.0 0
1726753096112 60.0 0
1726753096211 70.0 0
1726753096311 80.0 0
1726753096415 90.0 0
1726753096523 100.0 4
1726753096636 110.0 4
1726753096748 120.0 4
1726753096857 130.0 4
1726753096960 140.0 4
1726753097063 150.0 4
1726753097158 160.0 4
1726753097255 170.0 4
1726753097351 180.0 4
1726753097453 190.0 4
1726753097556 200.0 8
1726753097664 210.0 8
1726753097768 220.0 8
1726753097870 230.0 8
1726753097972 240.0 8
1726753098073 250.0 8
1726753098171 260.0 8
1726753098282 270.0 8
1726753098384 280.0 8
1726753098490 290.0 8
1726753098596 300.0 12
1726753098703 310.0 12
1726753098811 320.0 12
1726753098916 330.0 12
1726753099018 340.0 12
1726753099122 350.0 12
1726753099223 360.0 12
1726753099324 370.0 12
1726753099425 380.0 12
1726753099530 390.0 12
1726753099633 400.0 16
1726753099735 410.0 16
1726753099837 420.0 16
1726753099941 430.0 16
1726753105302 0.0 0
1726753105427 10.0 0
1726753105535 20.0 0
1726753105639 30.0 0
1726753105743 40.0 0
1726753105845 50.0 0
1726753105945 60.0 0
1726753106046 70.0 0
1726753106148 80.0 0
1726753106253 90.0 0
1726753106358 100.0 5
1726753106462 110.0 5
1726753106563 120.0 5
1726753106659 130.0 5
1726753106751 140.0 5
1726753106842 150.0 5
1726753106935 160.0 5
1726753107030 170.0 5
1726753107127 180.0 5
1726753107227 190.0 5
1726753107327 200.0 10
1726753107432 210.0 10
1726753107534 220.0 10
1726753107638 230.0 10
1726753107742 240.0 10
1726753107843 250.0 10
1726753107941 260.0 10
1726753108039 270.0 10
1726753108138 280.0 10
1726753108237 290.0 10
1726753108337 300.0 15
1726753108439 310.0 15
1726753108541 320.0 15
1726753108643 330.0 15
1726753108744 340.0 15
1726753108848 350.0 15
1726753108955 360.0 15
1726753109057 370.0 15
1726753109158 380.0 15
1726753109261 390.0 15
1726753109365 400.0 20
1726753109472 410.0 20
1726753109575 420.0 20
1726753109678 430.0 20
1726753115014 0.0 0
1726753115136 10.0 0
1726753115242 20.0 0
1726753115342 30.0 0
1726753115443 40.0 0
1726753115544 50.0 0
1726753115646 60.0 0
1726753115747 70.0 0
1726753115853 80.0 0
1726753115958 90.0 0
1726753116062 100.0 6
1726753116167 110.0 6
1726753116268 120.0 6
1726753116368 130.0 6
1726753116470 140.0 6
1726753116574 150.0 6
1726753116680 160.0 6
1726753116781 170.0 6
1726753116882 180.0 6
1726753116985 190.0 6
1726753117091 200.0 12
1726753117195 210.0 12
1726753117297 220.0 12
1726753117395 230.0 12
1726753117494 240.0 12
1726753117593 250.0 12
1726753117693 260.0 12
1726753117793 270.0 12
1726753117896 280.0 12
1726753117997 290.0 12
1726753118098 300.0 18
1726753118195 310.0 18
1726753118293 320.0 18
1726753118389 330.0 18
1726753118486 340.0 18
1726753118585 350.0 18
1726753118687 360.0 18
1726753118790 370.0 18
1726753118892 380.0 18
1726753118992 390.0 18
1726753119094 400.0 24
1726753119196 410.0 24
1726753119293 420.0 24
1726753119390 430.0 24
1726753124517 0.0 0
1726753124638 10.0 0
1726753124744 20.0 0
1726753124849 30.0 0
1726753124957 40.0 0
1726753125068 50.0 0
1726753125173 60.0 0
1726753125275 70.0 0
1726753125377 80.0 0
1726753125478 90.0 0
1726753125579 100.0 7
1726753125681 110.0 7
1726753125785 120.0 7
1726753125893 130.0 7
1726753125998 140.0 7
1726753126101 150.0 7
1726753126206 160.0 7
1726753126315 170.0 7
1726753126418 180.0 7
1726753126519 190.0 7
1726753126619 200.0 14
1726753126720 210.0 14
1726753126820 220.0 14
1726753126919 230.0 14
1726753127019 240.0 14
1726753127120 250.0 14
1726753127221 260.0 14
1726753127323 270.0 14
1726753127430 280.0 14
1726753127537 290.0 14
1726753127643 300.0 21
1726753127743 310.0 21
1726753127843 320.0 21
1726753127944 330.0 21
1726753128047 340.0 21
1726753128149 350.0 21
1726753128251 360.0 21
1726753128360 370.0 21
1726753128466 380.0 21
1726753128566 390.0 21
1726753128668 400.0 28
1726753128772 410.0 28
1726753128875 420.0 28
1726753128975 430.0 28
1726753134284 0.0 0
1726753134406 10.0 0
1726753134520 20.0 0
1726753134626 30.0 0
1726753134725 40.0 0
1726753134823 50.0 0
1726753134922 60.0 0
1726753135022 70.0 0
1726753135119 80.0 0
1726753135215 90.0 0
1726753135316 100.0 8
1726753135414 110.0 8
1726753135516 120.0 8
1726753135625 130.0 8
1726753135736 140.0 8
1726753135846 150.0 8
1726753135949 160.0 8
1726753136047 170.0 8
1726753136143 180.0 8
1726753136235 190.0 8
1726753136326 200.0 16
1726753136419 210.0 16
1726753136519 220.0 16
1726753136622 230.0 16
1726753136725 240.0 16
1726753136840 250.0 16
1726753136960 260.0 16
1726753137079 270.0 16
1726753137196 280.0 16
1726753137314 290.0 16
1726753137423 300.0 24
1726753137528 310.0 24
1726753137632 320.0 24
1726753137731 330.0 24
1726753137832 340.0 24
1726753137933 350.0 24
1726753138035 360.0 24
1726753138139 370.0 24
1726753138239 380.0 24
1726753138339 390.0 24
1726753138439 400.0 32
1726753138541 410.0 32
1726753138645 420.0 32
1726753138748 430.0 32
1726753144116 0.0 0
1726753144238 10.0 0
1726753144347 20.0 0
1726753144447 30.0 0
1726753144550 40.0 0
1726753144651 50.0 0
1726753144760 60.0 0
1726753144869 70.0 0
1726753144976 80.0 0
1726753145081 90.0 0
1726753145180 100.0 9
1726753145277 110.0 9
1726753145373 120.0 9
1726753145466 130.0 9
1726753145559 140.0 9
1726753145656 150.0 9
1726753145759 160.0 9
1726753145863 170.0 9
1726753145966 180.0 9
1726753146065 190.0 9
1726753146163 200.0 18
1726753146264 210.0 18
1726753146364 220.0 18
1726753146464 230.0 18
1726753146567 240.0 18
1726753146670 250.0 18
1726753146776 260.0 18
1726753146887 270.0 18
1726753146992 280.0 18
1726753147091 290.0 18
1726753147185 300.0 27
1726753147278 310.0 27
1726753147372 320.0 27
1726753147476 330.0 27
1726753147584 340.0 27
1726753147691 350.0 27
1726753147795 360.0 27
1726753147897 370.0 27
1726753147995 380.0 27
1726753148093 390.0 27
1726753148192 400.0 36
1726753148291 410.0 36
1726753148393 420.0 36
1726753148495 430.0 36
