1726756191289 0.0 0
1726756191379 10.0 0
1726756191469 20.0 0
1726756191557 30.0 0
1726756191644 40.0 0
1726756191730 50.0 0
1726756191817 60.0 0
1726756191903 70.0 0
1726756191990 80.0 0
1726756192076 90.0 0
1726756192166 100.0 1
1726756192253 110.0 1
1726756192339 120.0 1
1726756192426 130.0 1
1726756193123 0.0 0
1726756193219 10.0 0
1726756193306 20.0 0
1726756193392 30.0 0
1726756193480 40.0 0
1726756193571 50.0 0
1726756193661 60.0 0
1726756193749 70.0 0
1726756193837 80.0 0
1726756193924 90.0 0
1726756194011 100.0 2
1726756194098 110.0 2
1726756194185 120.0 2
1726756194272 130.0 2
1726756194971 0.0 0
1726756195068 10.0 0
1726756195163 20.0 0
1726756195254 30.0 0
1726756195344 40.0 0
1726756195434 50.0 0
1726756195524 60.0 0
1726756195611 70.0 0
1726756195709 80.0 0
1726756195799 90.0 0
1726756195886 100.0 3
1726756195974 110.0 3
1726756196063 120.0 3
1726756196150 130.0 3
1726756196843 0.0 0
1726756196933 10.0 0
1726756197021 20.0 0
1726756197109 30.0 0
1726756197206 40.0 0
1726756197293 50.0 0
1726756197380 60.0 0
1726756197467 70.0 0
1726756197554 80.0 0
1726756197643 90.0 0
1726756197728 100.0 4
1726756197817 110.0 4
1726756197905 120.0 4
1726756197995 130.0 4
1726756198681 0.0 0
1726756198776 10.0 0
1726756198864 20.0 0
1726756198951 30.0 0
1726756199037 40.0 0
1726756199125 50.0 0
1726756199223 60.0 0
1726756199310 70.0 0
1726756199398 80.0 0
1726756199485 90.0 0
1726756199572 100.0 5
1726756199663 110.0 5
1726756199753 120.0 5
1726756199843 130.0 5
