1726848329503 0.0 0
1726848329674 10.0 0
1726848329835 20.0 0
1726848329984 30.0 0
1726848330127 40.0 0
1726848330272 50.0 0
1726848330416 60.0 0
1726848330563 70.0 0
1726848330705 80.0 0
1726848330845 90.0 0
1726848330985 100.0 1
1726848331126 110.0 1
1726848331266 120.0 1
1726848331411 130.0 1
1726848331558 140.0 1
1726848331704 150.0 1
1726848331850 160.0 1
1726848331991 170.0 1
1726848332132 180.0 1
1726848332271 190.0 1
1726848332409 200.0 2
1726848332546 210.0 2
1726848332684 220.0 2
1726848332816 230.0 2
1726848336626 0.0 0
1726848336829 10.0 0
1726848337010 20.0 0
1726848337177 30.0 0
1726848337335 40.0 0
1726848337485 50.0 0
1726848337629 60.0 0
1726848337770 70.0 0
1726848337907 80.0 0
1726848338046 90.0 0
1726848338182 100.0 2
1726848338316 110.0 2
1726848338448 120.0 2
1726848338580 130.0 2
1726848338714 140.0 2
1726848338850 150.0 2
1726848338987 160.0 2
1726848339126 170.0 2
1726848339267 180.0 2
1726848339404 190.0 2
1726848339538 200.0 4
1726848339678 210.0 4
1726848339818 220.0 4
1726848339954 230.0 4
1726848343841 0.0 0
1726848344025 10.0 0
1726848344204 20.0 0
1726848344373 30.0 0
1726848344529 40.0 0
1726848344679 50.0 0
1726848344823 60.0 0
1726848344963 70.0 0
1726848345103 80.0 0
1726848345245 90.0 0
1726848345386 100.0 3
1726848345529 110.0 3
1726848345673 120.0 3
1726848345818 130.0 3
1726848345961 140.0 3
1726848346100 150.0 3
1726848346238 160.0 3
1726848346376 170.0 3
1726848346515 180.0 3
1726848346654 190.0 3
1726848346791 200.0 6
1726848346930 210.0 6
1726848347067 220.0 6
1726848347200 230.0 6
1726848351254 0.0 0
1726848351450 10.0 0
1726848351623 20.0 0
1726848351784 30.0 0
1726848351938 40.0 0
1726848352093 50.0 0
1726848352246 60.0 0
1726848352397 70.0 0
1726848352542 80.0 0
1726848352688 90.0 0
1726848352832 100.0 4
1726848352972 110.0 4
1726848353113 120.0 4
1726848353256 130.0 4
1726848353398 140.0 4
1726848353540 150.0 4
1726848353687 160.0 4
1726848353833 170.0 4
1726848353975 180.0 4
1726848354117 190.0 4
1726848354258 200.0 8
1726848354395 210.0 8
1726848354530 220.0 8
1726848354664 230.0 8
1726848358754 0.0 0
1726848358946 10.0 0
1726848359125 20.0 0
1726848359298 30.0 0
1726848359456 40.0 0
1726848359604 50.0 0
1726848359745 60.0 0
1726848359884 70.0 0
1726848360021 80.0 0
1726848360160 90.0 0
1726848360304 100.0 5
1726848360451 110.0 5
1726848360596 120.0 5
1726848360738 130.0 5
1726848360877 140.0 5
1726848361014 150.0 5
1726848361153 160.0 5
1726848361292 170.0 5
1726848361442 180.0 5
1726848361614 190.0 5
1726848361784 200.0 10
1726848361946 210.0 10
1726848362099 220.0 10
1726848362248 230.0 10
1726848366339 0.0 0
1726848366532 10.0 0
1726848366706 20.0 0
1726848366868 30.0 0
1726848367014 40.0 0
1726848367153 50.0 0
1726848367287 60.0 0
1726848367422 70.0 0
1726848367558 80.0 0
1726848367698 90.0 0
1726848367840 100.0 6
1726848367984 110.0 6
1726848368124 120.0 6
1726848368264 130.0 6
1726848368407 140.0 6
1726848368555 150.0 6
1726848368702 160.0 6
1726848368843 170.0 6
1726848368979 180.0 6
1726848369116 190.0 6
1726848369250 200.0 12
1726848369382 210.0 12
1726848369513 220.0 12
1726848369643 230.0 12
1726848373556 0.0 0
1726848373753 10.0 0
1726848373929 20.0 0
1726848374090 30.0 0
1726848374238 40.0 0
1726848374379 50.0 0
1726848374515 60.0 0
1726848374655 70.0 0
1726848374793 80.0 0
1726848374933 90.0 0
1726848375072 100.0 7
1726848375213 110.0 7
1726848375352 120.0 7
1726848375490 130.0 7
1726848375626 140.0 7
1726848375765 150.0 7
1726848375904 160.0 7
1726848376042 170.0 7
1726848376182 180.0 7
1726848376321 190.0 7
1726848376459 200.0 14
1726848376597 210.0 14
1726848376739 220.0 14
1726848376882 230.0 14
1726848380870 0.0 0
1726848381062 10.0 0
1726848381246 20.0 0
1726848381412 30.0 0
1726848381564 40.0 0
1726848381713 50.0 0
1726848381861 60.0 0
1726848382008 70.0 0
1726848382155 80.0 0
1726848382298 90.0 0
1726848382439 100.0 8
1726848382581 110.0 8
1726848382724 120.0 8
1726848382870 130.0 8
1726848383016 140.0 8
1726848383162 150.0 8
1726848383307 160.0 8
1726848383453 170.0 8
1726848383598 180.0 8
1726848383740 190.0 8
1726848383880 200.0 16
1726848384019 210.0 16
1726848384154 220.0 16
1726848384285 230.0 16
1726848388267 0.0 0
1726848388457 10.0 0
1726848388637 20.0 0
1726848388796 30.0 0
1726848388943 40.0 0
1726848389089 50.0 0
1726848389231 60.0 0
1726848389373 70.0 0
1726848389515 80.0 0
1726848389657 90.0 0
1726848389804 100.0 9
1726848389954 110.0 9
1726848390102 120.0 9
1726848390244 130.0 9
1726848390383 140.0 9
1726848390521 150.0 9
1726848390659 160.0 9
1726848390796 170.0 9
1726848390935 180.0 9
1726848391075 190.0 9
1726848391217 200.0 18
1726848391360 210.0 18
1726848391502 220.0 18
1726848391641 230.0 18
1726848395471 0.0 0
1726848395662 10.0 0
1726848395839 20.0 0
1726848396007 30.0 0
1726848396165 40.0 0
1726848396312 50.0 0
1726848396456 60.0 0
1726848396602 70.0 0
1726848396748 80.0 0
1726848396888 90.0 0
1726848397027 100.0 10
1726848397166 110.0 10
1726848397308 120.0 10
1726848397450 130.0 10
1726848397590 140.0 10
1726848397728 150.0 10
1726848397867 160.0 10
1726848398004 170.0 10
1726848398145 180.0 10
1726848398289 190.0 10
1726848398432 200.0 20
1726848398572 210.0 20
1726848398712 220.0 20
1726848398851 230.0 20
