1726776688380 0.814991 0
1726776688496 0.259327 0
1726776688612 0.42438 0
1726776688728 0.234371 0
1726776688845 0.390607 0
1726776688962 0.15841 0
1726776689079 0.098554 0
1726776689196 0.114826 0
1726776689314 0.260834 0
1726776689431 0.126152 0
1726776689548 0.221793 1
1726776689665 0.112552 1
1726776689782 0.123526 1
1726776689899 0.208626 1
1726776690016 0.170433 1
1726776690131 0.169992 1
1726776691133 0.649461 0
1726776691251 0.303262 0
1726776691368 0.294179 0
1726776691486 0.177749 0
1726776691604 0.384312 0
1726776691720 0.158372 0
1726776691837 0.086735 0
1726776691954 0.130907 0
1726776692070 0.403673 0
1726776692186 0.239245 0
1726776692303 0.192472 2
1726776692420 0.093837 2
1726776692538 0.118225 2
1726776692656 0.217217 2
1726776692772 0.18112 2
1726776692887 0.18995 2
1726776693874 0.232856 0
1726776693990 0.190684 0
1726776694107 0.306889 0
1726776694224 0.206876 0
1726776694341 0.38819 0
1726776694458 0.130575 0
1726776694576 0.106774 0
1726776694693 0.071945 0
1726776694811 0.624147 0
1726776694929 0.227819 0
1726776695046 0.236744 3
1726776695163 0.091145 3
1726776695279 0.103382 3
1726776695397 0.179116 3
1726776695513 0.117932 3
1726776695627 0.160762 3
1726776696609 0.727785 0
1726776696725 0.214986 0
1726776696842 0.339039 0
1726776696958 0.173201 0
1726776697075 0.382366 0
1726776697192 0.185101 0
1726776697308 0.084868 0
1726776697427 0.069744 0
1726776697545 0.145333 0
1726776697662 0.097844 0
1726776697779 0.1859 4
1726776697897 0.095114 4
1726776698014 0.097146 4
1726776698131 0.195785 4
1726776698248 0.173571 4
1726776698362 0.159281 4
1726776699353 0.257658 0
1726776699471 0.230496 0
1726776699589 0.243274 0
1726776699705 0.171426 0
1726776699822 0.359459 0
1726776699939 0.119755 0
1726776700056 0.082917 0
1726776700174 0.10583 0
1726776700293 0.132677 0
1726776700410 0.116595 0
1726776700527 0.172723 5
1726776700644 0.106751 5
1726776700760 0.128065 5
1726776700877 0.174777 5
1726776700995 0.128867 5
1726776701113 0.194814 5
1726776702110 0.236868 0
1726776702226 0.20192 0
1726776702344 0.264119 0
1726776702461 0.202884 0
1726776702578 0.39079 0
1726776702697 0.118282 0
1726776702814 0.105653 0
1726776702932 0.066138 0
1726776703049 0.495539 0
1726776703167 0.13814 0
1726776703285 0.169012 6
1726776703402 0.100457 6
1726776703797 0.107098 6
1726776703917 0.164953 6
1726776704033 0.128014 6
1726776704149 0.146751 6
