1726764150622 0.433138 0
1726764150736 0.217781 0
1726764150850 2.072449 0
1726764150965 1.455217 0
1726764151080 0.591031 0
1726764151194 0.661685 0
1726764151309 0.276418 0
1726764151423 0.357583 0
1726764151538 3.714668 0
1726764151653 1.029451 0
1726764151768 1.18478 1
1726764152581 0.147029 0
1726764152696 0.155753 0
1726764152810 1.256631 0
1726764152926 0.888738 0
1726764153041 0.44628 0
1726764153156 0.31214 0
1726764153273 0.210557 0
1726764153387 0.435169 0
1726764153502 1.94522 0
1726764153617 0.489533 0
1726764153732 0.613191 2
1726764154537 0.14575 0
1726764154651 0.139266 0
1726764154764 0.983524 0
1726764154879 0.720235 0
1726764154993 0.40681 0
1726764155107 0.254178 0
1726764155221 0.177758 0
1726764155336 0.330687 0
1726764155450 1.294196 0
1726764155565 0.356495 0
1726764155679 0.432082 3
1726764156489 0.138119 0
1726764156603 0.138521 0
1726764156721 0.872387 0
1726764156837 0.62072 0
1726764156951 0.331748 0
1726764157066 0.2512 0
1726764157180 0.159289 0
1726764157295 0.273387 0
1726764157409 1.011222 0
1726764157524 0.301267 0
1726764157638 0.381512 4
1726764158444 0.139396 0
1726764158559 0.135933 0
1726764158673 0.841272 0
1726764158788 0.567342 0
1726764158903 0.296725 0
1726764159019 0.252496 0
1726764159134 0.156091 0
1726764159250 0.25199 0
1726764159364 0.876755 0
1726764159479 0.276417 0
1726764159593 0.373447 5
1726764160398 0.137885 0
1726764160512 0.13927 0
1726764160626 0.81744 0
1726764160740 0.512667 0
1726764160855 0.291394 0
1726764160970 0.261472 0
1726764161085 0.154758 0
1726764161199 0.233545 0
1726764161315 0.804981 0
1726764161430 0.268505 0
1726764161544 0.366304 6
1726764162350 0.135237 0
1726764162464 0.138186 0
1726764162579 0.799036 0
1726764162693 0.472477 0
1726764162807 0.274939 0
1726764162922 0.261874 0
1726764163038 0.153243 0
1726764163152 0.227153 0
1726764163267 0.771329 0
1726764163382 0.255251 0
1726764163497 0.363581 7
1726764164302 0.13098 0
1726764164418 0.137962 0
1726764164533 0.789482 0
1726764164647 0.436509 0
1726764164761 0.270915 0
1726764164876 0.260651 0
1726764164990 0.151964 0
1726764165105 0.222809 0
1726764165220 0.747095 0
1726764165334 0.255704 0
1726764165448 0.35286 8
1726764166248 0.125538 0
1726764166363 0.137572 0
1726764166478 0.78276 0
1726764166593 0.412583 0
1726764166707 0.261328 0
1726764166821 0.254513 0
1726764166936 0.157052 0
1726764167051 0.215578 0
1726764167166 0.727358 0
1726764167280 0.250062 0
1726764167395 0.356709 9
1726764168195 0.120737 0
1726764168308 0.132355 0
1726764168424 0.773237 0
1726764168538 0.409549 0
1726764168653 0.255868 0
1726764168768 0.255253 0
1726764168882 0.152701 0
1726764168997 0.212675 0
1726764169112 0.710746 0
1726764169227 0.253043 0
1726764169341 0.352335 10
