1726867255666 13.235521 0
1726867255803 2.981504 0
1726867255937 1.398588 0
1726867256072 1.642129 0
1726867256207 2.738312 0
1726867256342 2.685785 0
1726867256476 2.723995 0
1726867256610 2.418865 0
1726867256745 2.122859 0
1726867256880 0.883082 0
1726867257015 0.900423 1
1726867257898 2.129874 0
1726867258033 1.374854 0
1726867258168 2.106021 0
1726867258305 4.024241 0
1726867258442 1.459484 0
1726867258576 2.1825 0
1726867258709 2.060386 0
1726867258843 3.030884 0
1726867258976 1.158686 0
1726867259111 2.264647 0
1726867259245 1.028801 2
1726867260073 4.269309 0
1726867260207 1.783613 0
1726867260344 1.034353 0
1726867260480 2.390545 0
1726867260614 4.016975 0
1726867260748 1.289173 0
1726867260882 2.528155 0
1726867261017 2.237639 0
1726867261154 0.893893 0
1726867261289 0.69156 0
1726867261423 0.785628 3
1726867262252 6.525513 0
1726867262388 1.293482 0
1726867262524 1.986948 0
1726867262658 6.504056 0
1726867262792 4.347876 0
1726867262927 4.067311 0
1726867263062 13.963218 0
1726867263195 2.863853 0
1726867263329 0.931641 0
1726867263463 0.779916 0
1726867263598 0.68853 4
1726867264433 3.566331 0
1726867264569 1.583305 0
1726867264704 1.025097 0
1726867264838 3.162677 0
1726867264973 1.676703 0
1726867265107 1.640484 0
1726867265241 2.551201 0
1726867265374 1.759246 0
1726867265508 0.784555 0
1726867265642 1.488798 0
1726867265777 2.628638 5
1726867266614 1.416382 0
1726867266749 2.519497 0
1726867266883 1.126647 0
1726867267017 1.109307 0
1726867267151 4.6053 0
1726867267285 1.58639 0
1726867267419 5.026159 0
1726867267552 2.342914 0
1726867267687 0.884144 0
1726867267821 0.557835 0
1726867267956 0.707772 6
1726867268792 6.90787 0
1726867268927 2.075768 0
1726867269063 1.461528 0
1726867269197 2.507401 0
1726867269332 1.541522 0
1726867269466 1.227422 0
1726867269600 3.491405 0
1726867269733 2.21818 0
1726867269867 3.230622 0
1726867270000 0.581715 0
1726867270134 0.854939 7
1726867270978 3.354528 0
1726867271113 0.972676 0
1726867271248 1.295495 0
1726867271382 1.685686 0
1726867271515 3.627245 0
1726867271649 1.604812 0
1726867271783 1.782173 0
1726867271918 2.611436 0
1726867272054 2.793286 0
1726867272188 0.542342 0
1726867272323 1.643726 8
