1726794178986 2.92854 0
1726794179083 0.648978 0
1726794179179 0.445601 0
1726794179275 0.209707 0
1726794179372 0.821 0
1726794179473 1.454232 0
1726794179570 0.544812 0
1726794179668 0.661733 0
1726794179768 0.832624 0
1726794179865 0.474066 0
1726794179966 0.412435 1
1726794180064 0.423905 1
1726794180168 1.236999 1
1726794180265 1.145389 1
1726794180364 1.517368 1
1726794180463 1.643464 1
1726794180559 1.001066 1
1726794180654 0.59154 1
1726794180750 0.052283 1
1726794180845 0.538767 1
1726794180941 0.559992 2
1726794181036 0.158682 2
1726794181129 0.278223 2
1726794181225 0.63992 2
1726794181321 0.547659 2
1726794181416 0.302195 2
1726794181514 0.16159 2
1726794181609 0.149836 2
1726794181704 0.029024 2
1726794181800 0.067917 2
1726794181895 0.046335 3
1726794181992 0.064578 3
1726794182087 0.138916 3
1726794182190 0.153593 3
1726794182286 0.31136 3
1726794182384 0.208964 3
1726794182482 1.961337 3
1726794182579 0.679257 3
1726794182675 0.390657 3
1726794182776 0.17517 3
1726794184486 0.852595 0
1726794184583 0.521779 0
1726794184678 0.338928 0
1726794184775 0.217039 0
1726794184869 0.622779 0
1726794184971 1.084052 0
1726794185071 0.423344 0
1726794185172 0.588172 0
1726794185282 0.64818 0
1726794185384 0.498635 0
1726794185483 0.382432 2
1726794185581 0.529947 2
1726794185680 1.258437 2
1726794185776 1.070642 2
1726794185876 1.392554 2
1726794185973 1.722692 2
1726794186069 0.669967 2
1726794186165 0.577524 2
1726794186271 0.041659 2
1726794186370 0.524 2
1726794186467 0.46618 4
1726794186565 0.111045 4
1726794186660 0.257905 4
1726794186758 0.552753 4
1726794186854 0.549521 4
1726794186950 0.260908 4
1726794187045 0.159055 4
1726794187140 0.232569 4
1726794187238 0.038028 4
1726794187333 0.052733 4
1726794187429 0.078264 6
1726794187527 0.045789 6
1726794187624 0.136247 6
1726794187720 0.105118 6
1726794187817 0.244466 6
1726794187913 0.128862 6
1726794188011 1.668878 6
1726794188107 0.534219 6
1726794188204 0.40545 6
1726794188305 0.130532 6
1726794189974 0.455968 0
1726794190072 0.486019 0
1726794190170 0.285129 0
1726794190267 0.213667 0
1726794190372 0.481029 0
1726794190470 0.805415 0
1726794190566 0.484348 0
1726794190662 0.556094 0
1726794190761 0.480339 0
1726794190858 0.469441 0
1726794190955 0.418721 3
1726794191051 0.554398 3
1726794191148 1.241439 3
1726794191246 1.079352 3
1726794191342 0.998514 3
1726794191437 1.878033 3
1726794191533 0.625094 3
1726794191629 0.702939 3
1726794191726 0.038575 3
1726794191840 0.536665 3
1726794191937 0.405028 6
1726794192037 0.092821 6
1726794192135 0.228433 6
1726794192232 0.558283 6
1726794192329 0.363734 6
1726794192433 0.203033 6
1726794192535 0.161561 6
1726794192633 0.05247 6
1726794192729 0.01357 6
1726794192826 0.053419 6
1726794192924 0.043777 9
1726794193019 0.047335 9
1726794193116 0.152812 9
1726794193214 0.068287 9
1726794193310 0.158046 9
1726794193408 0.111764 9
1726794193504 1.621163 9
1726794193602 0.600453 9
1726794193698 0.364475 9
1726794193797 0.117794 9
1726794195593 0.471784 0
1726794195691 0.589957 0
1726794195786 0.311133 0
1726794195882 0.188109 0
1726794195976 0.45316 0
1726794196071 0.711841 0
1726794196169 0.55565 0
1726794196267 0.500902 0
1726794196362 0.399253 0
1726794196462 0.375688 0
1726794196568 0.439745 4
1726794196667 0.424701 4
1726794196764 1.069167 4
1726794196859 1.150662 4
1726794196955 0.810078 4
1726794197050 2.014221 4
1726794197144 0.566564 4
1726794197240 0.645001 4
1726794197336 0.032346 4
1726794197432 0.514059 4
1726794197528 0.395752 8
1726794197624 0.079013 8
1726794197720 0.221825 8
1726794197816 0.60889 8
1726794197912 0.258769 8
1726794198008 0.182989 8
1726794198103 0.14937 8
1726794198199 0.088437 8
1726794198298 0.032696 8
1726794198394 0.081576 8
1726794198491 0.034822 12
1726794198594 0.04081 12
1726794198691 0.146855 12
1726794198787 0.060042 12
1726794198883 0.157327 12
1726794198986 0.125026 12
1726794199084 1.517374 12
1726794199179 0.708733 12
1726794199275 0.37975 12
1726794199374 0.123195 12
1726794201184 0.558086 0
1726794201281 0.506269 0
1726794201384 0.274085 0
1726794201483 0.194848 0
1726794201581 0.389654 0
1726794201678 0.659293 0
1726794201776 0.546706 0
1726794201875 0.508567 0
1726794201972 0.363149 0
1726794202071 0.309864 0
1726794202168 0.357693 5
1726794202266 0.425013 5
1726794202362 1.111518 5
1726794202458 1.199629 5
1726794202554 0.743766 5
1726794202659 2.067972 5
1726794202755 0.569739 5
1726794202852 0.593962 5
1726794202950 0.030778 5
1726794203046 0.475107 5
1726794203146 0.330698 10
1726794203247 0.078089 10
1726794203345 0.242346 10
1726794203442 0.543502 10
1726794203538 0.284474 10
1726794203635 0.196103 10
1726794203736 0.157675 10
1726794203833 0.058733 10
1726794203930 0.02683 10
1726794204026 0.095965 10
1726794204122 0.049246 15
1726794204218 0.050981 15
1726794204315 0.153083 15
1726794204411 0.080775 15
1726794204508 0.176714 15
1726794204603 0.121059 15
1726794204707 1.461096 15
1726794204807 0.65659 15
1726794204906 0.38517 15
1726794205008 0.131472 15
1726794206691 0.559697 0
1726794206793 0.533879 0
1726794206888 0.264507 0
1726794206983 0.170249 0
1726794207078 0.392717 0
1726794207175 0.637297 0
1726794207273 0.591775 0
1726794207369 0.440948 0
1726794207465 0.352898 0
1726794207560 0.312312 0
1726794207658 0.340965 6
1726794207754 0.419336 6
1726794207850 1.130752 6
1726794207946 1.199281 6
1726794208043 0.837247 6
1726794208141 2.155477 6
1726794208237 0.540042 6
1726794208333 0.599103 6
1726794208428 0.031073 6
1726794208525 0.467356 6
1726794208620 0.31352 12
1726794208716 0.078633 12
1726794208820 0.25012 12
1726794208920 0.518862 12
1726794209020 0.27001 12
1726794209118 0.214444 12
1726794209216 0.172733 12
1726794209317 0.03461 12
1726794209414 0.01488 12
1726794209511 0.056182 12
1726794209607 0.042222 18
1726794209705 0.046543 18
1726794209802 0.155379 18
1726794209902 0.079663 18
1726794210004 0.173991 18
1726794210102 0.121433 18
1726794210199 1.427937 18
1726794210297 0.59037 18
1726794210393 0.389931 18
1726794210489 0.131988 18
1726794212177 0.511355 0
1726794212275 0.511777 0
1726794212375 0.272046 0
1726794212472 0.162786 0
1726794212569 0.394209 0
1726794212667 0.639427 0
1726794212766 0.606318 0
1726794212875 0.467131 0
1726794212972 0.358091 0
1726794213069 0.292113 0
1726794213166 0.346256 7
1726794213263 0.392418 7
1726794213358 1.131655 7
1726794213457 1.175057 7
1726794213553 0.836614 7
1726794213650 2.141886 7
1726794213750 0.552003 7
1726794213846 0.578423 7
1726794213943 0.033496 7
1726794214038 0.493393 7
1726794214134 0.295132 14
1726794214230 0.081077 14
1726794214326 0.245418 14
1726794214422 0.464943 14
1726794214518 0.272245 14
1726794214616 0.207318 14
1726794214714 0.17067 14
1726794214810 0.031575 14
1726794214913 0.015789 14
1726794215015 0.051525 14
1726794215114 0.042314 21
1726794215211 0.049824 21
1726794215308 0.160303 21
1726794215404 0.074067 21
1726794215500 0.178729 21
1726794215596 0.113932 21
1726794215693 1.422997 21
1726794215791 0.633438 21
1726794215887 0.384347 21
1726794215985 0.140769 21
1726794217726 0.532318 0
1726794217823 0.473588 0
1726794217918 0.283516 0
1726794218014 0.171806 0
1726794218111 0.431608 0
1726794218207 0.650386 0
1726794218302 0.60685 0
1726794218400 0.474856 0
1726794218495 0.341509 0
1726794218593 0.284304 0
1726794218693 0.318204 8
1726794218791 0.398549 8
1726794218888 1.123417 8
1726794218990 1.195424 8
1726794219088 0.857228 8
1726794219188 2.09244 8
1726794219285 0.563744 8
1726794219379 0.582923 8
1726794219475 0.03032 8
1726794219572 0.513573 8
1726794219668 0.273454 16
1726794219770 0.07544 16
1726794219868 0.25648 16
1726794219964 0.457154 16
1726794220066 0.269332 16
1726794220162 0.193485 16
1726794220297 0.174184 16
1726794220394 0.031424 16
1726794220493 0.016488 16
1726794220591 0.051807 16
1726794220687 0.039256 24
1726794220783 0.049697 24
1726794220879 0.152024 24
1726794220975 0.069661 24
1726794221079 0.176984 24
1726794221175 0.108922 24
1726794221270 1.429056 24
1726794221369 0.613137 24
1726794221465 0.396938 24
1726794221561 0.144188 24
