1726855273581 1.049619 0
1726855273748 0.463871 0
1726855273915 0.65877 0
1726855274086 0.796486 0
1726855274250 0.200672 0
1726855274406 0.299394 0
1726855274551 0.192739 0
1726855274691 0.203333 0
1726855274829 0.18954 0
1726855274968 0.192471 0
1726855276598 0.533478 0
1726855276783 0.188833 0
1726855276956 0.618795 0
1726855277118 0.516241 0
1726855277277 0.180739 0
1726855277430 0.176867 0
1726855277581 0.169001 0
1726855277731 0.157267 0
1726855277879 0.179547 0
1726855278032 0.20153 0
1726855279580 0.651424 0
1726855279771 0.232527 0
1726855279956 0.600625 0
1726855280130 0.466534 0
1726855280298 0.16751 0
1726855280467 0.187776 0
1726855280635 0.161819 0
1726855280800 0.177797 0
1726855280959 0.247279 0
1726855281112 0.206502 0
1726855282578 0.939993 0
1726855282765 0.187333 0
1726855282941 0.576418 0
1726855283101 0.420125 0
1726855283255 0.202055 0
1726855283404 0.136783 0
1726855283551 0.193309 0
1726855283695 0.245925 0
1726855283842 0.175208 0
1726855283985 0.211314 0
1726855285578 0.627498 0
1726855285765 0.18291 0
1726855285942 0.582381 0
1726855286100 0.71735 0
1726855286252 0.300628 0
1726855286401 0.182819 0
1726855286549 0.22274 0
1726855286694 0.156982 0
1726855286839 0.17493 0
1726855286983 0.20944 0
1726855288664 0.493566 0
1726855288853 0.172988 0
1726855289031 0.585002 0
1726855289193 0.485076 0
1726855289346 0.153543 0
1726855289496 0.137329 0
1726855289647 0.147466 0
1726855289803 0.155763 0
1726855289957 0.179807 0
1726855290111 0.203153 0
1726855291566 0.489033 0
1726855291749 0.202606 0
1726855291920 0.670994 0
1726855292079 0.398494 0
1726855292235 0.14759 0
1726855292393 0.149617 0
1726855292552 0.169426 0
1726855292712 0.168875 0
1726855292872 0.18704 0
1726855293030 0.225414 0
1726855294562 0.476453 0
1726855294755 0.172188 0
1726855294951 0.588042 0
1726855295129 0.391269 0
1726855295289 0.149002 0
1726855295442 0.146632 0
1726855295592 0.147385 0
1726855295743 0.149623 0
1726855295896 0.176406 0
1726855296047 0.197744 0
1726855297577 0.488855 0
1726855297768 0.169353 0
1726855297947 0.578504 0
1726855298109 0.355401 0
1726855298257 0.144001 0
1726855298401 0.138276 0
1726855298545 0.144655 0
1726855298691 0.152267 0
1726855298837 0.179595 0
1726855298981 0.199581 0
1726855300414 0.486261 0
1726855300599 0.172671 0
1726855300784 0.589511 0
1726855300965 0.359744 0
1726855301137 0.145144 0
1726855301300 0.138135 0
1726855301456 0.142508 0
1726855301604 0.151237 0
1726855301749 0.175037 0
1726855301897 0.198543 0
