1726818267601 1.0 0
1726818267732 1.0 0
1726818267853 1.0 0
1726818267977 1.0 0
1726818268103 1.0 0
1726818268233 1.0 0
1726818268362 1.0 0
1726818268487 1.0 0
1726818269512 1.0 0
1726818269644 1.0 0
1726818269767 1.0 0
1726818269894 1.0 0
1726818270016 1.0 0
1726818270138 1.0 0
1726818270257 1.0 0
1726818270377 1.0 0
1726818271338 1.0 0
1726818271495 1.0 0
1726818271617 1.0 0
1726818271738 1.0 0
1726818271861 1.0 0
1726818271986 1.0 0
1726818272123 1.0 0
1726818272258 1.0 0
1726818273145 1.0 0
1726818273279 1.0 0
1726818273415 1.0 0
1726818273550 1.0 0
1726818273677 1.0 0
1726818273800 1.0 0
1726818273922 1.0 0
1726818274042 1.0 0
