1726783120505 0.0 0
1726783120604 10.0 0
1726783120700 20.0 0
1726783120796 30.0 0
1726783120890 40.0 0
1726783120984 50.0 0
1726783121077 60.0 0
1726783121171 70.0 0
1726783121265 80.0 0
1726783121361 90.0 0
1726783121454 100.0 1
1726783121548 110.0 1
1726783121642 120.0 1
1726783121736 130.0 1
1726783121830 140.0 1
1726783121931 150.0 1
1726783122024 160.0 1
1726783122969 0.0 0
1726783123073 10.0 0
1726783123183 20.0 0
1726783123277 30.0 0
1726783123372 40.0 0
1726783123465 50.0 0
1726783123561 60.0 0
1726783123655 70.0 0
1726783123748 80.0 0
1726783123841 90.0 0
1726783123934 100.0 2
1726783124027 110.0 2
1726783124118 120.0 2
1726783124212 130.0 2
1726783124304 140.0 2
1726783124398 150.0 2
1726783124492 160.0 2
1726783125405 0.0 0
1726783125507 10.0 0
1726783125601 20.0 0
1726783125694 30.0 0
1726783125787 40.0 0
1726783125880 50.0 0
1726783125974 60.0 0
1726783126068 70.0 0
1726783126166 80.0 0
1726783126261 90.0 0
1726783126355 100.0 3
1726783126449 110.0 3
1726783126544 120.0 3
1726783126646 130.0 3
1726783126743 140.0 3
1726783126837 150.0 3
1726783126941 160.0 3
1726783127854 0.0 0
1726783127952 10.0 0
1726783128050 20.0 0
1726783128145 30.0 0
1726783128239 40.0 0
1726783128333 50.0 0
1726783128429 60.0 0
1726783128523 70.0 0
1726783128620 80.0 0
1726783128725 90.0 0
1726783128820 100.0 4
1726783128915 110.0 4
1726783129010 120.0 4
1726783129107 130.0 4
1726783129203 140.0 4
1726783129299 150.0 4
1726783129394 160.0 4
1726783130282 0.0 0
1726783130387 10.0 0
1726783130485 20.0 0
1726783130581 30.0 0
1726783130677 40.0 0
1726783130782 50.0 0
1726783130879 60.0 0
1726783130975 70.0 0
1726783131070 80.0 0
1726783131166 90.0 0
1726783131262 100.0 5
1726783131356 110.0 5
1726783131450 120.0 5
1726783131544 130.0 5
1726783131640 140.0 5
1726783131735 150.0 5
1726783131830 160.0 5
1726783132734 0.0 0
1726783132844 10.0 0
1726783132939 20.0 0
1726783133036 30.0 0
1726783133131 40.0 0
1726783133228 50.0 0
1726783133324 60.0 0
1726783133423 70.0 0
1726783133519 80.0 0
1726783133616 90.0 0
1726783133711 100.0 6
1726783133809 110.0 6
1726783133907 120.0 6
1726783134005 130.0 6
1726783134101 140.0 6
1726783134198 150.0 6
1726783134300 160.0 6
1726783135280 0.0 0
1726783135376 10.0 0
1726783135472 20.0 0
1726783135567 30.0 0
1726783135663 40.0 0
1726783135759 50.0 0
1726783135853 60.0 0
1726783135948 70.0 0
1726783136043 80.0 0
1726783136138 90.0 0
1726783136231 100.0 7
1726783136326 110.0 7
1726783136419 120.0 7
1726783136515 130.0 7
1726783136611 140.0 7
1726783136706 150.0 7
1726783136802 160.0 7
1726783137723 0.0 0
1726783137829 10.0 0
1726783137923 20.0 0
1726783138017 30.0 0
1726783138114 40.0 0
1726783138211 50.0 0
1726783138305 60.0 0
1726783138400 70.0 0
1726783138494 80.0 0
1726783138588 90.0 0
1726783138681 100.0 8
1726783138774 110.0 8
1726783138869 120.0 8
1726783138971 130.0 8
1726783139066 140.0 8
1726783139160 150.0 8
1726783139255 160.0 8
1726783140148 0.0 0
1726783140247 10.0 0
1726783140344 20.0 0
1726783140440 30.0 0
1726783140536 40.0 0
1726783140631 50.0 0
1726783140729 60.0 0
1726783140824 70.0 0
1726783140919 80.0 0
1726783141025 90.0 0
1726783141123 100.0 9
1726783141219 110.0 9
1726783141314 120.0 9
1726783141409 130.0 9
1726783141503 140.0 9
1726783141597 150.0 9
1726783141691 160.0 9
1726783142661 0.0 0
1726783142766 10.0 0
1726783142863 20.0 0
1726783142961 30.0 0
1726783143066 40.0 0
1726783143164 50.0 0
1726783143261 60.0 0
1726783143357 70.0 0
1726783143453 80.0 0
1726783143547 90.0 0
1726783143641 100.0 10
1726783143736 110.0 10
1726783143832 120.0 10
1726783143929 130.0 10
1726783144025 140.0 10
1726783144122 150.0 10
1726783144218 160.0 10
