1727098292857 0.0 0
1727098292955 10.0 0
1727098293053 20.0 0
1727098293144 30.0 0
1727098293236 40.0 0
1727098293324 50.0 0
1727098293416 60.0 0
1727098293507 70.0 0
1727098293599 80.0 0
1727098293690 90.0 0
1727098293779 100.0 1
1727098293870 110.0 1
1727098293961 120.0 1
1727098294063 130.0 1
1727098294195 140.0 1
1727098294291 150.0 1
1727098294387 160.0 1
1727098294483 170.0 1
1727098294579 180.0 1
1727098294676 190.0 1
1727098294772 200.0 2
1727098294865 210.0 2
1727098294971 220.0 2
1727098295065 230.0 2
1727098295159 240.0 2
1727098295258 250.0 2
1727098295356 260.0 2
1727098295449 270.0 2
1727098295542 280.0 2
1727098295639 290.0 2
1727098295735 300.0 3
1727098295834 310.0 3
1727098295929 320.0 3
1727098296019 330.0 3
1727098296116 340.0 3
1727098296208 350.0 3
1727098296303 360.0 3
1727098296396 370.0 3
1727098296486 380.0 3
1727098296580 390.0 3
1727098297806 0.0 0
1727098297896 10.0 0
1727098297986 20.0 0
1727098298078 30.0 0
1727098298168 40.0 0
1727098298262 50.0 0
1727098298358 60.0 0
1727098298455 70.0 0
1727098298549 80.0 0
1727098298656 90.0 0
1727098298760 100.0 2
1727098298856 110.0 2
1727098298953 120.0 2
1727098299049 130.0 2
1727098299146 140.0 2
1727098299239 150.0 2
1727098299337 160.0 2
1727098299430 170.0 2
1727098299526 180.0 2
1727098299622 190.0 2
1727098299725 200.0 4
1727098299823 210.0 4
1727098299921 220.0 4
1727098300017 230.0 4
1727098300117 240.0 4
1727098300212 250.0 4
1727098300318 260.0 4
1727098300418 270.0 4
1727098300518 280.0 4
1727098300629 290.0 4
1727098300734 300.0 6
1727098300834 310.0 6
1727098300930 320.0 6
1727098301032 330.0 6
1727098301126 340.0 6
1727098301224 350.0 6
1727098301320 360.0 6
1727098301416 370.0 6
1727098301512 380.0 6
1727098301611 390.0 6
1727098302929 0.0 0
1727098303028 10.0 0
1727098303121 20.0 0
1727098303211 30.0 0
1727098303302 40.0 0
1727098303403 50.0 0
1727098303504 60.0 0
1727098303604 70.0 0
1727098303706 80.0 0
1727098303834 90.0 0
1727098303939 100.0 3
1727098304036 110.0 3
1727098304135 120.0 3
1727098304234 130.0 3
1727098304330 140.0 3
1727098304424 150.0 3
1727098304519 160.0 3
1727098304612 170.0 3
1727098304707 180.0 3
1727098304805 190.0 3
1727098304898 200.0 6
1727098304989 210.0 6
1727098305085 220.0 6
1727098305184 230.0 6
1727098305277 240.0 6
1727098305371 250.0 6
1727098305464 260.0 6
1727098305556 270.0 6
1727098305646 280.0 6
1727098305740 290.0 6
1727098305845 300.0 9
1727098305936 310.0 9
1727098306036 320.0 9
1727098306145 330.0 9
1727098306252 340.0 9
1727098306352 350.0 9
1727098306446 360.0 9
1727098306543 370.0 9
1727098306638 380.0 9
1727098306732 390.0 9
1727098307941 0.0 0
1727098308032 10.0 0
1727098308118 20.0 0
1727098308209 30.0 0
1727098308299 40.0 0
1727098308392 50.0 0
1727098308487 60.0 0
1727098308578 70.0 0
1727098308670 80.0 0
1727098308760 90.0 0
1727098308849 100.0 4
1727098308939 110.0 4
1727098309029 120.0 4
1727098309119 130.0 4
1727098309212 140.0 4
1727098309304 150.0 4
1727098309393 160.0 4
1727098309486 170.0 4
1727098309578 180.0 4
1727098309671 190.0 4
1727098309760 200.0 8
1727098309849 210.0 8
1727098309935 220.0 8
1727098310027 230.0 8
1727098310117 240.0 8
1727098310207 250.0 8
1727098310296 260.0 8
1727098310385 270.0 8
1727098310476 280.0 8
1727098310567 290.0 8
1727098310657 300.0 12
1727098310748 310.0 12
1727098310839 320.0 12
1727098310929 330.0 12
1727098311021 340.0 12
1727098311111 350.0 12
1727098311202 360.0 12
1727098311294 370.0 12
1727098311384 380.0 12
1727098311470 390.0 12
1727098312638 0.0 0
1727098312729 10.0 0
1727098312818 20.0 0
1727098312906 30.0 0
1727098313000 40.0 0
1727098313090 50.0 0
1727098313180 60.0 0
1727098313275 70.0 0
1727098313372 80.0 0
1727098313462 90.0 0
1727098313554 100.0 5
1727098313647 110.0 5
1727098313736 120.0 5
1727098313825 130.0 5
1727098313913 140.0 5
1727098314008 150.0 5
1727098314108 160.0 5
1727098314203 170.0 5
1727098314296 180.0 5
1727098314385 190.0 5
1727098314480 200.0 10
1727098314570 210.0 10
1727098314661 220.0 10
1727098314752 230.0 10
1727098314840 240.0 10
1727098314929 250.0 10
1727098315018 260.0 10
1727098315110 270.0 10
1727098315199 280.0 10
1727098315292 290.0 10
1727098315384 300.0 15
1727098315470 310.0 15
1727098315556 320.0 15
1727098315657 330.0 15
1727098315760 340.0 15
1727098315863 350.0 15
1727098315957 360.0 15
1727098316049 370.0 15
1727098316165 380.0 15
1727098316265 390.0 15
1727098317570 0.0 0
1727098317671 10.0 0
1727098317763 20.0 0
1727098317854 30.0 0
1727098317944 40.0 0
1727098318035 50.0 0
1727098318136 60.0 0
1727098318226 70.0 0
1727098318318 80.0 0
1727098318410 90.0 0
1727098318501 100.0 6
1727098318603 110.0 6
1727098318705 120.0 6
1727098318806 130.0 6
1727098318910 140.0 6
1727098319005 150.0 6
1727098319097 160.0 6
1727098319198 170.0 6
1727098319290 180.0 6
1727098319388 190.0 6
1727098319484 200.0 12
1727098319582 210.0 12
1727098319686 220.0 12
1727098319785 230.0 12
1727098319884 240.0 12
1727098319986 250.0 12
1727098320082 260.0 12
1727098320179 270.0 12
1727098320280 280.0 12
1727098320377 290.0 12
1727098320479 300.0 18
1727098320582 310.0 18
1727098320685 320.0 18
1727098320784 330.0 18
1727098320879 340.0 18
1727098320973 350.0 18
1727098321084 360.0 18
1727098321186 370.0 18
1727098321283 380.0 18
1727098321385 390.0 18
1727098322722 0.0 0
1727098322825 10.0 0
1727098322926 20.0 0
1727098323028 30.0 0
1727098323132 40.0 0
1727098323236 50.0 0
1727098323336 60.0 0
1727098323440 70.0 0
1727098323544 80.0 0
1727098323641 90.0 0
1727098323742 100.0 7
1727098323842 110.0 7
1727098323941 120.0 7
1727098324040 130.0 7
1727098324146 140.0 7
1727098324242 150.0 7
1727098324336 160.0 7
1727098324432 170.0 7
1727098324535 180.0 7
1727098324635 190.0 7
1727098324733 200.0 14
1727098324834 210.0 14
1727098324956 220.0 14
1727098325054 230.0 14
1727098325152 240.0 14
1727098325256 250.0 14
1727098325350 260.0 14
1727098325453 270.0 14
1727098325557 280.0 14
1727098325660 290.0 14
1727098325760 300.0 21
1727098325864 310.0 21
1727098325968 320.0 21
1727098326072 330.0 21
1727098326174 340.0 21
1727098326276 350.0 21
1727098326376 360.0 21
1727098326478 370.0 21
1727098326583 380.0 21
1727098326689 390.0 21
1727098328106 0.0 0
1727098328211 10.0 0
1727098328311 20.0 0
1727098328410 30.0 0
1727098328509 40.0 0
1727098328605 50.0 0
1727098328701 60.0 0
1727098328800 70.0 0
1727098328906 80.0 0
1727098329022 90.0 0
1727098329119 100.0 8
1727098329218 110.0 8
1727098329316 120.0 8
1727098329413 130.0 8
1727098329525 140.0 8
1727098329629 150.0 8
1727098329726 160.0 8
1727098329817 170.0 8
1727098329909 180.0 8
1727098330003 190.0 8
1727098330095 200.0 16
1727098330185 210.0 16
1727098330275 220.0 16
1727098330365 230.0 16
1727098330454 240.0 16
1727098330544 250.0 16
1727098330634 260.0 16
1727098330728 270.0 16
1727098330820 280.0 16
1727098330909 290.0 16
1727098331002 300.0 24
1727098331094 310.0 24
1727098331183 320.0 24
1727098331271 330.0 24
1727098331361 340.0 24
1727098331451 350.0 24
1727098331541 360.0 24
1727098331633 370.0 24
1727098331727 380.0 24
1727098331828 390.0 24
1727098333021 0.0 0
1727098333116 10.0 0
1727098333206 20.0 0
1727098333301 30.0 0
1727098333392 40.0 0
1727098333479 50.0 0
1727098333569 60.0 0
1727098333658 70.0 0
1727098333749 80.0 0
1727098333842 90.0 0
1727098333932 100.0 9
1727098334024 110.0 9
1727098334114 120.0 9
1727098334205 130.0 9
1727098334299 140.0 9
1727098334391 150.0 9
1727098334482 160.0 9
1727098334571 170.0 9
1727098334660 180.0 9
1727098334748 190.0 9
1727098334840 200.0 18
1727098334931 210.0 18
1727098335020 220.0 18
1727098335108 230.0 18
1727098335197 240.0 18
1727098335287 250.0 18
1727098335375 260.0 18
1727098335462 270.0 18
1727098335551 280.0 18
1727098335641 290.0 18
1727098335741 300.0 27
1727098335832 310.0 27
1727098335920 320.0 27
1727098336012 330.0 27
1727098336104 340.0 27
1727098336193 350.0 27
1727098336284 360.0 27
1727098336374 370.0 27
1727098336468 380.0 27
1727098336561 390.0 27
1727098337782 0.0 0
1727098337876 10.0 0
1727098337966 20.0 0
1727098338059 30.0 0
1727098338151 40.0 0
1727098338242 50.0 0
1727098338332 60.0 0
1727098338420 70.0 0
1727098338510 80.0 0
1727098338602 90.0 0
1727098338689 100.0 10
1727098338778 110.0 10
1727098338878 120.0 10
1727098338983 130.0 10
1727098339085 140.0 10
1727098339191 150.0 10
1727098339298 160.0 10
1727098339400 170.0 10
1727098339506 180.0 10
1727098339613 190.0 10
1727098339712 200.0 20
1727098339816 210.0 20
1727098339924 220.0 20
1727098340035 230.0 20
1727098340133 240.0 20
1727098340226 250.0 20
1727098340318 260.0 20
1727098340415 270.0 20
1727098340504 280.0 20
1727098340596 290.0 20
1727098340687 300.0 30
1727098340785 310.0 30
1727098340878 320.0 30
1727098340971 330.0 30
1727098341066 340.0 30
1727098341156 350.0 30
1727098341245 360.0 30
1727098341333 370.0 30
1727098341419 380.0 30
1727098341508 390.0 30
