1726830511356 0.0 0
1726830511493 10.0 0
1726830511625 20.0 0
1726830511756 30.0 0
1726830511887 40.0 0
1726830512018 50.0 0
1726830512146 60.0 0
1726830512274 70.0 0
1726830512416 80.0 0
1726830512543 90.0 0
1726830512672 100.0 1
1726830513570 0.0 0
1726830513699 10.0 0
1726830513827 20.0 0
1726830513957 30.0 0
1726830514085 40.0 0
1726830514214 50.0 0
1726830514347 60.0 0
1726830514474 70.0 0
1726830514603 80.0 0
1726830514732 90.0 0
1726830514860 100.0 2
1726830515724 0.0 0
1726830515853 10.0 0
1726830515983 20.0 0
1726830516112 30.0 0
1726830516243 40.0 0
1726830516373 50.0 0
1726830516502 60.0 0
1726830516631 70.0 0
1726830516769 80.0 0
1726830516898 90.0 0
1726830517027 100.0 3
1726830517901 0.0 0
1726830518028 10.0 0
1726830518163 20.0 0
1726830518291 30.0 0
1726830518420 40.0 0
1726830518548 50.0 0
1726830518677 60.0 0
1726830518806 70.0 0
1726830518935 80.0 0
1726830519064 90.0 0
1726830519193 100.0 4
1726830520057 0.0 0
1726830520186 10.0 0
1726830520315 20.0 0
1726830520443 30.0 0
1726830520572 40.0 0
1726830520701 50.0 0
1726830520829 60.0 0
1726830520957 70.0 0
1726830521084 80.0 0
1726830521215 90.0 0
1726830521345 100.0 5
1726830522212 0.0 0
1726830522342 10.0 0
1726830522470 20.0 0
1726830522597 30.0 0
1726830522726 40.0 0
1726830522855 50.0 0
1726830522982 60.0 0
1726830523109 70.0 0
1726830523241 80.0 0
1726830523369 90.0 0
1726830523500 100.0 6
1726830524370 0.0 0
1726830524499 10.0 0
1726830524628 20.0 0
1726830524757 30.0 0
1726830524889 40.0 0
1726830525017 50.0 0
1726830525146 60.0 0
1726830525276 70.0 0
1726830525405 80.0 0
1726830525533 90.0 0
1726830525662 100.0 7
1726830526517 0.0 0
1726830526644 10.0 0
1726830526772 20.0 0
1726830526900 30.0 0
1726830527028 40.0 0
1726830527156 50.0 0
1726830527286 60.0 0
1726830527415 70.0 0
1726830527543 80.0 0
1726830527671 90.0 0
1726830527799 100.0 8
1726830528654 0.0 0
1726830528782 10.0 0
1726830528910 20.0 0
1726830529037 30.0 0
1726830529166 40.0 0
1726830529296 50.0 0
1726830529425 60.0 0
1726830529553 70.0 0
1726830529685 80.0 0
1726830529814 90.0 0
1726830529942 100.0 9
1726830530802 0.0 0
1726830530935 10.0 0
1726830531065 20.0 0
1726830531193 30.0 0
1726830531321 40.0 0
1726830531450 50.0 0
1726830531578 60.0 0
1726830531705 70.0 0
1726830531834 80.0 0
1726830531961 90.0 0
1726830532090 100.0 10
