1726889609051 0.0 0
1726889609192 10.0 0
1726889609330 20.0 0
1726889609468 30.0 0
1726889609605 40.0 0
1726889609742 50.0 0
1726889609880 60.0 0
1726889610019 70.0 0
1726889610157 80.0 0
1726889610298 90.0 0
1726889610437 100.0 1
1726889610580 110.0 1
1726889610718 120.0 1
1726889610857 130.0 1
1726889610996 140.0 1
1726889611135 150.0 1
1726889611274 160.0 1
1726889611416 170.0 1
1726889611554 180.0 1
1726889611694 190.0 1
1726889611832 200.0 2
1726889611971 210.0 2
1726889612110 220.0 2
1726889612246 230.0 2
1726889613868 0.0 0
1726889614012 10.0 0
1726889614150 20.0 0
1726889614287 30.0 0
1726889614425 40.0 0
1726889614563 50.0 0
1726889614705 60.0 0
1726889614843 70.0 0
1726889614983 80.0 0
1726889615122 90.0 0
1726889615261 100.0 2
1726889615399 110.0 2
1726889615538 120.0 2
1726889615676 130.0 2
1726889615816 140.0 2
1726889615955 150.0 2
1726889616094 160.0 2
1726889616232 170.0 2
1726889616369 180.0 2
1726889616507 190.0 2
1726889616649 200.0 4
1726889616788 210.0 4
1726889616927 220.0 4
1726889617064 230.0 4
1726889618647 0.0 0
1726889618789 10.0 0
1726889618928 20.0 0
1726889619066 30.0 0
1726889619204 40.0 0
1726889619343 50.0 0
1726889619481 60.0 0
1726889619619 70.0 0
1726889619757 80.0 0
1726889619896 90.0 0
1726889620035 100.0 3
1726889620176 110.0 3
1726889620314 120.0 3
1726889620453 130.0 3
1726889620590 140.0 3
1726889620732 150.0 3
1726889620871 160.0 3
1726889621010 170.0 3
1726889621149 180.0 3
1726889621286 190.0 3
1726889621425 200.0 6
1726889621563 210.0 6
1726889621703 220.0 6
1726889621840 230.0 6
1726889623448 0.0 0
1726889623589 10.0 0
1726889623728 20.0 0
1726889623866 30.0 0
1726889624006 40.0 0
1726889624144 50.0 0
1726889624283 60.0 0
1726889624425 70.0 0
1726889624565 80.0 0
1726889624703 90.0 0
1726889624847 100.0 4
1726889624987 110.0 4
1726889625167 120.0 4
1726889625310 130.0 4
1726889625448 140.0 4
1726889625587 150.0 4
1726889625725 160.0 4
1726889625863 170.0 4
1726889626004 180.0 4
1726889626142 190.0 4
1726889626280 200.0 8
1726889626418 210.0 8
1726889626556 220.0 8
1726889626694 230.0 8
1726889628272 0.0 0
1726889628410 10.0 0
1726889628548 20.0 0
1726889628688 30.0 0
1726889628827 40.0 0
1726889628970 50.0 0
1726889629109 60.0 0
1726889629247 70.0 0
1726889629385 80.0 0
1726889629523 90.0 0
1726889629661 100.0 5
1726889629799 110.0 5
1726889629937 120.0 5
1726889630077 130.0 5
1726889630215 140.0 5
1726889630352 150.0 5
1726889630490 160.0 5
1726889630629 170.0 5
1726889630767 180.0 5
1726889630904 190.0 5
1726889631047 200.0 10
1726889631186 210.0 10
1726889631324 220.0 10
1726889631461 230.0 10
1726889633067 0.0 0
1726889633207 10.0 0
1726889633346 20.0 0
1726889633485 30.0 0
1726889633624 40.0 0
1726889633761 50.0 0
1726889633899 60.0 0
1726889634037 70.0 0
1726889634175 80.0 0
1726889634313 90.0 0
1726889634460 100.0 6
1726889634598 110.0 6
1726889634737 120.0 6
1726889634875 130.0 6
1726889635014 140.0 6
1726889635157 150.0 6
1726889635295 160.0 6
1726889635433 170.0 6
1726889635571 180.0 6
1726889635710 190.0 6
1726889635849 200.0 12
1726889635987 210.0 12
1726889636124 220.0 12
1726889636261 230.0 12
1726889637891 0.0 0
1726889638033 10.0 0
1726889638171 20.0 0
1726889638310 30.0 0
1726889638448 40.0 0
1726889638587 50.0 0
1726889638726 60.0 0
1726889638867 70.0 0
1726889639005 80.0 0
1726889639147 90.0 0
1726889639285 100.0 7
1726889639423 110.0 7
1726889639560 120.0 7
1726889639698 130.0 7
1726889639836 140.0 7
1726889639975 150.0 7
1726889640115 160.0 7
1726889640253 170.0 7
1726889640392 180.0 7
1726889640530 190.0 7
1726889640669 200.0 14
1726889640808 210.0 14
1726889640948 220.0 14
1726889641090 230.0 14
1726889642673 0.0 0
1726889642813 10.0 0
1726889642951 20.0 0
1726889643089 30.0 0
1726889643230 40.0 0
1726889643370 50.0 0
1726889643508 60.0 0
1726889643646 70.0 0
1726889643784 80.0 0
1726889643922 90.0 0
1726889644061 100.0 8
1726889644199 110.0 8
1726889644338 120.0 8
1726889644477 130.0 8
1726889644614 140.0 8
1726889644753 150.0 8
1726889644891 160.0 8
1726889645030 170.0 8
1726889645169 180.0 8
1726889645311 190.0 8
1726889645449 200.0 16
1726889645590 210.0 16
1726889645729 220.0 16
1726889645866 230.0 16
