1727110427513 0.81177 0
1727110427641 0.681949 0
1727110427772 0.349403 0
1727110427900 0.606142 0
1727110428033 0.478204 0
1727110428159 0.460064 0
1727110428294 0.469998 0
1727110428426 0.119003 0
1727110428558 0.194476 0
1727110428691 0.150375 0
1727110428819 0.146299 1
1727110429545 0.109744 0
1727110429676 0.111229 0
1727110429807 0.115343 0
1727110429939 0.344835 0
1727110430067 0.057157 0
1727110430202 0.112395 0
1727110430335 0.054025 0
1727110430466 0.106472 0
1727110430597 0.071399 0
1727110430727 0.217752 0
1727110430861 0.04548 2
1727110431542 0.084155 0
1727110431679 0.098835 0
1727110431811 0.078186 0
1727110431943 0.297997 0
1727110432075 0.043748 0
1727110432206 0.091124 0
1727110432343 0.026848 0
1727110432478 0.05349 0
1727110432610 0.05679 0
1727110432734 0.125295 0
1727110432869 0.029912 3
1727110433567 0.056185 0
1727110433703 0.068106 0
1727110433828 0.056599 0
1727110433958 0.247305 0
1727110434089 0.039142 0
1727110434218 0.073326 0
1727110434351 0.027684 0
1727110434482 0.061626 0
1727110434611 0.05343 0
1727110434734 0.103502 0
1727110434858 0.050171 4
1727110435504 0.050014 0
1727110435629 0.076726 0
1727110435758 0.060144 0
1727110435885 0.285431 0
1727110436019 0.045806 0
1727110436153 0.067664 0
1727110436285 0.031663 0
1727110436419 0.03605 0
1727110436539 0.057257 0
1727110436666 0.085755 0
1727110436795 0.046069 5
1727110437446 0.055857 0
1727110437575 0.068006 0
1727110437711 0.060211 0
1727110437844 0.294906 0
1727110437977 0.038666 0
1727110438109 0.087588 0
1727110438242 0.032768 0
1727110438375 0.036688 0
1727110438507 0.049146 0
1727110438634 0.104853 0
1727110438768 0.051643 6
