1727125418562 18.895302 0
1727125418686 2.066028 0
1727125418818 1.392523 0
1727125418949 1.166212 0
1727125419080 0.265206 0
1727125419211 1.112831 0
1727125419745 0.229643 0
1727125419872 0.315895 0
1727125420002 0.569645 0
1727125420134 0.486385 0
1727125420264 0.480438 0
1727125420394 1.44507 0
1727125420897 1.271957 0
1727125421017 0.402279 0
1727125421146 0.604775 0
1727125421276 0.304621 0
1727125421407 0.237216 0
1727125421536 1.123653 0
1727125422036 0.457958 0
1727125422155 0.415094 0
1727125422285 0.698767 0
1727125422417 0.428684 0
1727125422549 0.178722 0
1727125422680 1.282002 0
1727125423187 0.195115 0
1727125423315 0.28079 0
1727125423445 0.728198 0
1727125423576 0.508895 0
1727125423709 0.262321 0
1727125423839 1.575173 0
1727125424340 0.199598 0
1727125424469 0.253179 0
1727125424601 0.771281 0
1727125424732 0.459448 0
1727125424863 0.281831 0
1727125424994 3.217532 0
1727125425508 0.213818 0
1727125425634 0.294588 0
1727125425765 0.74432 0
1727125425898 0.426757 0
1727125426028 0.24842 0
1727125426159 2.901565 0
1727125426671 0.219578 0
1727125426795 0.332617 0
1727125426927 0.837746 0
1727125427058 0.43181 0
1727125427190 0.23097 0
1727125427319 41.110188 0
1727125427808 0.195316 0
1727125427932 0.298365 0
1727125428063 0.901556 0
1727125428195 0.50029 0
1727125428329 0.267929 0
1727125428459 13.855249 0
