1727125418546 1.10005 0
1727125418671 0.355807 0
1727125418802 2.182802 0
1727125418934 0.236142 0
1727125419065 0.048264 0
1727125419196 0.934393 0
1727125419730 0.04944 0
1727125419857 0.203116 0
1727125419987 2.546155 0
1727125420119 0.123358 0
1727125420249 0.095672 0
1727125420378 0.841706 0
1727125420882 0.303902 0
1727125421002 0.087482 0
1727125421131 2.553481 0
1727125421261 0.101761 0
1727125421391 0.039621 0
1727125421521 0.882872 0
1727125422020 0.110304 0
1727125422140 0.093125 0
1727125422270 2.276904 0
1727125422402 0.118035 0
1727125422533 0.026642 0
1727125422665 0.804564 0
1727125423172 0.043934 0
1727125423299 0.06194 0
1727125423429 2.263064 0
1727125423561 0.11673 0
1727125423693 0.045041 0
1727125423823 0.761469 0
1727125424325 0.04456 0
1727125424454 0.055725 0
1727125424585 2.205602 0
1727125424717 0.11529 0
1727125424848 0.041461 0
1727125424978 0.721062 0
1727125425493 0.044962 0
1727125425619 0.062657 0
1727125425749 2.224919 0
1727125425882 0.110746 0
1727125426013 0.037074 0
1727125426144 0.709768 0
1727125426656 0.047316 0
1727125426780 0.068643 0
1727125426911 2.162879 0
1727125427043 0.109297 0
1727125427174 0.0372 0
1727125427304 0.675635 0
1727125427793 0.047697 0
1727125427916 0.065267 0
1727125428047 2.161472 0
1727125428180 0.126555 0
1727125428314 0.043575 0
1727125428444 0.646315 0
