1727126031368 15.131523 0
1727126031500 24.960161 0
1727126031633 27.256069 0
1727126031764 2.462803 0
1727126031898 0.640327 0
1727126032028 0.372252 0
1727126032160 0.296779 0
1727126032293 1.340721 0
1727126032423 0.17996 0
1727126032555 2.611435 0
1727126032685 1.219261 1
1727126032818 0.257514 1
1727126032949 3.288617 1
1727126033080 6.956266 1
1727126033211 1.882101 1
1727126033343 4.466758 1
1727126033473 0.514309 1
1727126033605 0.224191 1
1727126033735 0.175278 1
1727126033865 10.759985 1
1727126033996 2.938281 2
1727126034127 5.550144 2
1727126034257 1.484603 2
1727126034388 0.214444 2
1727126034520 1.193042 2
1727126034653 1.306935 2
1727126034783 0.184967 2
1727126034915 2.165238 2
1727126035047 1.192065 2
1727126035177 0.939658 2
1727126035310 0.701653 3
1727126035441 0.73977 3
1727126035572 0.623776 3
1727126035702 0.113789 3
1727126035835 0.521491 3
1727126035965 7.848651 3
1727126036095 0.317064 3
1727126036224 2.057094 3
1727126036354 0.142708 3
1727126036485 56.207451 3
1727126036616 1.207674 4
1727126036748 0.492042 4
1727126036878 2.081902 4
1727126037011 0.822318 4
1727126037141 0.155727 4
1727126037272 0.158292 4
1727126037403 4.204283 4
1727126037534 0.218491 4
1727126037663 1.428595 4
1727126037794 0.164098 4
1727126037925 0.119283 5
1727126038057 40.356323 5
1727126038187 2.002684 5
1727126038318 0.26407 5
1727126038449 1.255242 5
1727126038579 0.201915 5
1727126038711 0.152863 5
1727126038849 0.201209 5
1727126038984 1.964491 5
1727126039113 0.584533 5
1727126039244 0.183078 6
1727126039379 0.247308 6
1727126039512 1.347681 6
1727126039644 0.278935 6
1727126039775 1.366544 6
1727126039907 0.176743 6
1727126040042 0.389509 6
1727126040172 1.191179 6
1727126040304 0.4473 6
1727126040436 0.913686 6
1727126040566 12.311265 7
1727126040697 1.59821 7
1727126043609 0.86628 0
1727126043734 0.172252 0
1727126043866 0.140484 0
1727126043997 0.235915 0
1727126044127 0.094161 0
1727126044259 0.393715 0
1727126044390 0.190703 0
1727126044520 1.394411 0
1727126044650 0.192997 0
1727126044781 0.627192 0
1727126044913 1.504923 2
1727126045044 0.212375 2
1727126045175 10.820581 2
1727126045307 1.125581 2
1727126045437 1.692853 2
1727126045569 2.080042 2
1727126045700 0.507621 2
1727126045831 0.204297 2
1727126045962 0.187087 2
1727126046094 6.989949 2
1727126046225 3.461174 4
1727126046356 5.933645 4
1727126046486 2.61555 4
1727126046619 0.232873 4
1727126046752 0.833979 4
1727126046884 1.995452 4
1727126047014 0.10732 4
1727126047147 4.845734 4
1727126047279 0.764923 4
1727126047411 0.943889 4
1727126047544 0.719649 6
1727126047677 0.567091 6
1727126047807 2.164726 6
1727126047938 0.11036 6
1727126048072 0.696916 6
1727126048203 3.391342 6
1727126048333 0.264565 6
1727126048464 2.6381 6
1727126048595 0.10458 6
1727126048724 2.216137 6
1727126048856 2.74076 8
1727126048988 5.308568 8
1727126049120 1.859858 8
1727126049251 1.698951 8
1727126049380 0.143657 8
1727126049511 0.160125 8
1727126049644 1.14202 8
1727126049774 0.117716 8
1727126049905 0.872797 8
1727126050035 0.13739 8
1727126050165 0.116716 10
1727126050295 3.057804 10
1727126050425 1.791138 10
1727126050555 0.328551 10
1727126050686 2.238615 10
1727126050817 0.233325 10
1727126050949 0.119835 10
1727126051080 10.218601 10
1727126051211 2.315492 10
1727126051344 304.022888 10
1727126051473 0.141464 12
1727126051603 0.205055 12
1727126051736 4.746929 12
1727126051869 0.325468 12
1727126052000 2.083897 12
1727126052131 0.154645 12
1727126052262 0.42722 12
1727126052394 1.866496 12
1727126052524 0.4035 12
1727126052654 0.883872 12
1727126052785 8.165255 14
1727126052917 2.580701 14
1727126057546 0.784427 0
1727126057668 0.200724 0
1727126057799 0.16908 0
1727126057933 0.256309 0
1727126058063 0.169289 0
1727126058194 0.489173 0
1727126058325 0.160866 0
1727126058456 1.727103 0
1727126058586 0.185033 0
1727126058719 0.537141 0
1727126058850 1.636421 3
1727126058982 0.206143 3
1727126059113 2.742258 3
1727126059243 1.10531 3
1727126059372 0.673741 3
1727126059502 2.151707 3
1727126059632 0.681615 3
1727126059762 0.208907 3
1727126059896 0.151278 3
1727126060026 7.326415 3
1727126060158 2.710456 6
1727126060288 1.475291 6
1727126060418 2.179751 6
1727126060548 0.247387 6
1727126060679 0.731282 6
1727126060809 41.917393 6
1727126060943 0.14999 6
1727126061075 2.213759 6
1727126061207 0.753284 6
1727126061338 1.580671 6
1727126061469 0.796126 9
1727126061600 0.510697 9
1727126061729 0.46154 9
1727126061836 0.132557 9
1727126061950 0.80953 9
1727126062076 1.426468 9
1727126062208 0.257191 9
1727126062338 0.660001 9
1727126062470 0.165803 9
1727126062601 6.428425 9
1727126062732 0.769753 12
1727126062864 0.576832 12
1727126062994 1.080294 12
1727126063131 1.381434 12
1727126063261 0.172366 12
1727126063393 0.141902 12
1727126063523 1.966528 12
1727126063654 0.160076 12
1727126063784 1.688666 12
1727126063914 0.134903 12
1727126064045 0.119881 15
1727126064175 4.032938 15
1727126064306 1.905565 15
1727126064436 0.269262 15
1727126064567 1.570725 15
1727126064697 0.199209 15
1727126064827 0.133118 15
1727126064959 0.347998 15
1727126065088 2.503909 15
1727126065220 0.434201 15
1727126065353 0.161156 18
1727126065485 0.210468 18
1727126065615 1.781141 18
1727126065747 0.301155 18
1727126065877 0.661649 18
1727126066009 0.144779 18
1727126066139 0.404418 18
1727126066270 0.94975 18
1727126066402 61.809692 18
1727126066533 1.062645 18
1727126066664 7.680223 21
1727126066794 1.000668 21
1727126069659 1.029369 0
1727126069782 0.154506 0
1727126069914 0.132746 0
1727126070046 0.196542 0
1727126070178 0.128173 0
1727126070310 0.444615 0
1727126070441 0.191268 0
1727126070572 1.272431 0
1727126070703 0.216027 0
1727126070836 0.435796 0
1727126070967 1.490434 4
1727126071097 0.205132 4
1727126071228 7.685336 4
1727126071363 1.98905 4
1727126071494 1.149988 4
1727126071625 1.919296 4
1727126071757 0.813419 4
1727126071888 0.192215 4
1727126072019 0.148761 4
1727126072151 1.839862 4
1727126072282 4.085624 8
1727126072413 0.739575 8
1727126072544 2.332175 8
1727126072673 0.266329 8
1727126072803 0.976821 8
1727126072936 1.794422 8
1727126073069 0.123883 8
1727126073200 1.592127 8
1727126073332 6.807168 8
1727126073466 3.738236 8
1727126073598 0.926226 12
1727126073729 0.458033 12
1727126073866 0.223723 12
1727126074000 0.10819 12
1727126074132 0.655708 12
1727126074263 1.231479 12
1727126074470 0.253121 12
1727126074603 1.667328 12
1727126074734 0.137017 12
1727126074866 1.926855 12
1727126074997 0.890728 16
1727126075129 0.802453 16
1727126075258 1.29952 16
1727126075390 0.916006 16
1727126075522 0.128602 16
1727126075654 0.138787 16
1727126075786 1.669891 16
1727126075916 0.117862 16
1727126076046 1.172459 16
1727126076177 0.139264 16
1727126076308 0.139772 20
1727126076440 75.832336 20
1727126076571 1.20437 20
1727126076702 0.244828 20
1727126076834 1.869753 20
1727126076963 0.195213 20
1727126077094 0.116187 20
1727126077225 0.358854 20
1727126077356 5.031208 20
1727126077488 0.436929 20
1727126077619 0.158337 24
1727126077750 0.270613 24
1727126077881 1.657399 24
1727126078011 0.226156 24
1727126078142 0.744225 24
1727126078274 0.134476 24
1727126078405 0.374746 24
1727126078536 1.891088 24
1727126078666 0.537236 24
1727126078796 1.837106 24
1727126078926 11.216256 28
1727126079057 0.510384 28
1727126082110 0.818026 0
1727126082234 0.266355 0
1727126082364 0.117831 0
1727126082495 0.425014 0
1727126082628 0.12844 0
1727126082758 0.766479 0
1727126082890 0.164481 0
1727126083020 0.98986 0
1727126083150 0.206624 0
1727126083281 0.660452 0
1727126083411 1.328792 5
1727126083544 0.219101 5
1727126083675 3.881551 5
1727126083805 2.108443 5
1727126083937 0.982202 5
1727126084068 1.953702 5
1727126084198 0.445256 5
1727126084329 0.221775 5
1727126084461 0.188747 5
1727126084594 2.285919 5
1727126084725 1.865776 10
1727126084857 0.94585 10
1727126084987 1.284866 10
1727126085119 0.282972 10
1727126085250 1.143015 10
1727126085380 1.728678 10
1727126085511 0.158251 10
1727126085641 3.859443 10
1727126085773 1.509697 10
1727126085905 15.852958 10
1727126086036 1.023245 15
1727126086165 0.448739 15
1727126086298 0.251364 15
1727126086431 0.116464 15
1727126086561 2.192303 15
1727126086694 0.98043 15
1727126086825 0.176016 15
1727126086957 0.882641 15
1727126087087 0.115561 15
1727126087218 2.551149 15
1727126087349 0.5812 20
1727126087480 2.539457 20
1727126087611 1.909345 20
1727126087746 0.799826 20
1727126087878 0.171736 20
1727126088009 0.158455 20
1727126088141 1.336439 20
1727126088271 0.102748 20
1727126088402 0.969856 20
1727126088536 0.153812 20
1727126088666 0.128119 25
1727126088797 8.354964 25
1727126088929 2.296411 25
1727126089061 0.205377 25
1727126089192 1.391126 25
1727126089324 0.162317 25
1727126089455 0.1148 25
1727126089588 0.133545 25
1727126089722 0.784027 25
1727126089853 0.491108 25
1727126089986 0.100572 30
1727126090117 0.471598 30
1727126090249 1.553208 30
1727126090380 0.372404 30
1727126090510 0.553848 30
1727126090640 0.139964 30
1727126090771 0.356422 30
1727126090902 1.561625 30
1727126091034 0.736319 30
1727126091165 1.632158 30
1727126091297 5.956352 35
1727126091428 0.593916 35
1727126096157 0.496764 0
1727126096281 0.293133 0
1727126096412 0.124688 0
1727126096544 0.208567 0
1727126096676 0.140971 0
1727126096807 0.626366 0
1727126096939 0.135615 0
1727126097072 0.85527 0
1727126097204 0.211016 0
1727126097335 0.579964 0
1727126097465 2.66904 6
1727126097595 0.222307 6
1727126097727 2.292444 6
1727126097857 1.03441 6
1727126097990 0.949232 6
1727126098123 3.154469 6
1727126098253 0.734776 6
1727126098383 0.258668 6
1727126098513 0.18472 6
1727126098645 0.940555 6
1727126098777 1.614651 12
1727126098914 0.724482 12
1727126099044 1.028941 12
1727126099177 0.246235 12
1727126099307 2.023421 12
1727126099440 1.084301 12
1727126099570 0.136068 12
1727126099702 4.133721 12
1727126099833 1.729648 12
1727126099966 1.219311 12
1727126100097 1.280429 18
1727126100228 0.594084 18
1727126100359 0.449912 18
1727126100490 0.131524 18
1727126100621 0.612118 18
1727126100754 1.432138 18
1727126100884 0.182979 18
1727126101014 0.653378 18
1727126101144 0.126932 18
1727126101275 1.834638 18
1727126101407 0.398247 24
1727126101539 0.368794 24
1727126101669 1.773206 24
1727126101799 0.817088 24
1727126101932 0.152947 24
1727126102066 0.141368 24
1727126102196 1.467765 24
1727126102328 0.121037 24
1727126102458 3.577972 24
1727126102589 0.13301 24
1727126102721 0.129388 30
1727126102852 1.405736 30
1727126102983 1.18711 30
1727126103114 0.173817 30
1727126103245 1.005488 30
1727126103374 0.174509 30
1727126103505 0.126624 30
1727126103636 0.183214 30
1727126103766 1.019713 30
1727126103896 0.587173 30
1727126104005 0.143397 36
1727126104116 0.923694 36
1727126104244 2.084043 36
1727126104374 0.306507 36
1727126104505 0.841503 36
1727126104637 0.117268 36
1727126104769 0.349124 36
1727126104901 0.43341 36
1727126105032 0.885661 36
1727126105164 1.458631 36
1727126105294 2.765357 42
1727126105428 0.555312 42
