1726897364597 2.180863 0
1726897364739 0.867318 0
1726897364878 0.790967 0
1726897365017 3.564517 0
1726897365157 2.046653 0
1726897365295 0.433485 0
1726897365435 1.028982 0
1726897365574 0.309172 0
1726897365714 0.166243 0
1726897365853 0.659993 0
1726897366773 0.710092 0
1726897366914 0.796639 0
1726897367053 0.644221 0
1726897367192 2.20853 0
1726897367332 1.296065 0
1726897367470 0.323373 0
1726897367609 0.725847 0
1726897367748 0.079222 0
1726897367887 0.133035 0
1726897368026 0.50441 0
1726897368863 0.512673 0
1726897369007 0.69639 0
1726897369146 0.648636 0
1726897369286 1.921579 0
1726897369425 1.088863 0
1726897369565 0.32394 0
1726897369705 0.597086 0
1726897369843 0.067163 0
1726897369982 0.118955 0
1726897370126 0.445873 0
1726897370957 0.526626 0
1726897371097 0.658262 0
1726897371236 0.642227 0
1726897371374 1.881652 0
1726897371514 1.052887 0
1726897371656 0.334626 0
1726897371796 0.612111 0
1726897371935 0.054753 0
1726897372075 0.119198 0
1726897372217 0.4403 0
1726897373045 0.463509 0
1726897373186 0.641351 0
1726897373325 0.63795 0
1726897373464 1.858864 0
1726897373604 1.039261 0
1726897373743 0.358966 0
1726897373882 0.572841 0
1726897374021 0.042582 0
1726897374160 0.118252 0
1726897374302 0.433611 0
1726897375131 0.478118 0
1726897375271 0.634542 0
1726897375410 0.624455 0
1726897375549 1.849181 0
1726897375689 1.029507 0
1726897375829 0.365915 0
1726897375967 0.567893 0
1726897376106 0.038195 0
1726897376248 0.119428 0
1726897376389 0.440575 0
1726897377238 0.447435 0
1726897377379 0.617938 0
1726897377518 0.611212 0
1726897377657 1.867214 0
1726897377798 0.998929 0
1726897377939 0.372804 0
1726897378077 0.56003 0
1726897378216 0.034674 0
1726897378357 0.121923 0
1726897378497 0.435206 0
1726897379319 0.453076 0
1726897379460 0.603799 0
1726897379599 0.601888 0
1726897379737 1.859899 0
1726897379877 0.985442 0
1726897380016 0.372227 0
1726897380157 0.548127 0
1726897380296 0.033486 0
1726897380438 0.123653 0
1726897380578 0.445563 0
1726897381406 0.459342 0
1726897381549 0.602882 0
1726897381688 0.594355 0
1726897381828 1.882277 0
1726897381968 0.983903 0
1726897382109 0.366898 0
1726897382248 0.550453 0
1726897382390 0.031524 0
1726897382531 0.12153 0
1726897382677 0.445758 0
1726897383512 0.450504 0
1726897383655 0.590038 0
1726897383794 0.601316 0
1726897383934 1.865646 0
1726897384075 0.971208 0
1726897384216 0.371554 0
1726897384358 0.549905 0
1726897384502 0.029688 0
1726897384642 0.12349 0
1726897384781 0.441238 0
