1726793544731 0.0 0
1726793544828 10.0 0
1726793544924 20.0 0
1726793545019 30.0 0
1726793545116 40.0 0
1726793545215 50.0 0
1726793545314 60.0 0
1726793545410 70.0 0
1726793545510 80.0 0
1726793545606 90.0 0
1726793545706 100.0 1
1726793545804 110.0 1
1726793545900 120.0 1
1726793545996 130.0 1
1726793546098 140.0 1
1726793546195 150.0 1
1726793546293 160.0 1
1726793546391 170.0 1
1726793546491 180.0 1
1726793546590 190.0 1
1726793546690 200.0 2
1726793546789 210.0 2
1726793546885 220.0 2
1726793546981 230.0 2
1726793547078 240.0 2
1726793547175 250.0 2
1726793547285 260.0 2
1726793547382 270.0 2
1726793547478 280.0 2
1726793547577 290.0 2
1726793547675 300.0 3
1726793547771 310.0 3
1726793547868 320.0 3
1726793547967 330.0 3
1726793548067 340.0 3
1726793548166 350.0 3
1726793548264 360.0 3
1726793548361 370.0 3
1726793548459 380.0 3
1726793548555 390.0 3
1726793548651 400.0 4
1726793548747 410.0 4
1726793548842 420.0 4
1726793548937 430.0 4
1726793549032 440.0 4
1726793549125 450.0 4
1726793549221 460.0 4
1726793549318 470.0 4
1726793549414 480.0 4
1726793549510 490.0 4
1726793549606 500.0 5
1726793549701 510.0 5
1726793549799 520.0 5
1726793549898 530.0 5
1726793549997 540.0 5
1726793550102 550.0 5
1726793550206 560.0 5
1726793550301 570.0 5
1726793550397 580.0 5
1726793550492 590.0 5
1726793550587 600.0 6
1726793550684 610.0 6
1726793550782 620.0 6
1726793550880 630.0 6
1726793550975 640.0 6
1726793551071 650.0 6
1726793551169 660.0 6
1726793551266 670.0 6
1726793551362 680.0 6
1726793551457 690.0 6
1726793551552 700.0 7
1726793551648 710.0 7
1726793551745 720.0 7
1726793551843 730.0 7
1726793551943 740.0 7
1726793552039 750.0 7
1726793552134 760.0 7
1726793552242 770.0 7
1726793552343 780.0 7
1726793552440 790.0 7
1726793552535 800.0 8
1726793552631 810.0 8
1726793552726 820.0 8
1726793552821 830.0 8
1726793552916 840.0 8
1726793553011 850.0 8
1726793553105 860.0 8
1726793553200 870.0 8
1726793553296 880.0 8
1726793553394 890.0 8
1726793553490 900.0 9
1726793553585 910.0 9
1726793553680 920.0 9
1726793553775 930.0 9
1726793553870 940.0 9
1726793553965 950.0 9
1726793554060 960.0 9
1726793554155 970.0 9
1726793554260 980.0 9
1726793554356 990.0 9
1726793554451 1000.0 10
1726793558540 0.0 0
1726793558647 10.0 0
1726793558742 20.0 0
1726793558837 30.0 0
1726793558930 40.0 0
1726793559024 50.0 0
1726793559120 60.0 0
1726793559215 70.0 0
1726793559310 80.0 0
1726793559405 90.0 0
1726793559509 100.0 2
1726793559612 110.0 2
1726793559709 120.0 2
1726793559804 130.0 2
1726793559900 140.0 2
1726793559995 150.0 2
1726793560090 160.0 2
1726793560187 170.0 2
1726793560285 180.0 2
1726793560388 190.0 2
1726793560484 200.0 4
1726793560579 210.0 4
1726793560675 220.0 4
1726793560771 230.0 4
1726793560865 240.0 4
1726793560961 250.0 4
1726793561054 260.0 4
1726793561149 270.0 4
1726793561246 280.0 4
1726793561343 290.0 4
1726793561439 300.0 6
1726793561535 310.0 6
1726793561630 320.0 6
1726793561724 330.0 6
1726793561821 340.0 6
1726793561916 350.0 6
1726793562013 360.0 6
1726793562107 370.0 6
1726793562205 380.0 6
1726793562300 390.0 6
1726793562401 400.0 8
1726793562499 410.0 8
1726793562594 420.0 8
1726793562689 430.0 8
1726793562785 440.0 8
1726793562880 450.0 8
1726793562975 460.0 8
1726793563071 470.0 8
1726793563168 480.0 8
1726793563265 490.0 8
1726793563360 500.0 10
1726793563456 510.0 10
1726793563550 520.0 10
1726793563648 530.0 10
1726793563750 540.0 10
1726793563847 550.0 10
1726793563942 560.0 10
1726793564038 570.0 10
1726793564135 580.0 10
1726793564231 590.0 10
1726793564327 600.0 12
1726793564425 610.0 12
1726793564527 620.0 12
1726793564623 630.0 12
1726793564719 640.0 12
1726793564817 650.0 12
1726793564914 660.0 12
1726793565011 670.0 12
1726793565106 680.0 12
1726793565202 690.0 12
1726793565300 700.0 14
1726793565400 710.0 14
1726793565498 720.0 14
1726793565594 730.0 14
1726793565690 740.0 14
1726793565785 750.0 14
1726793565881 760.0 14
1726793565975 770.0 14
1726793566072 780.0 14
1726793566168 790.0 14
1726793566264 800.0 16
1726793566361 810.0 16
1726793566457 820.0 16
1726793566558 830.0 16
1726793566657 840.0 16
1726793566756 850.0 16
1726793566854 860.0 16
1726793566950 870.0 16
1726793567048 880.0 16
1726793567143 890.0 16
1726793567240 900.0 18
1726793567336 910.0 18
1726793567431 920.0 18
1726793567527 930.0 18
1726793567622 940.0 18
1726793567718 950.0 18
1726793567814 960.0 18
1726793567909 970.0 18
1726793568005 980.0 18
1726793568101 990.0 18
1726793568197 1000.0 20
1726793572463 0.0 0
1726793572560 10.0 0
1726793572664 20.0 0
1726793572760 30.0 0
1726793572856 40.0 0
1726793572951 50.0 0
1726793573049 60.0 0
1726793573146 70.0 0
1726793573245 80.0 0
1726793573342 90.0 0
1726793573439 100.0 3
1726793573540 110.0 3
1726793573635 120.0 3
1726793573731 130.0 3
1726793573827 140.0 3
1726793573923 150.0 3
1726793574019 160.0 3
1726793574114 170.0 3
1726793574209 180.0 3
1726793574309 190.0 3
1726793574407 200.0 6
1726793574506 210.0 6
1726793574603 220.0 6
1726793574708 230.0 6
1726793574805 240.0 6
1726793574902 250.0 6
1726793574998 260.0 6
1726793575097 270.0 6
1726793575193 280.0 6
1726793575291 290.0 6
1726793575388 300.0 9
1726793575484 310.0 9
1726793575581 320.0 9
1726793575676 330.0 9
1726793575772 340.0 9
1726793575868 350.0 9
1726793575964 360.0 9
1726793576070 370.0 9
1726793576170 380.0 9
1726793576265 390.0 9
1726793576362 400.0 12
1726793576460 410.0 12
1726793576556 420.0 12
1726793576695 430.0 12
1726793576794 440.0 12
1726793576891 450.0 12
1726793576987 460.0 12
1726793577091 470.0 12
1726793577191 480.0 12
1726793577289 490.0 12
1726793577385 500.0 15
1726793577483 510.0 15
1726793577582 520.0 15
1726793577680 530.0 15
1726793577777 540.0 15
1726793577874 550.0 15
1726793577971 560.0 15
1726793578067 570.0 15
1726793578163 580.0 15
1726793578261 590.0 15
1726793578356 600.0 18
1726793578454 610.0 18
1726793578552 620.0 18
1726793578651 630.0 18
1726793578753 640.0 18
1726793578850 650.0 18
1726793578950 660.0 18
1726793579049 670.0 18
1726793579144 680.0 18
1726793579241 690.0 18
1726793579339 700.0 21
1726793579435 710.0 21
1726793579533 720.0 21
1726793579629 730.0 21
1726793579727 740.0 21
1726793579825 750.0 21
1726793579922 760.0 21
1726793580017 770.0 21
1726793580113 780.0 21
1726793580208 790.0 21
1726793580307 800.0 24
1726793580403 810.0 24
1726793580500 820.0 24
1726793580598 830.0 24
1726793580695 840.0 24
1726793580796 850.0 24
1726793580894 860.0 24
1726793580989 870.0 24
1726793581086 880.0 24
1726793581181 890.0 24
1726793581280 900.0 27
1726793581378 910.0 27
1726793581477 920.0 27
1726793581573 930.0 27
1726793581671 940.0 27
1726793581767 950.0 27
1726793581862 960.0 27
1726793581957 970.0 27
1726793582052 980.0 27
1726793582147 990.0 27
1726793582242 1000.0 30
1726793586357 0.0 0
1726793586457 10.0 0
1726793586554 20.0 0
1726793586649 30.0 0
1726793586747 40.0 0
1726793586848 50.0 0
1726793586955 60.0 0
1726793587050 70.0 0
1726793587148 80.0 0
1726793587248 90.0 0
1726793587346 100.0 4
1726793587447 110.0 4
1726793587543 120.0 4
1726793587639 130.0 4
1726793587739 140.0 4
1726793587836 150.0 4
1726793587935 160.0 4
1726793588031 170.0 4
1726793588127 180.0 4
1726793588224 190.0 4
1726793588320 200.0 8
1726793588416 210.0 8
1726793588513 220.0 8
1726793588609 230.0 8
1726793588706 240.0 8
1726793588802 250.0 8
1726793588897 260.0 8
1726793589001 270.0 8
1726793589100 280.0 8
1726793589201 290.0 8
1726793589299 300.0 12
1726793589396 310.0 12
1726793589493 320.0 12
1726793589589 330.0 12
1726793589686 340.0 12
1726793589782 350.0 12
1726793589880 360.0 12
1726793589980 370.0 12
1726793590077 380.0 12
1726793590173 390.0 12
1726793590270 400.0 16
1726793590365 410.0 16
1726793590462 420.0 16
1726793590558 430.0 16
1726793590654 440.0 16
1726793590749 450.0 16
1726793590847 460.0 16
1726793590947 470.0 16
1726793591053 480.0 16
1726793591151 490.0 16
1726793591247 500.0 20
1726793591345 510.0 20
1726793591447 520.0 20
1726793591550 530.0 20
1726793591650 540.0 20
1726793591747 550.0 20
1726793591843 560.0 20
1726793591939 570.0 20
1726793592034 580.0 20
1726793592130 590.0 20
1726793592228 600.0 24
1726793592328 610.0 24
1726793592424 620.0 24
1726793592521 630.0 24
1726793592619 640.0 24
1726793592715 650.0 24
1726793592813 660.0 24
1726793592910 670.0 24
1726793593005 680.0 24
1726793593110 690.0 24
1726793593208 700.0 28
1726793593305 710.0 28
1726793593401 720.0 28
1726793593497 730.0 28
1726793593594 740.0 28
1726793593690 750.0 28
1726793593786 760.0 28
1726793593881 770.0 28
1726793593976 780.0 28
1726793594072 790.0 28
1726793594168 800.0 32
1726793594263 810.0 32
1726793594357 820.0 32
1726793594454 830.0 32
1726793594548 840.0 32
1726793594643 850.0 32
1726793594739 860.0 32
1726793594834 870.0 32
1726793594930 880.0 32
1726793595025 890.0 32
1726793595128 900.0 36
1726793595228 910.0 36
1726793595323 920.0 36
1726793595423 930.0 36
1726793595519 940.0 36
1726793595614 950.0 36
1726793595712 960.0 36
1726793595812 970.0 36
1726793595909 980.0 36
1726793596006 990.0 36
1726793596102 1000.0 40
1726793600364 0.0 0
1726793600461 10.0 0
1726793600555 20.0 0
1726793600652 30.0 0
1726793600749 40.0 0
1726793600847 50.0 0
1726793600945 60.0 0
1726793601041 70.0 0
1726793601138 80.0 0
1726793601241 90.0 0
1726793601339 100.0 5
1726793601440 110.0 5
1726793601538 120.0 5
1726793601635 130.0 5
1726793601732 140.0 5
1726793601828 150.0 5
1726793601925 160.0 5
1726793602021 170.0 5
1726793602119 180.0 5
1726793602215 190.0 5
1726793602312 200.0 10
1726793602408 210.0 10
1726793602505 220.0 10
1726793602603 230.0 10
1726793602699 240.0 10
1726793602796 250.0 10
1726793602892 260.0 10
1726793602989 270.0 10
1726793603084 280.0 10
1726793603181 290.0 10
1726793603283 300.0 15
1726793603382 310.0 15
1726793603479 320.0 15
1726793603575 330.0 15
1726793603672 340.0 15
1726793603768 350.0 15
1726793603863 360.0 15
1726793603961 370.0 15
1726793604067 380.0 15
1726793604165 390.0 15
1726793604261 400.0 20
1726793604359 410.0 20
1726793604460 420.0 20
1726793604558 430.0 20
1726793604658 440.0 20
1726793604755 450.0 20
1726793604854 460.0 20
1726793604959 470.0 20
1726793605057 480.0 20
1726793605152 490.0 20
1726793605254 500.0 25
1726793605357 510.0 25
1726793605455 520.0 25
1726793605551 530.0 25
1726793605650 540.0 25
1726793605748 550.0 25
1726793605847 560.0 25
1726793605944 570.0 25
1726793606040 580.0 25
1726793606138 590.0 25
1726793606237 600.0 30
1726793606333 610.0 30
1726793606430 620.0 30
1726793606528 630.0 30
1726793606624 640.0 30
1726793606724 650.0 30
1726793606822 660.0 30
1726793606917 670.0 30
1726793607014 680.0 30
1726793607109 690.0 30
1726793607207 700.0 35
1726793607305 710.0 35
1726793607410 720.0 35
1726793607507 730.0 35
1726793607605 740.0 35
1726793607701 750.0 35
1726793607799 760.0 35
1726793607899 770.0 35
1726793607998 780.0 35
1726793608094 790.0 35
1726793608190 800.0 40
1726793608287 810.0 40
1726793608383 820.0 40
1726793608482 830.0 40
1726793608580 840.0 40
1726793608676 850.0 40
1726793608773 860.0 40
1726793608868 870.0 40
1726793608964 880.0 40
1726793609064 890.0 40
1726793609162 900.0 45
1726793609261 910.0 45
1726793609358 920.0 45
1726793609464 930.0 45
1726793609560 940.0 45
1726793609660 950.0 45
1726793609756 960.0 45
1726793609854 970.0 45
1726793609954 980.0 45
1726793610050 990.0 45
1726793610147 1000.0 50
1726793614397 0.0 0
1726793614495 10.0 0
1726793614593 20.0 0
1726793614688 30.0 0
1726793614785 40.0 0
1726793614885 50.0 0
1726793614982 60.0 0
1726793615078 70.0 0
1726793615174 80.0 0
1726793615275 90.0 0
1726793615372 100.0 6
1726793615475 110.0 6
1726793615579 120.0 6
1726793615675 130.0 6
1726793615773 140.0 6
1726793615873 150.0 6
1726793615970 160.0 6
1726793616065 170.0 6
1726793616162 180.0 6
1726793616258 190.0 6
1726793616355 200.0 12
1726793616451 210.0 12
1726793616548 220.0 12
1726793616644 230.0 12
1726793616741 240.0 12
1726793616837 250.0 12
1726793616934 260.0 12
1726793617030 270.0 12
1726793617125 280.0 12
1726793617221 290.0 12
1726793617317 300.0 18
1726793617414 310.0 18
1726793617510 320.0 18
1726793617614 330.0 18
1726793617714 340.0 18
1726793617815 350.0 18
1726793617915 360.0 18
1726793618014 370.0 18
1726793618110 380.0 18
1726793618213 390.0 18
1726793618327 400.0 24
1726793618427 410.0 24
1726793618525 420.0 24
1726793618622 430.0 24
1726793618717 440.0 24
1726793618814 450.0 24
1726793618910 460.0 24
1726793619005 470.0 24
1726793619109 480.0 24
1726793619206 490.0 24
1726793619301 500.0 30
1726793619397 510.0 30
1726793619495 520.0 30
1726793619591 530.0 30
1726793619696 540.0 30
1726793619797 550.0 30
1726793619895 560.0 30
1726793619996 570.0 30
1726793620106 580.0 30
1726793620212 590.0 30
1726793620314 600.0 36
1726793620417 610.0 36
1726793620523 620.0 36
1726793620623 630.0 36
1726793620720 640.0 36
1726793620816 650.0 36
1726793620916 660.0 36
1726793621014 670.0 36
1726793621112 680.0 36
1726793621210 690.0 36
1726793621306 700.0 42
1726793621401 710.0 42
1726793621497 720.0 42
1726793621593 730.0 42
1726793621693 740.0 42
1726793621791 750.0 42
1726793621888 760.0 42
1726793621988 770.0 42
1726793622085 780.0 42
1726793622182 790.0 42
1726793622280 800.0 48
1726793622380 810.0 48
1726793622476 820.0 48
1726793622572 830.0 48
1726793622668 840.0 48
1726793622764 850.0 48
1726793622859 860.0 48
1726793622955 870.0 48
1726793623054 880.0 48
1726793623153 890.0 48
1726793623255 900.0 54
1726793623352 910.0 54
1726793623449 920.0 54
1726793623547 930.0 54
1726793623643 940.0 54
1726793623746 950.0 54
1726793623844 960.0 54
1726793623941 970.0 54
1726793624038 980.0 54
1726793624136 990.0 54
1726793624236 1000.0 60
1726793628499 0.0 0
1726793628597 10.0 0
1726793628697 20.0 0
1726793628794 30.0 0
1726793628893 40.0 0
1726793628991 50.0 0
1726793629086 60.0 0
1726793629181 70.0 0
1726793629278 80.0 0
1726793629374 90.0 0
1726793629472 100.0 7
1726793629576 110.0 7
1726793629674 120.0 7
1726793629774 130.0 7
1726793629878 140.0 7
1726793629975 150.0 7
1726793630074 160.0 7
1726793630171 170.0 7
1726793630270 180.0 7
1726793630365 190.0 7
1726793630460 200.0 14
1726793630555 210.0 14
1726793630652 220.0 14
1726793630748 230.0 14
1726793630844 240.0 14
1726793630942 250.0 14
1726793631038 260.0 14
1726793631134 270.0 14
1726793631232 280.0 14
1726793631329 290.0 14
1726793631426 300.0 21
1726793631522 310.0 21
1726793631616 320.0 21
1726793631711 330.0 21
1726793631806 340.0 21
1726793631906 350.0 21
1726793632008 360.0 21
1726793632105 370.0 21
1726793632205 380.0 21
1726793632304 390.0 21
1726793632404 400.0 28
1726793632504 410.0 28
1726793632603 420.0 28
1726793632702 430.0 28
1726793632798 440.0 28
1726793632892 450.0 28
1726793632992 460.0 28
1726793633088 470.0 28
1726793633184 480.0 28
1726793633282 490.0 28
1726793633377 500.0 35
1726793633473 510.0 35
1726793633569 520.0 35
1726793633667 530.0 35
1726793633764 540.0 35
1726793633860 550.0 35
1726793633962 560.0 35
1726793634062 570.0 35
1726793634157 580.0 35
1726793634254 590.0 35
1726793634353 600.0 42
1726793634449 610.0 42
1726793634545 620.0 42
1726793634642 630.0 42
1726793634738 640.0 42
1726793634835 650.0 42
1726793634932 660.0 42
1726793635032 670.0 42
1726793635130 680.0 42
1726793635227 690.0 42
1726793635324 700.0 49
1726793635423 710.0 49
1726793635522 720.0 49
1726793635619 730.0 49
1726793635715 740.0 49
1726793635811 750.0 49
1726793635907 760.0 49
1726793636010 770.0 49
1726793636110 780.0 49
1726793636206 790.0 49
1726793636305 800.0 56
1726793636402 810.0 56
1726793636498 820.0 56
1726793636594 830.0 56
1726793636690 840.0 56
1726793636788 850.0 56
1726793636883 860.0 56
1726793636980 870.0 56
1726793637078 880.0 56
1726793637173 890.0 56
1726793637269 900.0 63
1726793637366 910.0 63
1726793637464 920.0 63
1726793637562 930.0 63
1726793637660 940.0 63
1726793637755 950.0 63
1726793637852 960.0 63
1726793637947 970.0 63
1726793638051 980.0 63
1726793638149 990.0 63
1726793638246 1000.0 70
1726793642543 0.0 0
1726793642644 10.0 0
1726793642743 20.0 0
1726793642839 30.0 0
1726793642934 40.0 0
1726793643034 50.0 0
1726793643131 60.0 0
1726793643227 70.0 0
1726793643325 80.0 0
1726793643422 90.0 0
1726793643520 100.0 8
1726793643622 110.0 8
1726793643717 120.0 8
1726793643814 130.0 8
1726793643910 140.0 8
1726793644007 150.0 8
1726793644103 160.0 8
1726793644208 170.0 8
1726793644306 180.0 8
1726793644402 190.0 8
1726793644500 200.0 16
1726793644597 210.0 16
1726793644694 220.0 16
1726793644790 230.0 16
1726793644887 240.0 16
1726793644983 250.0 16
1726793645079 260.0 16
1726793645175 270.0 16
1726793645271 280.0 16
1726793645371 290.0 16
1726793645467 300.0 24
1726793645564 310.0 24
1726793645664 320.0 24
1726793645760 330.0 24
1726793645855 340.0 24
1726793645951 350.0 24
1726793646047 360.0 24
1726793646145 370.0 24
1726793646261 380.0 24
1726793646358 390.0 24
1726793646454 400.0 32
1726793646550 410.0 32
1726793646646 420.0 32
1726793646741 430.0 32
1726793646837 440.0 32
1726793646933 450.0 32
1726793647030 460.0 32
1726793647125 470.0 32
1726793647222 480.0 32
1726793647319 490.0 32
1726793647418 500.0 40
1726793647515 510.0 40
1726793647610 520.0 40
1726793647706 530.0 40
1726793647801 540.0 40
1726793647897 550.0 40
1726793648005 560.0 40
1726793648105 570.0 40
1726793648201 580.0 40
1726793648305 590.0 40
1726793648401 600.0 48
1726793648498 610.0 48
1726793648593 620.0 48
1726793648690 630.0 48
1726793648787 640.0 48
1726793648883 650.0 48
1726793648981 660.0 48
1726793649077 670.0 48
1726793649175 680.0 48
1726793649272 690.0 48
1726793649368 700.0 56
1726793649467 710.0 56
1726793649564 720.0 56
1726793649660 730.0 56
1726793649755 740.0 56
1726793649850 750.0 56
1726793649947 760.0 56
1726793650045 770.0 56
1726793650141 780.0 56
1726793650241 790.0 56
1726793650345 800.0 64
1726793650443 810.0 64
1726793650540 820.0 64
1726793650640 830.0 64
1726793650737 840.0 64
1726793650833 850.0 64
1726793650930 860.0 64
1726793651028 870.0 64
1726793651125 880.0 64
1726793651222 890.0 64
1726793651322 900.0 72
1726793651418 910.0 72
1726793651514 920.0 72
1726793651612 930.0 72
1726793651709 940.0 72
1726793651806 950.0 72
1726793651902 960.0 72
1726793652004 970.0 72
1726793652101 980.0 72
1726793652198 990.0 72
1726793652299 1000.0 80
