1726835416077 0.0 0
1726835416204 10.0 0
1726835416332 20.0 0
1726835416460 30.0 0
1726835416587 40.0 0
1726835416714 50.0 0
1726835416841 60.0 0
1726835416971 70.0 0
1726835417100 80.0 0
1726835417227 90.0 0
1726835417356 100.0 1
1726835417483 110.0 1
1726835418329 0.0 0
1726835418460 10.0 0
1726835418587 20.0 0
1726835418716 30.0 0
1726835418843 40.0 0
1726835418971 50.0 0
1726835419100 60.0 0
1726835419229 70.0 0
1726835419358 80.0 0
1726835419487 90.0 0
1726835419614 100.0 2
1726835419742 110.0 2
1726835420582 0.0 0
1726835420710 10.0 0
1726835420837 20.0 0
1726835420965 30.0 0
1726835421094 40.0 0
1726835421222 50.0 0
1726835421350 60.0 0
1726835421478 70.0 0
1726835421605 80.0 0
1726835421733 90.0 0
1726835421862 100.0 3
1726835421990 110.0 3
1726835422810 0.0 0
1726835422937 10.0 0
1726835423065 20.0 0
1726835423194 30.0 0
1726835423321 40.0 0
1726835423450 50.0 0
1726835423577 60.0 0
1726835423705 70.0 0
1726835423833 80.0 0
1726835423961 90.0 0
1726835424088 100.0 4
1726835424217 110.0 4
1726835425035 0.0 0
1726835425163 10.0 0
1726835425291 20.0 0
1726835425419 30.0 0
1726835425548 40.0 0
1726835425676 50.0 0
1726835425804 60.0 0
1726835425931 70.0 0
1726835426059 80.0 0
1726835426186 90.0 0
1726835426314 100.0 5
1726835426442 110.0 5
1726835427260 0.0 0
1726835427387 10.0 0
1726835427516 20.0 0
1726835427644 30.0 0
1726835427771 40.0 0
1726835427898 50.0 0
1726835428027 60.0 0
1726835428154 70.0 0
1726835428282 80.0 0
1726835428410 90.0 0
1726835428538 100.0 6
1726835428666 110.0 6
1726835429489 0.0 0
1726835429618 10.0 0
1726835429746 20.0 0
1726835429874 30.0 0
1726835430001 40.0 0
1726835430129 50.0 0
1726835430256 60.0 0
1726835430384 70.0 0
1726835430512 80.0 0
1726835430641 90.0 0
1726835430769 100.0 7
1726835430897 110.0 7
1726835431720 0.0 0
1726835431848 10.0 0
1726835431976 20.0 0
1726835432104 30.0 0
1726835432232 40.0 0
1726835432360 50.0 0
1726835432488 60.0 0
1726835432616 70.0 0
1726835432744 80.0 0
1726835432872 90.0 0
1726835433000 100.0 8
1726835433128 110.0 8
