1726868062278 29.372593 0
1726868062413 0.17678 0
1726868062547 0.850587 0
1726868062681 6.257671 0
1726868062815 3.492975 0
1726868062949 1.232384 0
1726868063082 2.22321 0
1726868063216 1.288287 0
1726868063351 2.102433 0
1726868063486 2.878655 0
1726868063620 2.134773 1
1726868063754 1.374714 1
1726868063889 1.43671 1
1726868064024 2.078918 1
1726868064990 3.328259 0
1726868065125 0.181762 0
1726868065259 0.230062 0
1726868065397 8.606267 0
1726868065531 1.831833 0
1726868065665 3.551836 0
1726868065799 0.967251 0
1726868065934 1.737452 0
1726868066068 22.736677 0
1726868066203 1.018624 0
1726868066336 4.4354 2
1726868066471 0.811664 2
1726868066606 2.216179 2
1726868066740 6.156797 2
1726868067716 0.446986 0
1726868067851 0.880119 0
1726868067985 0.80533 0
1726868068119 4.651682 0
1726868068253 5.176339 0
1726868068387 6.369134 0
1726868068521 6.450631 0
1726868068655 0.770809 0
1726868068790 0.929088 0
1726868068925 10.783608 0
1726868069060 1.981939 3
1726868069195 1.78131 3
1726868069328 1.947085 3
1726868069464 0.339457 3
1726868070434 3.111627 0
1726868070568 0.187417 0
1726868070703 0.546207 0
1726868070837 1.909352 0
1726868070972 2.97169 0
1726868071106 4.28995 0
1726868071241 0.626995 0
1726868071375 4.395638 0
1726868071512 1.077699 0
1726868071645 0.845366 0
1726868071780 0.994577 4
1726868071927 0.446862 4
1726868072062 3.158751 4
1726868072196 0.467865 4
1726868073171 0.381059 0
1726868073306 0.155461 0
1726868073440 0.341321 0
1726868073577 3.747389 0
1726868073711 2.663034 0
1726868073846 3.077662 0
1726868073981 3.741602 0
1726868074118 1.768103 0
1726868074254 3.707966 0
1726868074388 1.897502 0
1726868074523 7.882027 5
1726868074658 2.821265 5
1726868074790 3.801301 5
1726868074925 5.620094 5
1726868075902 0.304268 0
1726868076037 0.174823 0
1726868076171 0.196187 0
1726868076305 5.73942 0
1726868076446 4.756002 0
1726868076581 3.021078 0
1726868076715 0.920217 0
1726868076849 1.340384 0
1726868076984 1.944246 0
1726868077118 0.780106 0
1726868077252 1.039399 6
1726868077387 2.42586 6
1726868077520 3.179323 6
1726868077657 0.406688 6
1726868078626 0.274381 0
1726868078760 0.146784 0
1726868078894 0.152432 0
1726868079029 3.946684 0
1726868079163 2.36971 0
1726868079297 3.618418 0
1726868079431 1.0206 0
1726868079565 0.975082 0
1726868079701 1.032881 0
1726868079835 0.951149 0
1726868079969 2.760264 7
1726868080103 1.053132 7
1726868080238 3.163083 7
1726868080373 0.572351 7
