1726874198808 0.408187 0
1726874198943 0.234702 0
1726874199077 0.164623 0
1726874199212 0.213043 0
1726874199347 0.119063 0
1726874199482 0.148848 0
1726874199618 0.173446 0
1726874199753 0.257863 0
1726874199888 1.154662 0
1726874200024 0.309832 0
1726874200160 0.362829 1
1726874200297 0.551128 1
1726874200432 1.503451 1
1726874200567 0.375255 1
1726874200703 1.789797 1
1726874201852 0.350813 0
1726874201989 0.180752 0
1726874202124 0.120293 0
1726874202262 0.093077 0
1726874202398 0.069954 0
1726874202535 0.090947 0
1726874202670 0.173433 0
1726874202805 0.237742 0
1726874202946 0.547899 0
1726874203081 0.319733 0
1726874203216 0.265161 2
1726874203350 0.461566 2
1726874203485 0.798818 2
1726874203620 0.301519 2
1726874203756 1.099474 2
1726874204855 0.262027 0
1726874204991 0.149616 0
1726874205126 0.112341 0
1726874205260 0.101575 0
1726874205395 0.055202 0
1726874205529 0.079861 0
1726874205663 0.15218 0
1726874205797 0.225833 0
1726874205931 0.469512 0
1726874206065 0.259906 0
1726874206200 0.221156 3
1726874206337 0.466491 3
1726874206472 0.623401 3
1726874206606 0.30603 3
1726874206743 0.981198 3
1726874207810 0.248249 0
1726874207944 0.129322 0
1726874208079 0.107925 0
1726874208212 0.096245 0
1726874208349 0.044679 0
1726874208484 0.070298 0
1726874208618 0.144332 0
1726874208753 0.201609 0
1726874208892 0.420835 0
1726874209028 0.259373 0
1726874209162 0.208901 4
1726874209297 0.473571 4
1726874209433 0.559744 4
1726874209571 0.309704 4
1726874209706 0.871486 4
1726874210775 0.229366 0
1726874210909 0.119002 0
1726874211043 0.105973 0
1726874211178 0.096974 0
1726874211313 0.045302 0
1726874211447 0.069396 0
1726874211581 0.142947 0
1726874211716 0.195623 0
1726874211852 0.412405 0
1726874211987 0.248032 0
1726874212122 0.21152 5
1726874212256 0.45824 5
1726874212393 0.530789 5
1726874212529 0.315641 5
1726874212664 0.825579 5
1726874213725 0.232554 0
1726874213862 0.117894 0
1726874213996 0.105756 0
1726874214130 0.094123 0
1726874214264 0.047936 0
1726874214398 0.069352 0
1726874214538 0.142403 0
1726874214675 0.196437 0
1726874214809 0.397359 0
1726874214945 0.24813 0
1726874215081 0.198739 6
1726874215215 0.468925 6
1726874215350 0.524026 6
1726874215485 0.311165 6
1726874215620 0.799377 6
1726874216688 0.227051 0
1726874216824 0.119348 0
1726874216959 0.10228 0
1726874217093 0.094271 0
1726874217228 0.04805 0
1726874217363 0.068285 0
1726874217497 0.144544 0
1726874217632 0.196557 0
1726874217767 0.391755 0
1726874217902 0.251287 0
1726874218036 0.198696 7
1726874218170 0.461029 7
1726874218305 0.491546 7
1726874218439 0.318709 7
1726874218578 0.807191 7
1726874219647 0.226889 0
1726874219784 0.120179 0
1726874219919 0.105809 0
1726874220053 0.09486 0
1726874220187 0.046222 0
1726874220321 0.071192 0
1726874220455 0.143082 0
1726874220591 0.190109 0
1726874220726 0.401896 0
1726874220863 0.24854 0
1726874220999 0.197096 8
1726874221134 0.450368 8
1726874221269 0.498096 8
1726874221404 0.3171 8
1726874221539 0.789411 8
1726874222602 0.229442 0
1726874222740 0.115992 0
1726874222877 0.102771 0
1726874223013 0.095407 0
1726874223148 0.047471 0
1726874223283 0.068901 0
1726874223418 0.141577 0
1726874223552 0.187325 0
1726874223687 0.394445 0
1726874223823 0.241089 0
1726874223957 0.202634 9
1726874224092 0.467216 9
1726874224228 0.49237 9
1726874224362 0.316959 9
1726874224499 0.780022 9
1726874225572 0.225889 0
1726874225708 0.115696 0
1726874225842 0.102806 0
1726874225977 0.091327 0
1726874226111 0.048416 0
1726874226245 0.067308 0
1726874226382 0.141985 0
1726874226516 0.192045 0
1726874226651 0.387794 0
1726874226787 0.237022 0
1726874226926 0.193803 10
1726874227060 0.453247 10
1726874227195 0.480906 10
1726874227330 0.313815 10
1726874227464 0.771566 10
