1726808889009 0.37456 0
1726808889112 0.32844 0
1726808889214 0.372565 0
1726808889315 0.310574 0
1726808889414 0.702592 0
1726808889515 0.500722 0
1726808889614 0.631555 0
1726808889721 0.666685 0
1726808889823 1.492726 0
1726808889925 0.631938 0
1726808890025 0.388587 1
1726808890124 0.302918 1
1726808890223 0.515149 1
1726808890324 0.230699 1
1726808890427 0.682843 1
1726808890538 0.331621 1
1726808890641 0.301174 1
1726808890744 2.658846 1
1726808890850 0.355801 1
1726808890952 0.200456 1
1726808891054 0.215445 2
1726808891154 0.285385 2
1726808891254 0.411052 2
1726808892463 0.304007 0
1726808892567 0.198228 0
1726808892673 0.106386 0
1726808892777 0.145678 0
1726808892878 0.21393 0
1726808892980 0.312645 0
1726808893083 0.410967 0
1726808893182 0.331221 0
1726808893281 0.890993 0
1726808893381 0.462066 0
1726808893479 0.268847 2
1726808893584 0.243864 2
1726808893686 0.577291 2
1726808893787 0.233381 2
1726808893888 0.389286 2
1726808893987 0.304348 2
1726808894087 0.323089 2
1726808894187 1.343237 2
1726808894286 0.335083 2
1726808894385 0.169554 2
1726808894483 0.177996 4
1726808894582 0.267569 4
1726808894694 0.26991 4
1726808895875 0.197245 0
1726808895987 0.179457 0
1726808896087 0.101765 0
1726808896186 0.116922 0
1726808896288 0.189016 0
1726808896391 0.294736 0
1726808896494 0.420561 0
1726808896596 0.305375 0
1726808896706 0.843833 0
1726808896807 0.320195 0
1726808896909 0.286594 3
1726808897009 0.178227 3
1726808897111 0.528962 3
1726808897213 0.207134 3
1726808897315 0.424756 3
1726808897421 0.209648 3
1726808897524 0.295969 3
1726808897627 1.098724 3
1726808897727 0.294518 3
1726808897827 0.189397 3
1726808897927 0.158824 6
1726808898028 0.27102 6
1726808898129 0.249602 6
1726808899376 0.172939 0
1726808899479 0.145253 0
1726808899579 0.104048 0
1726808899685 0.125611 0
1726808899784 0.188241 0
1726808899885 0.309374 0
1726808899988 0.455671 0
1726808900088 0.282961 0
1726808900189 0.775976 0
1726808900293 0.298475 0
1726808900392 0.300431 4
1726808900495 0.157601 4
1726808900600 0.517747 4
1726808900711 0.189621 4
1726808900824 0.463259 4
1726808900925 0.180617 4
1726808901026 0.277499 4
1726808901139 0.934106 4
1726808901240 0.282318 4
1726808901341 0.183881 4
1726808901442 0.153774 8
1726808901542 0.238681 8
1726808901643 0.223406 8
1726808902848 0.154462 0
1726808902952 0.149191 0
1726808903051 0.111548 0
1726808903152 0.126506 0
1726808903256 0.200752 0
1726808903360 0.291653 0
1726808903465 0.445069 0
1726808903567 0.274169 0
1726808903668 0.736848 0
1726808903768 0.257486 0
1726808903868 0.287101 5
1726808903969 0.161236 5
1726808904069 0.500199 5
1726808904171 0.181665 5
1726808904275 0.457912 5
1726808904381 0.202189 5
1726808904483 0.321185 5
1726808904584 0.939711 5
1726808904690 0.285871 5
1726808904791 0.184528 5
1726808904901 0.122415 10
1726808905002 0.22022 10
1726808905105 0.212661 10
1726808906308 0.154757 0
1726808906411 0.15107 0
1726808906512 0.110802 0
1726808906612 0.133338 0
1726808906712 0.204512 0
1726808906813 0.282622 0
1726808906922 0.424843 0
1726808907026 0.274283 0
1726808907126 0.74118 0
1726808907226 0.257422 0
1726808907329 0.302123 6
1726808907431 0.156115 6
1726808907532 0.49833 6
1726808907633 0.17744 6
1726808907735 0.442154 6
1726808907837 0.188902 6
1726808907937 0.296607 6
1726808908037 0.908836 6
1726808908138 0.280275 6
1726808908238 0.165321 6
1726808908338 0.130729 12
1726808908439 0.218887 12
1726808908538 0.204057 12
1726808909812 0.146667 0
1726808909918 0.145845 0
1726808910017 0.112623 0
1726808910116 0.136016 0
1726808910216 0.212503 0
1726808910317 0.293047 0
1726808910420 0.43327 0
1726808910522 0.280683 0
1726808910622 0.68815 0
1726808910723 0.262212 0
1726808910823 0.295739 7
1726808910923 0.14954 7
1726808911031 0.497476 7
1726808911132 0.173212 7
1726808911238 0.435809 7
1726808911340 0.176547 7
1726808911444 0.290356 7
1726808911546 0.859736 7
1726808911648 0.275452 7
1726808911748 0.166795 7
1726808911847 0.118788 14
1726808911947 0.214932 14
1726808912047 0.203648 14
