1726904507101 0.460859 0
1726904507245 0.469627 0
1726904507385 0.408777 0
1726904507525 0.352728 0
1726904507666 0.389789 0
1726904507806 0.414089 0
1726904507947 0.349816 0
1726904508086 0.316129 0
1726904508227 0.455343 0
1726904508367 1.308963 0
1726904508510 0.380474 1
1726904508652 0.404662 1
1726904508793 0.788858 1
1726904508933 0.224784 1
1726904509073 0.278256 1
1726904509214 1.1474 1
1726904509354 0.396237 1
1726904509495 0.207873 1
1726904509636 0.562344 1
1726904509779 0.206598 1
1726904509920 0.238477 2
1726904510060 0.558848 2
1726904510201 0.512878 2
1726904510341 1.628908 2
1726904512108 0.34473 0
1726904512257 0.2802 0
1726904512397 0.207076 0
1726904512537 0.258788 0
1726904512681 0.254357 0
1726904512822 0.098683 0
1726904512962 0.118811 0
1726904513102 0.214754 0
1726904513241 0.188918 0
1726904513381 0.791169 0
1726904513522 0.295283 2
1726904513663 0.170584 2
1726904513804 0.341084 2
1726904513947 0.210527 2
1726904514087 0.274643 2
1726904514227 0.367521 2
1726904514367 0.204165 2
1726904514507 0.138554 2
1726904514649 0.325284 2
1726904514793 0.219567 2
1726904514933 0.192538 4
1726904515074 0.38377 4
1726904515215 0.400727 4
1726904515355 0.729845 4
1726904517010 0.167675 0
1726904517151 0.152817 0
1726904517294 0.166447 0
1726904517434 0.234879 0
1726904517575 0.239929 0
1726904517715 0.070851 0
1726904517855 0.101027 0
1726904517995 0.230145 0
1726904518136 0.079724 0
1726904518276 0.608519 0
1726904518417 0.229422 3
1726904518558 0.177512 3
1726904518700 0.245764 3
1726904518845 0.152465 3
1726904518989 0.279184 3
1726904519132 0.313829 3
1726904519272 0.284263 3
1726904519412 0.166487 3
1726904519553 0.289308 3
1726904519693 0.24784 3
1726904519836 0.243503 6
1726904519977 0.36023 6
1726904520118 0.372396 6
1726904520258 0.525239 6
1726904521935 0.200471 0
1726904522078 0.153038 0
1726904522220 0.167074 0
1726904522360 0.251426 0
1726904522500 0.222453 0
1726904522641 0.070636 0
1726904522781 0.104671 0
1726904522925 0.243465 0
1726904523065 0.063332 0
1726904523207 0.556469 0
1726904523348 0.196172 4
1726904523488 0.143468 4
1726904523628 0.239651 4
1726904523769 0.114617 4
1726904523910 0.237412 4
1726904524051 0.284904 4
1726904524192 0.252448 4
1726904524336 0.153644 4
1726904524476 0.281381 4
1726904524616 0.225861 4
1726904524759 0.239554 8
1726904524903 0.360718 8
1726904525043 0.374467 8
1726904525184 0.446216 8
1726904526828 0.141693 0
1726904526973 0.131143 0
1726904527114 0.152351 0
1726904527255 0.222349 0
1726904527395 0.21757 0
1726904527536 0.069925 0
1726904527676 0.103852 0
1726904527816 0.245277 0
1726904527956 0.06698 0
1726904528098 0.507754 0
1726904528239 0.205451 5
1726904528380 0.159461 5
1726904528522 0.236983 5
1726904528662 0.108111 5
1726904528802 0.23129 5
1726904528943 0.271436 5
1726904529088 0.224865 5
1726904529229 0.143693 5
1726904529371 0.267024 5
1726904529513 0.21954 5
1726904529654 0.235022 10
1726904529794 0.362156 10
1726904529935 0.378643 10
1726904530076 0.415428 10
1726904531727 0.136161 0
1726904531870 0.131796 0
1726904532010 0.146498 0
1726904532156 0.207867 0
1726904532297 0.223054 0
1726904532438 0.064855 0
1726904532579 0.10178 0
1726904532721 0.249407 0
1726904532861 0.057253 0
1726904533003 0.48941 0
1726904533148 0.201523 6
1726904533292 0.171587 6
1726904533433 0.235484 6
1726904533582 0.106368 6
1726904533723 0.23166 6
1726904533863 0.281291 6
1726904534004 0.228231 6
1726904534145 0.14631 6
1726904534285 0.259177 6
1726904534425 0.219623 6
1726904534566 0.229094 12
1726904534707 0.363356 12
1726904534849 0.374237 12
1726904534989 0.393839 12
1726904536636 0.136264 0
1726904536777 0.128976 0
1726904536918 0.147782 0
1726904537058 0.193516 0
1726904537204 0.222051 0
1726904537344 0.06683 0
1726904537484 0.100801 0
1726904537623 0.256882 0
1726904537762 0.056742 0
1726904537904 0.48521 0
1726904538044 0.201801 7
1726904538186 0.165024 7
1726904538327 0.232894 7
1726904538469 0.102702 7
1726904538609 0.225749 7
1726904538750 0.279637 7
1726904538891 0.220758 7
1726904539032 0.150392 7
1726904539172 0.261814 7
1726904539317 0.218844 7
1726904539457 0.227056 14
1726904539599 0.351716 14
1726904539741 0.374191 14
1726904539884 0.388044 14
1726904541531 0.131483 0
1726904541675 0.133632 0
1726904541816 0.142701 0
1726904541956 0.187435 0
1726904542096 0.217446 0
1726904542236 0.06912 0
1726904542377 0.096756 0
1726904542518 0.260122 0
1726904542658 0.055381 0
1726904542798 0.468975 0
1726904542939 0.201527 8
1726904543080 0.16926 8
1726904543221 0.222186 8
1726904543366 0.103113 8
1726904543506 0.228001 8
1726904543646 0.271897 8
1726904543787 0.211116 8
1726904543927 0.145299 8
1726904544069 0.25335 8
1726904544210 0.226413 8
1726904544349 0.21812 16
1726904544489 0.345273 16
1726904544630 0.375181 16
1726904544770 0.386363 16
1726904546677 0.131819 0
1726904546816 0.130337 0
1726904546957 0.145983 0
1726904547097 0.180094 0
1726904547240 0.21524 0
1726904547382 0.067975 0
1726904547527 0.098231 0
1726904547668 0.263946 0
1726904547811 0.04945 0
1726904547953 0.467652 0
1726904548094 0.200915 9
1726904548234 0.164918 9
1726904548375 0.231872 9
1726904548515 0.09498 9
1726904548655 0.229164 9
1726904548796 0.27637 9
1726904548937 0.209441 9
1726904549077 0.146943 9
1726904549218 0.245108 9
1726904549358 0.226417 9
1726904549502 0.219751 18
1726904549643 0.347565 18
1726904549786 0.37726 18
1726904549928 0.379923 18
1726904551585 0.129053 0
1726904551726 0.128564 0
1726904551866 0.141763 0
1726904552008 0.17108 0
1726904552150 0.214693 0
1726904552291 0.067123 0
1726904552433 0.101312 0
1726904552574 0.254974 0
1726904552715 0.04828 0
1726904552856 0.465447 0
1726904552997 0.197702 10
1726904553138 0.170631 10
1726904553279 0.226077 10
1726904553420 0.098989 10
1726904553563 0.228414 10
1726904553705 0.273165 10
1726904553845 0.200396 10
1726904553987 0.145113 10
1726904554128 0.239286 10
1726904554270 0.228218 10
1726904554411 0.227314 20
1726904554552 0.333706 20
1726904554694 0.365667 20
1726904554838 0.386268 20
