1726774354934 16.292479 0
1726774355032 12.770005 0
1726774355123 2.818883 0
1726774355214 1.133416 0
1726774355305 1.327516 0
1726774355398 0.514136 0
1726774355496 1.143588 0
1726774355587 2.776052 0
1726774355679 0.492902 0
1726774355772 0.793873 0
1726774355863 1.052628 1
1726774355954 0.695036 1
1726774356046 0.582636 1
1726774356138 1.828759 1
1726774356229 11.643607 1
1726774356320 4.938827 1
1726774356411 4.561028 1
1726774356502 1.541606 1
1726774356594 1.295663 1
1726774356685 1.351499 1
1726774356781 1.128272 2
1726774356876 32717.458984 2
1726774356968 4.177557 2
1726774357063 2.239356 2
1726774357159 0.698735 2
1726774357252 0.806491 2
1726774357347 0.967661 2
1726774357443 7.533213 2
1726774357538 1.313377 2
1726774359033 1.927471 0
1726774359136 1.407792 0
1726774359228 0.421901 0
1726774359323 0.755243 0
1726774359417 3.601413 0
1726774359513 0.411951 0
1726774359605 0.289193 0
1726774359698 3.623171 0
1726774359793 0.303004 0
1726774359886 1.938303 0
1726774359979 0.993863 2
1726774360072 0.723448 2
1726774360164 0.902846 2
1726774360258 5.223287 2
1726774360350 4.402101 2
1726774360449 2.748979 2
1726774360543 3.027037 2
1726774360634 1.071925 2
1726774360726 0.828976 2
1726774360818 1.757505 2
1726774360919 2.676596 4
1726774361011 1.842741 4
1726774361104 1.460667 4
1726774361195 0.800099 4
1726774361285 0.59017 4
1726774361376 1.03969 4
1726774361467 0.739686 4
1726774361558 14.255589 4
1726774361648 0.846889 4
1726774363127 12.937153 0
1726774363231 1.661207 0
1726774363323 0.654676 0
1726774363416 0.761976 0
1726774363507 1.762424 0
1726774363604 0.598529 0
1726774363698 0.538577 0
1726774363791 3.733336 0
1726774363882 0.226126 0
1726774363975 0.725983 0
1726774364069 0.462946 3
1726774364163 0.380178 3
1726774364255 0.522766 3
1726774364348 8.492611 3
1726774364442 4.193027 3
1726774364533 6.705447 3
1726774364626 4.466702 3
1726774364718 1.003498 3
1726774364813 1.348504 3
1726774364906 2.139236 3
1726774365007 1.671728 6
1726774365106 6.064761 6
1726774365200 3.995358 6
1726774365293 1.069145 6
1726774365385 0.627343 6
1726774365485 1.138517 6
1726774365579 0.727183 6
1726774365678 4.082472 6
1726774365772 0.847927 6
1726774367288 4.974574 0
1726774367392 1.64832 0
1726774367484 0.652352 0
1726774367575 1.320446 0
1726774367666 6.04429 0
1726774367764 0.509234 0
1726774367855 0.507891 0
1726774367947 50.7397 0
1726774368038 0.557375 0
1726774368131 1.477707 0
1726774368223 0.896481 4
1726774368315 0.600349 4
1726774368407 1.005927 4
1726774368497 17.653933 4
1726774368589 2.46533 4
1726774368681 4.536436 4
1726774368772 1.919865 4
1726774368863 0.978418 4
1726774368954 0.792131 4
1726774369051 1.237388 4
1726774369150 5.099077 8
1726774369244 6.277053 8
1726774369338 2.621837 8
1726774369431 1.16314 8
1726774369523 0.830756 8
1726774369615 2.209497 8
1726774369707 0.880488 8
1726774369803 4.331408 8
1726774369896 1.590703 8
1726774371510 3.269428 0
1726774371614 1.38382 0
1726774371707 0.405351 0
1726774371798 0.566677 0
1726774371888 1.205802 0
1726774371980 0.353562 0
1726774372076 0.367455 0
1726774372170 2.796652 0
1726774372266 0.252948 0
1726774372360 8.377935 0
1726774372453 0.424183 5
1726774372545 0.407715 5
1726774372637 0.841563 5
1726774372732 3.24658 5
1726774372824 6.25313 5
1726774372918 2.467911 5
1726774373012 2.455992 5
1726774373109 0.750276 5
1726774373214 0.732493 5
1726774373309 1.214606 5
1726774373401 2.401081 10
1726774373494 5.640553 10
1726774373587 2.352818 10
1726774373679 1.653918 10
1726774373771 1.027483 10
1726774373863 0.817829 10
1726774373955 10.104321 10
1726774374046 4.720587 10
1726774374138 13.853414 10
1726774375714 2.224001 0
1726774375819 0.972116 0
1726774375911 1.065817 0
1726774376005 1.821922 0
1726774376100 1.747786 0
1726774376193 27.552477 0
1726774376285 0.494132 0
1726774376378 4.623294 0
1726774376466 0.25571 0
1726774376558 1.012377 0
1726774376649 0.528484 6
1726774376741 0.393175 6
1726774376833 0.557821 6
1726774376926 4.214315 6
1726774377019 5.392519 6
1726774377112 4.366944 6
1726774377205 36.61375 6
1726774377305 0.666818 6
1726774377400 0.697137 6
1726774377493 0.865183 6
1726774377590 2.520694 12
1726774377683 3.787733 12
1726774377776 1.661118 12
1726774377869 1.308956 12
1726774377963 1.020453 12
1726774378059 0.683515 12
1726774378152 0.634812 12
1726774378247 5.526615 12
1726774378339 1.241699 12
1726774379860 4.88964 0
1726774379965 1.506414 0
1726774380059 0.649755 0
1726774380150 1.342061 0
1726774380241 1.251302 0
1726774380333 0.376797 0
1726774380425 0.340087 0
1726774380522 16.631092 0
1726774380619 0.652429 0
1726774380713 1.332042 0
1726774380807 0.518028 7
1726774380899 0.439054 7
1726774380993 1.51358 7
1726774381085 3.634454 7
1726774381178 4.006801 7
1726774381270 5.317373 7
1726774381370 6.029612 7
1726774381463 0.715077 7
1726774381558 0.665938 7
1726774381653 0.909749 7
1726774381754 3.691565 14
1726774381850 8.987713 14
1726774381942 2.08804 14
1726774382037 1.522689 14
1726774382130 1.20781 14
1726774382221 0.767316 14
1726774382312 0.773027 14
1726774382405 4.248172 14
1726774382497 1.180731 14
1726774384006 3.108 0
1726774384110 0.989177 0
1726774384204 0.462134 0
1726774384296 0.76814 0
1726774384388 1.338355 0
1726774384479 0.464683 0
1726774384571 0.283784 0
1726774384663 2.068881 0
1726774384754 0.245685 0
1726774384846 0.979963 0
1726774384937 0.48171 8
1726774385029 0.352827 8
1726774385124 1.014402 8
1726774385218 3.082394 8
1726774385311 14.339139 8
1726774385403 4.213456 8
1726774385508 3.20194 8
1726774385601 1.186206 8
1726774385693 0.68192 8
1726774385784 0.916333 8
1726774385876 2.173072 16
1726774385971 9.336114 16
1726774386064 1.899687 16
1726774386156 0.934697 16
1726774386247 0.915883 16
1726774386340 1.393162 16
1726774386432 0.571529 16
1726774386524 4.533611 16
1726774386618 0.974365 16
1726774388166 3.23953 0
1726774388271 1.889801 0
1726774388368 0.706954 0
1726774388464 1.301758 0
1726774388560 5.599659 0
1726774388654 0.886353 0
1726774388747 0.389856 0
1726774388841 2.336665 0
1726774388934 0.289997 0
1726774389027 0.998498 0
1726774389120 0.479092 9
1726774389213 0.328929 9
1726774389308 0.789931 9
1726774389400 6.494313 9
1726774389492 12.223673 9
1726774389599 2.842852 9
1726774389693 1.904735 9
1726774389788 1.498838 9
1726774389882 0.711027 9
1726774389975 0.990816 9
1726774390071 3.21558 18
1726774390164 1.739483 18
1726774390260 1.739494 18
1726774390354 1.121325 18
1726774390449 0.796569 18
1726774390548 0.729399 18
1726774390642 0.684218 18
1726774390735 8.950522 18
1726774390832 1.048993 18
1726774392369 9.895155 0
1726774392475 2.404025 0
1726774392568 0.385245 0
1726774392662 12.847603 0
1726774392754 1.835161 0
1726774392845 1.297255 0
1726774393055 0.311416 0
1726774393154 17.654566 0
1726774393254 0.391684 0
1726774393346 1.819733 0
1726774393439 0.613356 10
1726774393531 0.375098 10
1726774393626 1.032762 10
1726774393722 2.931616 10
1726774393814 3.41269 10
1726774393906 3.23813 10
1726774393998 9.607408 10
1726774394090 14.378633 10
1726774394182 0.684057 10
1726774394272 1.298978 10
1726774394363 2.263069 20
1726774394455 5.200205 20
1726774394545 1.085138 20
1726774394636 2.872505 20
1726774394729 3.24513 20
1726774394821 1.213241 20
1726774394913 0.654771 20
1726774395007 5.240184 20
1726774395101 3.045346 20
