1726774354927 0.0 0
1726774355024 10.0 0
1726774355116 20.0 0
1726774355207 30.0 0
1726774355298 40.0 0
1726774355390 50.0 0
1726774355489 60.0 0
1726774355580 70.0 0
1726774355672 80.0 0
1726774355764 90.0 0
1726774355856 100.0 1
1726774355947 110.0 1
1726774356038 120.0 1
1726774356130 130.0 1
1726774356222 140.0 1
1726774356312 150.0 1
1726774356404 160.0 1
1726774356495 170.0 1
1726774356586 180.0 1
1726774356677 190.0 1
1726774356774 200.0 2
1726774356868 210.0 2
1726774356960 220.0 2
1726774357055 230.0 2
1726774357152 240.0 2
1726774357245 250.0 2
1726774357339 260.0 2
1726774357435 270.0 2
1726774357531 280.0 2
1726774359026 0.0 0
1726774359129 10.0 0
1726774359221 20.0 0
1726774359316 30.0 0
1726774359409 40.0 0
1726774359505 50.0 0
1726774359598 60.0 0
1726774359690 70.0 0
1726774359785 80.0 0
1726774359879 90.0 0
1726774359971 100.0 2
1726774360065 110.0 2
1726774360157 120.0 2
1726774360251 130.0 2
1726774360343 140.0 2
1726774360442 150.0 2
1726774360535 160.0 2
1726774360626 170.0 2
1726774360719 180.0 2
1726774360811 190.0 2
1726774360912 200.0 4
1726774361003 210.0 4
1726774361096 220.0 4
1726774361188 230.0 4
1726774361278 240.0 4
1726774361368 250.0 4
1726774361460 260.0 4
1726774361551 270.0 4
1726774361641 280.0 4
1726774363120 0.0 0
1726774363224 10.0 0
1726774363316 20.0 0
1726774363409 30.0 0
1726774363500 40.0 0
1726774363597 50.0 0
1726774363691 60.0 0
1726774363783 70.0 0
1726774363875 80.0 0
1726774363968 90.0 0
1726774364062 100.0 3
1726774364156 110.0 3
1726774364248 120.0 3
1726774364341 130.0 3
1726774364435 140.0 3
1726774364526 150.0 3
1726774364619 160.0 3
1726774364711 170.0 3
1726774364806 180.0 3
1726774364899 190.0 3
1726774364999 200.0 6
1726774365099 210.0 6
1726774365193 220.0 6
1726774365286 230.0 6
1726774365378 240.0 6
1726774365478 250.0 6
1726774365572 260.0 6
1726774365671 270.0 6
1726774365765 280.0 6
1726774367282 0.0 0
1726774367385 10.0 0
1726774367477 20.0 0
1726774367569 30.0 0
1726774367659 40.0 0
1726774367757 50.0 0
1726774367848 60.0 0
1726774367940 70.0 0
1726774368031 80.0 0
1726774368124 90.0 0
1726774368215 100.0 4
1726774368308 110.0 4
1726774368400 120.0 4
1726774368490 130.0 4
1726774368582 140.0 4
1726774368674 150.0 4
1726774368765 160.0 4
1726774368856 170.0 4
1726774368947 180.0 4
1726774369043 190.0 4
1726774369143 200.0 8
1726774369237 210.0 8
1726774369331 220.0 8
1726774369424 230.0 8
1726774369516 240.0 8
1726774369608 250.0 8
1726774369700 260.0 8
1726774369796 270.0 8
1726774369889 280.0 8
1726774371504 0.0 0
1726774371607 10.0 0
1726774371700 20.0 0
1726774371791 30.0 0
1726774371882 40.0 0
1726774371973 50.0 0
1726774372069 60.0 0
1726774372163 70.0 0
1726774372259 80.0 0
1726774372353 90.0 0
1726774372446 100.0 5
1726774372538 110.0 5
1726774372630 120.0 5
1726774372725 130.0 5
1726774372816 140.0 5
1726774372910 150.0 5
1726774373004 160.0 5
1726774373102 170.0 5
1726774373207 180.0 5
1726774373302 190.0 5
1726774373394 200.0 10
1726774373487 210.0 10
1726774373580 220.0 10
1726774373672 230.0 10
1726774373764 240.0 10
1726774373856 250.0 10
1726774373948 260.0 10
1726774374039 270.0 10
1726774374131 280.0 10
1726774375707 0.0 0
1726774375812 10.0 0
1726774375905 20.0 0
1726774375998 30.0 0
1726774376092 40.0 0
1726774376186 50.0 0
1726774376278 60.0 0
1726774376371 70.0 0
1726774376459 80.0 0
1726774376551 90.0 0
1726774376643 100.0 6
1726774376734 110.0 6
1726774376826 120.0 6
1726774376918 130.0 6
1726774377012 140.0 6
1726774377105 150.0 6
1726774377198 160.0 6
1726774377298 170.0 6
1726774377393 180.0 6
1726774377487 190.0 6
1726774377583 200.0 12
1726774377676 210.0 12
1726774377769 220.0 12
1726774377862 230.0 12
1726774377956 240.0 12
1726774378052 250.0 12
1726774378144 260.0 12
1726774378240 270.0 12
1726774378332 280.0 12
1726774379854 0.0 0
1726774379958 10.0 0
1726774380051 20.0 0
1726774380143 30.0 0
1726774380234 40.0 0
1726774380326 50.0 0
1726774380418 60.0 0
1726774380515 70.0 0
1726774380611 80.0 0
1726774380706 90.0 0
1726774380799 100.0 7
1726774380892 110.0 7
1726774380986 120.0 7
1726774381078 130.0 7
1726774381171 140.0 7
1726774381263 150.0 7
1726774381363 160.0 7
1726774381456 170.0 7
1726774381551 180.0 7
1726774381646 190.0 7
1726774381747 200.0 14
1726774381843 210.0 14
1726774381935 220.0 14
1726774382030 230.0 14
1726774382123 240.0 14
1726774382214 250.0 14
1726774382305 260.0 14
1726774382398 270.0 14
1726774382490 280.0 14
1726774383999 0.0 0
1726774384103 10.0 0
1726774384197 20.0 0
1726774384289 30.0 0
1726774384381 40.0 0
1726774384472 50.0 0
1726774384564 60.0 0
1726774384656 70.0 0
1726774384747 80.0 0
1726774384839 90.0 0
1726774384930 100.0 8
1726774385022 110.0 8
1726774385117 120.0 8
1726774385211 130.0 8
1726774385304 140.0 8
1726774385397 150.0 8
1726774385501 160.0 8
1726774385594 170.0 8
1726774385686 180.0 8
1726774385777 190.0 8
1726774385869 200.0 16
1726774385964 210.0 16
1726774386057 220.0 16
1726774386149 230.0 16
1726774386240 240.0 16
1726774386334 250.0 16
1726774386425 260.0 16
1726774386517 270.0 16
1726774386611 280.0 16
1726774388159 0.0 0
1726774388264 10.0 0
1726774388361 20.0 0
1726774388457 30.0 0
1726774388553 40.0 0
1726774388647 50.0 0
1726774388740 60.0 0
1726774388834 70.0 0
1726774388927 80.0 0
1726774389020 90.0 0
1726774389114 100.0 9
1726774389206 110.0 9
1726774389300 120.0 9
1726774389393 130.0 9
1726774389485 140.0 9
1726774389592 150.0 9
1726774389686 160.0 9
1726774389781 170.0 9
1726774389875 180.0 9
1726774389968 190.0 9
1726774390064 200.0 18
1726774390157 210.0 18
1726774390253 220.0 18
1726774390348 230.0 18
1726774390442 240.0 18
1726774390541 250.0 18
1726774390635 260.0 18
1726774390728 270.0 18
1726774390825 280.0 18
1726774392362 0.0 0
1726774392468 10.0 0
1726774392561 20.0 0
1726774392655 30.0 0
1726774392747 40.0 0
1726774392838 50.0 0
1726774393046 60.0 0
1726774393146 70.0 0
1726774393247 80.0 0
1726774393339 90.0 0
1726774393432 100.0 10
1726774393523 110.0 10
1726774393618 120.0 10
1726774393715 130.0 10
1726774393807 140.0 10
1726774393899 150.0 10
1726774393991 160.0 10
1726774394083 170.0 10
1726774394175 180.0 10
1726774394265 190.0 10
1726774394356 200.0 20
1726774394448 210.0 20
1726774394538 220.0 20
1726774394630 230.0 20
1726774394722 240.0 20
1726774394814 250.0 20
1726774394906 260.0 20
1726774395000 270.0 20
1726774395094 280.0 20
