1726818790532 1.020555 0
1726818790655 0.299651 0
1726818790781 0.519462 0
1726818790906 0.422053 0
1726818791033 0.292836 0
1726818791163 0.261086 0
1726818791294 0.296992 0
1726818791430 0.177355 0
1726818791564 0.337981 0
1726818791694 0.699765 0
1726818791821 0.205909 1
1726818791950 0.722819 1
1726818792078 0.900694 1
1726818792205 0.436197 1
1726818792333 1.172314 1
1726818792465 0.592444 1
1726818792595 0.320578 1
1726818792722 0.305339 1
1726818794745 0.396451 0
1726818794873 0.16804 0
1726818794991 0.461194 0
1726818795108 0.412807 0
1726818795230 0.331731 0
1726818795349 0.340273 0
1726818795477 0.319398 0
1726818795607 0.169308 0
1726818795728 0.301271 0
1726818795845 0.316994 0
1726818795961 0.189232 2
1726818796083 0.769762 2
1726818796212 0.869094 2
1726818796339 0.582985 2
1726818796467 1.173326 2
1726818796602 0.612746 2
1726818796732 0.474581 2
1726818796857 0.335346 2
1726818798930 0.434439 0
1726818799060 0.236336 0
1726818799190 0.455751 0
1726818799319 0.485449 0
1726818799445 0.213154 0
1726818799574 0.370443 0
1726818799707 0.288284 0
1726818799839 0.156066 0
1726818799964 0.299508 0
1726818800087 0.386007 0
1726818800212 0.166996 3
1726818800338 0.737578 3
1726818800468 1.079182 3
1726818800602 0.706406 3
1726818800727 1.445957 3
1726818800849 0.507053 3
1726818800972 0.214258 3
1726818801097 0.257113 3
1726818803215 0.47725 0
1726818803347 0.144984 0
1726818803475 0.461044 0
1726818803597 0.424323 0
1726818803718 0.336482 0
1726818803839 0.15595 0
1726818803968 0.238442 0
1726818804101 0.137792 0
1726818804235 0.202087 0
1726818804373 0.30392 0
1726818804506 0.185184 4
1726818804641 0.754221 4
1726818804775 1.15987 4
1726818804907 0.384437 4
1726818805029 0.856257 4
1726818805145 0.55235 4
1726818805262 0.301769 4
1726818805377 0.290922 4
1726818807462 0.565579 0
1726818807594 0.162201 0
1726818807724 0.505918 0
1726818807857 0.410541 0
1726818807991 0.348371 0
1726818808116 0.121254 0
1726818808239 0.237208 0
1726818808364 0.141045 0
1726818808489 0.20248 0
1726818808615 0.310355 0
1726818808741 0.16206 5
1726818808868 0.757821 5
1726818808993 0.962095 5
1726818809121 0.402521 5
1726818809243 0.885733 5
1726818809365 0.53772 5
1726818809492 0.250152 5
1726818809630 0.248006 5
1726818811811 0.504189 0
1726818811958 0.151092 0
1726818812089 0.485763 0
1726818812237 0.386056 0
1726818812390 0.308749 0
1726818812523 0.126254 0
1726818812644 0.21948 0
1726818812767 0.140186 0
1726818812896 0.195134 0
1726818813034 0.309931 0
1726818813185 0.152785 6
1726818813362 0.732087 6
1726818813554 0.957587 6
1726818813694 0.393446 6
1726818813835 0.906281 6
1726818814005 0.474992 6
1726818814186 0.177116 6
1726818814343 0.21413 6
1726818816326 0.482425 0
1726818816479 0.156802 0
1726818816602 0.51684 0
1726818816724 0.379802 0
1726818816860 0.296783 0
1726818816996 0.111754 0
1726818817126 0.225104 0
1726818817251 0.123022 0
1726818817372 0.202943 0
1726818817492 0.343222 0
1726818817608 0.183593 7
1726818817724 0.74874 7
1726818817839 0.780643 7
1726818817957 0.287441 7
1726818818076 0.949503 7
1726818818196 0.627583 7
1726818818322 0.14305 7
1726818818452 0.201733 7
