1726900713261 0.456849 0
1726900713401 0.547554 0
1726900713540 0.723975 0
1726900713681 1.624406 0
1726900713820 0.286173 0
1726900713962 0.50418 0
1726900714101 0.332506 0
1726900714241 0.248162 0
1726900714382 0.170799 0
1726900714522 0.257159 0
1726900715445 0.358817 0
1726900715587 0.366652 0
1726900715729 0.597571 0
1726900715868 0.922971 0
1726900716009 0.28354 0
1726900716149 0.268018 0
1726900716288 0.229182 0
1726900716428 0.162791 0
1726900716568 0.125416 0
1726900716709 0.166787 0
1726900717539 0.360805 0
1726900717681 0.161656 0
1726900717820 0.554524 0
1726900717960 0.723225 0
1726900718103 0.271177 0
1726900718243 0.252228 0
1726900718382 0.228929 0
1726900718522 0.150257 0
1726900718661 0.129089 0
1726900718801 0.158633 0
1726900719629 0.352544 0
1726900719772 0.152497 0
1726900719914 0.556683 0
1726900720054 0.616804 0
1726900720194 0.263726 0
1726900720334 0.256235 0
1726900720473 0.235215 0
1726900720612 0.156902 0
1726900720752 0.126973 0
1726900720892 0.150976 0
1726900721713 0.317904 0
1726900721855 0.139699 0
1726900721995 0.558837 0
1726900722134 0.522608 0
1726900722273 0.265902 0
1726900722412 0.232501 0
1726900722552 0.22686 0
1726900722692 0.15111 0
1726900722832 0.123351 0
1726900722972 0.145755 0
1726900723805 0.319277 0
1726900723947 0.133779 0
1726900724087 0.576571 0
1726900724226 0.529701 0
1726900724366 0.259556 0
1726900724506 0.229881 0
1726900724646 0.248187 0
1726900724787 0.154136 0
1726900724927 0.120157 0
1726900725067 0.154432 0
1726900725907 0.315855 0
1726900726048 0.146072 0
1726900726188 0.54759 0
1726900726328 0.47224 0
1726900726469 0.246265 0
1726900726609 0.237202 0
1726900726748 0.253084 0
1726900726890 0.160218 0
1726900727029 0.113863 0
1726900727169 0.147299 0
1726900727993 0.316329 0
1726900728134 0.13316 0
1726900728273 0.57772 0
1726900728412 0.462304 0
1726900728552 0.274502 0
1726900728693 0.216665 0
1726900728833 0.233063 0
1726900728973 0.155454 0
1726900729113 0.118117 0
1726900729253 0.147534 0
1726900730069 0.309463 0
1726900730210 0.131956 0
1726900730350 0.543111 0
1726900730489 0.497183 0
1726900730629 0.241851 0
1726900730768 0.219433 0
1726900730908 0.241275 0
1726900731049 0.168478 0
1726900731189 0.116777 0
1726900731328 0.147489 0
1726900732148 0.31437 0
1726900732289 0.129485 0
1726900732429 0.540542 0
1726900732569 0.417592 0
1726900732709 0.241226 0
1726900732849 0.217222 0
1726900732987 0.22238 0
1726900733127 0.157718 0
1726900733268 0.113622 0
1726900733408 0.144434 0
