1727269059602 0.347184 0
1727269059734 0.276267 0
1727269059959 0.343419 0
1727269060097 0.285758 0
1727269060236 0.455881 0
1727269060364 0.320999 0
1727269060492 0.232525 0
1727269060619 1.809243 0
1727269060750 0.349688 0
1727269061365 0.33074 0
1727269061490 0.234512 0
1727269061622 0.311479 0
1727269061757 0.266808 0
1727269061886 0.4168 0
1727269062007 0.276975 0
1727269062131 0.167198 0
1727269062259 1.895256 0
1727269062387 0.268559 0
1727269062993 0.319823 0
1727269063131 0.203148 0
1727269063268 0.2856 0
1727269063399 0.243973 0
1727269063539 0.381713 0
1727269063678 0.245417 0
1727269063815 0.116265 0
1727269063948 2.004074 0
1727269064083 0.206719 0
1727269064662 0.308641 0
1727269064784 0.172973 0
1727269064907 0.262426 0
1727269065027 0.222595 0
1727269065149 0.351394 0
1727269065269 0.225015 0
1727269065395 0.080775 0
1727269065518 2.118302 0
1727269065644 0.172897 0
1727269066197 0.310334 0
1727269066321 0.15889 0
1727269066444 0.25848 0
1727269066565 0.201564 0
1727269066685 0.329612 0
1727269066811 0.219606 0
1727269066926 0.076844 0
1727269067053 2.154503 0
1727269067180 0.161662 0
1727269067740 0.308552 0
1727269067876 0.155589 0
1727269068000 0.256863 0
1727269068128 0.196705 0
1727269068255 0.322183 0
1727269068384 0.215616 0
1727269068511 0.076542 0
1727269068649 2.151077 0
1727269068779 0.159048 0
1727269069369 0.311731 0
1727269069499 0.15355 0
1727269069628 0.257361 0
1727269069753 0.190248 0
1727269069877 0.313089 0
1727269070001 0.210267 0
1727269070125 0.077945 0
1727269070249 2.15589 0
1727269070377 0.160282 0
1727269070938 0.309108 0
1727269071070 0.15249 0
1727269071203 0.259724 0
1727269071326 0.183645 0
1727269071455 0.303769 0
1727269071586 0.206546 0
1727269071722 0.081383 0
1727269071845 2.156339 0
1727269071965 0.16137 0
1727269072560 0.308776 0
1727269072696 0.152466 0
1727269072835 0.26487 0
1727269072968 0.182229 0
1727269073098 0.298425 0
1727269073228 0.206752 0
1727269073356 0.083178 0
1727269073490 2.152363 0
1727269073633 0.160392 0
1727269074199 0.312394 0
1727269074328 0.153209 0
1727269074459 0.261291 0
1727269074595 0.180276 0
1727269074716 0.299445 0
1727269074837 0.203587 0
1727269074961 0.085511 0
1727269075089 2.145531 0
1727269075224 0.159048 0
