1726875990948 0.348994 0
1726875991097 0.312458 0
1726875991287 0.505145 0
1726875991430 0.388548 0
1726875991577 0.161147 0
1726875991730 0.097468 0
1726875991877 0.243122 0
1726875992026 1.065097 0
1726875992176 0.592714 0
1726875992326 1.466566 0
1726875992475 0.167998 1
1726875992623 0.30876 1
1726875992771 0.155518 1
1726875992918 0.087902 1
1726875993065 0.122905 1
1726875993214 0.057976 1
1726875993364 0.593915 1
1726875993513 0.196953 1
1726875993657 0.225904 1
1726875993805 0.201446 1
1726875993957 0.070211 2
1726875994107 0.109676 2
1726875994254 0.32026 2
1726875994399 0.071908 2
1726875994548 0.111946 2
1726875996632 0.359193 0
1726875996780 0.223982 0
1726875996930 0.063963 0
1726875997078 0.272093 0
1726875997225 0.089884 0
1726875997372 0.060513 0
1726875997521 0.13766 0
1726875997666 0.472689 0
1726875997812 0.256019 0
1726875997962 0.73631 0
1726875998112 0.090766 2
1726875998262 0.09277 2
1726875998410 0.120765 2
1726875998560 0.07419 2
1726875998709 0.111491 2
1726875998857 0.053543 2
1726875999009 0.234136 2
1726875999161 0.161751 2
1726875999309 0.16622 2
1726875999453 0.155491 2
1726875999601 0.099271 4
1726875999749 0.120124 4
1726875999897 0.301136 4
1726876000043 0.071715 4
1726876000187 0.074876 4
1726876002180 0.177318 0
1726876002329 0.125427 0
1726876002474 0.049434 0
1726876002622 0.254858 0
1726876002774 0.084482 0
1726876002922 0.089517 0
1726876003072 0.125565 0
1726876003221 0.370715 0
1726876003368 0.237795 0
1726876003516 0.605237 0
1726876003664 0.080123 3
1726876003809 0.076303 3
1726876003959 0.075761 3
1726876004108 0.068232 3
1726876004262 0.106152 3
1726876004409 0.050407 3
1726876004557 0.191442 3
1726876004705 0.110256 3
1726876004854 0.151268 3
1726876005003 0.130017 3
1726876005155 0.075736 6
1726876005306 0.103094 6
1726876005457 0.324817 6
1726876005603 0.074183 6
1726876005750 0.060152 6
1726876007783 0.14831 0
1726876007937 0.077209 0
1726876008085 0.04693 0
1726876008235 0.243202 0
1726876008388 0.084331 0
1726876008535 0.084236 0
1726876008685 0.137776 0
1726876008835 0.32772 0
1726876008987 0.208411 0
1726876009135 0.565472 0
1726876009286 0.074806 4
1726876009433 0.069139 4
1726876009580 0.056676 4
1726876009732 0.079128 4
1726876009879 0.125168 4
1726876010026 0.072313 4
1726876010174 0.119939 4
1726876010321 0.121077 4
1726876010471 0.154334 4
1726876010618 0.132646 4
1726876010770 0.077694 8
1726876010919 0.10972 8
1726876011066 0.302947 8
1726876011217 0.074694 8
1726876011366 0.063309 8
1726876013377 0.121934 0
1726876013530 0.073534 0
1726876013675 0.045455 0
1726876013824 0.236728 0
1726876013968 0.080975 0
1726876014114 0.061162 0
1726876014263 0.116839 0
1726876014409 0.350822 0
1726876014563 0.231947 0
1726876014709 0.586175 0
1726876014857 0.10637 5
1726876015007 0.045949 5
1726876015151 0.075059 5
1726876015305 0.06438 5
1726876015454 0.103589 5
1726876015601 0.05352 5
1726876015749 0.109761 5
1726876015907 0.10824 5
1726876016053 0.156384 5
1726876016200 0.109195 5
1726876016349 0.069158 10
1726876016495 0.102021 10
1726876016640 0.305247 10
1726876016786 0.0759 10
1726876016934 0.07363 10
1726876018909 0.113846 0
1726876019061 0.066531 0
1726876019206 0.038638 0
1726876019355 0.243595 0
1726876019505 0.078697 0
1726876019655 0.086959 0
1726876019801 0.126947 0
1726876019953 0.305663 0
1726876020100 0.204951 0
1726876020246 0.537953 0
1726876020397 0.085426 6
1726876020541 0.046053 6
1726876020689 0.072584 6
1726876020840 0.057707 6
1726876020987 0.091455 6
1726876021135 0.047163 6
1726876021283 0.112969 6
1726876021430 0.103679 6
1726876021579 0.155541 6
1726876021726 0.117311 6
1726876021874 0.054037 12
1726876022025 0.093124 12
1726876022175 0.307519 12
1726876022327 0.067582 12
1726876022481 0.052887 12
1726876024599 0.11471 0
1726876024747 0.065095 0
1726876024896 0.051469 0
1726876025044 0.233947 0
1726876025193 0.078145 0
1726876025345 0.065278 0
1726876025492 0.111364 0
1726876025641 0.301836 0
1726876025787 0.195165 0
1726876025933 0.525363 0
1726876026083 0.089762 7
1726876026227 0.040984 7
1726876026376 0.069724 7
1726876026526 0.056152 7
1726876026671 0.090848 7
1726876026828 0.059935 7
1726876026978 0.109924 7
1726876027130 0.141763 7
1726876027278 0.177359 7
1726876027426 0.09886 7
1726876027578 0.060085 14
1726876027728 0.093469 14
1726876027876 0.290842 14
1726876028023 0.061669 14
1726876028170 0.06263 14
