1726808623280 0.739069 0
1726808623385 0.377295 0
1726808623484 0.538426 0
1726808623583 0.234769 0
1726808623682 0.476315 0
1726808623782 0.348101 0
1726808623883 0.210993 0
1726808623985 0.777622 0
1726808624088 0.26603 0
1726808624188 0.364605 0
1726808624294 0.133806 1
1726808624394 0.185766 1
1726808624494 0.122552 1
1726808624594 0.267657 1
1726808624704 0.199164 1
1726808624806 0.261813 1
1726808624907 0.234594 1
1726808625007 0.358199 1
1726808625107 2.107975 1
1726808625207 0.382891 1
1726808625306 1.381073 2
1726808626480 0.299628 0
1726808626582 0.227425 0
1726808626681 0.262065 0
1726808626792 0.173346 0
1726808626893 0.376609 0
1726808626994 0.259356 0
1726808627095 0.155245 0
1726808627196 0.425926 0
1726808627297 0.124799 0
1726808627398 0.189856 0
1726808627501 0.140422 2
1726808627603 0.089222 2
1726808627705 0.083904 2
1726808627805 0.161073 2
1726808627906 0.182983 2
1726808628005 0.234124 2
1726808628105 0.187065 2
1726808628205 0.239209 2
1726808628309 1.003565 2
1726808628412 0.414284 2
1726808628517 1.014917 4
1726808629804 0.342769 0
1726808629909 0.199636 0
1726808630010 0.254258 0
1726808630113 0.180475 0
1726808630217 0.281148 0
1726808630322 0.24059 0
1726808630424 0.134743 0
1726808630525 0.333354 0
1726808630626 0.117361 0
1726808630730 0.170371 0
1726808630840 0.137253 3
1726808630942 0.081911 3
1726808631044 0.077956 3
1726808631145 0.138161 3
1726808631247 0.187332 3
1726808631351 0.241609 3
1726808631453 0.179202 3
1726808631560 0.207474 3
1726808631664 0.723472 3
1726808631767 0.380023 3
1726808631867 0.938357 6
1726808633084 0.338201 0
1726808633188 0.168789 0
1726808633291 0.262651 0
1726808633391 0.149606 0
1726808633492 0.290447 0
1726808633594 0.232762 0
1726808633694 0.134588 0
1726808633792 0.317196 0
1726808633893 0.11872 0
1726808633993 0.17214 0
1726808634094 0.141196 4
1726808634195 0.074793 4
1726808634313 0.077051 4
1726808634417 0.118983 4
1726808634521 0.185457 4
1726808634623 0.239288 4
1726808634725 0.172808 4
1726808634827 0.224851 4
1726808634936 0.640052 4
1726808635036 0.339704 4
1726808635138 0.930808 8
1726808636313 0.335434 0
1726808636415 0.156393 0
1726808636518 0.274923 0
1726808636624 0.139996 0
1726808636724 0.282921 0
1726808636824 0.233888 0
1726808636927 0.130091 0
1726808637032 0.292 0
1726808637134 0.121762 0
1726808637236 0.166206 0
1726808637337 0.131492 5
1726808637439 0.07921 5
1726808637540 0.073788 5
1726808637642 0.107447 5
1726808637745 0.183297 5
1726808637846 0.26106 5
1726808637948 0.178012 5
1726808638051 0.195873 5
1726808638151 0.592308 5
1726808638252 0.33712 5
1726808638353 0.848514 10
1726808639603 0.317355 0
1726808639711 0.151078 0
1726808639813 0.271523 0
1726808639913 0.136655 0
1726808640013 0.290441 0
1726808640113 0.232354 0
1726808640213 0.137694 0
1726808640314 0.284254 0
1726808640414 0.123994 0
1726808640513 0.173648 0
1726808640615 0.128384 6
1726808640716 0.078971 6
1726808640819 0.071121 6
1726808640921 0.108507 6
1726808641028 0.193211 6
1726808641130 0.258435 6
1726808641232 0.174294 6
1726808641335 0.208118 6
1726808641437 0.579054 6
1726808641538 0.345022 6
1726808641642 0.838247 12
1726808642771 0.324903 0
1726808642872 0.146165 0
1726808642972 0.279428 0
1726808643081 0.130075 0
1726808643185 0.287996 0
1726808643287 0.228421 0
1726808643391 0.126931 0
1726808643499 0.278515 0
1726808643602 0.122634 0
1726808643704 0.170272 0
1726808643807 0.130026 7
1726808643910 0.078374 7
1726808644010 0.071444 7
1726808644113 0.109271 7
1726808644215 0.183426 7
1726808644321 0.25164 7
1726808644422 0.170606 7
1726808644523 0.199807 7
1726808644624 0.582912 7
1726808644725 0.334968 7
1726808644825 0.791358 14
1726808646059 0.311642 0
1726808646162 0.151255 0
1726808646263 0.279262 0
1726808646364 0.126381 0
1726808646466 0.287598 0
1726808646567 0.219284 0
1726808646667 0.13349 0
1726808646769 0.267559 0
1726808646872 0.114941 0
1726808646973 0.162724 0
1726808647073 0.128885 8
1726808647182 0.078154 8
1726808647284 0.073008 8
1726808647386 0.113366 8
1726808647488 0.190806 8
1726808647590 0.261033 8
1726808647690 0.171267 8
1726808647792 0.206358 8
1726808647896 0.585324 8
1726808648010 0.33153 8
1726808648121 0.791277 16
1726808649335 0.317147 0
1726808649438 0.145018 0
1726808649540 0.276076 0
1726808649643 0.122225 0
1726808649744 0.295086 0
1726808649844 0.224272 0
1726808649945 0.132076 0
1726808650046 0.273955 0
1726808650148 0.117494 0
1726808650248 0.159659 0
1726808650349 0.123351 9
1726808650454 0.080075 9
1726808650555 0.068413 9
1726808650657 0.1148 9
1726808650757 0.185356 9
1726808650860 0.256729 9
1726808650960 0.172029 9
1726808651062 0.200765 9
1726808651163 0.548371 9
1726808651271 0.319357 9
1726808651376 0.762938 18
1726808652501 0.317979 0
1726808652607 0.143656 0
1726808652707 0.28192 0
1726808652806 0.12361 0
1726808652910 0.293468 0
1726808653013 0.227201 0
1726808653114 0.130041 0
1726808653214 0.255537 0
1726808653324 0.118265 0
1726808653432 0.152578 0
1726808653533 0.124733 10
1726808653633 0.078234 10
1726808653733 0.066367 10
1726808653833 0.115927 10
1726808653932 0.179227 10
1726808654031 0.253641 10
1726808654131 0.172635 10
1726808654230 0.198933 10
1726808654336 0.523994 10
1726808654435 0.318053 10
1726808654534 0.760064 20
