1727123556126 3.412646 0
1727123556259 3.040743 0
1727123556392 2.557511 0
1727123556526 1.489516 0
1727123556661 1.005906 0
1727123556795 0.528529 0
1727123556929 0.55275 0
1727123557066 3.839068 0
1727123557200 0.290374 0
1727123557334 0.898089 0
1727123557467 12.695459 1
1727123557602 0.143313 1
1727123557738 37.149517 1
1727123557873 2.168982 1
1727123558009 1.133626 1
1727123558145 2.564638 1
1727123558280 0.360115 1
1727123558412 0.218581 1
1727123558548 0.123375 1
1727123558684 7.660774 1
1727123558817 4.344162 2
1727123558950 1.475074 2
1727123559083 4.145833 2
1727123559216 0.436953 2
1727123559350 0.917523 2
1727123559483 0.491472 2
1727123559619 0.122087 2
1727123559754 0.916333 2
1727123559892 0.952571 2
1727123560023 1.305345 2
1727123560157 0.996707 3
1727123560270 0.658873 3
1727123560404 0.371974 3
1727123560540 0.096253 3
1727123560676 3.414146 3
1727123560809 1.460479 3
1727123560944 0.284276 3
1727123561080 1.164592 3
1727123561214 0.111159 3
1727123561354 4.97579 3
1727123561487 0.409981 4
1727123561620 0.440716 4
1727123561753 1.450983 4
1727123561886 0.647712 4
1727123562020 0.173822 4
1727123562152 0.206219 4
1727123562285 1.485801 4
1727123562417 0.18866 4
1727123562551 1.310228 4
1727123562686 2.538378 4
1727123562819 14.533836 5
1727123562952 2.945676 5
1727123563087 1.124848 5
1727123563221 0.593436 5
1727123563353 1.577617 5
1727123563485 0.63325 5
1727123563617 11.120323 5
1727123563750 0.567895 5
1727123563883 1.382282 5
1727123564017 1.311276 5
1727123564150 0.794783 6
1727123564283 0.699593 6
1727123564417 2.163591 6
1727123564549 0.555681 6
1727123567209 1.532137 0
1727123567336 0.723785 0
1727123567464 0.273472 0
1727123567592 0.247837 0
1727123567726 0.109516 0
1727123567859 0.563299 0
1727123567993 0.145084 0
1727123568126 0.56752 0
1727123568260 0.209871 0
1727123568393 0.513734 0
1727123568526 1.920827 2
1727123568662 0.134213 2
1727123568799 3.045797 2
1727123568935 2.975369 2
1727123569070 1.695113 2
1727123569182 1.904883 2
1727123569313 0.86656 2
1727123569447 0.177295 2
1727123569583 0.160737 2
1727123569718 4.318553 2
1727123569851 4.976012 4
1727123569984 1.390214 4
1727123570120 6.510009 4
1727123570254 0.132306 4
1727123570388 0.673073 4
1727123570521 0.742208 4
1727123570656 0.098032 4
1727123570790 0.923166 4
1727123570924 0.907973 4
1727123571035 1.475305 4
1727123571162 1.413497 6
1727123571295 1.693104 6
1727123571429 0.715514 6
1727123571563 0.082128 6
1727123571696 10.266483 6
1727123571829 1.424936 6
1727123571966 0.258434 6
1727123572100 0.877928 6
1727123572234 0.098321 6
1727123572367 2.162043 6
1727123572499 0.450872 8
1727123572636 0.526327 8
1727123572771 1.627097 8
1727123572908 0.887037 8
1727123573047 0.14152 8
1727123573181 0.223077 8
1727123573317 6.920208 8
1727123573450 0.098167 8
1727123573584 1.058997 8
1727123573717 4.512688 8
1727123573850 8.35933 10
1727123573985 1.610824 10
1727123574117 7.082363 10
1727123574249 5.033161 10
1727123574388 1.799514 10
1727123574527 0.815389 10
1727123574662 2.086857 10
1727123574798 0.610025 10
1727123574935 0.92335 10
1727123575067 0.678199 10
1727123575201 0.429486 12
1727123575336 0.216124 12
1727123575471 2.278095 12
1727123575604 1.203306 12
1727123578264 2.283129 0
1727123578391 1.058274 0
1727123578518 0.150569 0
1727123578648 0.285387 0
1727123578783 0.160719 0
1727123578917 3.959299 0
1727123579051 0.181454 0
1727123579184 1.675698 0
1727123579320 0.258984 0
1727123579453 0.754802 0
1727123579586 1.37539 3
1727123579719 0.140866 3
1727123579852 6.551687 3
1727123579986 3.11644 3
1727123580121 0.873576 3
1727123580253 1.573009 3
1727123580387 0.537567 3
1727123580520 0.16817 3
1727123580653 0.104121 3
1727123580786 3.289614 3
1727123580918 2.24373 6
1727123581043 0.992073 6
1727123581176 2.474292 6
1727123581308 0.169715 6
1727123581442 0.625107 6
1727123581575 1.025145 6
1727123581708 0.11351 6
1727123581841 1.633738 6
1727123581976 0.332041 6
1727123582109 5.630092 6
1727123582244 27.431358 9
1727123582378 0.515413 9
1727123582512 0.808513 9
1727123582645 0.113517 9
1727123582778 0.678291 9
1727123582910 6.736987 9
1727123583044 0.149776 9
1727123583178 0.660751 9
1727123583311 0.07827 9
1727123583445 4.546053 9
1727123583581 0.465161 12
1727123583717 0.376748 12
1727123583850 1.42959 12
1727123583983 1.028862 12
1727123584118 0.127013 12
1727123584255 0.188173 12
1727123584389 1.466484 12
1727123584523 0.078111 12
1727123584659 0.995943 12
1727123584793 1.361284 12
1727123584928 4.53133 15
1727123585062 0.961106 15
1727123585197 0.86814 15
1727123585330 0.588367 15
1727123585462 3.873853 15
1727123585595 0.404077 15
1727123585729 3.77979 15
1727123585862 0.991427 15
1727123585995 0.751557 15
1727123586128 0.841048 15
1727123586262 0.457949 18
1727123586373 0.231203 18
1727123586500 2.01799 18
1727123586634 2.236907 18
1727123589288 1.225592 0
1727123589414 0.596873 0
1727123589543 0.123104 0
1727123589687 0.188822 0
1727123589821 0.158677 0
1727123589953 0.87804 0
1727123590087 0.153862 0
1727123590221 0.909145 0
1727123590359 0.260241 0
1727123590492 0.720772 0
1727123590626 1.563316 4
1727123590761 0.140939 4
1727123590897 1.826047 4
1727123591033 1.056771 4
1727123591167 1.229591 4
1727123591302 1.164078 4
1727123591436 1.529682 4
1727123591548 0.153448 4
1727123591679 0.129574 4
1727123591813 3.100942 4
1727123591946 1.329118 8
1727123592072 1.230896 8
1727123592203 8.395546 8
1727123592337 0.141847 8
1727123592472 0.660199 8
1727123592604 0.760206 8
1727123592739 0.103052 8
1727123592873 143.657059 8
1727123593009 0.407699 8
1727123593143 0.603298 8
1727123593279 1.139354 12
1727123593414 2.893073 12
1727123593549 0.499348 12
1727123593683 0.097309 12
1727123593817 0.750876 12
1727123593950 1.01236 12
1727123594084 0.190981 12
1727123594224 1.390741 12
1727123594362 0.072118 12
1727123594475 2.048654 12
1727123594608 0.449433 16
1727123594742 0.383634 16
1727123594875 0.966282 16
1727123595009 1.142227 16
1727123595146 0.125606 16
1727123595283 0.21122 16
1727123595417 0.989194 16
1727123595550 0.081998 16
1727123595683 0.71412 16
1727123595818 1.464261 16
1727123595950 3.506799 20
1727123596083 0.504847 20
1727123596217 0.803493 20
1727123596350 0.63892 20
1727123596485 2.919648 20
1727123596616 0.425104 20
1727123596750 1.521763 20
1727123596883 53.726738 20
1727123597016 0.409877 20
1727123597183 1.814955 20
1727123597319 1.011622 24
1727123597453 0.248168 24
1727123597587 1.330721 24
1727123597719 0.655493 24
1727123600358 1.312059 0
1727123600494 0.548948 0
1727123600626 0.171888 0
1727123600762 0.308235 0
1727123600895 0.15286 0
1727123601028 0.493497 0
1727123601161 0.157822 0
1727123601294 1.761504 0
1727123601431 0.215547 0
1727123601567 0.883 0
1727123601701 1.725377 5
1727123601833 0.139518 5
1727123601966 1.689872 5
1727123602094 0.815011 5
1727123602225 1.114399 5
1727123602359 0.996306 5
1727123602493 0.417812 5
1727123602628 0.186884 5
1727123602763 0.165057 5
1727123602898 1.560277 5
1727123603035 1.875362 10
1727123603167 1.471033 10
1727123603300 4.056463 10
1727123603435 0.156954 10
1727123603570 0.531932 10
1727123603703 0.833296 10
1727123603838 0.110533 10
1727123603969 0.835839 10
1727123604101 0.356795 10
1727123604237 0.674482 10
1727123604371 1.458704 15
1727123604504 1.319146 15
1727123604638 0.572052 15
1727123604769 0.095079 15
1727123604904 0.992034 15
1727123605036 1.064647 15
1727123605168 0.270476 15
1727123605302 0.850458 15
1727123605437 0.10405 15
1727123605574 1.512365 15
1727123605708 0.445954 20
1727123605841 1.919591 20
1727123605977 1.378788 20
1727123606112 1.467444 20
1727123606246 0.136932 20
1727123606378 0.2069 20
1727123606518 1.596734 20
1727123606651 0.082235 20
1727123606786 0.651593 20
1727123606920 1.383169 20
1727123607053 2.268 25
1727123607183 0.415626 25
1727123607318 0.544841 25
1727123607452 0.941903 25
1727123607588 5.42313 25
1727123607721 0.413507 25
1727123607855 1.870648 25
1727123607987 1.010784 25
1727123608121 0.261591 25
1727123608254 0.587641 25
1727123608387 0.601896 30
1727123608519 0.241357 30
1727123608652 2.544774 30
1727123608782 1.097419 30
1727123611436 1.064301 0
1727123611569 0.441747 0
1727123611701 0.249428 0
1727123611834 0.80562 0
1727123611966 0.191321 0
1727123612100 2.101178 0
1727123612233 0.175117 0
1727123612367 0.625994 0
1727123612500 0.2508 0
1727123612634 0.548621 0
1727123612768 2.023671 6
1727123612903 0.143011 6
1727123613016 1.650403 6
1727123613143 0.58828 6
1727123613276 3.050595 6
1727123613414 1.503409 6
1727123613550 0.302663 6
1727123613686 0.16213 6
1727123613819 0.194909 6
1727123613953 1.273409 6
1727123614085 1.673136 12
1727123614218 0.809265 12
1727123614353 1.734898 12
1727123614486 0.179375 12
1727123614617 0.719628 12
1727123614752 0.737509 12
1727123614887 0.09862 12
1727123615020 0.897979 12
1727123615154 0.489083 12
1727123615288 2.153875 12
1727123615419 1.817961 18
1727123615553 0.665816 18
1727123615687 1.093951 18
1727123615820 0.084041 18
1727123615954 0.673322 18
1727123616087 1.041265 18
1727123616220 2.961258 18
1727123616353 1.079477 18
1727123616486 0.088109 18
1727123616617 1.718889 18
1727123616750 0.528472 24
1727123616887 1.224433 24
1727123617021 4.34007 24
1727123617154 2.220245 24
1727123617287 0.11992 24
1727123617420 0.188732 24
1727123617554 1.348574 24
1727123617688 0.074591 24
1727123617825 1.096391 24
1727123617959 1.045479 24
1727123618093 3.587788 30
1727123618228 0.256696 30
1727123618362 0.85582 30
1727123618495 0.636449 30
1727123618607 2.855871 30
1727123618739 0.485577 30
1727123618875 1.897759 30
1727123619012 0.659222 30
1727123619147 0.268679 30
1727123619283 0.569589 30
1727123619417 0.800067 36
1727123619554 0.181747 36
1727123619689 1.788676 36
1727123619826 0.633672 36
1727123622493 1.381256 0
1727123622625 0.41654 0
1727123622752 0.197334 0
1727123622880 0.359919 0
1727123623016 0.21441 0
1727123623149 0.39785 0
1727123623282 0.164249 0
1727123623412 51.142517 0
1727123623546 0.230909 0
1727123623679 0.264677 0
1727123623813 1.486269 7
1727123623949 0.137414 7
1727123624084 2.806351 7
1727123624217 0.749719 7
1727123624350 0.707589 7
1727123624483 1.545883 7
1727123624616 0.295259 7
1727123624749 0.155902 7
1727123624883 0.19316 7
1727123625017 0.916613 7
1727123625150 3.412263 14
1727123625283 10.782209 14
1727123625417 1.168146 14
1727123625550 0.187228 14
1727123625679 0.678172 14
1727123625812 0.693358 14
1727123625946 0.09264 14
1727123626079 0.926473 14
1727123626212 0.298964 14
1727123626346 1.651186 14
1727123626478 1.919571 21
1727123626611 0.550775 21
1727123626744 0.542693 21
1727123626877 0.082603 21
1727123627012 0.772492 21
1727123627147 1.077447 21
1727123627272 0.73094 21
1727123627400 1.059107 21
1727123627541 0.073963 21
1727123627674 1.421888 21
1727123627808 0.530376 28
1727123627949 1.458144 28
1727123628084 0.903556 28
1727123628216 0.889523 28
1727123628347 0.141382 28
1727123628477 0.188752 28
1727123628612 3.493435 28
1727123628746 0.083554 28
1727123628879 1.576282 28
1727123629013 1.352311 28
1727123629149 2.48175 35
1727123629283 0.259846 35
1727123629417 0.997819 35
1727123629550 0.56379 35
1727123629683 2.601506 35
1727123629817 0.533431 35
1727123629952 7.573693 35
1727123630087 0.615303 35
1727123630220 0.301008 35
1727123630354 1.013739 35
1727123630487 1.29266 42
1727123630620 0.161007 42
1727123630752 1.03088 42
1727123630886 1.383882 42
1727123633548 0.975669 0
1727123633682 0.394332 0
1727123633810 0.133063 0
1727123633947 1.352847 0
1727123634083 0.146607 0
1727123634218 0.500721 0
1727123634354 0.166315 0
1727123634486 1.024089 0
1727123634619 0.269085 0
1727123634753 0.201874 0
1727123634886 1.546892 8
1727123635020 0.153324 8
1727123635155 2.211231 8
1727123635291 0.66417 8
1727123635416 0.721277 8
1727123635551 3.056329 8
1727123635702 0.30108 8
1727123635836 0.164002 8
1727123635972 0.189109 8
1727123636108 1.498036 8
1727123636243 0.830098 16
1727123636377 1.640203 16
1727123636511 1.507577 16
1727123636645 0.185986 16
1727123636778 0.457561 16
1727123636912 0.738046 16
1727123637044 0.080512 16
1727123637177 0.725746 16
1727123637313 0.27983 16
1727123637449 1.132795 16
1727123637583 3.810116 24
1727123637716 0.496482 24
1727123637850 0.432223 24
1727123637983 0.086701 24
1727123638117 0.547426 24
1727123638250 1.151105 24
1727123638383 0.261085 24
1727123638517 1.916138 24
1727123638649 0.085423 24
1727123638784 1.544959 24
1727123638917 0.801682 32
1727123639050 0.600133 32
1727123639183 1.426639 32
1727123639318 0.558622 32
1727123639450 0.161686 32
1727123639584 0.187006 32
1727123639716 0.831612 32
1727123639849 0.068434 32
1727123639984 1.393306 32
1727123640122 1.188618 32
1727123640262 1.253662 40
1727123640379 0.210484 40
1727123640510 0.641652 40
1727123640645 0.585171 40
1727123640777 1.548792 40
1727123640910 5.407456 40
1727123641044 1.916961 40
1727123641175 0.931054 40
1727123641309 0.231082 40
1727123641445 1.517254 40
1727123641577 4.206147 48
1727123641711 0.172196 48
1727123641845 1.98611 48
1727123641978 0.600212 48
1727123644861 1.014998 0
1727123644992 0.434871 0
1727123645125 0.122112 0
1727123645254 0.286344 0
1727123645381 0.137439 0
1727123645500 0.468133 0
1727123645633 0.153259 0
1727123645769 0.692575 0
1727123645903 0.277027 0
1727123646037 0.359353 0
1727123646171 1.495745 9
1727123646307 0.12459 9
1727123646443 5.520662 9
1727123646578 1.178164 9
1727123646712 0.683068 9
1727123646845 1.083427 9
1727123646979 0.305257 9
1727123647092 0.144464 9
1727123647226 0.228776 9
1727123647361 0.940152 9
1727123647496 0.661307 18
1727123647632 8.153643 18
1727123647767 1.511735 18
1727123647900 0.17194 18
1727123648033 0.561239 18
1727123648167 0.766757 18
1727123648302 0.081495 18
1727123648438 0.701683 18
1727123648573 0.35762 18
1727123648710 1.004307 18
1727123648846 1.423025 27
1727123648978 0.616003 27
1727123649112 0.54891 27
1727123649246 0.073619 27
1727123649379 0.861591 27
1727123649514 1.079986 27
1727123649650 0.188081 27
1727123649783 0.700008 27
1727123649917 0.097116 27
1727123650050 2.561073 27
1727123650184 4.249597 36
1727123650318 0.775579 36
1727123650437 0.919329 36
1727123650562 1.080333 36
1727123650694 0.123921 36
1727123650829 0.168358 36
1727123650967 1.103559 36
1727123651101 0.087211 36
1727123651234 0.860495 36
1727123651367 8.682161 36
1727123651502 0.726586 45
1727123651639 0.183334 45
1727123651775 0.578943 45
1727123651909 0.541059 45
1727123652041 2.367587 45
1727123652175 0.599677 45
1727123652311 1.886848 45
1727123652447 1.489637 45
1727123652583 0.350832 45
1727123652718 1.319034 45
1727123652851 0.635518 54
1727123652983 0.118241 54
1727123653116 1.258313 54
1727123653250 0.782247 54
1727123655827 0.787548 0
1727123655952 0.458121 0
1727123656081 0.126976 0
1727123656208 0.402855 0
1727123656343 0.167637 0
1727123656467 0.451078 0
1727123656599 0.145831 0
1727123656734 1.011144 0
1727123656870 0.221491 0
1727123657003 0.373169 0
1727123657123 2.617002 10
1727123657259 0.128338 10
1727123657391 83.830124 10
1727123657525 1.198297 10
1727123657660 0.665832 10
1727123657795 1.305603 10
1727123657928 0.675706 10
1727123658043 0.164051 10
1727123658177 0.223607 10
1727123658309 1.322102 10
1727123658444 0.956303 20
1727123658581 1.303365 20
1727123658717 1.644358 20
1727123658850 0.153263 20
1727123658983 0.815217 20
1727123659117 0.721848 20
1727123659250 0.088824 20
1727123659384 6.87176 20
1727123659519 0.264542 20
1727123659650 1.639169 20
1727123659788 1.957906 30
1727123659924 0.852841 30
1727123660059 0.365265 30
1727123660192 0.082123 30
1727123660326 0.474977 30
1727123660462 1.691938 30
1727123660602 1.149023 30
1727123660737 1.130343 30
1727123660872 0.103227 30
1727123661006 1.927448 30
1727123661142 0.630923 40
1727123661276 6.426934 40
1727123661412 0.944931 40
1727123661545 0.95721 40
1727123661675 0.151549 40
1727123661810 0.193169 40
1727123661945 1.4887 40
1727123662078 0.087002 40
1727123662190 1.505225 40
1727123662322 0.96226 40
1727123662455 0.873861 50
1727123662588 0.191256 50
1727123662724 0.565874 50
1727123662858 0.537028 50
1727123662992 2.286913 50
1727123663126 2.196967 50
1727123663259 4.988056 50
1727123663392 0.726198 50
1727123663517 0.271712 50
1727123663646 0.612669 50
1727123663781 0.7977 60
1727123663916 0.137857 60
1727123664049 3.106071 60
1727123664183 0.683849 60
