1726877832927 0.0 0
1726877833065 10.0 0
1726877833202 20.0 0
1726877833351 30.0 0
1726877833489 40.0 0
1726877833667 50.0 0
1726877834130 0.0 0
1726877834270 10.0 0
1726877834409 20.0 0
1726877834551 30.0 0
1726877834691 40.0 0
1726877834841 50.0 0
1726877835287 0.0 0
1726877835428 10.0 0
1726877835566 20.0 0
1726877835704 30.0 0
1726877835840 40.0 0
1726877835975 50.0 0
1726877836416 0.0 0
1726877836558 10.0 0
1726877836696 20.0 0
1726877836834 30.0 0
1726877836971 40.0 0
1726877837105 50.0 0
