1726873563693 0.0 0
1726873563830 10.0 0
1726873563964 20.0 0
1726873564100 30.0 0
1726873564234 40.0 0
1726873564368 50.0 0
1726873564503 60.0 0
1726873564636 70.0 0
1726873564771 80.0 0
1726873564906 90.0 0
1726873565040 100.0 1
1726873565944 0.0 0
1726873566079 10.0 0
1726873566213 20.0 0
1726873566348 30.0 0
1726873566482 40.0 0
1726873566618 50.0 0
1726873566752 60.0 0
1726873566887 70.0 0
1726873567022 80.0 0
1726873567156 90.0 0
1726873567290 100.0 2
1726873568197 0.0 0
1726873568332 10.0 0
1726873568468 20.0 0
1726873568602 30.0 0
1726873568736 40.0 0
1726873568872 50.0 0
1726873569007 60.0 0
1726873569140 70.0 0
1726873569274 80.0 0
1726873569410 90.0 0
1726873569544 100.0 3
1726873570452 0.0 0
1726873570587 10.0 0
1726873570721 20.0 0
1726873570857 30.0 0
1726873570992 40.0 0
1726873571126 50.0 0
1726873571260 60.0 0
1726873571394 70.0 0
1726873571529 80.0 0
1726873571664 90.0 0
1726873571798 100.0 4
1726873572702 0.0 0
1726873572838 10.0 0
1726873572974 20.0 0
1726873573109 30.0 0
1726873573243 40.0 0
1726873573378 50.0 0
1726873573513 60.0 0
1726873573648 70.0 0
1726873573783 80.0 0
1726873573917 90.0 0
1726873574054 100.0 5
1726873574952 0.0 0
1726873575088 10.0 0
1726873575222 20.0 0
1726873575357 30.0 0
1726873575491 40.0 0
1726873575625 50.0 0
1726873575760 60.0 0
1726873575894 70.0 0
1726873576027 80.0 0
1726873576165 90.0 0
1726873576300 100.0 6
1726873577211 0.0 0
1726873577346 10.0 0
1726873577481 20.0 0
1726873577615 30.0 0
1726873577754 40.0 0
1726873577891 50.0 0
1726873578025 60.0 0
1726873578162 70.0 0
1726873578297 80.0 0
1726873578434 90.0 0
1726873578569 100.0 7
1726873579466 0.0 0
1726873579602 10.0 0
1726873579736 20.0 0
1726873579871 30.0 0
1726873580005 40.0 0
1726873580139 50.0 0
1726873580278 60.0 0
1726873580412 70.0 0
1726873580547 80.0 0
1726873580681 90.0 0
1726873580815 100.0 8
1726873581719 0.0 0
1726873581854 10.0 0
1726873581996 20.0 0
1726873582131 30.0 0
1726873582268 40.0 0
1726873582403 50.0 0
1726873582539 60.0 0
1726873582674 70.0 0
1726873582808 80.0 0
1726873582943 90.0 0
1726873583077 100.0 9
1726873583977 0.0 0
1726873584113 10.0 0
1726873584247 20.0 0
1726873584385 30.0 0
1726873584520 40.0 0
1726873584655 50.0 0
1726873584789 60.0 0
1726873584924 70.0 0
1726873585058 80.0 0
1726873585193 90.0 0
1726873585327 100.0 10
