1726874770291 21.34676 0
1726874770426 2.365343 0
1726874770560 6.723124 0
1726874770696 57.352058 0
1726874770831 20.576002 0
1726874770967 8.880831 0
1726874771102 7.823654 0
1726874771238 9.660738 0
1726874771373 19.391632 0
1726874771508 3.821168 0
1726874772335 4.827845 0
1726874772471 15.027511 0
1726874772605 61.862228 0
1726874772740 2.376766 0
1726874772875 10.961568 0
1726874773010 2.591921 0
1726874773146 2.088103 0
1726874773283 4.307454 0
1726874773417 13.800693 0
1726874773552 1.910111 0
1726874774336 5.072988 0
1726874774472 3.807354 0
1726874774606 2.246917 0
1726874774741 1.023102 0
1726874774875 10.739738 0
1726874775009 2.053919 0
1726874775145 7.270965 0
1726874775283 7.102821 0
1726874775419 1.568731 0
1726874775554 2.127977 0
1726874776343 4.655886 0
1726874776478 4.931789 0
1726874776613 2.811522 0
1726874776747 1.262809 0
1726874776882 10.984227 0
1726874777016 2.495917 0
1726874777150 5.44359 0
1726874777288 3.365373 0
1726874777424 1.436456 0
1726874777558 1.124032 0
1726874778352 4.607116 0
1726874778488 20.448826 0
1726874778622 4.126048 0
1726874778757 1.754833 0
1726874778892 4.039116 0
1726874779026 3.625883 0
1726874779160 5.722754 0
1726874779297 4.937658 0
1726874779431 1.220948 0
1726874779566 2.451153 0
1726874780355 3.777706 0
1726874780492 5.099489 0
1726874780627 5.686104 0
1726874780762 0.898743 0
1726874780897 4.081922 0
1726874781049 5.923484 0
1726874781192 2.733471 0
1726874781339 5.512525 0
1726874781495 2.151053 0
1726874781635 2.074931 0
1726874782464 3.274583 0
1726874782603 32.064938 0
1726874782781 4.626928 0
1726874783047 0.917462 0
1726874783228 6.126161 0
1726874783390 9.711964 0
1726874783552 3.333192 0
1726874783693 6.176486 0
1726874783839 1.174253 0
1726874783987 1.79563 0
1726874784863 3.279782 0
1726874785002 3.053209 0
1726874785155 5.974174 0
1726874785310 0.835974 0
1726874785455 4.309181 0
1726874785609 3.181099 0
1726874785753 10.930946 0
1726874785914 3.306613 0
1726874786072 1.231936 0
1726874786219 22.660305 0
1726874787161 2.805089 0
1726874787313 4.841332 0
1726874787471 8.123554 0
1726874787621 0.945468 0
1726874787773 6.334789 0
1726874787920 3.096185 0
1726874788069 18884.974609 0
1726874788223 3.081393 0
1726874788388 1.118248 0
1726874788541 19.783741 0
1726874789446 5.21012 0
1726874789585 5.869511 0
1726874789723 4.655399 0
1726874789859 0.806873 0
1726874789996 5.101858 0
1726874790133 3.715321 0
1726874790269 7.604725 0
1726874790407 5.054102 0
1726874790545 1.590956 0
1726874790681 1.763701 0
