1726874770282 0.422205 0
1726874770417 0.322077 0
1726874770552 1.784809 0
1726874770686 1.699092 0
1726874770823 0.438697 0
1726874770958 0.391456 0
1726874771093 0.277841 0
1726874771229 0.240565 0
1726874771364 5.098021 0
1726874771499 0.240669 0
1726874772327 0.211321 0
1726874772462 0.167509 0
1726874772597 1.053463 0
1726874772731 0.97027 0
1726874772866 0.36322 0
1726874773001 0.317345 0
1726874773137 0.277999 0
1726874773274 0.28733 0
1726874773409 3.204802 0
1726874773543 0.18622 0
1726874774327 0.2127 0
1726874774463 0.171837 0
1726874774597 0.666032 0
1726874774732 0.673507 0
1726874774866 0.280517 0
1726874775001 0.260233 0
1726874775135 0.252323 0
1726874775273 0.299219 0
1726874775410 2.374654 0
1726874775546 0.187811 0
1726874776334 0.202961 0
1726874776470 0.161101 0
1726874776604 0.581975 0
1726874776738 0.611469 0
1726874776873 0.259705 0
1726874777008 0.243656 0
1726874777142 0.22298 0
1726874777279 0.265162 0
1726874777415 2.134265 0
1726874777550 0.184258 0
1726874778344 0.191705 0
1726874778479 0.151007 0
1726874778613 0.520199 0
1726874778748 0.574512 0
1726874778883 0.238313 0
1726874779017 0.223139 0
1726874779152 0.210006 0
1726874779288 0.242336 0
1726874779423 1.935857 0
1726874779557 0.185141 0
1726874780346 0.186059 0
1726874780482 0.143812 0
1726874780619 0.509809 0
1726874780753 0.565275 0
1726874780888 0.228555 0
1726874781040 0.216469 0
1726874781183 0.202105 0
1726874781330 0.229317 0
1726874781486 1.874065 0
1726874781626 0.182683 0
1726874782455 0.180302 0
1726874782594 0.144717 0
1726874782770 0.490989 0
1726874783028 0.553297 0
1726874783217 0.222437 0
1726874783380 0.206261 0
1726874783542 0.199138 0
1726874783683 0.220796 0
1726874783829 1.764066 0
1726874783977 0.18734 0
1726874784854 0.178594 0
1726874784992 0.135444 0
1726874785145 0.497186 0
1726874785300 0.54862 0
1726874785446 0.21687 0
1726874785599 0.204006 0
1726874785744 0.200576 0
1726874785904 0.213093 0
1726874786062 1.760353 0
1726874786209 0.181911 0
1726874787151 0.178885 0
1726874787302 0.137112 0
1726874787461 0.486364 0
1726874787611 0.552231 0
1726874787763 0.213179 0
1726874787910 0.205714 0
1726874788059 0.199586 0
1726874788213 0.208722 0
1726874788377 1.741022 0
1726874788531 0.181987 0
1726874789436 0.177711 0
1726874789576 0.132012 0
1726874789713 0.480892 0
1726874789850 0.545048 0
1726874789986 0.213301 0
1726874790124 0.204661 0
1726874790260 0.201531 0
1726874790398 0.205356 0
1726874790536 1.692109 0
1726874790672 0.186806 0
