1726764730636 20.057922 0
1726764730750 4.197682 0
1726764730866 4.023417 0
1726764730981 6.926258 0
1726764731099 1.00602 0
1726764731215 1.391263 0
1726764731330 0.792905 0
1726764731445 4.928858 0
1726764731561 0.881463 0
1726764731676 0.90733 0
1726764732308 1.568683 0
1726764732423 1.543405 0
1726764732538 4.727004 0
1726764732653 5.093946 0
1726764732768 1.013876 0
1726764732883 12.153421 0
1726764732998 1.242111 0
1726764733113 1.05208 0
1726764733231 0.940283 0
1726764733346 1.244431 0
1726764733971 5.304066 0
1726764734086 5.84754 0
1726764734201 7.80389 0
1726764734316 3.212563 0
1726764734435 0.896705 0
1726764734550 3.319613 0
1726764734665 1.715118 0
1726764734779 1.261709 0
1726764734895 0.768593 0
1726764735014 0.675198 0
1726764735638 2.445866 0
1726764735753 0.783881 0
1726764735868 3.007869 0
1726764735984 6.95063 0
1726764736098 0.547763 0
1726764736213 0.523156 0
1726764736328 0.947954 0
1726764736443 1.901437 0
1726764736557 6.460099 0
1726764736673 0.619864 0
