1726877965978 12.054204 0
1726877966116 25.787167 0
1726877966254 33.600388 0
1726877966392 61.621033 0
1726877966529 9.24242 0
1726877966667 3.383437 0
1726877967276 3.192742 0
1726877967415 3.994554 0
1726877967554 0.648265 0
1726877967691 38.201817 0
1726877967829 5.659525 0
1726877967965 1.853982 0
1726877968459 4.21671 0
1726877968606 3.257927 0
1726877968743 0.425933 0
1726877968879 5.514623 0
1726877969016 3.202883 0
1726877969152 2.648646 0
1726877969662 7.957458 0
1726877969801 2.171426 0
1726877969938 4.350097 0
1726877970075 4.016552 0
1726877970212 6.100294 0
1726877970352 2.638004 0
1726877970848 2.012298 0
1726877970986 6.697183 0
1726877971124 0.399423 0
1726877971261 3.757258 0
1726877971402 7.035062 0
1726877971540 1.957631 0
