1727090532231 0.0 0
1727090532325 10.0 0
1727090532420 20.0 0
1727090532515 30.0 0
1727090532605 40.0 0
1727090532698 50.0 0
1727090532789 60.0 0
1727090532881 70.0 0
1727090533318 0.0 0
1727090533412 10.0 0
1727090533502 20.0 0
1727090533595 30.0 0
1727090533693 40.0 0
1727090533785 50.0 0
1727090533877 60.0 0
1727090533972 70.0 0
1727090534401 0.0 0
1727090534502 10.0 0
1727090534596 20.0 0
1727090534687 30.0 0
1727090534787 40.0 0
1727090534878 50.0 0
1727090534973 60.0 0
1727090535064 70.0 0
1727090535470 0.0 0
1727090535564 10.0 0
1727090535655 20.0 0
1727090535746 30.0 0
1727090535840 40.0 0
1727090535934 50.0 0
1727090536031 60.0 0
1727090536129 70.0 0
1727090536569 0.0 0
1727090536668 10.0 0
1727090536768 20.0 0
1727090536867 30.0 0
1727090536961 40.0 0
1727090537058 50.0 0
1727090537154 60.0 0
1727090537247 70.0 0
1727090537676 0.0 0
1727090537776 10.0 0
1727090537876 20.0 0
1727090537979 30.0 0
1727090538086 40.0 0
1727090538195 50.0 0
1727090538294 60.0 0
1727090538397 70.0 0
1727090538823 0.0 0
1727090538914 10.0 0
1727090539008 20.0 0
1727090539098 30.0 0
1727090539188 40.0 0
1727090539278 50.0 0
1727090539374 60.0 0
1727090539467 70.0 0
