1727114880437 13.906055 0
1727114880547 5.490857 0
1727114880653 2.188818 0
1727114880762 6.867591 0
1727114880873 9.699404 0
1727114880980 1.620575 0
1727114881085 2.858953 0
1727114881195 5.090974 0
1727114881309 3.494051 0
1727114881421 10.395459 0
1727114881532 2.74888 1
1727114881642 1.347536 1
1727114881754 4.498398 1
1727114881861 51.300816 1
1727114881971 9.18643 1
1727114882081 5.069792 1
1727114882188 7.439149 1
1727114882296 0.611964 1
1727114883077 5.098991 0
1727114883193 12.490107 0
1727114883304 3.821882 0
1727114883417 26.556431 0
1727114883527 38.813114 0
1727114883634 2.874166 0
1727114883742 3.589283 0
1727114883853 12.999996 0
1727114883964 14.026602 0
1727114884072 23.779175 0
1727114884294 1.397053 2
1727114884407 1.172687 2
1727114884515 6.049644 2
1727114884621 2.380182 2
1727114884728 6.57003 2
1727114884840 2.122387 2
1727114884953 2.736654 2
1727114885064 0.678553 2
1727114885852 1.566446 0
1727114885966 22.710279 0
1727114886077 10.150457 0
1727114886182 7.828628 0
1727114886290 17.944233 0
1727114886398 1.847314 0
1727114886511 3.339311 0
1727114886625 3.868022 0
1727114886738 5.150701 0
1727114886847 16.754169 0
1727114886954 0.998075 3
1727114887065 1.526829 3
1727114887173 6.317796 3
1727114887283 6.578401 3
1727114887391 8.326302 3
1727114887501 10.033205 3
1727114887613 1.561548 3
1727114887722 0.535857 3
1727114888468 7.753142 0
1727114888578 6.466542 0
1727114888682 1.394774 0
1727114888791 13.254495 0
1727114888900 18.069277 0
1727114889010 3.484586 0
1727114889117 4.127077 0
1727114889226 3.930295 0
1727114889340 11.924717 0
1727114889451 10.394755 0
1727114889558 0.746894 4
1727114889667 2.707125 4
1727114889775 4.77434 4
1727114889887 8.410081 4
1727114889997 7.509409 4
1727114890106 1.155335 4
1727114890213 1.108997 4
1727114890320 0.500138 4
1727114891070 6.639845 0
1727114891171 4.447999 0
1727114891279 1.467977 0
1727114891396 2.400152 0
1727114891505 14.523926 0
1727114891613 2.64527 0
1727114891719 4.45636 0
1727114891825 8.759699 0
1727114891933 7.92146 0
1727114892043 9.89633 0
1727114892152 0.704435 5
1727114892262 1.61124 5
1727114892370 8.792375 5
1727114892478 2.023001 5
1727114892586 16.328787 5
1727114892695 3.103984 5
1727114892799 0.843665 5
1727114892906 0.467802 5
