1726748766291 109.398384 0
1726748766426 2.889535 0
1726748766547 2.72192 0
1726748766659 1.722848 0
1726748766764 0.963508 0
1726748766867 0.262216 0
1726748766976 4.040406 0
1726748767074 1.036366 0
1726748767189 0.621879 0
1726748767304 3.981136 0
1726748767423 2.279979 1
1726748767527 1.362413 1
1726748767636 21.837523 1
1726748767751 3.263012 1
1726748767869 2.2993 1
1726748767977 0.323661 1
1726748768085 1.407081 1
1726748768184 2.012397 1
1726748768276 1.417554 1
1726748768365 1.117542 1
1726748768453 1.838425 2
1726748768544 2.183021 2
1726748768641 2.734462 2
1726748768740 2.734935 2
1726748768834 2.037198 2
1726748768934 1.223816 2
1726748769035 1.977312 2
1726748769143 1.122672 2
1726748769250 0.646443 2
1726748769348 1.672981 2
1726748769443 0.495908 3
1726748769551 0.887594 3
1726748769655 0.939285 3
1726748769761 10.891608 3
1726748769874 0.087695 3
1726748769993 0.940805 3
1726748770122 0.536511 3
1726748770233 1.556653 3
1726748770328 0.369424 3
1726748770418 0.356295 3
1726748770505 0.523945 4
1726748770590 1.250785 4
1726748770683 0.075233 4
1726748770780 3.288073 4
1726748770885 2.557534 4
1726748771004 2.047494 4
1726748771118 0.111391 4
1726748771223 1.040832 4
1726748771321 0.377231 4
1726748771424 1.36574 4
1726748771527 13.832417 5
1726748771631 0.08791 5
1726748771732 0.827042 5
1726748771829 0.054275 5
1726748771923 1.246364 5
1726748772025 0.080395 5
1726748772127 0.288054 5
1726748772229 1.779173 5
1726748772335 0.078224 5
1726748772439 1.510124 5
1726748772543 2.347033 6
1726748772643 0.379007 6
1726748772741 0.838187 6
1726748772832 0.824729 6
1726748772923 0.682708 6
1726748773013 3.327653 6
1726748773101 0.194898 6
1726748773193 4.191411 6
1726748773292 5.854308 6
1726748773393 3.584586 6
1726748773493 0.245244 7
1726748773593 4.672782 7
1726748773692 0.678384 7
1726748773796 0.284178 7
1726748773898 0.666676 7
1726748773998 0.717266 7
1726748774095 0.613065 7
1726748774189 1.876238 7
1726748774285 0.758889 7
1726748774384 0.650355 7
1726748774490 17.322104 8
1726748774593 0.924812 8
1726748774695 0.345216 8
1726748774795 1.604937 8
1726748774894 0.680014 8
1726748774990 2.128655 8
1726748775085 0.395957 8
1726748775183 0.113676 8
1726748775291 0.103762 8
1726748775393 0.248999 8
1726748775493 0.391875 9
1726748775598 0.158879 9
1726748775706 0.066795 9
1726748785082 1.875338 0
1726748785217 0.210697 0
1726748785321 0.37795 0
1726748785427 0.164544 0
1726748785536 0.230447 0
1726748785641 0.071711 0
1726748785742 0.942066 0
1726748785847 0.338529 0
1726748785948 0.725738 0
1726748786040 0.7085 0
1726748786142 1.850728 2
1726748786249 1.49641 2
1726748786357 0.636128 2
1726748786458 2.292061 2
1726748786560 0.952309 2
1726748786657 0.369468 2
1726748786751 87.275688 2
1726748786844 9.059617 2
1726748786941 1.913785 2
1726748787039 3.487632 2
1726748787139 1.123787 4
1726748787244 0.716003 4
1726748787361 20.974524 4
1726748787480 30.282129 4
1726748787582 2.025446 4
1726748787673 1.113123 4
1726748787765 15.392211 4
1726748787849 1.005529 4
1726748787938 0.401167 4
1726748788024 2.632041 4
1726748788115 0.496617 6
1726748788213 1.312849 6
1726748788319 1.358751 6
1726748788431 7.252085 6
1726748788546 0.093849 6
1726748788645 1.486887 6
1726748788740 0.478672 6
1726748788832 1.392041 6
1726748788924 0.395722 6
1726748789016 0.306819 6
1726748789112 0.438046 8
1726748789209 1.095774 8
1726748789313 0.05953 8
1726748789419 0.788985 8
1726748789532 2.138094 8
1726748789639 1.776225 8
1726748789738 0.126533 8
1726748789834 1.099737 8
1726748789932 0.319756 8
1726748790024 0.841665 8
1726748790117 1.293468 10
1726748790208 0.079631 10
1726748790304 0.794287 10
1726748790405 0.058327 10
1726748790514 7.246082 10
1726748790625 0.089896 10
1726748790734 0.237004 10
1726748790838 1.308108 10
1726748790944 0.076116 10
1726748791041 1.496854 10
1726748791136 5.971376 12
1726748791230 0.536802 12
1726748791326 0.770617 12
1726748791426 0.94336 12
1726748791524 0.999624 12
1726748791625 3.907971 12
1726748791727 0.273373 12
1726748791832 3.10448 12
1726748791931 0.577257 12
1726748792027 34.289661 12
1726748792123 0.222874 14
1726748792219 1.82132 14
1726748792312 1.688424 14
1726748792408 0.215295 14
1726748792512 0.385217 14
1726748792612 0.731688 14
1726748792711 0.668759 14
1726748792813 0.853263 14
1726748792919 0.760703 14
1726748793023 2.48522 14
1726748793125 16.935965 16
1726748793220 4.319443 16
1726748793314 0.367483 16
1726748793417 1.042109 16
1726748793524 1.712501 16
1726748793628 0.411094 16
1726748793731 0.565098 16
1726748793824 0.111123 16
1726748793916 0.075504 16
1726748794013 0.248803 16
1726748794112 0.435317 18
1726748794219 0.159069 18
1726748794326 0.065401 18
1726748803165 4.212697 0
1726748803299 0.141233 0
1726748803398 0.407207 0
1726748803493 0.13968 0
1726748803594 0.175743 0
1726748803698 0.073801 0
1726748803801 1.155451 0
1726748803903 0.310978 0
1726748804002 0.772631 0
1726748804104 0.480743 0
1726748804207 3.916071 3
1726748804310 1.28896 3
1726748804409 0.421681 3
1726748804502 4.739277 3
1726748804593 0.826157 3
1726748804685 0.366683 3
1726748804783 0.516717 3
1726748804884 2.785226 3
1726748804981 1.428547 3
1726748805076 1.392955 3
1726748805170 1.21056 6
1726748805265 3.086449 6
1726748805359 5.235747 6
1726748805457 2.54166 6
1726748805558 0.881316 6
1726748805660 1.078551 6
1726748805761 8.442383 6
1726748805863 0.638267 6
1726748805967 0.392684 6
1726748806066 3.269727 6
1726748806167 0.549155 9
1726748806271 1.137051 9
1726748806374 1.073908 9
1726748806471 2.645642 9
1726748806563 0.088347 9
1726748806657 2.188869 9
1726748806751 6.834314 9
1726748806851 1.021929 9
1726748806957 0.400155 9
1726748807059 0.326936 9
1726748807157 0.636363 12
1726748807256 0.932879 12
1726748807354 0.099612 12
1726748807450 0.889213 12
1726748807543 1.645842 12
1726748807638 5.584614 12
1726748807734 0.113578 12
1726748807824 0.797997 12
1726748807915 0.288987 12
1726748808008 0.914623 12
1726748808103 1.760362 15
1726748808202 0.067418 15
1726748808300 1.210901 15
1726748808403 0.059287 15
1726748808505 1.163105 15
1726748808602 0.069 15
1726748808691 0.214606 15
1726748808777 0.558432 15
1726748808870 0.074856 15
1726748808963 1.30239 15
1726748809060 2.237527 18
1726748809163 1.561353 18
1726748809267 0.788433 18
1726748809364 0.653118 18
1726748809459 0.73177 18
1726748809552 2.264018 18
1726748809648 0.328165 18
1726748809742 2.846975 18
1726748809832 0.526514 18
1726748809924 2.588295 18
1726748810018 0.302108 21
1726748810118 1.284718 21
1726748810221 0.822729 21
1726748810322 0.167798 21
1726748810429 0.27791 21
1726748810536 0.478329 21
1726748810634 0.571527 21
1726748810726 0.66532 21
1726748810816 0.931597 21
1726748810910 0.70397 21
1726748811001 1.738082 24
1726748811100 0.881676 24
1726748811200 0.394192 24
1726748811299 0.971936 24
1726748811392 0.855563 24
1726748811483 0.386923 24
1726748811575 0.654862 24
1726748811671 0.123986 24
1726748811773 0.076909 24
1726748811874 0.236355 24
1726748811968 0.47646 27
1726748812061 0.166528 27
1726748812152 0.070351 27
1726748821057 1.840079 0
1726748821207 0.142021 0
1726748821320 0.421123 0
1726748821451 0.16652 0
1726748821572 0.183731 0
1726748821686 0.082679 0
1726748821790 0.820011 0
1726748821891 0.36 0
1726748821984 1.038968 0
1726748822076 0.504758 0
1726748822170 6.37703 4
1726748822261 2.140794 4
1726748822355 0.413381 4
1726748822455 6.532545 4
1726748822557 0.9413 4
1726748822654 0.369619 4
1726748822752 0.405893 4
1726748822850 1.193645 4
1726748822954 7.714661 4
1726748823058 0.836284 4
1726748823159 1.648845 8
1726748823259 0.740793 8
1726748823360 4.263608 8
1726748823465 7.949759 8
1726748823562 0.651309 8
1726748823660 3.545197 8
1726748823766 24.682842 8
1726748823875 0.586597 8
1726748824000 0.378491 8
1726748824114 2.597939 8
1726748824220 0.457498 12
1726748824311 1.398529 12
1726748824401 4.623681 12
1726748824499 3.778239 12
1726748824596 0.068557 12
1726748824701 1.094772 12
1726748824811 0.316566 12
1726748824919 0.705588 12
1726748825022 0.428995 12
1726748825124 0.38148 12
1726748825218 0.357956 16
1726748825317 0.858531 16
1726748825408 0.092749 16
1726748825502 4.569334 16
1726748825601 1.196057 16
1726748825698 4.864507 16
1726748825792 0.134445 16
1726748825886 0.984528 16
1726748825982 0.342799 16
1726748826077 0.944103 16
1726748826173 1.125873 20
1726748826270 0.062815 20
1726748826366 1.305712 20
1726748826461 0.06172 20
1726748826560 1.108097 20
1726748826664 0.062409 20
1726748826765 0.215196 20
1726748826868 0.950901 20
1726748826973 0.08993 20
1726748827077 1.181019 20
1726748827181 8.152092 24
1726748827281 2.228199 24
1726748827383 0.554541 24
1726748827484 0.619248 24
1726748827582 1.083219 24
1726748827683 2.629411 24
1726748827782 0.324848 24
1726748827883 6.468935 24
1726748827984 0.50498 24
1726748828085 3.381172 24
1726748828189 0.339507 28
1726748828294 1.832413 28
1726748828398 7.482616 28
1726748828497 0.172273 28
1726748828595 0.316258 28
1726748828691 1.357191 28
1726748828783 0.669446 28
1726748828873 0.792869 28
1726748828968 2.152808 28
1726748829068 0.555453 28
1726748829175 1.156778 32
1726748829296 0.497833 32
1726748829409 0.317378 32
1726748829515 0.560468 32
1726748829611 0.530012 32
1726748829704 0.371961 32
1726748829796 0.402547 32
1726748829887 0.119112 32
1726748829982 0.070961 32
1726748830083 0.243785 32
1726748830184 0.490724 36
1726748830285 0.169758 36
1726748830384 0.060217 36
1726748839345 8.973955 0
1726748839497 0.154008 0
1726748839592 0.40037 0
1726748839694 0.154238 0
1726748839797 0.193966 0
1726748839900 0.070545 0
1726748839999 0.480844 0
1726748840095 0.360833 0
1726748840193 0.761964 0
1726748840294 0.461943 0
1726748840397 2.272305 5
1726748840497 1.136765 5
1726748840594 0.370277 5
1726748840690 51.047943 5
1726748840786 1.022036 5
1726748840882 0.352771 5
1726748840978 0.819603 5
1726748841073 1.595299 5
1726748841166 1.375354 5
1726748841258 0.612994 5
1726748841354 3.985637 10
1726748841456 0.548014 10
1726748841563 4.125709 10
1726748841665 4.963262 10
1726748841767 0.565326 10
1726748841868 1.459575 10
1726748841965 2.744914 10
1726748842062 0.64486 10
1726748842167 0.448413 10
1726748842271 8.788299 10
1726748842374 0.645563 15
1726748842477 0.962359 15
1726748842583 2.847605 15
1726748842687 10.091261 15
1726748842792 0.088459 15
1726748842893 24.140072 15
1726748843002 0.293223 15
1726748843102 0.557229 15
1726748843195 0.442933 15
1726748843290 0.193182 15
1726748843391 0.337652 20
1726748843495 0.85335 20
1726748843591 0.097308 20
1726748843686 1.054522 20
1726748843786 1.019183 20
1726748843886 3.294575 20
1726748843990 0.141159 20
1726748844092 1.972379 20
1726748844189 0.321594 20
1726748844295 0.913956 20
1726748844399 1.275429 25
1726748844509 0.065759 25
1726748844623 0.955669 25
1726748844724 0.053548 25
1726748844820 1.546428 25
1726748844918 0.064584 25
1726748845018 0.20614 25
1726748845121 0.930498 25
1726748845224 0.081865 25
1726748845325 0.986295 25
1726748845423 1.966686 30
1726748845524 1.176579 30
1726748845622 0.474971 30
1726748845721 0.654429 30
1726748845824 1.441663 30
1726748845925 3.328166 30
1726748846026 0.387086 30
1726748846126 2.93535 30
1726748846224 0.491653 30
1726748846318 2.475214 30
1726748846409 0.382503 35
1726748846503 1.963362 35
1726748846601 1.138492 35
1726748846698 0.169514 35
1726748846798 0.36915 35
1726748846895 0.678241 35
1726748846994 0.598599 35
1726748847095 0.553242 35
1726748847195 4.402975 35
1726748847295 0.522463 35
1726748847393 0.979525 40
1726748847489 0.841257 40
1726748847590 0.32953 40
1726748847687 0.536693 40
1726748847786 0.516134 40
1726748847891 0.424149 40
1726748847994 0.44184 40
1726748848093 0.108462 40
1726748848192 0.07729 40
1726748848293 0.240265 40
1726748848390 0.513009 45
1726748848485 0.156935 45
1726748848581 0.067105 45
1726748857443 2.131558 0
1726748857581 0.167087 0
1726748857672 0.386573 0
1726748857758 0.1711 0
1726748857843 0.226522 0
1726748857935 0.059675 0
1726748858047 0.679787 0
1726748858165 0.534546 0
1726748858281 15.3055 0
1726748858381 0.507205 0
1726748858475 2.396487 6
1726748858569 0.799213 6
1726748858660 0.374579 6
1726748858753 1.312266 6
1726748858852 0.77179 6
1726748858958 0.324605 6
1726748859074 0.976158 6
1726748859181 1.784586 6
1726748859280 1.395567 6
1726748859374 0.481876 6
1726748859467 1.51699 12
1726748859563 0.463561 12
1726748859665 3.882473 12
1726748859776 4.758862 12
1726748859895 0.584502 12
1726748860011 3.057051 12
1726748860112 2.607668 12
1726748860208 0.550446 12
1726748860303 0.493757 12
1726748860395 3.552027 12
1726748860490 0.460189 18
1726748860591 2.241118 18
1726748860689 1.594685 18
1726748860792 2.629261 18
1726748860891 0.077419 18
1726748860986 1.675516 18
1726748861082 0.306108 18
1726748861176 0.499409 18
1726748861273 0.480249 18
1726748861374 0.175233 18
1726748861474 0.382056 24
1726748861568 0.476806 24
1726748861659 0.095309 24
1726748861752 1.03382 24
1726748861851 1.088609 24
1726748861955 3.16248 24
1726748862060 0.130297 24
1726748862159 0.531575 24
1726748862257 0.307406 24
1726748862348 0.943947 24
1726748862442 1.223907 30
1726748862537 0.07118 30
1726748862637 0.793639 30
1726748862735 0.060524 30
1726748862838 1.853817 30
1726748862946 0.070901 30
1726748863052 0.216536 30
1726748863155 0.60364 30
1726748863251 0.072125 30
1726748863342 1.032675 30
1726748863433 6.343138 36
1726748863524 1.842677 36
1726748863617 0.40062 36
1726748863713 0.614083 36
1726748863812 1.170782 36
1726748863910 4.131955 36
1726748864005 0.302417 36
1726748864100 14.921757 36
1726748864195 0.399918 36
1726748864303 2.473362 36
1726748864411 0.452063 42
1726748864513 1.44821 42
1726748864614 2.143835 42
1726748864710 0.177026 42
1726748864807 0.325064 42
1726748864906 0.731616 42
1726748865008 0.540092 42
1726748865107 0.651809 42
1726748865202 1.838738 42
1726748865293 0.476055 42
1726748865387 8.227308 48
1726748865483 0.634125 48
1726748865579 0.303677 48
1726748865675 0.458223 48
1726748865767 0.612631 48
1726748865859 0.38539 48
1726748865954 0.454104 48
1726748866056 0.128909 48
1726748866158 0.06209 48
1726748866256 0.23922 48
1726748866356 0.522187 54
1726748866458 0.164306 54
1726748866558 0.071205 54
