1726823431286 1.0 0
1726823431415 1.0 0
1726823431550 1.0 0
1726823431696 1.0 0
1726823431853 1.0 0
1726823432038 1.0 0
1726823432229 1.0 0
1726823432384 1.0 0
1726823432528 1.0 0
1726823432673 1.0 0
1726823432814 1.0 1
1726823434033 1.0 0
1726823434193 1.0 0
1726823434328 1.0 0
1726823434477 1.0 0
1726823434622 1.0 0
1726823434764 1.0 0
1726823434910 1.0 0
1726823435059 1.0 0
1726823435203 1.0 0
1726823435338 1.0 0
1726823435471 1.0 2
1726823436755 1.0 0
1726823436902 1.0 0
1726823437060 1.0 0
1726823437226 1.0 0
1726823437384 1.0 0
1726823437522 1.0 0
1726823437659 1.0 0
1726823437790 1.0 0
1726823437916 1.0 0
1726823438046 1.0 0
1726823438178 1.0 3
1726823439441 1.0 0
1726823439583 1.0 0
1726823439732 1.0 0
1726823439911 1.0 0
1726823440074 1.0 0
1726823440211 1.0 0
1726823440340 1.0 0
1726823440465 1.0 0
1726823440594 1.0 0
1726823440728 1.0 0
1726823440861 1.0 4
