1726827595251 0.0 0
1726827595371 10.0 0
1726827595491 20.0 0
1726827595614 30.0 0
1726827595735 40.0 0
1726827595855 50.0 0
1726827595971 60.0 0
1726827596094 70.0 0
1726827596216 80.0 0
1726827596337 90.0 0
1726827596458 100.0 1
1726827596583 110.0 1
1726827596705 120.0 1
1726827596827 130.0 1
1726827596958 140.0 1
1726827597091 150.0 1
1726827597218 160.0 1
1726827597341 170.0 1
1726827597463 180.0 1
1726827597582 190.0 1
1726827597704 200.0 2
1726827597826 210.0 2
1726827597960 220.0 2
1726827598097 230.0 2
1726827598226 240.0 2
1726827598346 250.0 2
1726827598482 260.0 2
1726827598619 270.0 2
1726827598739 280.0 2
1726827598859 290.0 2
1726827598985 300.0 3
1726827599112 310.0 3
1726827599240 320.0 3
1726827599368 330.0 3
1726827599494 340.0 3
1726827599623 350.0 3
1726827599750 360.0 3
1726827599879 370.0 3
1726827600011 380.0 3
1726827600144 390.0 3
1726827600272 400.0 4
1726827600394 410.0 4
1726827600519 420.0 4
1726827603130 0.0 0
1726827603255 10.0 0
1726827603381 20.0 0
1726827603501 30.0 0
1726827603622 40.0 0
1726827603744 50.0 0
1726827603946 60.0 0
1726827604084 70.0 0
1726827604210 80.0 0
1726827604339 90.0 0
1726827604462 100.0 2
1726827604589 110.0 2
1726827604713 120.0 2
1726827604835 130.0 2
1726827604959 140.0 2
1726827605084 150.0 2
1726827605211 160.0 2
1726827605334 170.0 2
1726827605454 180.0 2
1726827605577 190.0 2
1726827605698 200.0 4
1726827605822 210.0 4
1726827605948 220.0 4
1726827606078 230.0 4
1726827606204 240.0 4
1726827606326 250.0 4
1726827606447 260.0 4
1726827606569 270.0 4
1726827606688 280.0 4
1726827606807 290.0 4
1726827606929 300.0 6
1726827607052 310.0 6
1726827607184 320.0 6
1726827607306 330.0 6
1726827607432 340.0 6
1726827607558 350.0 6
1726827607685 360.0 6
1726827607810 370.0 6
1726827607930 380.0 6
1726827608053 390.0 6
1726827608171 400.0 8
1726827608292 410.0 8
1726827608412 420.0 8
1726827610875 0.0 0
1726827610996 10.0 0
1726827611118 20.0 0
1726827611243 30.0 0
1726827611364 40.0 0
1726827611484 50.0 0
1726827611606 60.0 0
1726827611727 70.0 0
1726827611848 80.0 0
1726827611971 90.0 0
1726827612098 100.0 3
1726827612221 110.0 3
1726827612343 120.0 3
1726827612464 130.0 3
1726827612587 140.0 3
1726827612705 150.0 3
1726827612827 160.0 3
1726827612947 170.0 3
1726827613076 180.0 3
1726827613200 190.0 3
1726827613328 200.0 6
1726827613453 210.0 6
1726827613584 220.0 6
1726827613716 230.0 6
1726827613840 240.0 6
1726827613963 250.0 6
1726827614094 260.0 6
1726827614232 270.0 6
1726827614370 280.0 6
1726827614495 290.0 6
1726827614629 300.0 9
1726827614763 310.0 9
1726827614886 320.0 9
1726827615006 330.0 9
1726827615131 340.0 9
1726827615250 350.0 9
1726827615377 360.0 9
1726827615501 370.0 9
1726827615627 380.0 9
1726827615760 390.0 9
1726827615904 400.0 12
1726827616024 410.0 12
1726827616146 420.0 12
1726827618637 0.0 0
1726827618759 10.0 0
1726827618889 20.0 0
1726827619018 30.0 0
1726827619142 40.0 0
1726827619263 50.0 0
1726827619388 60.0 0
1726827619511 70.0 0
1726827619634 80.0 0
1726827619758 90.0 0
1726827619882 100.0 4
1726827620003 110.0 4
1726827620124 120.0 4
1726827620244 130.0 4
1726827620364 140.0 4
1726827620485 150.0 4
1726827620605 160.0 4
1726827620726 170.0 4
1726827620843 180.0 4
1726827620968 190.0 4
1726827621091 200.0 8
1726827621216 210.0 8
1726827621348 220.0 8
1726827621485 230.0 8
1726827621609 240.0 8
1726827621730 250.0 8
1726827621850 260.0 8
1726827621970 270.0 8
1726827622098 280.0 8
1726827622221 290.0 8
1726827622345 300.0 12
1726827622466 310.0 12
1726827622591 320.0 12
1726827622715 330.0 12
1726827622838 340.0 12
1726827622967 350.0 12
1726827623093 360.0 12
1726827623214 370.0 12
1726827623336 380.0 12
1726827623456 390.0 12
1726827623583 400.0 16
1726827623708 410.0 16
1726827623828 420.0 16
1726827626292 0.0 0
1726827626415 10.0 0
1726827626537 20.0 0
1726827626664 30.0 0
1726827626807 40.0 0
1726827626929 50.0 0
1726827627052 60.0 0
1726827627177 70.0 0
1726827627299 80.0 0
1726827627422 90.0 0
1726827627544 100.0 5
1726827627668 110.0 5
1726827627788 120.0 5
1726827627910 130.0 5
1726827628032 140.0 5
1726827628154 150.0 5
1726827628275 160.0 5
1726827628393 170.0 5
1726827628515 180.0 5
1726827628638 190.0 5
1726827628760 200.0 10
1726827628883 210.0 10
1726827629007 220.0 10
1726827629133 230.0 10
1726827629254 240.0 10
1726827629376 250.0 10
1726827629497 260.0 10
1726827629627 270.0 10
1726827629753 280.0 10
1726827629881 290.0 10
1726827630011 300.0 15
1726827630138 310.0 15
1726827630261 320.0 15
1726827630381 330.0 15
1726827630504 340.0 15
1726827630626 350.0 15
1726827630744 360.0 15
1726827630866 370.0 15
1726827630987 380.0 15
1726827631109 390.0 15
1726827631231 400.0 20
1726827631351 410.0 20
1726827631469 420.0 20
1726827634601 0.0 0
1726827634725 10.0 0
1726827634846 20.0 0
1726827634970 30.0 0
1726827635098 40.0 0
1726827635221 50.0 0
1726827635338 60.0 0
1726827635461 70.0 0
1726827635584 80.0 0
1726827635707 90.0 0
1726827635833 100.0 6
1726827635955 110.0 6
1726827636077 120.0 6
1726827636199 130.0 6
1726827636320 140.0 6
1726827636441 150.0 6
1726827636563 160.0 6
1726827636689 170.0 6
1726827636805 180.0 6
1726827636925 190.0 6
1726827637045 200.0 12
1726827637168 210.0 12
1726827637291 220.0 12
1726827637410 230.0 12
1726827637529 240.0 12
1726827637651 250.0 12
1726827637772 260.0 12
1726827637896 270.0 12
1726827638019 280.0 12
1726827638143 290.0 12
1726827638271 300.0 18
1726827638400 310.0 18
1726827638526 320.0 18
1726827638648 330.0 18
1726827638770 340.0 18
1726827638891 350.0 18
1726827639012 360.0 18
1726827639133 370.0 18
1726827639254 380.0 18
1726827639374 390.0 18
1726827639494 400.0 24
1726827639616 410.0 24
1726827639734 420.0 24
1726827642670 0.0 0
1726827642792 10.0 0
1726827642915 20.0 0
1726827643041 30.0 0
1726827643172 40.0 0
1726827643302 50.0 0
1726827643435 60.0 0
1726827643562 70.0 0
1726827643685 80.0 0
1726827643808 90.0 0
1726827643930 100.0 7
1726827644056 110.0 7
1726827644179 120.0 7
1726827644301 130.0 7
1726827644422 140.0 7
1726827644544 150.0 7
1726827644664 160.0 7
1726827644788 170.0 7
1726827644909 180.0 7
1726827645033 190.0 7
1726827645155 200.0 14
1726827645269 210.0 14
1726827645389 220.0 14
1726827645514 230.0 14
1726827645637 240.0 14
1726827645763 250.0 14
1726827645886 260.0 14
1726827646009 270.0 14
1726827646133 280.0 14
1726827646254 290.0 14
1726827646376 300.0 21
1726827646495 310.0 21
1726827646616 320.0 21
1726827646736 330.0 21
1726827646865 340.0 21
1726827646990 350.0 21
1726827647112 360.0 21
1726827647235 370.0 21
1726827647357 380.0 21
1726827647483 390.0 21
1726827647613 400.0 28
1726827647735 410.0 28
1726827647855 420.0 28
1726827650330 0.0 0
1726827650454 10.0 0
1726827650575 20.0 0
1726827650696 30.0 0
1726827650816 40.0 0
1726827650938 50.0 0
1726827651062 60.0 0
1726827651183 70.0 0
1726827651303 80.0 0
1726827651427 90.0 0
1726827651551 100.0 8
1726827651672 110.0 8
1726827651793 120.0 8
1726827651913 130.0 8
1726827652032 140.0 8
1726827652160 150.0 8
1726827652280 160.0 8
1726827652402 170.0 8
1726827652525 180.0 8
1726827652647 190.0 8
1726827652768 200.0 16
1726827652893 210.0 16
1726827653016 220.0 16
1726827653140 230.0 16
1726827653266 240.0 16
1726827653396 250.0 16
1726827653524 260.0 16
1726827653648 270.0 16
1726827653769 280.0 16
1726827653890 290.0 16
1726827654010 300.0 24
1726827654132 310.0 24
1726827654256 320.0 24
1726827654380 330.0 24
1726827654504 340.0 24
1726827654626 350.0 24
1726827654747 360.0 24
1726827654867 370.0 24
1726827654989 380.0 24
1726827655110 390.0 24
1726827655233 400.0 32
1726827655353 410.0 32
1726827655471 420.0 32
1726827658038 0.0 0
1726827658162 10.0 0
1726827658289 20.0 0
1726827658412 30.0 0
1726827658538 40.0 0
1726827658659 50.0 0
1726827658782 60.0 0
1726827658898 70.0 0
1726827659020 80.0 0
1726827659143 90.0 0
1726827659263 100.0 9
1726827659384 110.0 9
1726827659504 120.0 9
1726827659625 130.0 9
1726827659746 140.0 9
1726827659871 150.0 9
1726827659993 160.0 9
1726827660118 170.0 9
1726827660241 180.0 9
1726827660373 190.0 9
1726827660492 200.0 18
1726827660615 210.0 18
1726827660736 220.0 18
1726827660858 230.0 18
1726827660979 240.0 18
1726827661102 250.0 18
1726827661225 260.0 18
1726827661344 270.0 18
1726827661465 280.0 18
1726827661586 290.0 18
1726827661708 300.0 27
1726827661827 310.0 27
1726827661951 320.0 27
1726827662079 330.0 27
1726827662204 340.0 27
1726827662323 350.0 27
1726827662449 360.0 27
1726827662572 370.0 27
1726827662694 380.0 27
1726827662817 390.0 27
1726827662939 400.0 36
1726827663062 410.0 36
1726827663188 420.0 36
1726827665681 0.0 0
1726827665801 10.0 0
1726827665920 20.0 0
1726827666049 30.0 0
1726827666175 40.0 0
1726827666297 50.0 0
1726827666418 60.0 0
1726827666545 70.0 0
1726827666667 80.0 0
1726827666789 90.0 0
1726827666913 100.0 10
1726827667036 110.0 10
1726827667160 120.0 10
1726827667285 130.0 10
1726827667413 140.0 10
1726827667546 150.0 10
1726827667669 160.0 10
1726827667792 170.0 10
1726827667916 180.0 10
1726827668039 190.0 10
1726827668159 200.0 20
1726827668284 210.0 20
1726827668404 220.0 20
1726827668530 230.0 20
1726827668653 240.0 20
1726827668775 250.0 20
1726827668895 260.0 20
1726827669018 270.0 20
1726827669137 280.0 20
1726827669259 290.0 20
1726827669385 300.0 30
1726827669510 310.0 30
1726827669636 320.0 30
1726827669762 330.0 30
1726827669892 340.0 30
1726827670018 350.0 30
1726827670142 360.0 30
1726827670263 370.0 30
1726827670378 380.0 30
1726827670497 390.0 30
1726827670626 400.0 40
1726827670742 410.0 40
1726827670860 420.0 40
