1726791175576 71.269661 0
1726791175681 2.679545 0
1726791175779 19.831198 0
1726791175879 5.088304 0
1726791175976 6.16855 0
1726791176076 11.97562 0
1726791176173 1.816958 0
1726791176274 1.366478 0
1726791176375 3.015236 0
1726791176475 4.27367 0
1726791176572 14.884499 1
1726791176670 3.861501 1
1726791177513 4.522387 0
1726791177615 5.263624 0
1726791177719 8.326712 0
1726791177817 2.705599 0
1726791177913 2.789637 0
1726791178012 8.387848 0
1726791178108 2.125601 0
1726791178205 1.115201 0
1726791178302 75.307472 0
1726791178402 2.750452 0
1726791178501 5.38318 2
1726791178598 5.604442 2
1726791179323 67.46067 0
1726791179429 11.77651 0
1726791179525 2.952403 0
1726791179622 2.925948 0
1726791179725 3.245476 0
1726791179830 3.123538 0
1726791179927 5.681636 0
1726791180023 0.765751 0
1726791180122 45.801384 0
1726791180221 24.164158 0
1726791180318 6.931185 3
1726791180416 6.109585 3
1726791181163 5.190752 0
1726791181276 9.875021 0
1726791181373 12.133753 0
1726791181470 2.647335 0
1726791181566 6.707905 0
1726791181665 3.793881 0
1726791181771 0.889656 0
1726791181876 2.013161 0
1726791181972 1.342441 0
1726791182070 5.410261 0
1726791182173 4.929646 4
1726791182275 3.860082 4
1726791183003 4.12359 0
1726791183102 6.681069 0
1726791183200 2.027034 0
1726791183298 5.615856 0
1726791183395 6.153844 0
1726791183490 6.976067 0
1726791183586 1.582808 0
1726791183683 1.105733 0
1726791183784 8.57209 0
1726791183886 5.515216 0
1726791183983 24.290615 5
1726791184078 4.979146 5
1726791184809 1.394992 0
1726791184916 6.686703 0
1726791185013 2.638139 0
1726791185108 4.298402 0
1726791185203 13.127573 0
1726791185301 6.210569 0
1726791185405 1.643145 0
1726791185503 2.035494 0
1726791185599 13.614906 0
1726791185698 7.443762 0
1726791185796 4.288538 6
1726791185900 2.751894 6
