1726908379069 0.0 0
1726908379215 10.0 0
1726908379358 20.0 0
1726908379500 30.0 0
1726908379641 40.0 0
1726908379785 50.0 0
1726908380586 0.0 0
1726908380728 10.0 0
1726908380870 20.0 0
1726908381010 30.0 0
1726908381152 40.0 0
1726908381292 50.0 0
1726908381946 0.0 0
1726908382090 10.0 0
1726908382233 20.0 0
1726908382375 30.0 0
1726908382517 40.0 0
1726908382662 50.0 0
1726908383280 0.0 0
1726908383422 10.0 0
1726908383563 20.0 0
1726908383703 30.0 0
1726908383844 40.0 0
1726908383989 50.0 0
1726908384622 0.0 0
1726908384765 10.0 0
1726908384906 20.0 0
1726908385047 30.0 0
1726908385188 40.0 0
1726908385331 50.0 0
1726908385961 0.0 0
1726908386103 10.0 0
1726908386245 20.0 0
1726908386389 30.0 0
1726908386529 40.0 0
1726908386670 50.0 0
1726908387293 0.0 0
1726908387440 10.0 0
1726908387677 20.0 0
1726908387840 30.0 0
1726908387985 40.0 0
1726908388126 50.0 0
1726908388759 0.0 0
1726908388903 10.0 0
1726908389045 20.0 0
1726908389186 30.0 0
1726908389327 40.0 0
1726908389470 50.0 0
1726908390123 0.0 0
1726908390267 10.0 0
1726908390410 20.0 0
1726908390552 30.0 0
1726908390693 40.0 0
1726908390833 50.0 0
