1727118161213 0.413659 0
1727118161368 0.387721 0
1727118161514 0.10596 0
1727118161663 0.084443 0
1727118161809 0.204351 0
1727118161952 0.082367 0
1727118162102 0.119189 0
1727118162245 0.083318 0
1727118162389 0.19922 0
1727118162530 0.064853 0
1727118162673 0.43275 1
1727118162815 0.169161 1
1727118162958 2.287696 1
1727118163110 0.193063 1
1727118163251 0.120217 1
1727118163398 0.043283 1
1727118164426 0.123197 0
1727118164572 0.135998 0
1727118164717 0.150534 0
1727118164863 0.075067 0
1727118165006 0.219414 0
1727118165152 0.082575 0
1727118165300 0.113134 0
1727118165446 0.057619 0
1727118165600 0.191875 0
1727118165746 0.033641 0
1727118165890 0.429643 2
1727118166034 0.093319 2
1727118166177 2.414306 2
1727118166318 0.172201 2
1727118166463 0.139268 2
1727118166606 0.043993 2
1727118167646 0.100319 0
1727118167792 0.172362 0
1727118167946 0.138555 0
1727118168094 0.076431 0
1727118168241 0.173332 0
1727118168386 0.092526 0
1727118168530 0.1378 0
1727118168674 0.064887 0
1727118168817 0.183319 0
1727118168961 0.040931 0
1727118169107 0.3782 3
1727118169250 0.088923 3
1727118169401 2.38441 3
1727118169546 0.135636 3
1727118169690 0.105157 3
1727118169834 0.045913 3
1727118170826 0.081906 0
1727118170976 0.156855 0
1727118171121 0.137053 0
1727118171269 0.063426 0
1727118171416 0.171423 0
1727118171561 0.083157 0
1727118171708 0.131177 0
1727118171850 0.064709 0
1727118171997 0.172097 0
1727118172143 0.059067 0
1727118172290 0.315587 4
1727118172436 0.11047 4
1727118172581 2.310463 4
1727118172725 0.120738 4
1727118172870 0.079435 4
1727118173014 0.04927 4
1727118174043 0.060673 0
1727118174190 0.127206 0
1727118174336 0.131978 0
1727118174482 0.072939 0
1727118174628 0.156266 0
1727118174770 0.091771 0
1727118174916 0.13252 0
1727118175061 0.080529 0
1727118175207 0.167141 0
1727118175352 0.04909 0
1727118175501 0.300974 5
1727118175646 0.137335 5
1727118175789 2.291001 5
1727118175933 0.13341 5
1727118176079 0.082172 5
1727118176220 0.048472 5
1727118177207 0.04157 0
1727118177353 0.11273 0
1727118177499 0.128855 0
1727118177648 0.073573 0
1727118177794 0.153563 0
1727118177939 0.10786 0
1727118178081 0.132766 0
1727118178226 0.055206 0
1727118178369 0.176572 0
1727118178512 0.035151 0
1727118178656 0.322711 6
1727118178798 0.127095 6
1727118178944 2.224874 6
1727118179087 0.134653 6
1727118179232 0.077575 6
1727118179379 0.049695 6
1727118180376 0.040206 0
1727118180527 0.133963 0
1727118180673 0.121024 0
1727118180816 0.065438 0
1727118180961 0.164046 0
1727118181104 0.09491 0
1727118181252 0.128921 0
1727118181398 0.069585 0
1727118181542 0.186513 0
1727118181691 0.034427 0
1727118181838 0.317889 7
1727118181982 0.122955 7
1727118182128 2.266291 7
1727118182272 0.139808 7
1727118182416 0.069979 7
1727118182561 0.061428 7
1727118183576 0.040529 0
1727118183727 0.136192 0
1727118183871 0.107222 0
1727118184019 0.06333 0
1727118184163 0.160722 0
1727118184307 0.078391 0
1727118184451 0.132547 0
1727118184596 0.079508 0
1727118184742 0.175597 0
1727118184890 0.033721 0
1727118185038 0.278301 8
1727118185182 0.120404 8
1727118185327 2.047495 8
1727118185474 0.122894 8
1727118185618 0.055663 8
1727118185766 0.054586 8
1727118186747 0.039091 0
1727118186895 0.126672 0
1727118187043 0.104702 0
1727118187190 0.066768 0
1727118187334 0.147532 0
1727118187486 0.092793 0
1727118187645 0.140709 0
1727118187794 0.084105 0
1727118187937 0.180958 0
1727118188082 0.033491 0
1727118188234 0.274223 9
1727118188378 0.143774 9
1727118188523 1.98265 9
1727118188667 0.159095 9
1727118188811 0.062791 9
1727118188954 0.056144 9
1727118189979 0.068529 0
1727118190126 0.099352 0
1727118190268 0.097634 0
1727118190417 0.068663 0
1727118190562 0.156854 0
1727118190707 0.097114 0
1727118190855 0.139238 0
1727118190998 0.082961 0
1727118191143 0.191395 0
1727118191288 0.028874 0
1727118191430 0.304616 10
1727118191581 0.121352 10
1727118191726 2.037348 10
1727118191873 0.163374 10
1727118192020 0.059308 10
1727118192165 0.054856 10
