1726819362625 36.543194 0
1726819362762 32.725296 0
1726819362892 21.202644 0
1726819363024 49.33828 0
1726819363150 19.242947 0
1726819363271 2.197922 0
1726819363396 2.118464 0
1726819363532 13.741282 0
1726819363663 3.981102 0
1726819363792 5.74942 0
1726819365098 299.521759 0
1726819365247 11.550831 0
1726819365374 13.01622 0
1726819365504 1.036929 0
1726819365626 1.418158 0
1726819365773 2.663267 0
1726819365913 2.2787 0
1726819366043 2.089956 0
1726819366160 1.803852 0
1726819366273 2.816475 0
1726819367388 4.718344 0
1726819367526 19.311621 0
1726819367663 8.07331 0
1726819367805 2.04427 0
1726819367944 1.381286 0
1726819368076 1.678292 0
1726819368198 1.207592 0
1726819368316 80.710632 0
1726819368432 3.425475 0
1726819368550 2.663275 0
1726819369620 25.121586 0
1726819369751 10.916686 0
1726819369881 8.55143 0
1726819370013 10.284043 0
1726819370146 2.575766 0
1726819370274 3.361289 0
1726819370400 3.425666 0
1726819370524 3.559577 0
1726819370643 2.236389 0
1726819370765 2.684974 0
1726819371898 24.195423 0
1726819372050 11.540465 0
1726819372166 9.969038 0
1726819372282 2.173686 0
1726819372400 1.360544 0
1726819372516 1.54567 0
1726819372630 1.377482 0
1726819372747 13.135893 0
1726819372877 2.797829 0
1726819373026 1.966486 0
1726819374300 11.500513 0
1726819374430 11.002317 0
1726819374557 18.115934 0
1726819374692 21.725742 0
1726819374821 9.310107 0
1726819374942 2.493065 0
1726819375063 2.32895 0
1726819375187 15.327808 0
1726819375318 3.100986 0
1726819375447 2.705681 0
1726819376629 25.879541 0
1726819376767 17.584835 0
1726819376894 22.051329 0
1726819377025 5.526818 0
1726819377163 1.828637 0
1726819377294 2.310986 0
1726819377418 2.44718 0
1726819377537 17.042229 0
1726819377653 2.215418 0
1726819377770 5.209399 0
1726819379016 9.126961 0
1726819379153 7.340817 0
1726819379281 14.928848 0
1726819379401 3.689287 0
1726819379520 2.207973 0
1726819379639 2.426972 0
1726819379762 1.584004 0
1726819379887 5.433357 0
1726819380013 3.762212 0
1726819380141 3.813597 0
1726819381237 15.102094 0
1726819381363 8.569542 0
1726819381490 5.373545 0
1726819381618 7.291589 0
1726819381745 6.118324 0
1726819381874 3.924741 0
1726819381997 10.74265 0
1726819382113 7.429618 0
1726819382228 4.703554 0
1726819382347 30.14134 0
1726819383534 11.10178 0
1726819383665 20.779259 0
1726819383784 7.664904 0
1726819383902 3.963746 0
1726819384020 1.539232 0
1726819384143 2.690882 0
1726819384266 1.693004 0
1726819384384 6.76037 0
1726819384498 2.474377 0
1726819384609 3.74561 0
