1726847906352 39.97102 0
1726847906515 2.064845 0
1726847906674 8.836926 0
1726847906824 1.468656 0
1726847907019 0.551658 0
1726847907171 1.643662 0
1726847907314 1.301136 0
1726847907451 5.698733 0
1726847907585 4.5732 0
1726847907719 1.978019 0
1726847907855 2.726564 1
1726847907992 4.439477 1
1726847908131 1.81525 1
1726847908272 0.727423 1
1726847908415 0.770733 1
1726847908585 94.179527 1
1726847911033 10.52125 0
1726847911244 3.834259 0
1726847911393 1.012784 0
1726847911530 0.394165 0
1726847911664 14.008629 0
1726847911797 2.38104 0
1726847911934 1.118922 0
1726847912072 3.215743 0
1726847912218 0.967286 0
1726847912366 1.104164 0
1726847912514 8.907078 2
1726847912660 2.276083 2
1726847912807 1.643187 2
1726847912952 0.74556 2
1726847913093 5.489523 2
1726847913232 1.141217 2
1726847915776 3.859401 0
1726847915979 1.270138 0
1726847916165 0.550991 0
1726847916341 0.871735 0
1726847916503 0.999217 0
1726847916652 2.963783 0
1726847916792 1.075829 0
1726847916930 2.71739 0
1726847917066 4.39413 0
1726847917205 1.97357 0
1726847917344 1.130498 3
1726847917486 0.988781 3
1726847917626 1.163648 3
1726847917767 0.956913 3
1726847917907 1.336023 3
1726847918045 1.292124 3
1726847920440 1.475945 0
1726847920623 0.356334 0
1726847920794 4.845918 0
1726847920951 14.477075 0
1726847921104 1.005534 0
1726847921253 1.458784 0
1726847921396 6.512821 0
1726847921546 17.591705 0
1726847921696 2.339188 0
1726847921851 0.844305 0
1726847922004 1.685554 4
1726847922157 2.529973 4
1726847922310 3.73458 4
1726847922458 0.477413 4
1726847922602 0.884679 4
1726847922739 4.042096 4
1726847925206 1.930532 0
1726847925399 0.806826 0
1726847925579 1.082846 0
1726847925754 0.390411 0
1726847925921 0.610038 0
1726847926078 1.31311 0
1726847926229 1.442059 0
1726847926375 2.025373 0
1726847926524 1.801509 0
1726847926678 1.069136 0
1726847926830 1.1936 5
1726847926978 1.088418 5
1726847927125 2.342732 5
1726847927271 0.689615 5
1726847927412 1.255831 5
1726847927549 7.915756 5
1726847930092 7.937092 0
1726847930280 3.770541 0
1726847930460 4.673707 0
1726847930632 1.161394 0
1726847930805 0.495979 0
1726847930976 45.448723 0
1726847931130 0.905218 0
1726847931276 5.640421 0
1726847931421 3.012248 0
1726847931560 1.011936 0
1726847931698 2.111485 6
1726847931837 1.313657 6
1726847931975 2.066241 6
1726847932115 1.299209 6
1726847932254 1.026328 6
1726847932387 15.868902 6
1726847934660 5.201076 0
1726847934843 1.540179 0
1726847935022 2.211723 0
1726847935185 1.076512 0
1726847935337 1.436041 0
1726847935480 1.527074 0
1726847935619 1.400194 0
1726847935755 7.488639 0
1726847935891 2.528771 0
1726847936028 0.959808 0
1726847936164 1.180853 7
1726847936304 1.073334 7
1726847936446 2.033116 7
1726847936588 0.551162 7
1726847936730 0.916878 7
1726847936872 2.728251 7
1726847939458 6.456147 0
1726847939649 0.670609 0
1726847939823 1.311811 0
1726847939982 0.724576 0
1726847940132 0.588085 0
1726847940280 4.055605 0
1726847940423 1.737177 0
1726847940563 4.370238 0
1726847940705 2.225376 0
1726847940849 0.93606 0
1726847941003 1.59821 8
1726847941157 6.942298 8
1726847941308 1.2972 8
1726847941475 0.546612 8
1726847941628 0.90691 8
1726847941779 4.111696 8
1726847944327 3.627706 0
1726847944515 0.567144 0
1726847944697 2.912793 0
1726847944860 4.895783 0
1726847945016 0.537997 0
1726847945173 21.1206 0
1726847945326 1.259188 0
1726847945472 3.204021 0
1726847945613 8.353844 0
1726847945750 2.795247 0
1726847945885 1.569578 9
1726847946017 1.240632 9
1726847946149 2.582242 9
1726847946284 0.604555 9
1726847946421 0.845552 9
1726847946555 7.337902 9
1726847948835 5.488628 0
1726847949044 0.78371 0
1726847949229 3.9161 0
1726847949403 19.897438 0
1726847949560 0.858931 0
1726847949716 1.512781 0
1726847949867 1.460466 0
1726847950015 2.308369 0
1726847950161 4.114327 0
1726847950307 0.971694 0
1726847950457 5.155638 10
1726847950613 2.174957 10
1726847950767 2.082833 10
1726847950914 0.460195 10
1726847951059 0.846688 10
1726847951202 2.526002 10
