1726936651328 0.405194 0
1726936651471 0.1683 0
1726936651614 2.13951 0
1726936651756 1.595322 0
1726936651902 0.346454 0
1726936652045 0.402847 0
1726936652193 0.193851 0
1726936652334 0.19767 0
1726936652477 2.543359 0
1726936652621 0.378937 0
1726936652762 0.477391 1
1726936653777 0.295652 0
1726936653923 0.220128 0
1726936654066 1.117558 0
1726936654209 0.780447 0
1726936654350 0.278414 0
1726936654493 0.332246 0
1726936654635 0.195174 0
1726936654781 0.271401 0
1726936654926 1.156505 0
1726936655069 0.346218 0
1726936655211 0.393036 2
1726936656169 0.167832 0
1726936656312 0.149527 0
1726936656455 0.864183 0
1726936656597 0.594486 0
1726936656741 0.350992 0
1726936656883 0.250702 0
1726936657026 0.174529 0
1726936657168 0.259159 0
1726936657310 1.039217 0
1726936657452 0.33857 0
1726936657595 0.368078 3
1726936658520 0.15285 0
1726936658663 0.142082 0
1726936658807 0.756428 0
1726936658952 0.52908 0
1726936659096 0.250053 0
1726936659237 0.259688 0
1726936659379 0.188514 0
1726936659522 0.263892 0
1726936659662 0.907167 0
1726936659805 0.316681 0
1726936659948 0.388582 4
1726936660894 0.197134 0
1726936661037 0.1409 0
1726936661179 0.939428 0
1726936661321 0.481741 0
1726936661464 0.303776 0
1726936661607 0.244249 0
1726936661750 0.177649 0
1726936661892 0.297198 0
1726936662040 0.824122 0
1726936662188 0.325 0
1726936662329 0.389094 5
1726936663253 0.275328 0
1726936663397 0.193334 0
1726936663540 0.791251 0
1726936663682 0.494145 0
1726936663823 0.275678 0
1726936663966 0.24646 0
1726936664110 0.181456 0
1726936664254 0.221339 0
1726936664397 0.798205 0
1726936664540 0.309089 0
1726936664682 0.406583 6
1726936665604 0.149442 0
1726936665746 0.149335 0
1726936665892 0.772661 0
1726936666035 0.436349 0
1726936666182 0.25204 0
1726936666327 0.254738 0
1726936666471 0.1682 0
1726936666613 0.29461 0
1726936666755 0.770684 0
1726936666899 0.307529 0
1726936667043 0.404626 7
