1727268594161 48.840199 0
1727268594279 271.282593 0
1727268594400 29.288908 0
1727268594523 21.122955 0
1727268594671 134.331665 0
1727268594812 33.674072 0
1727268594964 30.380877 0
1727268595108 38.140354 0
1727268595253 32.444168 0
1727268595414 79.24025 0
1727268595576 68.041397 1
1727268595719 79.679504 1
1727268595875 32.758213 1
1727268596017 32.849754 1
1727268596146 13.050318 1
1727268596338 5.794688 1
1727268597209 528.365479 0
1727268597363 13.390893 0
1727268597525 9.005868 0
1727268597650 6.70814 0
1727268597802 6.410012 0
1727268597954 17.330322 0
1727268598100 11.691827 0
1727268598241 6.596111 0
1727268598383 8.739637 0
1727268598519 27.53644 0
1727268598671 28.14727 2
1727268598796 9.803275 2
1727268598942 10.856488 2
1727268599106 9.432662 2
1727268599260 7.856305 2
1727268599402 2.406985 2
1727268600295 4.103916 0
1727268600455 4.080619 0
1727268600600 41.652775 0
1727268600761 6.816135 0
1727268600917 2.738668 0
1727268601056 15.497222 0
1727268601200 1.931009 0
1727268601347 2.391847 0
1727268601486 4.159179 0
1727268601632 4.167256 0
1727268601795 4.746499 3
1727268601944 2.963961 3
1727268602102 1.300913 3
1727268602256 2.352641 3
1727268602397 2.022192 3
1727268602565 1.299538 3
1727268603444 1.483017 0
1727268603602 2.84025 0
1727268603750 1.599092 0
1727268603889 13.022409 0
1727268604031 2.076949 0
1727268604166 12.646841 0
1727268604326 1.348114 0
1727268604469 2.47637 0
1727268604614 4.585745 0
1727268604761 1.075695 0
1727268604916 2.744734 4
1727268605063 1.807961 4
1727268605205 0.605195 4
1727268605367 1.007584 4
1727268605526 2.200132 4
1727268605667 1.776194 4
1727268606654 1.965842 0
1727268606812 4.799935 0
1727268606958 1.576481 0
1727268607127 1.723189 0
1727268607293 9.231897 0
1727268607458 10.395594 0
1727268607595 0.792461 0
1727268607748 1.732073 0
1727268607904 6.979387 0
1727268608053 2.116986 0
1727268608206 2.734487 5
1727268608358 1.431935 5
1727268608498 0.564123 5
1727268608639 0.845132 5
1727268608779 1.164446 5
1727268608918 1.216863 5
1727268609809 1.065015 0
1727268609955 2.026206 0
1727268610105 1.646835 0
1727268610264 2.606458 0
1727268610404 4.098368 0
1727268610554 17.547527 0
1727268610719 0.749352 0
1727268610889 1.610627 0
1727268611041 2.808718 0
1727268611202 1.507589 0
1727268611355 2.479089 6
1727268611520 1.580035 6
1727268611692 0.557221 6
1727268611845 0.851321 6
1727268611999 0.890635 6
1727268612148 0.909377 6
1727268613104 0.805162 0
1727268613245 1.352464 0
1727268613390 5.190361 0
1727268613534 2.695245 0
1727268613681 86.606979 0
1727268613810 41.546833 0
1727268613945 0.756522 0
1727268614073 3.408818 0
1727268614202 4.67511 0
1727268614329 1.331237 0
1727268614459 2.458466 7
1727268614617 3.20037 7
1727268614758 0.582165 7
1727268614890 1.242591 7
1727268615019 0.764936 7
1727268615157 0.819771 7
1727268615988 0.875298 0
1727268616118 1.060085 0
1727268616253 3.930521 0
1727268616415 2.402975 0
1727268616546 3.89266 0
1727268616693 529.603516 0
1727268616818 0.790542 0
1727268616965 1.183574 0
1727268617095 2.870534 0
1727268617230 0.891612 0
1727268617365 3.293018 8
1727268617509 2.049294 8
1727268617636 0.505266 8
1727268617780 1.018852 8
1727268617909 0.790764 8
1727268618029 1.070015 8
1727268618804 0.910447 0
1727268618950 1.028084 0
1727268619086 2.871703 0
1727268619228 1.507783 0
1727268619368 2.739029 0
1727268619497 9.191644 0
1727268619632 0.795205 0
1727268619771 1.087179 0
1727268619904 6.268529 0
1727268620032 1.118603 0
1727268620161 2.845022 9
1727268620319 8.06038 9
1727268620460 0.547188 9
1727268620613 0.932275 9
1727268620736 0.775104 9
1727268620873 0.842693 9
1727268621686 1.435213 0
1727268621830 1.102494 0
1727268621968 2.729593 0
1727268622094 1.629904 0
1727268622226 3.004991 0
1727268622363 15.28262 0
1727268622503 0.703328 0
1727268622651 1.010325 0
1727268622776 4.695528 0
1727268622903 1.593126 0
1727268623055 2.316141 10
1727268623180 3.497559 10
1727268623323 0.526702 10
1727268623457 0.813352 10
1727268623606 0.797483 10
1727268623746 1.066191 10
