1726768814153 21.862808 0
1726768814248 2.226458 0
1726768814341 7.081364 0
1726768814432 3.827996 0
1726768814526 15.139307 0
1726768814902 23.826096 0
1726768815004 17.426153 0
1726768815097 5.849924 0
1726768815195 15.109674 0
1726768815287 1.774928 0
1726768815647 30.198818 0
1726768815745 8.669355 0
1726768815840 5.784144 0
1726768815932 4.034744 0
1726768816023 13.423525 0
1726768816373 1.660409 0
1726768816476 6.739635 0
1726768816569 4.904841 0
1726768816663 6.542315 0
1726768816760 6.516842 0
1726768817114 1.160363 0
1726768817221 3.961434 0
1726768817314 4.269164 0
1726768817404 10.707505 0
1726768817495 9.379087 0
