1726768814150 0.691008 0
1726768814245 0.272892 0
1726768814338 0.538833 0
1726768814430 0.532797 0
1726768814523 0.668022 0
1726768814899 0.544445 0
1726768815002 0.280605 0
1726768815095 0.454257 0
1726768815192 0.547155 0
1726768815285 1.138282 0
1726768815644 0.888736 0
1726768815742 0.279514 0
1726768815837 0.452983 0
1726768815930 0.68337 0
1726768816020 0.744179 0
1726768816370 0.561381 0
1726768816473 0.325397 0
1726768816566 0.465994 0
1726768816660 0.557248 0
1726768816757 0.865665 0
1726768817111 0.597283 0
1726768817218 0.341536 0
1726768817311 0.388236 0
1726768817402 0.519672 0
1726768817492 0.711461 0
