1726907536663 0.0 0
1726907536808 10.0 0
1726907536951 20.0 0
1726907537092 30.0 0
1726907537234 40.0 0
1726907537375 50.0 0
1726907537518 60.0 0
1726907538309 0.0 0
1726907538454 10.0 0
1726907538596 20.0 0
1726907538737 30.0 0
1726907538883 40.0 0
1726907539025 50.0 0
1726907539170 60.0 0
1726907539818 0.0 0
1726907539964 10.0 0
1726907540107 20.0 0
1726907540248 30.0 0
1726907540389 40.0 0
1726907540532 50.0 0
1726907540674 60.0 0
1726907541324 0.0 0
1726907541468 10.0 0
1726907541610 20.0 0
1726907541751 30.0 0
1726907541892 40.0 0
1726907542035 50.0 0
1726907542176 60.0 0
1726907542816 0.0 0
1726907542963 10.0 0
1726907543104 20.0 0
1726907543245 30.0 0
1726907543387 40.0 0
1726907543529 50.0 0
1726907543671 60.0 0
1726907544312 0.0 0
1726907544454 10.0 0
1726907544596 20.0 0
1726907544738 30.0 0
1726907544881 40.0 0
1726907545024 50.0 0
1726907545167 60.0 0
1726907545804 0.0 0
1726907545948 10.0 0
1726907546089 20.0 0
1726907546230 30.0 0
1726907546371 40.0 0
1726907546514 50.0 0
1726907546655 60.0 0
1726907547300 0.0 0
1726907547447 10.0 0
1726907547589 20.0 0
1726907547731 30.0 0
1726907547873 40.0 0
1726907548015 50.0 0
1726907548157 60.0 0
