1726836999628 0.441949 0
1726836999768 0.436677 0
1726836999900 0.251676 0
1726837000033 0.581087 0
1726837000166 0.377666 0
1726837000297 0.212639 0
1726837000431 0.314791 0
1726837000564 0.351398 0
1726837000696 0.224528 0
1726837000829 0.951058 0
1726837000963 0.233833 1
1726837001097 0.503251 1
1726837001230 0.427329 1
1726837001362 0.199417 1
1726837001495 0.289451 1
1726837001628 0.757129 1
1726837001760 0.330106 1
1726837001893 0.410891 1
1726837002026 1.800468 1
1726837002160 0.228478 1
1726837002291 0.58761 2
1726837003770 0.729211 0
1726837003906 0.193668 0
1726837004039 0.119645 0
1726837004172 0.269737 0
1726837004304 0.372625 0
1726837004436 0.091711 0
1726837004570 0.194311 0
1726837004703 0.308474 0
1726837004838 0.089266 0
1726837004975 0.405039 0
1726837005114 0.234113 2
1726837005250 0.25147 2
1726837005386 0.282339 2
1726837005529 0.203145 2
1726837005663 0.273428 2
1726837005798 0.61138 2
1726837005930 0.305073 2
1726837006061 0.296337 2
1726837006193 1.279346 2
1726837006323 0.205479 2
1726837006459 0.588628 4
1726837007992 0.502973 0
1726837008130 0.238259 0
1726837008263 0.111601 0
1726837008396 0.307396 0
1726837008531 0.2361 0
1726837008666 0.094452 0
1726837008806 0.19641 0
1726837008942 0.314096 0
1726837009078 0.110814 0
1726837009212 0.411165 0
1726837009346 0.193543 3
1726837009479 0.253652 3
1726837009612 0.229616 3
1726837009743 0.144181 3
1726837009875 0.226826 3
1726837010009 0.568803 3
1726837010144 0.27052 3
1726837010278 0.286869 3
1726837010413 1.164371 3
1726837010547 0.213484 3
1726837010683 0.534699 6
1726837012200 0.267822 0
1726837012337 0.193938 0
1726837012469 0.118023 0
1726837012604 0.282018 0
1726837012739 0.26068 0
1726837012876 0.085063 0
1726837013010 0.190548 0
1726837013159 0.30424 0
1726837013295 0.105452 0
1726837013428 0.309991 0
1726837013561 0.204901 4
1726837013694 0.224483 4
1726837013829 0.227489 4
1726837013962 0.154215 4
1726837014093 0.229174 4
1726837014226 0.59525 4
1726837014360 0.262556 4
1726837014494 0.283878 4
1726837014629 1.106294 4
1726837014761 0.199922 4
1726837014892 0.523895 8
1726837016333 0.259166 0
1726837016466 0.186649 0
1726837016599 0.115739 0
1726837016729 0.240642 0
1726837016861 0.24662 0
1726837016994 0.084373 0
1726837017127 0.193468 0
1726837017260 0.32935 0
1726837017395 0.093698 0
1726837017528 0.286433 0
1726837017662 0.20058 5
1726837017798 0.250018 5
1726837017931 0.218009 5
1726837018063 0.15037 5
1726837018196 0.235933 5
1726837018329 0.563409 5
1726837018462 0.269167 5
1726837018599 0.281288 5
1726837018731 1.060041 5
1726837018863 0.199367 5
1726837018996 0.517 10
1726837020624 0.252897 0
1726837020765 0.185227 0
1726837020903 0.114906 0
1726837021043 0.24091 0
1726837021178 0.244724 0
1726837021314 0.080215 0
1726837021451 0.191793 0
1726837021584 0.319701 0
1726837021716 0.090903 0
1726837021848 0.283334 0
1726837021981 0.20589 6
1726837022118 0.23644 6
1726837022271 0.216775 6
1726837022409 0.149945 6
1726837022544 0.236802 6
1726837022677 0.596666 6
1726837022811 0.267916 6
1726837022945 0.281772 6
1726837023077 1.03001 6
1726837023218 0.192886 6
1726837023353 0.517549 12
1726837024811 0.249783 0
1726837024952 0.185879 0
1726837025094 0.115274 0
1726837025229 0.229273 0
1726837025365 0.241597 0
1726837025502 0.083379 0
1726837025639 0.193908 0
1726837025773 0.324967 0
1726837025908 0.084652 0
1726837026042 0.271006 0
1726837026175 0.203793 7
1726837026306 0.233304 7
1726837026439 0.214811 7
1726837026572 0.150303 7
1726837026707 0.242162 7
1726837026840 0.62173 7
1726837026972 0.273047 7
1726837027105 0.290337 7
1726837027240 1.027417 7
1726837027373 0.199888 7
1726837027509 0.51541 14
1726837028977 0.242403 0
1726837029117 0.187451 0
1726837029249 0.113856 0
1726837029381 0.232035 0
1726837029515 0.237395 0
1726837029649 0.08349 0
1726837029783 0.193993 0
1726837029918 0.323523 0
1726837030051 0.081023 0
1726837030186 0.276315 0
1726837030321 0.211351 8
1726837030456 0.232375 8
1726837030595 0.217734 8
1726837030729 0.152574 8
1726837030863 0.235839 8
1726837030996 0.602352 8
1726837031130 0.267857 8
1726837031264 0.286043 8
1726837031398 1.004122 8
1726837031530 0.197939 8
1726837031666 0.532681 16
1726837033150 0.248187 0
1726837033290 0.186474 0
1726837033423 0.110929 0
1726837033559 0.219065 0
1726837033695 0.241004 0
1726837033830 0.080158 0
1726837033963 0.189702 0
1726837034099 0.322251 0
1726837034234 0.080504 0
1726837034370 0.273227 0
1726837034504 0.20272 9
1726837034638 0.222556 9
1726837034772 0.207527 9
1726837034906 0.146075 9
1726837035042 0.239314 9
1726837035175 0.585567 9
1726837035310 0.273889 9
1726837035442 0.289149 9
1726837035575 1.031229 9
1726837035708 0.203109 9
1726837035843 0.52331 18
1726837037311 0.251089 0
1726837037450 0.186198 0
1726837037583 0.113143 0
1726837037715 0.21652 0
1726837037850 0.239684 0
1726837037986 0.0797 0
1726837038122 0.193101 0
1726837038255 0.318027 0
1726837038390 0.08397 0
1726837038524 0.266012 0
1726837038657 0.20756 10
1726837038789 0.222916 10
1726837038922 0.209694 10
1726837039055 0.149695 10
1726837039189 0.230696 10
1726837039323 0.597236 10
1726837039457 0.26935 10
1726837039589 0.281543 10
1726837039721 0.94648 10
1726837039855 0.195763 10
1726837039988 0.502061 20
