1726792043279 0.013885 0
1726792043381 0.011108 0
1726792043480 0.0037 0
1726792043577 0.001285 0
1726792043676 0.00204 0
1726792043775 0.000899 0
1726792043881 0.000981 0
1726792043982 0.000976 0
1726792044079 0.000664 0
1726792044179 0.000737 0
1726792044278 0.000912 1
1726792044377 0.001005 1
1726792045063 0.002277 0
1726792045166 0.001041 0
1726792045271 0.000963 0
1726792045370 0.000663 0
1726792045466 0.000506 0
1726792045563 0.00169 0
1726792045659 0.001295 0
1726792045759 0.000639 0
1726792045856 0.000969 0
1726792045953 0.000955 0
1726792046050 0.000738 2
1726792046149 0.000575 2
1726792046935 0.012781 0
1726792047043 0.001502 0
1726792047141 0.000724 0
1726792047243 0.000828 0
1726792047346 0.000698 0
1726792047444 0.000854 0
1726792047541 0.0007 0
1726792047640 0.000735 0
1726792047737 0.000707 0
1726792047837 0.000502 0
1726792047934 0.000413 3
1726792048032 0.000727 3
1726792048687 0.043611 0
1726792048797 0.001346 0
1726792048895 0.000769 0
1726792048993 0.000736 0
1726792049098 0.001794 0
1726792049198 0.004454 0
1726792049296 0.000369 0
1726792049394 0.001359 0
1726792049492 0.000818 0
1726792049589 0.0051 0
1726792049689 0.001042 4
1726792049789 0.000626 4
