1726820056645 0.339369 0
1726820056770 0.301669 0
1726820056900 0.35192 0
1726820057032 0.60589 0
1726820057165 0.164734 0
1726820057294 0.185223 0
1726820057427 0.212029 0
1726820057559 0.066814 0
1726820057697 0.196351 0
1726820057842 0.193846 0
1726820057988 0.157217 1
1726820058131 0.147446 1
1726820058270 0.195939 1
1726820058405 0.565928 1
1726820058537 0.304191 1
1726820058664 0.414343 1
1726820058787 0.222446 1
1726820058907 0.069236 1
1726820059030 0.195375 1
1726820059156 0.480666 1
1726820059285 0.529394 2
1726820059416 0.096406 2
1726820059543 0.250055 2
1726820059669 0.094325 2
1726820059797 0.073813 2
1726820059922 0.133579 2
1726820060048 0.23538 2
1726820060169 0.125226 2
1726820060289 0.14319 2
1726820060408 0.060783 2
1726820060531 0.083018 3
1726820060659 0.035629 3
1726820060789 0.176403 3
1726820060921 0.246588 3
1726820061052 0.047692 3
1726820061182 0.089701 3
1726820061308 0.172618 3
1726820061430 0.051275 3
1726820061551 0.07178 3
1726820061670 0.183696 3
1726820061790 0.145374 4
1726820061919 0.121292 4
1726820062066 0.037055 4
1726820062216 0.185879 4
1726820062374 0.202654 4
1726820062524 0.05808 4
1726820062675 0.073965 4
1726820062827 0.037071 4
1726820062976 0.070198 4
1726820063110 0.06156 4
1726820063240 0.113829 5
1726820069780 0.155071 0
1726820069912 0.061502 0
1726820070051 0.08609 0
1726820070194 0.075072 0
1726820070336 0.036501 0
1726820070482 0.157219 0
1726820070619 0.163088 0
1726820070742 0.044991 0
1726820070859 0.163774 0
1726820070975 0.145968 0
1726820071091 0.123427 2
1726820071210 0.093078 2
1726820071335 0.157431 2
1726820071458 0.390091 2
1726820071577 0.207455 2
1726820071696 0.187693 2
1726820071816 0.144528 2
1726820071937 0.076336 2
1726820072068 0.166888 2
1726820072203 0.294084 2
1726820072336 0.187114 4
1726820072474 0.060951 4
1726820072607 0.302083 4
1726820072737 0.076265 4
1726820072861 0.056436 4
1726820072982 0.076532 4
1726820073111 0.126087 4
1726820073239 0.111825 4
1726820073363 0.154506 4
1726820073481 0.051769 4
1726820073612 0.054091 6
1726820073753 0.029791 6
1726820073915 0.128681 6
1726820074087 0.07443 6
1726820074253 0.036256 6
1726820074414 0.054338 6
1726820074567 0.16888 6
1726820074729 0.046871 6
1726820074898 0.069031 6
1726820075054 0.147687 6
1726820075214 0.126624 8
1726820075389 0.12074 8
1726820075573 0.029943 8
1726820075755 0.175515 8
1726820075935 0.161054 8
1726820076105 0.062535 8
1726820076254 0.081538 8
1726820076396 0.040503 8
1726820076536 0.071245 8
1726820076670 0.062462 8
1726820076799 0.10482 10
1726820083077 0.142626 0
1726820083216 0.047165 0
1726820083348 0.049931 0
1726820083485 0.066046 0
1726820083629 0.031484 0
1726820083763 0.129678 0
1726820083884 0.140532 0
1726820084006 0.035161 0
1726820084133 0.138601 0
1726820084270 0.104463 0
1726820084408 0.112876 3
1726820084545 0.09666 3
1726820084684 0.133569 3
1726820084820 0.367948 3
1726820084942 0.151773 3
1726820085070 0.138133 3
1726820085186 0.150813 3
1726820085303 0.079005 3
1726820085426 0.158452 3
1726820085550 0.234582 3
1726820085681 0.131181 6
1726820085817 0.054195 6
1726820085950 0.309938 6
1726820086080 0.071043 6
1726820086221 0.047447 6
1726820086355 0.065442 6
1726820086483 0.091949 6
1726820086607 0.111565 6
1726820086732 0.170727 6
1726820086861 0.045365 6
1726820086993 0.050994 9
1726820087124 0.027187 9
1726820087259 0.109063 9
1726820087391 0.054939 9
1726820087523 0.029816 9
1726820087658 0.044423 9
1726820087785 0.175631 9
1726820087902 0.044618 9
1726820088017 0.066038 9
1726820088133 0.127592 9
1726820088253 0.112945 12
1726820088375 0.103027 12
1726820088501 0.033564 12
1726820088625 0.197118 12
1726820088751 0.158681 12
1726820088878 0.06548 12
1726820089006 0.086437 12
1726820089145 0.042964 12
1726820089282 0.074862 12
1726820089420 0.059351 12
1726820089551 0.097487 15
1726820095881 0.151811 0
1726820096018 0.046789 0
1726820096143 0.052524 0
1726820096269 0.064973 0
1726820096393 0.031927 0
1726820096516 0.119025 0
1726820096638 0.123468 0
1726820096770 0.039917 0
1726820096904 0.142703 0
1726820097049 0.100763 0
1726820097199 0.108413 4
1726820097337 0.090073 4
1726820097461 0.121438 4
1726820097578 0.345752 4
1726820097693 0.154342 4
1726820097812 0.1126 4
1726820097934 0.145958 4
1726820098056 0.079603 4
1726820098183 0.157561 4
1726820098317 0.217849 4
1726820098448 0.106052 8
1726820098572 0.049397 8
1726820098706 0.311389 8
1726820098853 0.0716 8
1726820098993 0.034663 8
1726820099124 0.071915 8
1726820099258 0.087653 8
1726820099387 0.103461 8
1726820099518 0.179129 8
1726820099657 0.048005 8
1726820099791 0.038951 12
1726820099916 0.021701 12
1726820100041 0.093774 12
1726820100167 0.040393 12
1726820100294 0.026099 12
1726820100419 0.048392 12
1726820100536 0.179849 12
1726820100649 0.044392 12
1726820100769 0.059311 12
1726820100887 0.114823 12
1726820101005 0.097609 16
1726820101123 0.121665 16
1726820101241 0.029997 16
1726820101358 0.178107 16
1726820101478 0.147087 16
1726820101600 0.07467 16
1726820101726 0.089489 16
1726820101853 0.038681 16
1726820101973 0.073378 16
1726820102097 0.05553 16
1726820102222 0.096491 20
1726820108579 0.209114 0
1726820108718 0.044685 0
1726820108852 0.059863 0
1726820108987 0.077656 0
1726820109133 0.032598 0
1726820109281 0.113505 0
1726820109426 0.110492 0
1726820109585 0.033744 0
1726820109732 0.134891 0
1726820109876 0.098019 0
1726820110031 0.107649 5
1726820110198 0.088175 5
1726820110368 0.119316 5
1726820110537 0.346337 5
1726820110683 0.135754 5
1726820110817 0.106211 5
1726820110947 0.127166 5
1726820111090 0.085962 5
1726820111227 0.143099 5
1726820111369 0.19634 5
1726820111508 0.088117 10
1726820111632 0.043594 10
1726820111752 0.299038 10
1726820111868 0.072541 10
1726820111986 0.033755 10
1726820112108 0.057254 10
1726820112232 0.070795 10
1726820112365 0.099137 10
1726820112501 0.198349 10
1726820112635 0.038155 10
1726820112772 0.040395 15
1726820112906 0.023441 15
1726820113047 0.086472 15
1726820113186 0.050475 15
1726820113328 0.027937 15
1726820113480 0.044847 15
1726820113620 0.186175 15
1726820113751 0.042453 15
1726820113880 0.056899 15
1726820114016 0.110368 15
1726820114150 0.093759 20
1726820114284 0.121086 20
1726820114418 0.027853 20
1726820114568 0.195371 20
1726820114719 0.174836 20
1726820114866 0.068002 20
1726820115015 0.091445 20
1726820115159 0.042955 20
1726820115301 0.078043 20
1726820115446 0.061663 20
1726820115580 0.101364 25
1726820121881 0.088903 0
1726820122016 0.049144 0
1726820122145 0.056479 0
1726820122270 0.06897 0
1726820122391 0.033398 0
1726820122507 0.108896 0
1726820122623 0.105743 0
1726820122746 0.035445 0
1726820122871 0.138807 0
1726820123008 0.101936 0
1726820123137 0.10441 6
1726820123264 0.094832 6
1726820123389 0.112858 6
1726820123513 0.313089 6
1726820123637 0.154266 6
1726820123758 0.093899 6
1726820123875 0.13836 6
1726820123994 0.084497 6
1726820124113 0.135775 6
1726820124241 0.204085 6
1726820124375 0.070885 12
1726820124503 0.043821 12
1726820124623 0.298983 12
1726820124743 0.075829 12
1726820124864 0.031214 12
1726820124992 0.059933 12
1726820125124 0.074753 12
1726820125249 0.100183 12
1726820125374 0.190462 12
1726820125501 0.03994 12
1726820125636 0.035849 18
1726820125760 0.021267 18
1726820125882 0.082274 18
1726820126006 0.03232 18
1726820126134 0.026746 18
1726820126260 0.048056 18
1726820126381 0.180776 18
1726820126502 0.040305 18
1726820126619 0.053439 18
1726820126735 0.104311 18
1726820126853 0.09414 24
1726820126981 0.125645 24
1726820127113 0.029442 24
1726820127248 0.168984 24
1726820127386 0.15457 24
1726820127526 0.084912 24
1726820127659 0.091397 24
1726820127786 0.034767 24
1726820127911 0.078893 24
1726820128041 0.055651 24
1726820128170 0.097254 30
