1726752005924 0.0 0
1726752006098 10.0 0
1726752006264 20.0 0
1726752006415 30.0 0
1726752006555 40.0 0
1726752006692 50.0 0
1726752007195 0.0 0
1726752007355 10.0 0
1726752007489 20.0 0
1726752007612 30.0 0
1726752007728 40.0 0
1726752007851 50.0 0
1726752008213 0.0 0
1726752008361 10.0 0
1726752008505 20.0 0
1726752008632 30.0 0
1726752008752 40.0 0
1726752008865 50.0 0
1726752009231 0.0 0
1726752009397 10.0 0
1726752009564 20.0 0
1726752009714 30.0 0
1726752009852 40.0 0
1726752009982 50.0 0
