1727093176906 67.686218 0
1727093177004 6.074831 0
1727093177095 5.563691 0
1727093177186 7.465408 0
1727093177274 52.351845 0
1727093177365 3.57939 0
1727093177454 13.236436 0
1727093177548 18.913086 0
1727093177637 5.578133 0
1727093177728 4.061059 0
1727093177816 9.368598 1
1727093177907 19.04203 1
1727093178003 8.15467 1
1727093178094 4.078404 1
1727093178183 6.21124 1
1727093178272 1.805642 1
1727093178363 0.928751 1
1727093178452 0.965165 1
1727093179236 1.884086 0
1727093179329 5.946147 0
1727093179419 3.125704 0
1727093179507 4.92665 0
1727093179601 16.616343 0
1727093179691 0.191716 0
1727093179778 3.002975 0
1727093179867 2.377018 0
1727093179957 1.51267 0
1727093180052 1.320291 0
1727093180143 1.095017 2
1727093180234 1.643324 2
1727093180326 2.362133 2
1727093180420 3.017043 2
1727093180515 2.352837 2
1727093180604 0.898516 2
1727093180698 0.838995 2
1727093180794 0.557816 2
1727093181510 2.925311 0
1727093181603 1.580749 0
1727093181694 3.564497 0
1727093181782 7.139781 0
1727093181871 1.968983 0
1727093181960 0.114464 0
1727093182050 5.210452 0
1727093182140 1.929753 0
1727093182229 7.832255 0
1727093182318 2.605644 0
1727093182406 2.105004 3
1727093182496 3.650442 3
1727093182587 5.231951 3
1727093182675 1.693349 3
1727093182764 2.14332 3
1727093182853 0.942082 3
1727093182942 0.620558 3
1727093183031 0.859991 3
1727093183743 1.038111 0
1727093183836 1.92186 0
1727093183927 6.092932 0
1727093184016 11.168627 0
1727093184107 1.922977 0
1727093184197 0.129469 0
1727093184285 5.110402 0
1727093184375 1.380796 0
1727093184463 1.190293 0
1727093184551 1.444171 0
1727093184639 2.307687 4
1727093184729 1.743632 4
1727093184818 2.5476 4
1727093184907 1.399678 4
1727093184997 1.514657 4
1727093185088 0.952109 4
1727093185176 0.434901 4
1727093185264 0.550182 4
1727093185992 1.406078 0
1727093186084 2.994312 0
1727093186178 4.599893 0
1727093186268 9.916911 0
1727093186358 1.456256 0
1727093186448 0.16161 0
1727093186536 17.752483 0
1727093186625 1.418729 0
1727093186718 1.178097 0
1727093186808 3.523107 0
1727093186901 1.881977 5
1727093186991 4.669754 5
1727093187080 1.718574 5
1727093187170 5.424488 5
1727093187261 3.636256 5
1727093187350 0.964493 5
1727093187439 0.51022 5
1727093187531 0.517161 5
