1726935111966 0.504227 0
1726935112111 0.592989 0
1726935112262 0.75137 0
1726935112410 1.711462 0
1726935112555 0.295403 0
1726935112699 0.519858 0
1726935112843 0.335684 0
1726935112989 0.242971 0
1726935113135 0.156872 0
1726935113280 0.233389 0
1726935114192 0.364132 0
1726935114341 0.32487 0
1726935114486 0.600643 0
1726935114631 0.904792 0
1726935114775 0.277819 0
1726935114919 0.272366 0
1726935115064 0.229587 0
1726935115210 0.148883 0
1726935115354 0.119948 0
1726935115499 0.167157 0
1726935116341 0.432607 0
1726935116500 0.143816 0
1726935116643 0.554677 0
1726935116789 0.702978 0
1726935116935 0.272164 0
1726935117079 0.269748 0
1726935117224 0.222923 0
1726935117370 0.150953 0
1726935117514 0.123306 0
1726935117665 0.158853 0
1726935363439 0.370212 0
1726935363589 0.139 0
1726935363737 0.553506 0
1726935363889 0.634326 0
1726935364032 0.271274 0
1726935364179 0.245323 0
1726935364323 0.221461 0
1726935364468 0.14386 0
1726935364613 0.118773 0
1726935364760 0.159506 0
1726935365590 0.311361 0
1726935365733 0.131173 0
1726935365875 0.537853 0
1726935366016 0.482111 0
1726935366158 0.253575 0
1726935366303 0.246031 0
1726935366445 0.21908 0
1726935366588 0.157498 0
1726935366738 0.115203 0
1726935366885 0.156919 0
1726935367713 0.314778 0
1726935367858 0.139135 0
1726935367999 0.555711 0
1726935368139 0.507896 0
1726935368284 0.250379 0
1726935368427 0.248078 0
1726935368570 0.247506 0
1726935368716 0.149832 0
1726935368866 0.130509 0
1726935369009 0.16595 0
1726935369832 0.300813 0
1726935369975 0.154337 0
1726935370116 0.542349 0
1726935370258 0.452913 0
1726935370400 0.238009 0
1726935370544 0.27118 0
1726935370687 0.283453 0
1726935370835 0.151602 0
1726935370981 0.111153 0
1726935371122 0.147933 0
1726935371948 0.316332 0
1726935372089 0.12979 0
1726935372232 0.576379 0
1726935372374 0.416241 0
1726935372516 0.288266 0
1726935372659 0.216762 0
1726935372803 0.24187 0
1726935372948 0.149334 0
1726935373091 0.114595 0
1726935373233 0.152332 0
1726935374055 0.297208 0
1726935374199 0.139017 0
1726935374353 0.538396 0
1726935374501 0.523821 0
1726935374645 0.24572 0
1726935374789 0.231229 0
1726935374935 0.243881 0
1726935375078 0.169607 0
1726935375220 0.116026 0
1726935375362 0.154472 0
1726935376197 0.320079 0
1726935376342 0.129426 0
1726935376484 0.516082 0
1726935376628 0.420476 0
1726935376772 0.235614 0
1726935376918 0.222943 0
1726935377075 0.230152 0
1726935377221 0.153842 0
1726935377363 0.115693 0
1726935377512 0.148033 0
