1726870550593 24.779476 0
1726870550732 10.010987 0
1726870550870 1.961426 0
1726870551007 3.042575 0
1726870551145 0.870584 0
1726870551281 1.705127 0
1726870551417 1.321418 0
1726870551553 0.850438 0
1726870551690 0.74577 0
1726870551826 0.910691 0
1726870551965 0.577309 1
1726870552107 1.459874 1
1726870552245 1.389567 1
1726870552381 2.459109 1
1726870552517 1.365315 1
1726870552665 4.450191 1
1726870552802 2.557342 1
1726870552939 1.609012 1
1726870553079 1.875604 1
1726870553222 0.516223 1
1726870553358 0.462285 2
1726870553494 0.652661 2
1726870553629 0.390947 2
1726870553765 8.589689 2
1726870553900 2.823656 2
1726870555823 1.617398 0
1726870555961 1.368533 0
1726870556099 0.99579 0
1726870556235 1.044983 0
1726870556371 1.944548 0
1726870556518 2.999333 0
1726870556655 1.131894 0
1726870556791 0.704448 0
1726870556927 0.835934 0
1726870557063 0.615703 0
1726870557199 0.801765 2
1726870557335 1.858556 2
1726870557469 1.169962 2
1726870557604 0.870744 2
1726870557738 0.915132 2
1726870557874 2.491524 2
1726870558009 1.898477 2
1726870558144 2.290994 2
1726870558280 3.211381 2
1726870558415 0.574826 2
1726870558556 1.278396 4
1726870558695 0.995341 4
1726870558830 0.488636 4
1726870558968 0.632699 4
1726870559103 0.896534 4
1726870560882 2.077659 0
1726870561019 0.793974 0
1726870561154 0.621147 0
1726870561288 1.111004 0
1726870561423 0.826902 0
1726870561556 1.060518 0
1726870561690 0.703763 0
1726870561825 0.638305 0
1726870561959 0.824389 0
1726870562095 0.51891 0
1726870562229 0.457386 3
1726870562364 1.578749 3
1726870562498 0.748979 3
1726870562632 0.993385 3
1726870562766 3.529805 3
1726870562901 1.172777 3
1726870563036 1.321047 3
1726870563173 4.357027 3
1726870563309 1.974103 3
1726870563446 0.625208 3
1726870563581 0.654277 6
1726870563716 0.787035 6
1726870563852 0.494227 6
1726870563986 0.838869 6
1726870564121 0.76814 6
1726870565906 1.956253 0
1726870566041 0.905704 0
1726870566176 0.507989 0
1726870566312 3.811774 0
1726870566446 0.838974 0
1726870566581 4.058438 0
1726870566715 0.631174 0
1726870566850 0.735204 0
1726870566985 1.674497 0
1726870567121 0.533752 0
1726870567256 0.310988 4
1726870567392 1.676468 4
1726870567527 1.096404 4
1726870567661 1.017685 4
1726870567796 0.772255 4
1726870567929 1.057953 4
1726870568064 1.873324 4
1726870568198 2.606411 4
1726870568333 2.062995 4
1726870568467 0.494047 4
1726870568601 0.660195 8
1726870568736 0.734588 8
1726870568871 0.447559 8
1726870569005 0.503332 8
1726870569140 0.623444 8
1726870570923 1.722713 0
1726870571061 0.994793 0
1726870571199 0.494224 0
1726870571335 2.619684 0
1726870571472 1.285558 0
1726870571608 2.605861 0
1726870571744 1.062784 0
1726870571879 0.579761 0
1726870572014 1.098221 0
1726870572149 0.477522 0
1726870572284 0.398797 5
1726870572418 4.844294 5
1726870572552 0.439277 5
1726870572686 0.684037 5
1726870572821 1.182484 5
1726870572955 2.289981 5
1726870573090 3.149046 5
1726870573226 2.958792 5
1726870573362 1.217596 5
1726870573498 0.386297 5
1726870573635 0.497275 10
1726870573770 0.670399 10
1726870573906 0.418221 10
1726870574043 0.620836 10
1726870574178 0.95946 10
1726870575968 2.063306 0
1726870576107 2.050459 0
1726870576242 0.452281 0
1726870576385 2.836216 0
1726870576520 0.916388 0
1726870576662 1.637446 0
1726870576800 1.348596 0
1726870576934 0.588566 0
1726870577069 1.315818 0
1726870577206 0.649598 0
1726870577345 0.362276 6
1726870577483 3.602106 6
1726870577622 0.546542 6
1726870577761 0.686311 6
1726870577902 2.131062 6
1726870578040 2.433406 6
1726870578175 4.222947 6
1726870578313 1.866926 6
1726870578450 1.180292 6
1726870578586 0.333238 6
1726870578723 0.474094 12
1726870578859 0.818634 12
1726870578998 0.424051 12
1726870579135 0.702427 12
1726870579270 0.498542 12
1726870581056 2.054776 0
1726870581193 1.221167 0
1726870581330 0.52081 0
1726870581468 1.283285 0
1726870581602 1.034785 0
1726870581740 2.909034 0
1726870581876 1.368471 0
1726870582013 0.686534 0
1726870582151 0.650478 0
1726870582292 0.485249 0
1726870582428 0.330034 7
1726870582565 3.34143 7
1726870582703 0.481167 7
1726870582842 1.702625 7
1726870582979 5.049341 7
1726870583115 1.25606 7
1726870583250 1.677529 7
1726870583386 2.472363 7
1726870583524 0.995908 7
1726870583660 0.373428 7
1726870583799 0.672737 14
1726870583935 0.638723 14
1726870584073 0.414268 14
1726870584211 0.455915 14
1726870584348 0.584214 14
