1726833662910 0.417057 0
1726833663081 0.593292 0
1726833663241 0.267844 0
1726833663413 0.424195 0
1726833663584 0.323935 0
1726833663753 0.092838 0
1726833663922 0.163066 0
1726833664090 0.24208 0
1726833664259 0.046768 0
1726833664435 1.13011 0
1726833664618 0.415463 1
1726833664794 0.456909 1
1726833664970 0.303887 1
1726833665141 0.12312 1
1726833665309 0.18417 1
1726833665483 0.354861 1
1726833665653 0.250626 1
1726833665823 0.283028 1
1726833665993 0.280978 1
1726833666165 0.260321 1
1726833666335 0.215802 2
1726833666507 0.39182 2
1726833666680 0.410623 2
1726833666863 0.65012 2
1726833668991 0.250269 0
1726833669163 0.140094 0
1726833669333 0.202425 0
1726833669488 0.272627 0
1726833669661 0.185548 0
1726833669825 0.118484 0
1726833669990 0.159657 0
1726833670159 0.310688 0
1726833670330 0.075362 0
1726833670495 0.352003 0
1726833670662 0.270768 2
1726833670835 0.230994 2
1726833671007 0.310581 2
1726833671179 0.158311 2
1726833671351 0.245788 2
1726833671525 0.51369 2
1726833671701 0.24257 2
1726833671871 0.216782 2
1726833672050 0.281764 2
1726833672222 0.239879 2
1726833672398 0.219117 4
1726833672568 0.32932 4
1726833672738 0.437495 4
1726833672911 0.45371 4
1726833674943 0.198593 0
1726833675106 0.147241 0
1726833675275 0.20519 0
1726833675445 0.197055 0
1726833675602 0.205148 0
1726833675774 0.121728 0
1726833675944 0.153581 0
1726833676112 0.392215 0
1726833676280 0.071094 0
1726833676452 0.466588 0
1726833676624 0.257786 3
1726833676793 0.245747 3
1726833676967 0.298183 3
1726833677139 0.198231 3
1726833677310 0.249058 3
1726833677484 0.480772 3
1726833677656 0.208238 3
1726833677830 0.1739 3
1726833677999 0.325128 3
1726833678166 0.23376 3
1726833678330 0.21899 6
1726833678500 0.330944 6
1726833678666 0.41643 6
1726833678832 0.377383 6
1726833680869 0.226411 0
1726833681042 0.14336 0
1726833681205 0.163236 0
1726833681375 0.212309 0
1726833681546 0.181835 0
1726833681679 0.08222 0
1726833681845 0.138617 0
1726833682017 0.32954 0
1726833682188 0.058095 0
1726833682354 0.457408 0
1726833682520 0.211628 4
1726833682686 0.363183 4
1726833682852 0.255286 4
1726833683017 0.142313 4
1726833683180 0.231384 4
1726833683345 0.348235 4
1726833683509 0.217272 4
1726833683684 0.283587 4
1726833683855 0.259934 4
1726833684027 0.271838 4
1726833684196 0.268555 8
1726833684365 0.314927 8
1726833684539 0.415438 8
1726833684710 0.453991 8
1726833686720 0.14581 0
1726833686893 0.159513 0
1726833687061 0.176075 0
1726833687229 0.214711 0
1726833687399 0.216081 0
1726833687555 0.085082 0
1726833687724 0.172188 0
1726833687896 0.340357 0
1726833688046 0.056735 0
1726833688218 0.433823 0
1726833688387 0.200145 5
1726833688557 0.311787 5
1726833688727 0.275236 5
1726833688892 0.162585 5
1726833689059 0.229578 5
1726833689223 0.424534 5
1726833689387 0.276838 5
1726833689554 0.186217 5
1726833689722 0.275324 5
1726833689895 0.224958 5
1726833690067 0.244224 10
1726833690236 0.336556 10
1726833690408 0.408921 10
1726833690582 0.43851 10
1726833692634 0.113878 0
1726833692802 0.191048 0
1726833692971 0.162457 0
1726833693140 0.237757 0
1726833693311 0.204337 0
1726833693478 0.113339 0
1726833693648 0.19829 0
1726833693803 0.42988 0
1726833693973 0.06196 0
1726833694144 0.506976 0
1726833694309 0.23465 6
1726833694477 0.320755 6
1726833694643 0.290636 6
1726833694808 0.135865 6
1726833694986 0.228232 6
1726833695164 0.491708 6
1726833695332 0.253088 6
1726833695506 0.206156 6
1726833695680 0.342481 6
1726833695849 0.234404 6
1726833696016 0.230398 12
1726833696184 0.325297 12
1726833696352 0.470233 12
1726833696516 0.315105 12
1726833698638 0.34387 0
1726833698808 0.251587 0
1726833698979 0.309122 0
1726833699148 0.295336 0
1726833699318 0.19283 0
1726833699488 0.062241 0
1726833699660 0.162702 0
1726833699831 0.374581 0
1726833700000 0.071911 0
1726833700161 0.639907 0
1726833700333 0.490962 7
1726833700488 0.198826 7
1726833700662 0.28 7
1726833700833 0.107348 7
1726833701010 0.325265 7
1726833701182 0.325054 7
1726833701355 0.243677 7
1726833701527 0.200281 7
1726833701695 0.327564 7
1726833701862 0.294736 7
1726833702030 0.226041 14
1726833702200 0.299707 14
1726833702370 0.503697 14
1726833702539 0.417365 14
