1726878739028 0.820044 0
1726878739165 0.323696 0
1726878739302 0.319306 0
1726878739440 0.408017 0
1726878739576 0.181147 0
1726878739712 0.242205 0
1726878739849 0.423303 0
1726878739986 0.223524 0
1726878740127 0.285612 0
1726878740263 0.343201 0
1726878740400 0.187678 1
1726878740537 0.131462 1
1726878740675 0.249322 1
1726878740813 0.222837 1
1726878740949 0.302373 1
1726878741085 0.190753 1
1726878741221 0.246014 1
1726878741359 0.226274 1
1726878741496 1.19144 1
1726878741632 0.51409 1
1726878741768 0.519683 2
1726878741904 0.326161 2
1726878742041 0.384152 2
1726878742180 0.338224 2
1726878743893 0.310819 0
1726878744035 0.251007 0
1726878744173 0.31278 0
1726878744310 0.297273 0
1726878744445 0.145871 0
1726878744582 0.218856 0
1726878744718 0.05193 0
1726878744855 0.200259 0
1726878744992 0.299922 0
1726878745128 0.355617 0
1726878745266 0.194387 2
1726878745403 0.132322 2
1726878745540 0.265527 2
1726878745675 0.21782 2
1726878745812 0.287933 2
1726878745947 0.187814 2
1726878746084 0.205894 2
1726878746231 0.143144 2
1726878746367 0.982405 2
1726878746504 0.496192 2
1726878746640 0.402084 4
1726878746776 0.332242 4
1726878746912 0.348169 4
1726878747051 0.343804 4
1726878748716 0.576756 0
1726878748857 0.215177 0
1726878748993 0.249653 0
1726878749130 0.283768 0
1726878749267 0.225122 0
1726878749403 0.242603 0
1726878749540 0.057909 0
1726878749676 0.233779 0
1726878749813 0.26671 0
1726878749950 0.433685 0
1726878750086 0.287636 3
1726878750224 0.171736 3
1726878750363 0.40889 3
1726878750500 0.236289 3
1726878750639 0.288286 3
1726878750774 0.229896 3
1726878750911 0.275673 3
1726878751047 0.15009 3
1726878751190 1.417999 3
1726878751327 0.515953 3
1726878751464 0.313493 6
1726878751601 0.282137 6
1726878751737 0.36305 6
1726878751874 0.321856 6
1726878753555 0.237358 0
1726878753694 0.224593 0
1726878753831 0.238205 0
1726878753966 0.333836 0
1726878754103 0.17471 0
1726878754238 0.248801 0
1726878754378 0.052098 0
1726878754516 0.183548 0
1726878754652 0.272635 0
1726878754789 0.385536 0
1726878754926 0.255323 4
1726878755062 0.191445 4
1726878755200 0.318092 4
1726878755340 0.2236 4
1726878755479 0.319462 4
1726878755616 0.222324 4
1726878755752 0.256338 4
1726878755888 0.220846 4
1726878756025 0.925259 4
1726878756161 0.558222 4
1726878756298 0.375247 8
1726878756437 0.299517 8
1726878756574 0.305802 8
1726878756711 0.304205 8
1726878758373 0.250582 0
1726878758515 0.248651 0
1726878758651 0.250306 0
1726878758788 0.30344 0
1726878758924 0.143256 0
1726878759061 0.226559 0
1726878759198 0.056835 0
1726878759335 0.182777 0
1726878759472 0.266416 0
1726878759608 0.351108 0
1726878759745 0.205434 5
1726878759880 0.178157 5
1726878760019 0.265677 5
1726878760156 0.203383 5
1726878760293 0.302698 5
1726878760430 0.18848 5
1726878760571 0.24616 5
1726878760707 0.17753 5
1726878760844 0.893378 5
1726878760981 0.560107 5
1726878761118 0.344101 10
1726878761254 0.292164 10
1726878761391 0.303143 10
1726878761528 0.313794 10
1726878763198 0.22633 0
1726878763336 0.219593 0
1726878763473 0.242975 0
1726878763610 0.311325 0
1726878763747 0.148352 0
1726878763884 0.224693 0
1726878764022 0.059273 0
1726878764161 0.18436 0
1726878764298 0.267738 0
1726878764434 0.346631 0
1726878764571 0.201783 6
1726878764713 0.16481 6
1726878764850 0.232767 6
1726878764988 0.194737 6
1726878765126 0.286254 6
1726878765264 0.168341 6
1726878765402 0.227981 6
1726878765539 0.165658 6
1726878765677 0.895321 6
1726878765813 0.559752 6
1726878765949 0.342271 12
1726878766085 0.289249 12
1726878766223 0.300671 12
1726878766365 0.299207 12
1726878768045 0.228856 0
1726878768184 0.215177 0
1726878768320 0.248789 0
1726878768457 0.302593 0
1726878768594 0.148313 0
1726878768733 0.22682 0
1726878768871 0.059407 0
1726878769010 0.178134 0
1726878769146 0.271629 0
1726878769283 0.342565 0
1726878769419 0.20101 7
1726878769555 0.161574 7
1726878769692 0.226673 7
1726878769828 0.195633 7
1726878769965 0.271086 7
1726878770102 0.158474 7
1726878770239 0.216639 7
1726878770376 0.150643 7
1726878770514 0.877191 7
1726878770651 0.553269 7
1726878770791 0.334779 14
1726878770928 0.29304 14
1726878771065 0.294499 14
1726878771202 0.305655 14
1726878772882 0.223209 0
1726878773021 0.212258 0
1726878773157 0.242834 0
1726878773293 0.297143 0
1726878773429 0.147837 0
1726878773565 0.227399 0
1726878773701 0.05878 0
1726878773837 0.178746 0
1726878773973 0.265464 0
1726878774109 0.342355 0
1726878774245 0.201401 8
1726878774381 0.156383 8
1726878774519 0.220864 8
1726878774654 0.192994 8
1726878774797 0.276874 8
1726878774940 0.158832 8
1726878775077 0.215909 8
1726878775214 0.147228 8
1726878775350 0.874421 8
1726878775486 0.556559 8
1726878775622 0.321144 16
1726878775759 0.287318 16
1726878775896 0.298518 16
1726878776032 0.302366 16
1726878777698 0.227983 0
1726878777836 0.213042 0
1726878777972 0.242508 0
1726878778108 0.303796 0
1726878778245 0.145612 0
1726878778381 0.220272 0
1726878778517 0.057676 0
1726878778656 0.17745 0
1726878778792 0.263115 0
1726878778931 0.346451 0
1726878779068 0.201862 9
1726878779204 0.162704 9
1726878779341 0.212794 9
1726878779480 0.194643 9
1726878779616 0.273513 9
1726878779752 0.155122 9
1726878779889 0.210153 9
1726878780025 0.146346 9
1726878780161 0.88074 9
1726878780298 0.552652 9
1726878780434 0.325058 18
1726878780570 0.28681 18
1726878780707 0.300486 18
1726878780844 0.303645 18
