1727106226375 1.043063 0
1727106226504 0.54126 0
1727106226632 0.48945 0
1727106227152 0.293393 0
1727106227279 0.061327 0
1727106227401 0.051363 0
1727106227758 0.139144 0
1727106227889 0.104069 0
1727106228014 0.051379 0
1727106228390 0.10296 0
1727106228522 0.04725 0
1727106228646 0.036018 0
1727106228990 0.077827 0
1727106229115 0.051507 0
1727106229241 0.042984 0
1727106229601 0.077604 0
1727106229723 0.044199 0
1727106229856 0.043298 0
1727106230222 0.075774 0
1727106230352 0.029338 0
1727106230480 0.038576 0
1727106230824 0.073295 0
1727106230949 0.031677 0
1727106231077 0.034302 0
1727106231416 0.086511 0
1727106231547 0.043221 0
1727106231672 0.042566 0
1727106232015 0.082772 0
1727106232140 0.031907 0
1727106232265 0.052048 0
