1726760991715 105.879921 0
1726760991810 12.59539 0
1726760991901 0.985198 0
1726760991992 3.712008 0
1726760992083 2.878168 0
1726760992172 0.526375 0
1726760992261 1.356573 0
1726760992351 3.203809 0
1726760992439 1.902251 0
1726760992533 5.394211 0
1726760992622 3.626041 1
1726760992711 3.235472 1
1726760992800 5.144438 1
1726760992893 0.727186 1
1726760992983 4.869555 1
1726760993075 0.764545 1
1726760993164 1.526634 1
1726760993259 2.329129 1
1726760993360 1.204731 1
1726760993451 0.701537 1
1726760994469 3.214717 0
1726760994561 5.069627 0
1726760994653 5.15098 0
1726760994743 4.885041 0
1726760994832 7.640171 0
1726760994926 1.115212 0
1726760995017 0.601493 0
1726760995107 2.382554 0
1726760995197 4.641839 0
1726760995286 2.904272 0
1726760995383 3.773763 2
1726760995475 2.178873 2
1726760995565 1.808689 2
1726760995654 1.181759 2
1726760995742 4.629349 2
1726760995830 2.254243 2
1726760995920 0.904404 2
1726760996008 1.539091 2
1726760996100 10.322865 2
1726760996191 1.238632 2
1726760997176 3.383316 0
1726760997275 17.29394 0
1726760997365 1.3819 0
1726760997464 36.1633 0
1726760997559 51.557865 0
1726760997652 1.399569 0
1726760997746 2.42558 0
1726760997837 3.951761 0
1726760997926 8.892451 0
1726760998018 1.042163 0
1726760998109 3.527811 3
1726760998198 2.283511 3
1726760998287 3.804022 3
1726760998376 3.082472 3
1726760998465 4.986286 3
1726760998556 1.209053 3
1726760998645 0.994459 3
1726760998737 1.122456 3
1726760998827 1.007891 3
1726760998916 2.312246 3
1726760999932 1.401277 0
1726761000030 6.463214 0
1726761000122 1.03273 0
1726761000211 2.250104 0
1726761000300 2.149581 0
1726761000387 0.829149 0
1726761000475 1.688435 0
1726761000562 2.122533 0
1726761000654 72.278679 0
1726761000744 1.441866 0
1726761000833 1.610429 4
1726761000921 1.999543 4
1726761001013 1.851864 4
1726761001104 3.784586 4
1726761001191 8.452376 4
1726761001279 5.057117 4
1726761001368 1.014758 4
1726761001457 1.756146 4
1726761001556 1.029135 4
1726761001645 1.114344 4
