1726775590058 1.026467 0
1726775590156 0.563651 0
1726775590248 0.463491 0
1726775590346 1.124386 0
1726775590439 0.62455 0
1726775590530 0.436048 0
1726775590621 0.357476 0
1726775590713 1.206679 0
1726775590805 0.520687 0
1726775590898 0.440863 0
1726775590989 0.218711 1
1726775591081 0.245221 1
1726775591173 0.080319 1
1726775591264 0.694797 1
1726775591357 0.099347 1
1726775591450 0.097501 1
1726775591541 0.107426 1
1726775591633 0.219304 1
1726775591724 0.183941 1
1726775591815 0.16637 1
1726775591908 0.423902 2
1726775592000 0.443447 2
1726775592093 0.111093 2
1726775592189 0.289387 2
1726775592282 0.150727 2
1726775592383 0.131011 2
1726775592479 0.19365 2
1726775592572 0.138892 2
1726775592664 0.292822 2
1726775592755 0.135676 2
1726775592846 0.129206 3
1726775594430 0.550998 0
1726775594526 0.213083 0
1726775594620 0.205419 0
1726775594713 0.49672 0
1726775594803 0.379786 0
1726775594895 0.24424 0
1726775594986 0.15565 0
1726775595083 0.538398 0
1726775595177 0.457783 0
1726775595271 0.25123 0
1726775595362 0.143895 2
1726775595454 0.148763 2
1726775595546 0.072532 2
1726775595641 0.293298 2
1726775595732 0.132581 2
1726775595826 0.104029 2
1726775595918 0.109361 2
1726775596012 0.202032 2
1726775596104 0.120569 2
1726775596195 0.138784 2
1726775596290 0.320397 4
1726775596383 0.399257 4
1726775596483 0.109328 4
1726775596577 0.276056 4
1726775596669 0.150431 4
1726775596761 0.123471 4
1726775596852 0.199011 4
1726775596946 0.131661 4
1726775597040 0.163072 4
1726775597131 0.150545 4
1726775597223 0.111038 6
1726775598801 0.312066 0
1726775598897 0.194659 0
1726775598993 0.171251 0
1726775599088 0.385574 0
1726775599181 0.363633 0
1726775599275 0.282508 0
1726775599366 0.15105 0
1726775599457 0.461164 0
1726775599552 0.39901 0
1726775599644 0.239685 0
1726775599736 0.131605 3
1726775599830 0.137088 3
1726775599923 0.072199 3
1726775600014 0.2776 3
1726775600105 0.100698 3
1726775600196 0.098723 3
1726775600288 0.1204 3
1726775600378 0.179051 3
1726775600471 0.10655 3
1726775600568 0.149269 3
1726775600667 0.299335 6
1726775600760 0.406598 6
1726775600855 0.092919 6
1726775600951 0.286221 6
1726775601046 0.149468 6
1726775601138 0.130063 6
1726775601230 0.208942 6
1726775601321 0.139647 6
1726775601415 0.148098 6
1726775601506 0.146229 6
1726775601598 0.107373 9
1726775603171 0.209553 0
1726775603274 0.193382 0
1726775603372 0.169241 0
1726775603466 0.353175 0
1726775603560 0.354597 0
1726775603655 0.280678 0
1726775603748 0.154028 0
1726775603839 0.457019 0
1726775603930 0.401107 0
1726775604024 0.239626 0
1726775604120 0.136117 4
1726775604212 0.112536 4
1726775604307 0.076507 4
1726775604401 0.198504 4
1726775604494 0.114939 4
1726775604590 0.101235 4
1726775604693 0.05669 4
1726775604786 0.183775 4
1726775604878 0.099704 4
1726775604969 0.139386 4
1726775605060 0.281399 8
1726775605152 0.409017 8
1726775605243 0.091792 8
1726775605335 0.299477 8
1726775605429 0.154416 8
1726775605524 0.13367 8
1726775605619 0.196748 8
1726775605711 0.121286 8
1726775605803 0.088039 8
1726775605895 0.15117 8
1726775605986 0.117507 12
1726775607541 0.224905 0
1726775607645 0.179909 0
1726775607736 0.168135 0
1726775607831 0.335312 0
1726775607927 0.338981 0
1726775608021 0.291072 0
1726775608115 0.14803 0
1726775608208 0.401907 0
1726775608301 0.379206 0
1726775608395 0.216087 0
1726775608493 0.128505 5
1726775608588 0.106862 5
1726775608682 0.071545 5
1726775608782 0.21657 5
1726775608874 0.100615 5
1726775608966 0.104597 5
1726775609060 0.052277 5
1726775609151 0.180633 5
1726775609244 0.108191 5
1726775609336 0.147158 5
1726775609428 0.281373 10
1726775609520 0.378524 10
1726775609611 0.081929 10
1726775609703 0.292007 10
1726775609795 0.173113 10
1726775609886 0.12834 10
1726775609978 0.191371 10
1726775610070 0.12277 10
1726775610161 0.116126 10
1726775610256 0.145095 10
1726775610348 0.10689 15
1726775611891 0.317623 0
1726775611992 0.166839 0
1726775612086 0.186252 0
1726775612178 0.314839 0
1726775612271 0.334744 0
1726775612366 0.275775 0
1726775612464 0.154511 0
1726775612557 0.414599 0
1726775612649 0.374027 0
1726775612740 0.210616 0
1726775612837 0.115784 6
1726775612932 0.09897 6
1726775613025 0.074521 6
1726775613119 0.18915 6
1726775613214 0.10296 6
1726775613307 0.101739 6
1726775613399 0.058559 6
1726775613490 0.207738 6
1726775613582 0.108389 6
1726775613677 0.148133 6
1726775613770 0.28201 12
1726775613862 0.371629 12
1726775613954 0.084651 12
1726775614047 0.2949 12
1726775614140 0.169508 12
1726775614232 0.133105 12
1726775614324 0.172572 12
1726775614416 0.110812 12
1726775614508 0.09093 12
1726775614599 0.15652 12
1726775614691 0.112172 18
1726775616264 0.18821 0
1726775616367 0.16963 0
1726775616461 0.161519 0
1726775616554 0.280681 0
1726775616646 0.308778 0
1726775616739 0.279543 0
1726775616831 0.151662 0
1726775616927 0.39118 0
1726775617025 0.37655 0
1726775617120 0.202876 0
1726775617213 0.119044 7
1726775617308 0.09713 7
1726775617402 0.073012 7
1726775617501 0.201824 7
1726775617594 0.099296 7
1726775617688 0.108985 7
1726775617780 0.055355 7
1726775617872 0.216122 7
1726775617963 0.122353 7
1726775618055 0.146124 7
1726775618146 0.293659 14
1726775618241 0.38561 14
1726775618334 0.079013 14
1726775618425 0.280796 14
1726775618518 0.170674 14
1726775618613 0.127254 14
1726775618706 0.172876 14
1726775618799 0.121086 14
1726775618891 0.118024 14
1726775618992 0.149481 14
1726775619086 0.103266 21
1726775620598 0.269334 0
1726775620701 0.156172 0
1726775620793 0.182445 0
1726775620886 0.286717 0
1726775620990 0.316342 0
1726775621092 0.251064 0
1726775621187 0.145168 0
1726775621280 0.40705 0
1726775621372 0.371791 0
1726775621462 0.19597 0
1726775621554 0.110825 8
1726775621645 0.094387 8
1726775621736 0.077024 8
1726775621828 0.207774 8
1726775621919 0.09728 8
1726775622010 0.099478 8
1726775622116 0.059754 8
1726775622210 0.220374 8
1726775622309 0.126661 8
1726775622404 0.146813 8
1726775622503 0.282181 16
1726775622597 0.367543 16
1726775622689 0.078666 16
1726775622779 0.281312 16
1726775622870 0.177635 16
1726775622965 0.131702 16
1726775623065 0.177715 16
1726775623161 0.108207 16
1726775623253 0.099175 16
1726775623348 0.149596 16
1726775623441 0.10605 24
1726775624940 0.206432 0
1726775625045 0.159087 0
1726775625146 0.171438 0
1726775625239 0.285984 0
1726775625331 0.296208 0
1726775625426 0.264479 0
1726775625519 0.147429 0
1726775625612 0.38422 0
1726775625708 0.383094 0
1726775625801 0.200573 0
1726775625896 0.114843 9
1726775625989 0.091809 9
1726775626084 0.071939 9
1726775626178 0.223409 9
1726775626270 0.087904 9
1726775626361 0.107569 9
1726775626454 0.064855 9
1726775626546 0.221497 9
1726775626637 0.125833 9
1726775626730 0.154996 9
1726775626820 0.286043 18
1726775626911 0.361822 18
1726775627003 0.070391 18
1726775627096 0.274837 18
1726775627197 0.177013 18
1726775627289 0.124826 18
1726775627382 0.17307 18
1726775627480 0.103423 18
1726775627572 0.107876 18
1726775627667 0.134912 18
1726775627761 0.106669 27
1726775629324 0.227917 0
1726775629425 0.146439 0
1726775629519 0.168464 0
1726775629611 0.268102 0
1726775629702 0.293895 0
1726775629798 0.25909 0
1726775629893 0.155591 0
1726775629986 0.394146 0
1726775630078 0.359031 0
1726775630170 0.201212 0
1726775630261 0.110919 10
1726775630354 0.088065 10
1726775630446 0.073383 10
1726775630538 0.23172 10
1726775630630 0.086558 10
1726775630722 0.110525 10
1726775630816 0.065493 10
1726775630910 0.218886 10
1726775631001 0.128345 10
1726775631095 0.148787 10
1726775631186 0.295275 20
1726775631287 0.363615 20
1726775631380 0.076799 20
1726775631471 0.284627 20
1726775631564 0.180025 20
1726775631656 0.128357 20
1726775631747 0.165646 20
1726775631838 0.10018 20
1726775631929 0.108552 20
1726775632020 0.145886 20
1726775632112 0.111827 30
