1726889401007 0.538968 0
1726889401153 0.498402 0
1726889401290 0.235135 0
1726889401428 0.100435 0
1726889401566 0.291737 0
1726889402074 0.341359 0
1726889402214 0.342808 0
1726889402351 0.234765 0
1726889402489 0.114816 0
1726889402626 0.343745 0
1726889403050 0.46133 0
1726889403189 0.311276 0
1726889403326 0.19204 0
1726889403463 0.098382 0
1726889403601 0.421754 0
1726889404026 0.443028 0
1726889404167 0.297244 0
1726889404304 0.225059 0
1726889404441 0.11207 0
1726889404578 0.319953 0
1726889404998 0.225583 0
1726889405137 0.256169 0
1726889405275 0.212708 0
1726889405415 0.141215 0
1726889405552 0.427609 0
1726889405980 0.201729 0
1726889406120 0.412189 0
1726889406257 0.186775 0
1726889406394 0.114765 0
1726889406531 0.292661 0
