1726802183766 42.010643 0
1726802183870 3.043695 0
1726802183970 1.480525 0
1726802184068 4.019721 0
1726802184166 1.576479 0
1726802184265 3.696621 0
1726802184362 1.156814 0
1726802184465 1.476305 0
1726802184567 5.085055 0
1726802184665 25.879074 0
1726802184765 38.853291 1
1726802184866 3.916348 1
1726802184966 1.70138 1
1726802185071 1.200108 1
1726802185170 0.905859 1
1726802185268 0.925727 1
1726802185365 1.863738 1
1726802185464 6.770919 1
1726802185562 10.66271 1
1726802185661 3.074851 1
1726802185760 3.05218 2
1726802185869 84.520859 2
1726802185971 5.395177 2
1726802186071 3.019078 2
1726802186168 2.791387 2
1726802186267 4.041885 2
1726802186364 5.088757 2
1726802186464 1.821542 2
1726802186561 15.809587 2
1726802186659 2.501634 2
1726802186757 2.895048 3
1726802186858 1.743813 3
1726802186958 1.644879 3
1726802187059 2.784641 3
1726802187157 1.451971 3
1726802187268 0.699237 3
1726802187380 1.354934 3
1726802187482 1.713489 3
1726802187584 4.017515 3
1726802187684 2.015652 3
1726802187805 2.542443 4
1726802189814 16.593433 0
1726802189933 2.592341 0
1726802190032 66.246933 0
1726802190130 1.218392 0
1726802190230 2.827943 0
1726802190330 1.885733 0
1726802190430 1.870217 0
1726802190532 4.265676 0
1726802190635 5.261216 0
1726802190734 2.044815 0
1726802190839 2.868016 2
1726802190940 1.771778 2
1726802191039 0.851208 2
1726802191138 2.034494 2
1726802191239 2.817152 2
1726802191340 0.941652 2
1726802191438 5.315471 2
1726802191537 4.344652 2
1726802191637 2.993032 2
1726802191737 1.366139 2
1726802191837 1.937682 4
1726802191942 2.354891 4
1726802192044 1.726486 4
1726802192145 2.050876 4
1726802192243 1.387443 4
1726802192342 3.266828 4
1726802192441 12.90782 4
1726802192543 0.932066 4
1726802192646 7.288442 4
1726802192746 3.489415 4
1726802192845 1.127544 6
1726802192945 0.837975 6
1726802193046 1.562724 6
1726802193146 0.597613 6
1726802193248 14.108494 6
1726802193348 3.038887 6
1726802193448 3.049488 6
1726802193548 2.183551 6
1726802193646 0.949673 6
1726802193745 1.88177 6
1726802193845 1.681291 8
1726802195891 0.394607 0
1726802196003 0.369836 0
1726802196108 1.034595 0
1726802196207 2.614751 0
1726802196306 3.998334 0
1726802196406 11.420051 0
1726802196505 2.792157 0
1726802196605 2.077169 0
1726802196704 6.150585 0
1726802196806 2.901239 0
1726802196909 1.799736 3
1726802197014 0.750209 3
1726802197115 1.228214 3
1726802197215 1.127314 3
1726802197316 3.666444 3
1726802197415 0.567741 3
1726802197515 2.637623 3
1726802197614 4.468886 3
1726802197713 5.571042 3
1726802197812 0.788886 3
1726802197912 1.83804 6
1726802198011 5.447283 6
1726802198121 2.081309 6
1726802198221 1.582996 6
1726802198322 16.535276 6
1726802198424 9.202538 6
1726802198523 4.61104 6
1726802198623 0.68633 6
1726802198721 11.830873 6
1726802198820 1.655166 6
1726802198920 1.351822 9
1726802199019 0.849594 9
1726802199117 5.397902 9
1726802199216 0.803696 9
1726802199314 9.207479 9
1726802199413 1.355713 9
1726802199513 2.54211 9
1726802199614 1.770072 9
1726802199713 0.950538 9
1726802199812 1.594473 9
1726802199913 3.016263 12
1726802201966 1.141214 0
1726802202069 1.104816 0
1726802202176 2.401756 0
1726802202277 2.389872 0
1726802202376 4.792235 0
1726802202475 4.334438 0
1726802202574 7.267419 0
1726802202674 1.227708 0
1726802202773 6.550761 0
1726802202872 1.688834 0
1726802202975 3.478417 4
1726802203080 2.225608 4
1726802203180 2.13255 4
1726802203288 1.072734 4
1726802203388 7.128445 4
1726802203487 0.9856 4
1726802203597 2.135334 4
1726802203701 2.613064 4
1726802203800 3.344603 4
1726802203900 0.837123 4
1726802203998 1.31258 8
1726802204098 3.290282 8
1726802204204 1.107772 8
1726802204307 1.494341 8
1726802204410 1.363102 8
1726802204511 13.488148 8
1726802204609 2.934873 8
1726802204708 0.691847 8
1726802204807 8.246075 8
1726802204907 1.662293 8
1726802205007 1.116668 12
1726802205105 0.941097 12
1726802205205 1.126747 12
1726802205306 0.969981 12
1726802205406 7.095076 12
1726802205505 1.437515 12
1726802205605 3.16574 12
1726802205704 2.963029 12
1726802205805 1.425394 12
1726802205909 1.755464 12
1726802206010 59.896065 16
1726802208053 1.933919 0
1726802208163 0.737877 0
1726802208265 1.31938 0
1726802208371 2.301635 0
1726802208472 4.032227 0
1726802208574 35.807076 0
1726802208674 1.402498 0
1726802208783 7.184334 0
1726802208885 16.789776 0
1726802208987 2.136831 0
1726802209092 1.113152 5
1726802209192 1.089058 5
1726802209292 2.466473 5
1726802209392 0.837949 5
1726802209491 4.457611 5
1726802209589 0.528751 5
1726802209687 1.755059 5
1726802209786 6.846306 5
1726802209884 5.216492 5
1726802209982 0.799476 5
1726802210081 1.21207 10
1726802210179 2.417123 10
1726802210279 1.259626 10
1726802210386 1.590748 10
1726802210491 2.336146 10
1726802210595 3.79335 10
1726802210696 2.599753 10
1726802210797 3.61067 10
1726802210897 7.924343 10
1726802210997 6.259539 10
1726802211095 1.094015 15
1726802211196 0.940561 15
1726802211296 21.319101 15
1726802211395 5.784557 15
1726802211496 2.097001 15
1726802211595 5.175852 15
1726802211695 3.334161 15
1726802211793 1.859539 15
1726802211893 0.952037 15
1726802211991 1.607086 15
1726802212089 4.725958 20
1726802214098 0.718564 0
1726802214210 0.851537 0
1726802214308 2.851648 0
1726802214408 22.477692 0
1726802214513 3.995648 0
1726802214612 2.931822 0
1726802214712 1.535106 0
1726802214811 1.692673 0
1726802214909 4.693804 0
1726802215008 1.710724 0
1726802215108 0.81765 6
1726802215210 0.915511 6
1726802215309 1.989972 6
1726802215407 0.907786 6
1726802215508 2.401936 6
1726802215610 0.540296 6
1726802215714 2.298439 6
1726802215814 6.429344 6
1726802215915 6.657487 6
1726802216016 0.901185 6
1726802216115 1.428229 12
1726802216214 39.091835 12
1726802216313 12.789961 12
1726802216412 1.690325 12
1726802216522 1.463458 12
1726802216622 7.467401 12
1726802216722 2.425077 12
1726802216822 10.464153 12
1726802216923 17.637909 12
1726802217025 1.623159 12
1726802217138 1.026817 18
1726802217242 1.503466 18
1726802217346 1.391271 18
1726802217449 0.672981 18
1726802217551 1.695972 18
1726802217651 1.831617 18
1726802217750 4.01381 18
1726802217849 2.236719 18
1726802217951 1.272904 18
1726802218052 1.731542 18
1726802218151 3.577379 24
1726802220206 0.697651 0
1726802220310 0.658137 0
1726802220415 1.324092 0
1726802220518 2.110237 0
1726802220626 12.721989 0
1726802220725 11.911919 0
1726802220823 1.932127 0
1726802220922 4.016329 0
1726802221021 3.187127 0
1726802221121 3.381085 0
1726802221223 0.954807 7
1726802221328 0.755937 7
1726802221430 1.241796 7
1726802221531 1.057435 7
1726802221631 3.654118 7
1726802221733 0.575922 7
1726802221833 2.549825 7
1726802221934 11.980117 7
1726802222034 6.261146 7
1726802222133 1.014602 7
1726802222232 1.369934 14
1726802222332 2.340079 14
1726802222433 2.174128 14
1726802222534 2.281565 14
1726802222645 1.376381 14
1726802222746 3.969811 14
1726802222843 2.815377 14
1726802222942 0.903371 14
1726802223040 5.97605 14
1726802223138 1.286377 14
1726802223236 1.084364 21
1726802223339 1.134372 21
1726802223441 1.959055 21
1726802223540 0.889159 21
1726802223640 2.305787 21
1726802223740 1.389694 21
1726802223838 2.212209 21
1726802223941 1.723036 21
1726802224041 1.204917 21
1726802224139 1.736148 21
1726802224239 4.199878 28
1726802226286 0.62567 0
1726802226392 2.86483 0
1726802226491 1.298788 0
1726802226590 93.37886 0
1726802226694 3.870818 0
1726802226798 16.416706 0
1726802226900 1.320065 0
1726802227000 2.198376 0
1726802227099 4.928842 0
1726802227198 2.157047 0
1726802227299 2.832694 8
1726802227402 0.674976 8
1726802227500 0.907163 8
1726802227600 0.894184 8
1726802227698 2.809617 8
1726802227796 0.546374 8
1726802227895 4.087594 8
1726802227994 5.453094 8
1726802228093 3.106189 8
1726802228193 0.883404 8
1726802228291 1.398295 16
1726802228394 3.707587 16
1726802228498 1.632507 16
1726802228602 1.679479 16
1726802228703 2.593795 16
1726802228815 4.062386 16
1726802228915 1.736247 16
1726802229014 0.748207 16
1726802229114 12.488444 16
1726802229213 1.294719 16
1726802229313 1.07537 24
1726802229413 1.040777 24
1726802229519 4.349639 24
1726802229620 0.653219 24
1726802229721 2.267575 24
1726802229821 28.755224 24
1726802229924 14.749575 24
1726802230026 2.419656 24
1726802230128 0.903355 24
1726802230240 1.919004 24
1726802230341 12.386896 32
1726802232383 0.687975 0
1726802232487 0.666636 0
1726802232591 5.292068 0
1726802232691 2.165097 0
1726802232793 3.450395 0
1726802232901 6.986084 0
1726802233007 2.635792 0
1726802233107 2.064687 0
1726802233206 3.76079 0
1726802233311 2.08463 0
1726802233419 13.565555 9
1726802233520 0.712283 9
1726802233619 0.879043 9
1726802233718 1.048998 9
1726802233817 1.941168 9
1726802233916 0.511075 9
1726802234016 3.209303 9
1726802234114 5.239825 9
1726802234214 6.353488 9
1726802234313 0.945986 9
1726802234412 1.236132 18
1726802234512 2.375987 18
1726802234612 1.253101 18
1726802234713 2.131719 18
1726802234812 1.650119 18
1726802234921 2.834727 18
1726802235021 1.658456 18
1726802235121 0.659786 18
1726802235221 11.464557 18
1726802235321 1.464831 18
1726802235420 1.315977 27
1726802235519 1.099766 27
1726802235617 1.524923 27
1726802235716 1.350197 27
1726802235815 2.307812 27
1726802235915 1.941803 27
1726802236015 3.258298 27
1726802236115 1.742331 27
1726802236214 1.439692 27
1726802236313 2.145515 27
1726802236417 4.395009 36
1726802238476 0.681422 0
1726802238579 0.575467 0
1726802238679 3.145374 0
1726802238780 2.451178 0
1726802238880 6.359676 0
1726802238988 8.733272 0
1726802239092 1.306484 0
1726802239196 1.850842 0
1726802239296 4.506607 0
1726802239396 2.703575 0
1726802239499 1.101778 10
1726802239604 0.601827 10
1726802239704 0.857612 10
1726802239804 1.64793 10
1726802239904 2.158619 10
1726802240006 0.474464 10
1726802240107 2.576163 10
1726802240208 5.509227 10
1726802240309 10.989405 10
1726802240409 1.230488 10
1726802240507 1.370915 20
1726802240606 3.068541 20
1726802240705 2.278278 20
1726802240803 81.968384 20
1726802240901 1.901089 20
1726802241008 4.322678 20
1726802241113 1.5497 20
1726802241213 1.315865 20
1726802241312 12.185186 20
1726802241411 1.107921 20
1726802241512 1.126699 30
1726802241611 5.4562 30
1726802241711 2.740275 30
1726802241810 1.104213 30
1726802241909 3.045505 30
1726802242007 1.76892 30
1726802242106 6.759278 30
1726802242209 2.325782 30
1726802242313 0.868247 30
1726802242412 1.795287 30
1726802242515 12.634783 40
