1726856512269 84.906784 0
1726856512428 1.073606 0
1726856512586 1.623535 0
1726856513095 1.867944 0
1726856513274 6.681656 0
1726856513443 0.800763 0
1726856513908 1.376885 0
1726856514131 12.24135 0
1726856514314 0.980896 0
1726856514768 1.540928 0
1726856514956 2.625314 0
1726856515136 0.963899 0
1726856515611 1.309268 0
1726856515815 9.925924 0
1726856515992 2.134604 0
1726856516411 1.852379 0
1726856516601 4.803319 0
1726856516768 2.175346 0
1726856517182 3.344098 0
1726856517376 196.865326 0
1726856517557 1.090299 0
1726856518041 1.302826 0
1726856518245 7.216284 0
1726856518443 1.377173 0
1726856518938 1.158461 0
1726856519147 4.968692 0
1726856519338 0.963847 0
1726856519758 1.379377 0
1726856519953 3.863147 0
1726856520143 0.850959 0
