1727099073562 0.0 0
1727099073683 10.0 0
1727099073803 20.0 0
1727099073926 30.0 0
1727099074051 40.0 0
1727099074176 50.0 0
1727099074302 60.0 0
1727099074433 70.0 0
1727099074559 80.0 0
1727099074686 90.0 0
1727099074813 100.0 1
1727099074943 110.0 1
1727099075063 120.0 1
1727099075185 130.0 1
1727099076100 0.0 0
1727099076219 10.0 0
1727099076346 20.0 0
1727099076478 30.0 0
1727099076612 40.0 0
1727099076741 50.0 0
1727099076870 60.0 0
1727099077000 70.0 0
1727099077127 80.0 0
1727099077261 90.0 0
1727099077385 100.0 2
1727099077511 110.0 2
1727099077620 120.0 2
1727099077753 130.0 2
1727099078586 0.0 0
1727099078718 10.0 0
1727099078849 20.0 0
1727099078978 30.0 0
1727099079086 40.0 0
1727099079210 50.0 0
1727099079344 60.0 0
1727099079477 70.0 0
1727099079603 80.0 0
1727099079730 90.0 0
1727099079859 100.0 3
1727099079984 110.0 3
1727099080103 120.0 3
1727099080226 130.0 3
1727099081041 0.0 0
1727099081165 10.0 0
1727099081290 20.0 0
1727099081410 30.0 0
1727099081537 40.0 0
1727099081661 50.0 0
1727099081788 60.0 0
1727099081912 70.0 0
1727099082037 80.0 0
1727099082161 90.0 0
1727099082285 100.0 4
1727099082410 110.0 4
1727099082541 120.0 4
1727099082669 130.0 4
