1726880062247 35.958363 0
1726880062388 13.656014 0
1726880062525 7.995992 0
1726880062661 1.239254 0
1726880062797 5.183145 0
1726880063292 1.661866 0
1726880063430 23.840597 0
1726880063566 5.964084 0
1726880063702 0.975493 0
1726880063839 3.192159 0
1726880064261 3.669202 0
1726880064399 5.853817 0
1726880064536 2.051547 0
1726880064672 0.94384 0
1726880064808 1.539344 0
1726880065230 2.176882 0
1726880065367 32.030567 0
1726880065502 1.665636 0
1726880065640 1.183368 0
1726880065776 2.258305 0
1726880066200 2.944731 0
1726880066338 3.221384 0
1726880066474 1.360322 0
1726880066608 1.082074 0
1726880066744 1.31879 0
1726880067161 2.622166 0
1726880067301 5.56134 0
1726880067437 1.383878 0
1726880067573 0.904222 0
1726880067709 3.129243 0
1726880068126 4.648561 0
1726880068265 4.381281 0
1726880068400 1.111338 0
1726880068536 0.929086 0
1726880068673 2.656496 0
1726880069088 2.863835 0
1726880069225 3.300808 0
1726880069361 1.010494 0
1726880069496 0.992975 0
1726880069632 2.214642 0
1726880070049 3.629439 0
1726880070190 2.542765 0
1726880070327 1.231703 0
1726880070462 1.09035 0
1726880070598 2.772233 0
1726880071012 3.237704 0
1726880071149 2.527473 0
1726880071335 1.50278 0
1726880071472 0.897441 0
1726880071609 2.224224 0
