1726877762985 16.107277 0
1726877763122 0.499449 0
1726877763258 0.882701 0
1726877763394 1.034869 0
1726877763529 3.0359 0
1726877763672 1.72424 0
1726877763818 5.324386 0
1726877763964 1.624582 0
1726877764110 1.924455 0
1726877764256 1.461799 0
1726877764401 2.980221 1
1726877764540 1.017005 1
1726877764676 28.784229 1
1726877764817 3.704489 1
1726877765851 2.11546 0
1726877765988 0.335938 0
1726877766125 0.202513 0
1726877766261 2.917428 0
1726877766405 1.162498 0
1726877766555 1.832467 0
1726877766704 2.19278 0
1726877766848 2.344029 0
1726877766995 1.702838 0
1726877767146 30.956142 0
1726877767290 1.338654 2
1726877767433 2.386548 2
1726877767571 5.238794 2
1726877767711 0.942082 2
1726877768805 0.445257 0
1726877768959 2.795429 0
1726877769109 0.358247 0
1726877769251 0.868364 0
1726877769394 2.107569 0
1726877769540 2.200954 0
1726877769683 15.342604 0
1726877769822 1.506276 0
1726877769964 0.995724 0
1726877770110 3.314325 0
1726877770256 1.398843 3
1726877770400 1.163687 3
1726877770547 8.976541 3
1726877770685 0.592924 3
1726877771765 0.28634 0
1726877771913 0.203221 0
1726877772056 0.414527 0
1726877772199 13.619979 0
1726877772337 16.533245 0
1726877772480 2.036579 0
1726877772639 4.451031 0
1726877772784 0.787799 0
1726877772931 1.898644 0
1726877773076 1.759378 0
1726877773228 1.168635 4
1726877773384 3.153329 4
1726877773534 8.937201 4
1726877773684 0.461019 4
1726877774717 0.380615 0
1726877774869 0.154492 0
1726877775012 0.212479 0
1726877775152 0.867136 0
1726877775302 1.361371 0
1726877775450 2.247015 0
1726877775591 1.976605 0
1726877775737 1.113078 0
1726877775878 3.034688 0
1726877776022 1.130371 0
1726877776168 1.189657 5
1726877776312 3.271914 5
1726877776451 3.694874 5
1726877776587 1.641071 5
1726877777641 0.659509 0
1726877777790 0.167914 0
1726877777936 0.163213 0
1726877778079 21.758646 0
1726877778221 1.632987 0
1726877778369 1.595414 0
1726877778514 1.973498 0
1726877778660 1.498988 0
1726877778806 1.469823 0
1726877778952 1.143544 0
1726877779092 7.8636 6
1726877779231 0.906067 6
1726877779379 4.469393 6
1726877779521 0.320255 6
1726877780541 0.272723 0
1726877780683 0.337336 0
1726877780830 0.488251 0
1726877780970 6.942064 0
1726877781111 2.459333 0
1726877781254 3.457412 0
1726877781394 1.450867 0
1726877781531 1.480747 0
1726877781668 1.116982 0
1726877781805 1.079068 0
1726877781942 1.181705 7
1726877782084 0.874256 7
1726877782227 2.888609 7
1726877782366 1.348038 7
