1726902240041 36.742546 0
1726902240182 26.968662 0
1726902240323 13.826295 0
1726902240463 3.962671 0
1726902240603 4.475292 0
1726902240742 7.116211 0
1726902240884 1.847634 0
1726902241025 2.121181 0
1726902241169 0.670325 0
1726902242038 1.350249 0
1726902242185 1.918348 0
1726902242326 43.484512 0
1726902242466 7.913932 0
1726902242607 2.8529 0
1726902242748 0.708151 0
1726902242889 0.972709 0
1726902243029 0.88467 0
1726902243168 0.607773 0
1726902243946 1.422445 0
1726902244094 3.79952 0
1726902244234 26.508139 0
1726902244374 12.663467 0
1726902244514 1.844563 0
1726902244653 1.068707 0
1726902244794 1.685858 0
1726902244935 0.744064 0
1726902245075 0.664804 0
1726902245834 5.520227 0
1726902245976 2.782523 0
1726902246116 5.783056 0
1726902246258 3.884839 0
1726902246399 3.022549 0
1726902246543 3.131943 0
1726902246682 1.086308 0
1726902246823 0.892231 0
1726902246970 0.617092 0
1726902247749 3.402764 0
1726902247890 2.272058 0
1726902248031 5.592359 0
1726902248171 2.630822 0
1726902248311 2.09296 0
1726902248450 1.161772 0
1726902248589 0.906729 0
1726902248729 1.219407 0
1726902248870 0.756954 0
1726902249626 1.605855 0
1726902249770 2.700092 0
1726902249910 4.456135 0
1726902250050 3.135986 0
1726902250191 4.138718 0
1726902250331 4.594461 0
1726902250471 0.598598 0
1726902250610 0.742509 0
1726902250750 0.625097 0
1726902251508 2.012052 0
1726902251652 1.879236 0
1726902251793 5.412097 0
1726902251933 2.816842 0
1726902252074 4.781315 0
1726902252216 1.057447 0
1726902252356 0.737869 0
1726902252495 0.839291 0
1726902252635 0.619996 0
1726902253418 2.570204 0
1726902253559 5.669415 0
1726902253702 3.405312 0
1726902253844 3.181651 0
1726902253984 5.047873 0
1726902254126 1.647833 0
1726902254272 0.815522 0
1726902254413 1.101115 0
1726902254552 0.580449 0
1726902255318 3.344042 0
1726902255461 1.683586 0
1726902255600 9.555931 0
1726902255742 3.559093 0
1726902255885 1.75081 0
1726902256025 2.427258 0
1726902256166 0.944856 0
1726902256306 0.868972 0
1726902256446 0.589443 0
1726902257200 1.719171 0
1726902257341 4.063718 0
1726902257482 3.742042 0
1726902257625 7.156345 0
1726902257765 5.213389 0
1726902257908 1.263574 0
1726902258049 1.247212 0
1726902258189 1.03498 0
1726902258332 0.588672 0
