1727104051345 0.440587 0
1727104051581 0.020553 0
1727104051816 0.647612 0
1727104052053 0.167491 0
1727104052287 0.09179 0
1727104052523 0.67272 0
1727104052758 0.123112 0
1727104052994 0.140888 0
1727104053232 0.153833 0
1727104053467 0.027882 0
1727104053704 0.093568 1
1727104053938 0.189146 1
1727104054172 0.054143 1
1727104054426 0.372503 1
1727104054660 1.050268 1
1727104054894 1.012526 1
1727104055130 0.400936 1
1727104057113 0.068353 0
1727104057348 0.011179 0
1727104057581 0.277374 0
1727104057815 0.089108 0
1727104058051 0.101933 0
1727104058287 0.225339 0
1727104058525 0.122612 0
1727104058761 0.141449 0
1727104058997 0.144851 0
1727104059231 0.034656 0
1727104059466 0.120796 2
1727104059703 0.220322 2
1727104059937 0.212837 2
1727104060171 0.68663 2
1727104060406 1.3871 2
1727104060640 1.048598 2
1727104060873 0.427169 2
1727104062872 0.150045 0
1727104063106 0.013524 0
1727104063340 0.399545 0
1727104063574 0.068768 0
1727104063808 0.100574 0
1727104064044 0.23313 0
1727104064280 0.109508 0
1727104064513 0.137806 0
1727104064751 0.171563 0
1727104064985 0.025176 0
1727104065222 0.127175 3
1727104065455 0.220353 3
1727104065689 0.302379 3
1727104065923 0.775943 3
1727104066160 1.542692 3
1727104066397 0.999633 3
1727104066631 0.275992 3
1727104068619 0.206331 0
1727104068855 0.024467 0
1727104069092 0.117291 0
1727104069327 0.085624 0
1727104069563 0.111903 0
1727104069797 0.237804 0
1727104070034 0.108902 0
1727104070270 0.133653 0
1727104070505 0.141308 0
1727104070740 0.040119 0
1727104070975 0.108381 4
1727104071212 0.234089 4
1727104071447 0.363552 4
1727104071683 0.4951 4
1727104071918 1.400443 4
1727104072150 0.911423 4
1727104072387 0.304314 4
