1726873310994 0.49526 0
1726873311128 0.215688 0
1726873311262 0.311525 0
1726873311396 0.264015 0
1726873311531 0.49297 0
1726873311665 2.59637 0
1726873311799 0.691914 0
1726873312411 0.229571 0
1726873312547 0.205186 0
1726873312682 0.250086 0
1726873312817 0.300986 0
1726873312951 0.348171 0
1726873313087 1.815432 0
1726873313221 0.541397 0
1726873313793 0.575014 0
1726873313928 0.199686 0
1726873314062 0.224976 0
1726873314196 0.329505 0
1726873314334 0.381242 0
1726873314470 3.941411 0
1726873314604 0.762166 0
1726873315174 0.935331 0
1726873315311 0.435378 0
1726873315446 1.368564 0
1726873315579 0.327052 0
1726873315714 0.339094 0
1726873315849 1.963434 0
1726873315984 0.847562 0
1726873316556 0.645273 0
1726873316692 0.289176 0
1726873316826 0.241011 0
1726873316959 0.308045 0
1726873317093 0.509057 0
1726873317227 1.876977 0
1726873317363 0.467374 0
1726873317930 0.229119 0
1726873318067 0.300785 0
1726873318201 0.20432 0
1726873318337 0.277681 0
1726873318472 0.32209 0
1726873318608 1.856188 0
1726873318744 0.465327 0
1726873319309 0.18054 0
1726873319445 0.185405 0
1726873319579 0.237966 0
1726873319713 0.277448 0
1726873319847 0.341752 0
1726873319981 1.781835 0
1726873320116 0.461248 0
1726873320686 0.179351 0
1726873320821 0.181934 0
1726873320956 0.213406 0
1726873321091 0.273062 0
1726873321272 0.337035 0
1726873321407 1.793154 0
1726873321544 0.454281 0
1726873322108 0.175002 0
1726873322244 0.178614 0
1726873322379 0.205771 0
1726873322517 0.271431 0
1726873322653 0.333212 0
1726873322788 1.783003 0
1726873322922 0.45467 0
