1726933831425 0.0 0
1726933831571 10.0 0
1726933831714 20.0 0
1726933831858 30.0 0
1726933832002 40.0 0
1726933832144 50.0 0
1726933832285 60.0 0
1726933832427 70.0 0
1726933832569 80.0 0
1726933832714 90.0 0
1726933833614 0.0 0
1726933833768 10.0 0
1726933833910 20.0 0
1726933834053 30.0 0
1726933834195 40.0 0
1726933834337 50.0 0
1726933834481 60.0 0
1726933834631 70.0 0
1726933834775 80.0 0
1726933834917 90.0 0
1726933835740 0.0 0
1726933835891 10.0 0
1726933836032 20.0 0
1726933836174 30.0 0
1726933836317 40.0 0
1726933836460 50.0 0
1726933836602 60.0 0
1726933836744 70.0 0
1726933836886 80.0 0
1726933837029 90.0 0
1726933837868 0.0 0
1726933838012 10.0 0
1726933838155 20.0 0
1726933838298 30.0 0
1726933838440 40.0 0
1726933838583 50.0 0
1726933838726 60.0 0
1726933838869 70.0 0
1726933839011 80.0 0
1726933839154 90.0 0
1726933840007 0.0 0
1726933840153 10.0 0
1726933840297 20.0 0
1726933840439 30.0 0
1726933840583 40.0 0
1726933840726 50.0 0
1726933840869 60.0 0
1726933841014 70.0 0
1726933841156 80.0 0
1726933841304 90.0 0
1726933842152 0.0 0
1726933842299 10.0 0
1726933842444 20.0 0
1726933842587 30.0 0
1726933842732 40.0 0
1726933842875 50.0 0
1726933843173 60.0 0
1726933843330 70.0 0
1726933843476 80.0 0
1726933843628 90.0 0
1726933844575 0.0 0
1726933844719 10.0 0
1726933844861 20.0 0
1726933845004 30.0 0
1726933845147 40.0 0
1726933845290 50.0 0
1726933845435 60.0 0
1726933845578 70.0 0
1726933845720 80.0 0
1726933845867 90.0 0
1726933846707 0.0 0
1726933846854 10.0 0
1726933846998 20.0 0
1726933847144 30.0 0
1726933847288 40.0 0
1726933847432 50.0 0
1726933847577 60.0 0
1726933847721 70.0 0
1726933847868 80.0 0
1726933848014 90.0 0
1726933848857 0.0 0
1726933849015 10.0 0
1726933849164 20.0 0
1726933849309 30.0 0
1726933849454 40.0 0
1726933849600 50.0 0
1726933849745 60.0 0
1726933849893 70.0 0
1726933850038 80.0 0
1726933850183 90.0 0
1726933851021 0.0 0
1726933851168 10.0 0
1726933851314 20.0 0
1726933851461 30.0 0
1726933851609 40.0 0
1726933851754 50.0 0
1726933851900 60.0 0
1726933852048 70.0 0
1726933852193 80.0 0
1726933852337 90.0 0
