1727103699320 0.0 0
1727103699557 10.0 0
1727103699792 20.0 0
1727103700029 30.0 0
1727103700263 40.0 0
1727103700500 50.0 0
1727103700732 60.0 0
1727103700967 70.0 0
1727103701200 80.0 0
1727103701438 90.0 0
1727103701672 100.0 1
1727103703060 0.0 0
1727103703297 10.0 0
1727103703530 20.0 0
1727103703765 30.0 0
1727103703998 40.0 0
1727103704231 50.0 0
1727103704466 60.0 0
1727103704699 70.0 0
1727103704932 80.0 0
1727103705165 90.0 0
1727103705398 100.0 2
1727103706744 0.0 0
1727103706987 10.0 0
1727103707222 20.0 0
1727103707458 30.0 0
1727103707692 40.0 0
1727103707927 50.0 0
1727103708161 60.0 0
1727103708396 70.0 0
1727103708632 80.0 0
1727103708865 90.0 0
1727103709099 100.0 3
1727103710457 0.0 0
1727103710704 10.0 0
1727103710942 20.0 0
1727103711182 30.0 0
1727103711418 40.0 0
1727103711654 50.0 0
1727103711888 60.0 0
1727103712123 70.0 0
1727103712356 80.0 0
1727103712590 90.0 0
1727103712824 100.0 4
1727103714157 0.0 0
1727103714391 10.0 0
1727103714625 20.0 0
1727103714859 30.0 0
1727103715098 40.0 0
1727103715330 50.0 0
1727103715569 60.0 0
1727103715805 70.0 0
1727103716040 80.0 0
1727103716273 90.0 0
1727103716507 100.0 5
1727103717889 0.0 0
1727103718125 10.0 0
1727103718359 20.0 0
1727103718595 30.0 0
1727103718831 40.0 0
1727103719066 50.0 0
1727103719300 60.0 0
1727103719533 70.0 0
1727103719766 80.0 0
1727103720000 90.0 0
1727103720233 100.0 6
1727103721580 0.0 0
1727103721815 10.0 0
1727103722049 20.0 0
1727103722282 30.0 0
1727103722516 40.0 0
1727103722754 50.0 0
1727103722990 60.0 0
1727103723226 70.0 0
1727103723463 80.0 0
1727103723700 90.0 0
1727103723935 100.0 7
1727103725284 0.0 0
1727103725522 10.0 0
1727103725757 20.0 0
1727103725993 30.0 0
1727103726230 40.0 0
1727103726464 50.0 0
1727103726701 60.0 0
1727103726939 70.0 0
1727103727175 80.0 0
1727103727409 90.0 0
1727103727643 100.0 8
1727103728998 0.0 0
1727103729235 10.0 0
1727103729470 20.0 0
1727103729705 30.0 0
1727103729941 40.0 0
1727103730177 50.0 0
1727103730415 60.0 0
1727103730653 70.0 0
1727103730890 80.0 0
1727103731124 90.0 0
1727103731358 100.0 9
1727103732698 0.0 0
1727103732935 10.0 0
1727103733171 20.0 0
1727103733405 30.0 0
1727103733642 40.0 0
1727103733877 50.0 0
1727103734112 60.0 0
1727103734346 70.0 0
1727103734583 80.0 0
1727103734822 90.0 0
1727103735056 100.0 10
