1726807111889 37.088699 0
1726807111991 4.042103 0
1726807112089 81.537323 0
1726807112188 25.641012 0
1726807112290 13.075787 0
1726807112390 20.372068 0
1726807112488 15.781883 0
1726807112588 26.965691 0
1726807112687 27.377815 0
1726807112787 7.601764 0
1726807112885 93.164902 1
1726807112984 9.488802 1
1726807113784 7.662471 0
1726807113884 11.373483 0
1726807113984 15.176169 0
1726807114085 9.124665 0
1726807114184 15.320928 0
1726807114286 9.834141 0
1726807114385 5.337302 0
1726807114488 2.194199 0
1726807114589 7.752017 0
1726807114690 7.110025 0
1726807114792 9.470709 2
1726807114892 15.147508 2
1726807115740 19.268152 0
1726807115847 5.735658 0
1726807115948 6.092696 0
1726807116048 11.761979 0
1726807116148 4.605991 0
1726807116249 5.572041 0
1726807116351 2.799232 0
1726807116450 1.164462 0
1726807116554 32.599491 0
1726807116659 13.347136 0
1726807116762 6.078976 3
1726807116862 2.561022 3
1726807117647 3.927467 0
1726807117749 5.666566 0
1726807117848 8.651756 0
1726807117951 2.596554 0
1726807118055 4.570877 0
1726807118165 4.066513 0
1726807118267 10.768775 0
1726807118368 1.083935 0
1726807118470 6.459958 0
1726807118570 5.365026 0
1726807118672 13.256002 4
1726807118775 2.074661 4
1726807119552 12.232848 0
1726807119655 4.062597 0
1726807119759 4.59767 0
1726807119861 2.276009 0
1726807119962 8.989008 0
1726807120061 61.552242 0
1726807120159 2.259956 0
1726807120259 1.027082 0
1726807120359 4.883273 0
1726807120459 44.14706 0
1726807120560 10.676155 5
1726807120661 2.753246 5
1726807121430 3.542891 0
1726807121540 3.508291 0
1726807121642 2.901276 0
1726807121746 3.060485 0
1726807121847 2.758632 0
1726807121950 7.49928 0
1726807122053 2.106759 0
1726807122156 0.940991 0
1726807122263 6.857797 0
1726807122367 5.716263 0
1726807122467 4.740307 6
1726807122568 3.369775 6
