1726876875641 0.467384 0
1726876875787 0.340589 0
1726876875928 1.356812 0
1726876876072 0.548404 0
1726876876211 1.355497 0
1726876876351 0.479642 0
1726876876494 0.427141 0
1726876876636 1.106408 0
1726876876781 0.29867 0
1726876876929 0.42789 0
1726876877071 0.187999 1
1726876877212 0.50848 1
1726876878167 0.356254 0
1726876878312 0.134893 0
1726876878453 0.585055 0
1726876878595 0.317786 0
1726876878734 0.748633 0
1726876878877 0.224619 0
1726876879017 0.451612 0
1726876879158 0.481463 0
1726876879296 0.262718 0
1726876879446 0.46754 0
1726876879585 0.198022 2
1726876879724 0.359832 2
1726876880592 0.192388 0
1726876880731 0.11035 0
1726876880873 0.477811 0
1726876881015 0.317107 0
1726876881154 0.686053 0
1726876881294 0.23049 0
1726876881435 0.369154 0
1726876881574 0.449981 0
1726876881713 0.241458 0
1726876881854 0.444071 0
1726876881998 0.169677 3
1726876882137 0.363109 3
1726876883015 0.160052 0
1726876883168 0.108845 0
1726876883313 0.460618 0
1726876883455 0.347288 0
1726876883593 0.627644 0
1726876883731 0.234071 0
1726876883873 0.365098 0
1726876884016 0.428315 0
1726876884155 0.266732 0
1726876884295 0.432101 0
1726876884436 0.135773 4
1726876884576 0.336033 4
1726876885444 0.133692 0
1726876885583 0.102067 0
1726876885722 0.453141 0
1726876885864 0.314481 0
1726876886003 0.59691 0
1726876886145 0.236015 0
1726876886285 0.359279 0
1726876886427 0.432085 0
1726876886567 0.267871 0
1726876886713 0.436308 0
1726876886858 0.140218 5
1726876886998 0.327913 5
1726876887874 0.132971 0
1726876888015 0.100907 0
1726876888155 0.446298 0
1726876888303 0.317214 0
1726876888443 0.600383 0
1726876888584 0.24074 0
1726876888726 0.347959 0
1726876888870 0.429297 0
1726876889008 0.24682 0
1726876889150 0.422186 0
1726876889290 0.143905 6
1726876889431 0.320837 6
1726876890289 0.127535 0
1726876890431 0.106672 0
1726876890574 0.437533 0
1726876890716 0.322673 0
1726876890859 0.562348 0
1726876890998 0.236636 0
1726876891137 0.346983 0
1726876891277 0.418921 0
1726876891414 0.251628 0
1726876891553 0.432902 0
1726876891692 0.140747 7
1726876891832 0.317058 7
1726876892706 0.128702 0
1726876892851 0.102567 0
1726876892993 0.433284 0
1726876893135 0.312558 0
1726876893273 0.557945 0
1726876893414 0.232161 0
1726876893555 0.34829 0
1726876893695 0.422436 0
1726876893835 0.253189 0
1726876893976 0.419813 0
1726876894115 0.141307 8
1726876894253 0.293929 8
1726876895127 0.126418 0
1726876895266 0.103951 0
1726876895408 0.435339 0
1726876895546 0.312932 0
1726876895684 0.545406 0
1726876895827 0.232617 0
1726876895972 0.34125 0
1726876896112 0.412814 0
1726876896251 0.251557 0
1726876896391 0.432134 0
1726876896533 0.138761 9
1726876896674 0.309938 9
1726876897550 0.12783 0
1726876897689 0.101756 0
1726876897832 0.409898 0
1726876897974 0.318199 0
1726876898116 0.537051 0
1726876898256 0.232351 0
1726876898397 0.345608 0
1726876898536 0.417188 0
1726876898677 0.247466 0
1726876898823 0.437545 0
1726876898966 0.141406 10
1726876899105 0.300238 10
