1727099970726 0.136115 0
1727099970917 0.009558 0
1727099971154 0.053331 0
1727099971521 0.010263 0
1727099971712 0.002951 0
1727099971895 0.002416 0
1727099972246 0.001708 0
1727099972436 0.000921 0
1727099972625 0.000808 0
1727099973032 0.000837 0
1727099973221 0.000498 0
1727099973407 0.000187 0
1727099973736 0.000271 0
1727099973922 0.00019 0
1727099974106 0.000101 0
1727099974438 0.000119 0
1727099974624 8.9e-05 0
1727099974814 5.3e-05 0
1727099975211 7.6e-05 0
1727099975396 4.2e-05 0
1727099975578 4.5e-05 0
