1727103647292 74.056717 0
1727103647528 0.331891 0
1727103647759 0.079594 0
1727103647991 2.420291 0
1727103648220 0.730594 0
1727103648451 1.533676 0
1727103648684 3.590952 0
1727103648918 19.872498 0
1727103649151 1.449426 0
1727103649386 26.341476 0
1727103650544 0.406416 0
1727103650777 2.604337 0
1727103651007 0.127717 0
1727103651239 1.073813 0
1727103651470 14.373606 0
1727103651703 3.747534 0
1727103651937 0.84348 0
1727103652171 2.300898 0
1727103652403 0.684881 0
1727103652635 28.09647 0
1727103653733 50.056797 0
1727103653968 0.161749 0
1727103654208 0.191254 0
1727103654442 0.999938 0
1727103654678 8.256493 0
1727103654939 0.886411 0
1727103655185 1.064083 0
1727103655421 1.53098 0
1727103655656 1.423128 0
1727103655890 30.214661 0
1727103656983 6.99562 0
1727103657215 0.1806 0
1727103657448 0.122803 0
1727103657684 1.662004 0
1727103657976 79.869392 0
1727103658244 0.728965 0
1727103658488 1.029843 0
1727103658725 1.405683 0
1727103658969 1.812167 0
1727103659208 4.732676 0
