1726805914604 11.96907 0
1726805914713 1.722422 0
1726805914814 0.927554 0
1726805914913 13.483212 0
1726805915015 3.831883 0
1726805915119 4.947132 0
1726805915223 27.23138 0
1726805915338 2.785635 0
1726805915442 5.188057 0
1726805915546 6.523665 0
1726805915649 1.790333 1
1726805915749 0.541547 1
1726805915848 2.328765 1
1726805915948 0.816223 1
1726805916048 9.873609 1
1726805916148 0.604432 1
1726805916248 2.821982 1
1726805916351 2.889389 1
1726805916451 1.959025 1
1726805916552 0.742178 1
1726805916653 0.755659 2
1726805916761 2.465664 2
1726805916862 1.393992 2
1726805916961 0.704144 2
1726805917063 1.809552 2
1726805917162 1.271982 2
1726805917262 0.81305 2
1726805917362 5.885051 2
1726805917463 3.129693 2
1726805917567 1.254395 2
1726805917668 0.760272 3
1726805917766 1.38734 3
1726805917865 2.173676 3
1726805917965 1.19179 3
1726805918065 7.737394 3
1726805918165 1.393285 3
1726805918265 1.760674 3
1726805918366 2.698145 3
1726805918465 0.486113 3
1726805918566 0.784966 3
1726805920619 3.504001 0
1726805920723 1.96834 0
1726805920835 1.164407 0
1726805920934 4.849877 0
1726805921034 8.123983 0
1726805921136 2.624729 0
1726805921238 3.625247 0
1726805921339 1.728926 0
1726805921442 5.729009 0
1726805921546 1.932026 0
1726805921650 1.599302 2
1726805921751 0.354309 2
1726805921853 0.898382 2
1726805921964 3.843567 2
1726805922065 1.677853 2
1726805922168 1.975268 2
1726805922270 2.383669 2
1726805922370 3.312899 2
1726805922470 3.567035 2
1726805922569 2.219742 2
1726805922670 0.879651 4
1726805922769 1.117775 4
1726805922881 2.31964 4
1726805922982 0.859173 4
1726805923084 2.193799 4
1726805923188 1.240337 4
1726805923293 0.874575 4
1726805923395 7.158048 4
1726805923496 2.706687 4
1726805923595 2.010483 4
1726805923700 0.738872 6
1726805923804 1.391921 6
1726805923905 4.516227 6
1726805924006 1.750317 6
1726805924106 14.879498 6
1726805924208 1.698948 6
1726805924307 2.916401 6
1726805924408 9.514524 6
1726805924510 0.479289 6
1726805924610 0.783413 6
1726805926735 25.137688 0
1726805926838 1.976843 0
1726805926946 0.93638 0
1726805927047 24.803865 0
1726805927146 14.493867 0
1726805927246 24.115728 0
1726805927347 2.231305 0
1726805927450 1.864401 0
1726805927551 5.689889 0
1726805927655 1.191832 0
1726805927757 1.667932 3
1726805927861 1.31002 3
1726805927961 2.685176 3
1726805928061 1.600958 3
1726805928162 4.547976 3
1726805928261 1.086525 3
1726805928359 2.545452 3
1726805928459 4.23914 3
1726805928561 2.339622 3
1726805928659 0.6128 3
1726805928761 0.990386 6
1726805928867 3.978798 6
1726805928976 1.862061 6
1726805929082 0.769538 6
1726805929188 1.843803 6
1726805929290 1.102214 6
1726805929390 0.898676 6
1726805929490 3.493979 6
1726805929591 2.995091 6
1726805929690 1.253771 6
1726805929790 1.510025 9
1726805929890 1.378351 9
1726805929990 1.096659 9
1726805930090 0.793356 9
1726805930190 5.129204 9
1726805930289 2.513596 9
1726805930388 2.676764 9
1726805930487 2.00354 9
1726805930590 0.711707 9
1726805930691 1.633985 9
1726805932745 2.283429 0
1726805932848 1.312357 0
1726805932951 3.634194 0
1726805933060 8.41335 0
1726805933163 44.581158 0
1726805933263 2.862672 0
1726805933368 3.990669 0
1726805933472 8.38613 0
1726805933574 2.455983 0
1726805933674 1.733175 0
1726805933774 1.369696 4
1726805933875 1.950564 4
1726805933976 3.560781 4
1726805934078 2.978001 4
1726805934178 3.443209 4
1726805934278 1.379395 4
1726805934377 2.060934 4
1726805934477 10.99632 4
1726805934577 1.707373 4
1726805934677 0.654775 4
1726805934777 1.303438 8
1726805934876 5.754182 8
1726805934980 2.063978 8
1726805935086 2.409019 8
1726805935188 1.629519 8
1726805935289 1.938729 8
1726805935389 0.824051 8
1726805935491 7.752177 8
1726805935596 3.881008 8
1726805935698 1.09007 8
1726805935799 0.974867 12
1726805935901 1.062102 12
1726805936002 1.310203 12
1726805936102 0.752506 12
1726805936201 3.948352 12
1726805936301 2.144691 12
1726805936401 4.283151 12
1726805936501 2.255162 12
1726805936602 0.87554 12
1726805936701 1.567244 12
1726805938740 5.176971 0
1726805938840 2.38432 0
1726805938940 3.833744 0
1726805939040 2.410216 0
1726805939140 3.353629 0
1726805939250 8.352356 0
1726805939354 2.057031 0
1726805939460 2.361692 0
1726805939562 3.068433 0
1726805939665 3.716638 0
1726805939767 5.043735 5
1726805939868 1.002564 5
1726805939969 9.867317 5
1726805940068 3.525381 5
1726805940168 5.86853 5
1726805940271 0.926117 5
1726805940376 4.635225 5
1726805940477 2.841253 5
1726805940577 1.528825 5
1726805940681 0.682503 5
1726805940784 0.973052 10
1726805940887 6.362391 10
1726805940986 1.452242 10
1726805941086 0.802797 10
1726805941186 1.7459 10
1726805941297 6.29234 10
1726805941399 0.905352 10
1726805941499 4.15907 10
1726805941598 9.540906 10
1726805941700 0.91367 10
1726805941800 1.063724 15
1726805941900 0.972203 15
1726805942001 1.312179 15
1726805942102 0.758195 15
1726805942204 7.213278 15
1726805942303 2.642528 15
1726805942403 2.133867 15
1726805942502 3.278955 15
1726805942601 0.629796 15
1726805942702 1.136104 15
1726805944769 19.361029 0
1726805944872 2.473462 0
1726805944971 7.224153 0
1726805945071 2.706957 0
1726805945172 3.645173 0
1726805945277 5.107856 0
1726805945393 2.230607 0
1726805945496 12.426947 0
1726805945598 5.488956 0
1726805945698 2.248454 0
1726805945803 1.718815 6
1726805945909 2.677663 6
1726805946013 7.757226 6
1726805946113 6.515332 6
1726805946213 4.599671 6
1726805946316 1.082318 6
1726805946419 2.083618 6
1726805946522 1.810118 6
1726805946623 1.580105 6
1726805946723 0.57411 6
1726805946825 1.303402 12
1726805946928 2.022933 12
1726805947029 2.80726 12
1726805947130 0.874534 12
1726805947236 1.749573 12
1726805947340 1.579611 12
1726805947446 0.919072 12
1726805947545 2.930332 12
1726805947645 20.863451 12
1726805947745 1.688368 12
1726805947846 0.998199 18
1726805947949 1.001359 18
1726805948051 1.413593 18
1726805948153 0.752232 18
1726805948252 3.270796 18
1726805948351 4.278466 18
1726805948451 1.603583 18
1726805948554 2.897987 18
1726805948658 0.594772 18
1726805948758 2.362864 18
1726805950846 4.887083 0
1726805950949 2.254144 0
1726805951050 10.648209 0
1726805951150 12.01545 0
1726805951250 3.439015 0
1726805951350 5.559313 0
1726805951457 4.276554 0
1726805951560 2.856155 0
1726805951661 6.469574 0
1726805951762 1.799883 0
1726805951867 1.876206 7
1726805951970 3.864623 7
1726805952070 3.596561 7
1726805952170 16.917263 7
1726805952269 3.473093 7
1726805952369 2.094996 7
1726805952468 7.412261 7
1726805952568 2.450146 7
1726805952670 1.599365 7
1726805952770 0.592541 7
1726805952870 1.785717 14
1726805952971 4.657123 14
1726805953070 2.331831 14
1726805953169 1.077129 14
1726805953269 2.657855 14
1726805953375 1.989386 14
1726805953484 0.886318 14
1726805953588 3.836055 14
1726805953688 5.514204 14
1726805953791 1.603325 14
1726805953891 0.81594 21
1726805953992 0.848436 21
1726805954097 1.070787 21
1726805954202 0.871478 21
1726805954307 3.859447 21
1726805954409 1.514936 21
1726805954509 8.959208 21
1726805954609 3.606972 21
1726805954709 0.680019 21
1726805954809 2.439675 21
