1726844317579 0.444793 0
1726844317716 0.315129 0
1726844317851 0.30444 0
1726844317988 0.393443 0
1726844318123 0.676223 0
1726844318257 0.335399 0
1726844318390 0.344642 0
1726844318523 0.423476 0
1726844318657 0.622087 0
1726844318790 0.636634 0
1726844318922 2.210956 1
1726844319057 0.545355 1
1726844319191 1.145906 1
1726844319325 2.538503 1
1726844319461 0.420833 1
1726844319599 1.42206 1
1726844319732 0.434005 1
1726844319865 0.333657 1
1726844319997 0.415812 1
1726844320134 0.489247 1
1726844321641 0.442643 0
1726844321776 0.257541 0
1726844321914 0.241016 0
1726844322049 0.293684 0
1726844322182 0.596707 0
1726844322315 0.283249 0
1726844322452 0.277504 0
1726844322586 0.329668 0
1726844322719 0.534181 0
1726844322853 0.566305 0
1726844322985 1.807434 2
1726844323119 0.44253 2
1726844323254 0.888549 2
1726844323389 1.849004 2
1726844323524 0.361971 2
1726844323657 1.022621 2
1726844323792 0.308745 2
1726844323927 0.209015 2
1726844324061 0.251433 2
1726844324194 0.29255 2
1726844325692 0.5138 0
1726844325828 0.164031 0
1726844325968 0.161962 0
1726844326103 0.174342 0
1726844326238 0.49107 0
1726844326370 0.299326 0
1726844326503 0.24204 0
1726844326639 0.186699 0
1726844326772 0.394576 0
1726844326904 0.459041 0
1726844327036 0.9896 3
1726844327169 0.394141 3
1726844327303 0.516639 3
1726844327439 0.810237 3
1726844327573 0.363548 3
1726844327707 0.622352 3
1726844327840 0.241859 3
1726844327972 0.182913 3
1726844328105 0.184527 3
1726844328236 0.175685 3
1726844329739 0.331986 0
1726844329874 0.140602 0
1726844330032 0.177282 0
1726844330189 0.193756 0
1726844330341 0.428016 0
1726844330557 0.28926 0
1726844330709 0.2355 0
1726844330856 0.165884 0
1726844331001 0.353165 0
1726844331148 0.445803 0
1726844331296 0.674006 4
1726844331442 0.391697 4
1726844331589 0.482503 4
1726844331728 0.715514 4
1726844331865 0.297817 4
1726844332005 0.589632 4
1726844332142 0.261742 4
1726844332277 0.189022 4
1726844332420 0.16868 4
1726844332557 0.163936 4
1726844334175 0.177185 0
1726844334314 0.168043 0
1726844334449 0.173866 0
1726844334582 0.18605 0
1726844334716 0.390771 0
1726844334850 0.240097 0
1726844334983 0.236537 0
1726844335126 0.17743 0
1726844335265 0.372904 0
1726844335402 0.470881 0
1726844335537 0.642344 5
1726844335674 0.357237 5
1726844335815 0.474508 5
1726844335956 0.633264 5
1726844336090 0.27965 5
1726844336226 0.655131 5
1726844336369 0.268454 5
1726844336511 0.195881 5
1726844336649 0.164778 5
1726844336783 0.169472 5
1726844338248 0.159155 0
1726844338384 0.187205 0
1726844338516 0.171868 0
1726844338650 0.181315 0
1726844338785 0.391837 0
1726844338917 0.217793 0
1726844339051 0.228947 0
1726844339183 0.191902 0
1726844339315 0.374985 0
1726844339447 0.455967 0
1726844339584 0.597606 6
1726844339722 0.347202 6
1726844339855 0.431312 6
1726844339990 0.622967 6
1726844340124 0.266101 6
1726844340257 0.628443 6
1726844340389 0.259829 6
1726844340523 0.186434 6
1726844340655 0.162253 6
1726844340786 0.169194 6
1726844342256 0.164666 0
1726844342389 0.182039 0
1726844342520 0.167514 0
1726844342652 0.182497 0
1726844342783 0.393303 0
1726844342916 0.21249 0
1726844343048 0.21562 0
1726844343180 0.187116 0
1726844343312 0.368638 0
1726844343445 0.456193 0
1726844343582 0.637032 7
1726844343720 0.37122 7
1726844343858 0.428564 7
1726844343993 0.612489 7
1726844344129 0.274276 7
1726844344266 0.616332 7
1726844344399 0.25065 7
1726844344532 0.183376 7
1726844344668 0.154832 7
1726844344806 0.172174 7
1726844346270 0.172861 0
1726844346416 0.175963 0
1726844346551 0.168637 0
1726844346683 0.181509 0
1726844346816 0.387352 0
1726844346949 0.20593 0
1726844347081 0.210261 0
1726844347213 0.188713 0
1726844347347 0.380174 0
1726844347480 0.458449 0
1726844347613 0.600962 8
1726844347747 0.363942 8
1726844347882 0.42256 8
1726844348018 0.644247 8
1726844348150 0.267726 8
1726844348282 0.62218 8
1726844348415 0.255595 8
1726844348548 0.180911 8
1726844348681 0.15627 8
1726844348818 0.167407 8
1726844350301 0.177669 0
1726844350435 0.172216 0
1726844350569 0.163415 0
1726844350701 0.182022 0
1726844350833 0.386404 0
1726844350965 0.200815 0
1726844351098 0.211138 0
1726844351233 0.194107 0
1726844351369 0.376122 0
1726844351500 0.454567 0
1726844351631 0.612701 9
1726844351763 0.368715 9
1726844351897 0.432329 9
1726844352031 0.596053 9
1726844352163 0.263892 9
1726844352296 0.639715 9
1726844352429 0.245901 9
1726844352562 0.183949 9
1726844352694 0.157356 9
1726844352828 0.170628 9
1726844354293 0.179069 0
1726844354432 0.172955 0
1726844354566 0.169254 0
1726844354698 0.182645 0
1726844354830 0.374176 0
1726844354962 0.199225 0
1726844355094 0.203094 0
1726844355226 0.19539 0
1726844355358 0.376638 0
1726844355490 0.450057 0
1726844355622 0.611911 10
1726844355755 0.366325 10
1726844355887 0.440789 10
1726844356020 0.641841 10
1726844356151 0.265452 10
1726844356283 0.610224 10
1726844356414 0.246525 10
1726844356547 0.180399 10
1726844356679 0.155608 10
1726844356810 0.167457 10
