1726812294745 0.0 0
1726812294850 10.0 0
1726812294950 20.0 0
1726812295050 30.0 0
1726812295151 40.0 0
1726812295249 50.0 0
1726812295351 60.0 0
1726812295453 70.0 0
1726812295555 80.0 0
1726812295656 90.0 0
1726812295759 100.0 1
1726812295858 110.0 1
1726812295958 120.0 1
1726812296058 130.0 1
1726812296158 140.0 1
1726812296263 150.0 1
1726812296367 160.0 1
1726812296466 170.0 1
1726812296567 180.0 1
1726812296667 190.0 1
1726812296765 200.0 2
1726812296865 210.0 2
1726812296966 220.0 2
1726812297067 230.0 2
1726812297166 240.0 2
1726812297267 250.0 2
1726812297367 260.0 2
1726812297466 270.0 2
1726812297563 280.0 2
1726812297661 290.0 2
1726812297759 300.0 3
1726812297858 310.0 3
1726812297955 320.0 3
1726812298051 330.0 3
1726812298153 340.0 3
1726812298253 350.0 3
1726812298360 360.0 3
1726812298459 370.0 3
1726812298559 380.0 3
1726812298660 390.0 3
1726812298760 400.0 4
1726812298860 410.0 4
1726812298962 420.0 4
1726812299063 430.0 4
1726812299162 440.0 4
1726812299263 450.0 4
1726812299362 460.0 4
1726812299458 470.0 4
1726812299559 480.0 4
1726812299658 490.0 4
1726812299758 500.0 5
1726812299859 510.0 5
1726812299959 520.0 5
1726812300058 530.0 5
1726812300161 540.0 5
1726812300261 550.0 5
1726812300380 560.0 5
1726812300481 570.0 5
1726812300580 580.0 5
1726812300681 590.0 5
1726812300786 600.0 6
1726812300885 610.0 6
1726812300984 620.0 6
1726812301086 630.0 6
1726812301187 640.0 6
1726812301287 650.0 6
1726812301386 660.0 6
1726812301486 670.0 6
1726812301585 680.0 6
1726812301686 690.0 6
1726812301788 700.0 7
1726812301894 710.0 7
1726812301995 720.0 7
1726812302095 730.0 7
1726812302198 740.0 7
1726812302300 750.0 7
1726812302409 760.0 7
1726812302510 770.0 7
1726812302612 780.0 7
1726812302711 790.0 7
1726812302813 800.0 8
1726812306051 0.0 0
1726812306151 10.0 0
1726812306252 20.0 0
1726812306354 30.0 0
1726812306452 40.0 0
1726812306556 50.0 0
1726812306656 60.0 0
1726812306755 70.0 0
1726812306852 80.0 0
1726812306950 90.0 0
1726812307050 100.0 2
1726812307155 110.0 2
1726812307257 120.0 2
1726812307357 130.0 2
1726812307456 140.0 2
1726812307554 150.0 2
1726812307652 160.0 2
1726812307750 170.0 2
1726812307848 180.0 2
1726812307947 190.0 2
1726812308045 200.0 4
1726812308143 210.0 4
1726812308245 220.0 4
1726812308346 230.0 4
1726812308445 240.0 4
1726812308553 250.0 4
1726812308653 260.0 4
1726812308752 270.0 4
1726812308850 280.0 4
1726812308948 290.0 4
1726812309048 300.0 6
1726812309147 310.0 6
1726812309246 320.0 6
1726812309351 330.0 6
1726812309450 340.0 6
1726812309551 350.0 6
1726812309651 360.0 6
1726812309751 370.0 6
1726812309851 380.0 6
1726812309950 390.0 6
1726812310049 400.0 8
1726812310147 410.0 8
1726812310249 420.0 8
1726812310352 430.0 8
1726812310454 440.0 8
1726812310554 450.0 8
1726812310660 460.0 8
1726812310761 470.0 8
1726812310859 480.0 8
1726812310958 490.0 8
1726812311057 500.0 10
1726812311155 510.0 10
1726812311254 520.0 10
1726812311352 530.0 10
1726812311450 540.0 10
1726812311549 550.0 10
1726812311648 560.0 10
1726812311748 570.0 10
1726812311848 580.0 10
1726812311946 590.0 10
1726812312044 600.0 12
1726812312141 610.0 12
1726812312241 620.0 12
1726812312353 630.0 12
1726812312452 640.0 12
1726812312550 650.0 12
1726812312655 660.0 12
1726812312754 670.0 12
1726812312856 680.0 12
1726812312957 690.0 12
1726812313057 700.0 14
1726812313158 710.0 14
1726812313257 720.0 14
1726812313357 730.0 14
1726812313458 740.0 14
1726812313558 750.0 14
1726812313658 760.0 14
1726812313758 770.0 14
1726812313858 780.0 14
1726812313958 790.0 14
1726812314058 800.0 16
1726812317525 0.0 0
1726812317625 10.0 0
1726812317724 20.0 0
1726812317824 30.0 0
1726812317923 40.0 0
1726812318021 50.0 0
1726812318128 60.0 0
1726812318229 70.0 0
1726812318332 80.0 0
1726812318433 90.0 0
1726812318539 100.0 3
1726812318642 110.0 3
1726812318746 120.0 3
1726812318848 130.0 3
1726812318949 140.0 3
1726812319050 150.0 3
1726812319152 160.0 3
1726812319252 170.0 3
1726812319350 180.0 3
1726812319449 190.0 3
1726812319548 200.0 6
1726812319646 210.0 6
1726812319744 220.0 6
1726812319844 230.0 6
1726812319946 240.0 6
1726812320047 250.0 6
1726812320146 260.0 6
1726812320245 270.0 6
1726812320345 280.0 6
1726812320444 290.0 6
1726812320544 300.0 9
1726812320642 310.0 9
1726812320742 320.0 9
1726812320850 330.0 9
1726812320951 340.0 9
1726812321051 350.0 9
1726812321150 360.0 9
1726812321250 370.0 9
1726812321352 380.0 9
1726812321453 390.0 9
1726812321552 400.0 12
1726812321652 410.0 12
1726812321751 420.0 12
1726812321850 430.0 12
1726812321950 440.0 12
1726812322050 450.0 12
1726812322150 460.0 12
1726812322250 470.0 12
1726812322349 480.0 12
1726812322449 490.0 12
1726812322549 500.0 15
1726812322650 510.0 15
1726812322750 520.0 15
1726812322857 530.0 15
1726812322960 540.0 15
1726812323060 550.0 15
1726812323164 560.0 15
1726812323267 570.0 15
1726812323370 580.0 15
1726812323470 590.0 15
1726812323569 600.0 18
1726812323669 610.0 18
1726812323769 620.0 18
1726812323868 630.0 18
1726812323967 640.0 18
1726812324067 650.0 18
1726812324166 660.0 18
1726812324267 670.0 18
1726812324366 680.0 18
1726812324466 690.0 18
1726812324567 700.0 21
1726812324667 710.0 21
1726812324768 720.0 21
1726812324873 730.0 21
1726812324983 740.0 21
1726812325083 750.0 21
1726812325184 760.0 21
1726812325288 770.0 21
1726812325393 780.0 21
1726812325492 790.0 21
1726812325592 800.0 24
1726812328937 0.0 0
1726812329046 10.0 0
1726812329146 20.0 0
1726812329245 30.0 0
1726812329346 40.0 0
1726812329449 50.0 0
1726812329551 60.0 0
1726812329652 70.0 0
1726812329752 80.0 0
1726812329851 90.0 0
1726812329952 100.0 4
1726812330053 110.0 4
1726812330158 120.0 4
1726812330259 130.0 4
1726812330358 140.0 4
1726812330458 150.0 4
1726812330560 160.0 4
1726812330661 170.0 4
1726812330761 180.0 4
1726812330861 190.0 4
1726812330961 200.0 8
1726812331068 210.0 8
1726812331169 220.0 8
1726812331268 230.0 8
1726812331367 240.0 8
1726812331467 250.0 8
1726812331566 260.0 8
1726812331667 270.0 8
1726812331767 280.0 8
1726812331866 290.0 8
1726812331970 300.0 12
1726812332070 310.0 12
1726812332170 320.0 12
1726812332269 330.0 12
1726812332369 340.0 12
1726812332469 350.0 12
1726812332567 360.0 12
1726812332666 370.0 12
1726812332767 380.0 12
1726812332869 390.0 12
1726812332971 400.0 16
1726812333080 410.0 16
1726812333187 420.0 16
1726812333288 430.0 16
1726812333388 440.0 16
1726812333488 450.0 16
1726812333587 460.0 16
1726812333689 470.0 16
1726812333789 480.0 16
1726812333889 490.0 16
1726812333989 500.0 20
1726812334087 510.0 20
1726812334189 520.0 20
1726812334294 530.0 20
1726812334395 540.0 20
1726812334495 550.0 20
1726812334595 560.0 20
1726812334696 570.0 20
1726812334794 580.0 20
1726812334897 590.0 20
1726812334998 600.0 24
1726812335100 610.0 24
1726812335203 620.0 24
1726812335304 630.0 24
1726812335404 640.0 24
1726812335504 650.0 24
1726812335604 660.0 24
1726812335704 670.0 24
1726812335803 680.0 24
1726812335901 690.0 24
1726812336004 700.0 28
1726812336111 710.0 28
1726812336218 720.0 28
1726812336318 730.0 28
1726812336421 740.0 28
1726812336524 750.0 28
1726812336626 760.0 28
1726812336725 770.0 28
1726812336825 780.0 28
1726812336925 790.0 28
1726812337026 800.0 32
1726812340411 0.0 0
1726812340512 10.0 0
1726812340610 20.0 0
1726812340709 30.0 0
1726812340810 40.0 0
1726812340911 50.0 0
1726812341010 60.0 0
1726812341153 70.0 0
1726812341259 80.0 0
1726812341361 90.0 0
1726812341467 100.0 5
1726812341567 110.0 5
1726812341667 120.0 5
1726812341764 130.0 5
1726812341867 140.0 5
1726812341966 150.0 5
1726812342067 160.0 5
1726812342167 170.0 5
1726812342266 180.0 5
1726812342368 190.0 5
1726812342470 200.0 10
1726812342570 210.0 10
1726812342671 220.0 10
1726812342772 230.0 10
1726812342872 240.0 10
1726812342985 250.0 10
1726812343086 260.0 10
1726812343186 270.0 10
1726812343289 280.0 10
1726812343396 290.0 10
1726812343498 300.0 15
1726812343599 310.0 15
1726812343700 320.0 15
1726812343800 330.0 15
1726812343901 340.0 15
1726812344001 350.0 15
1726812344101 360.0 15
1726812344201 370.0 15
1726812344301 380.0 15
1726812344400 390.0 15
1726812344500 400.0 20
1726812344602 410.0 20
1726812344702 420.0 20
1726812344802 430.0 20
1726812344900 440.0 20
1726812345004 450.0 20
1726812345107 460.0 20
1726812345210 470.0 20
1726812345311 480.0 20
1726812345418 490.0 20
1726812345518 500.0 25
1726812345618 510.0 25
1726812345717 520.0 25
1726812345819 530.0 25
1726812345918 540.0 25
1726812346018 550.0 25
1726812346118 560.0 25
1726812346217 570.0 25
1726812346316 580.0 25
1726812346416 590.0 25
1726812346516 600.0 30
1726812346617 610.0 30
1726812346716 620.0 30
1726812346816 630.0 30
1726812346916 640.0 30
1726812347017 650.0 30
1726812347116 660.0 30
1726812347216 670.0 30
1726812347317 680.0 30
1726812347424 690.0 30
1726812347524 700.0 35
1726812347625 710.0 35
1726812347724 720.0 35
1726812347825 730.0 35
1726812347925 740.0 35
1726812348025 750.0 35
1726812348125 760.0 35
1726812348225 770.0 35
1726812348326 780.0 35
1726812348426 790.0 35
1726812348525 800.0 40
1726812351969 0.0 0
1726812352071 10.0 0
1726812352171 20.0 0
1726812352271 30.0 0
1726812352371 40.0 0
1726812352472 50.0 0
1726812352572 60.0 0
1726812352671 70.0 0
1726812352773 80.0 0
1726812352875 90.0 0
1726812352977 100.0 6
1726812353080 110.0 6
1726812353182 120.0 6
1726812353284 130.0 6
1726812353383 140.0 6
1726812353483 150.0 6
1726812353591 160.0 6
1726812353702 170.0 6
1726812353806 180.0 6
1726812353909 190.0 6
1726812354011 200.0 12
1726812354111 210.0 12
1726812354211 220.0 12
1726812354311 230.0 12
1726812354410 240.0 12
1726812354510 250.0 12
1726812354611 260.0 12
1726812354710 270.0 12
1726812354809 280.0 12
1726812354908 290.0 12
1726812355008 300.0 18
1726812355109 310.0 18
1726812355208 320.0 18
1726812355312 330.0 18
1726812355412 340.0 18
1726812355513 350.0 18
1726812355622 360.0 18
1726812355722 370.0 18
1726812355822 380.0 18
1726812355922 390.0 18
1726812356022 400.0 24
1726812356121 410.0 24
1726812356219 420.0 24
1726812356318 430.0 24
1726812356417 440.0 24
1726812356517 450.0 24
1726812356617 460.0 24
1726812356716 470.0 24
1726812356816 480.0 24
1726812356916 490.0 24
1726812357016 500.0 30
1726812357116 510.0 30
1726812357221 520.0 30
1726812357323 530.0 30
1726812357423 540.0 30
1726812357523 550.0 30
1726812357629 560.0 30
1726812357730 570.0 30
1726812357829 580.0 30
1726812357928 590.0 30
1726812358027 600.0 36
1726812358126 610.0 36
1726812358225 620.0 36
1726812358325 630.0 36
1726812358426 640.0 36
1726812358527 650.0 36
1726812358629 660.0 36
1726812358729 670.0 36
1726812358829 680.0 36
1726812358929 690.0 36
1726812359029 700.0 42
1726812359128 710.0 42
1726812359228 720.0 42
1726812359331 730.0 42
1726812359432 740.0 42
1726812359535 750.0 42
1726812359637 760.0 42
1726812359743 770.0 42
1726812359844 780.0 42
1726812359945 790.0 42
1726812360047 800.0 48
1726812363386 0.0 0
1726812363487 10.0 0
1726812363587 20.0 0
1726812363687 30.0 0
1726812363794 40.0 0
1726812363895 50.0 0
1726812363995 60.0 0
1726812364097 70.0 0
1726812364197 80.0 0
1726812364300 90.0 0
1726812364403 100.0 7
1726812364506 110.0 7
1726812364605 120.0 7
1726812364708 130.0 7
1726812364810 140.0 7
1726812364911 150.0 7
1726812365010 160.0 7
1726812365111 170.0 7
1726812365210 180.0 7
1726812365311 190.0 7
1726812365410 200.0 14
1726812365509 210.0 14
1726812365610 220.0 14
1726812365710 230.0 14
1726812365817 240.0 14
1726812365919 250.0 14
1726812366019 260.0 14
1726812366120 270.0 14
1726812366219 280.0 14
1726812366320 290.0 14
1726812366419 300.0 21
1726812366519 310.0 21
1726812366620 320.0 21
1726812366722 330.0 21
1726812366821 340.0 21
1726812366920 350.0 21
1726812367018 360.0 21
1726812367117 370.0 21
1726812367216 380.0 21
1726812367316 390.0 21
1726812367417 400.0 28
1726812367517 410.0 28
1726812367618 420.0 28
1726812367720 430.0 28
1726812367821 440.0 28
1726812367930 450.0 28
1726812368031 460.0 28
1726812368131 470.0 28
1726812368232 480.0 28
1726812368333 490.0 28
1726812368433 500.0 35
1726812368533 510.0 35
1726812368633 520.0 35
1726812368733 530.0 35
1726812368834 540.0 35
1726812368933 550.0 35
1726812369033 560.0 35
1726812369133 570.0 35
1726812369236 580.0 35
1726812369339 590.0 35
1726812369441 600.0 42
1726812369543 610.0 42
1726812369643 620.0 42
1726812369743 630.0 42
1726812369843 640.0 42
1726812369954 650.0 42
1726812370054 660.0 42
1726812370153 670.0 42
1726812370253 680.0 42
1726812370353 690.0 42
1726812370457 700.0 49
1726812370558 710.0 49
1726812370658 720.0 49
1726812370758 730.0 49
1726812370858 740.0 49
1726812370959 750.0 49
1726812371063 760.0 49
1726812371164 770.0 49
1726812371266 780.0 49
1726812371381 790.0 49
1726812371483 800.0 56
1726812374906 0.0 0
1726812375015 10.0 0
1726812375116 20.0 0
1726812375216 30.0 0
1726812375318 40.0 0
1726812375418 50.0 0
1726812375518 60.0 0
1726812375617 70.0 0
1726812375717 80.0 0
1726812375856 90.0 0
1726812375963 100.0 8
1726812376074 110.0 8
1726812376175 120.0 8
1726812376276 130.0 8
1726812376377 140.0 8
1726812376475 150.0 8
1726812376575 160.0 8
1726812376675 170.0 8
1726812376776 180.0 8
1726812376878 190.0 8
1726812376978 200.0 16
1726812377077 210.0 16
1726812377180 220.0 16
1726812377283 230.0 16
1726812377384 240.0 16
1726812377484 250.0 16
1726812377583 260.0 16
1726812377684 270.0 16
1726812377783 280.0 16
1726812377883 290.0 16
1726812377987 300.0 24
1726812378094 310.0 24
1726812378197 320.0 24
1726812378300 330.0 24
1726812378399 340.0 24
1726812378501 350.0 24
1726812378604 360.0 24
1726812378702 370.0 24
1726812378801 380.0 24
1726812378900 390.0 24
1726812378999 400.0 32
1726812379100 410.0 32
1726812379200 420.0 32
1726812379301 430.0 32
1726812379400 440.0 32
1726812379499 450.0 32
1726812379599 460.0 32
1726812379700 470.0 32
1726812379799 480.0 32
1726812379903 490.0 32
1726812380006 500.0 40
1726812380111 510.0 40
1726812380214 520.0 40
1726812380325 530.0 40
1726812380426 540.0 40
1726812380528 550.0 40
1726812380627 560.0 40
1726812380726 570.0 40
1726812380825 580.0 40
1726812380922 590.0 40
1726812381021 600.0 48
1726812381118 610.0 48
1726812381224 620.0 48
1726812381325 630.0 48
1726812381432 640.0 48
1726812381538 650.0 48
1726812381645 660.0 48
1726812381746 670.0 48
1726812381851 680.0 48
1726812381959 690.0 48
1726812382067 700.0 56
1726812382178 710.0 56
1726812382288 720.0 56
1726812382399 730.0 56
1726812382506 740.0 56
1726812382612 750.0 56
1726812382719 760.0 56
1726812382827 770.0 56
1726812382935 780.0 56
1726812383044 790.0 56
1726812383155 800.0 64
1726812386959 0.0 0
1726812387073 10.0 0
1726812387182 20.0 0
1726812387292 30.0 0
1726812387407 40.0 0
1726812387514 50.0 0
1726812387622 60.0 0
1726812387730 70.0 0
1726812387840 80.0 0
1726812387947 90.0 0
1726812388059 100.0 9
1726812388164 110.0 9
1726812388275 120.0 9
1726812388378 130.0 9
1726812388483 140.0 9
1726812388585 150.0 9
1726812388693 160.0 9
1726812388799 170.0 9
1726812388904 180.0 9
1726812389012 190.0 9
1726812389120 200.0 18
1726812389229 210.0 18
1726812389340 220.0 18
1726812389446 230.0 18
1726812389556 240.0 18
1726812389662 250.0 18
1726812389770 260.0 18
1726812389878 270.0 18
1726812389986 280.0 18
1726812390095 290.0 18
1726812390205 300.0 27
1726812390318 310.0 27
1726812390429 320.0 27
1726812390537 330.0 27
1726812390647 340.0 27
1726812390755 350.0 27
1726812390862 360.0 27
1726812390971 370.0 27
1726812391080 380.0 27
1726812391191 390.0 27
1726812391298 400.0 36
1726812391407 410.0 36
1726812391516 420.0 36
1726812391626 430.0 36
1726812391733 440.0 36
1726812391845 450.0 36
1726812391950 460.0 36
1726812392059 470.0 36
1726812392168 480.0 36
1726812392277 490.0 36
1726812392390 500.0 45
1726812392500 510.0 45
1726812392611 520.0 45
1726812392720 530.0 45
1726812392828 540.0 45
1726812392936 550.0 45
1726812393046 560.0 45
1726812393154 570.0 45
1726812393264 580.0 45
1726812393372 590.0 45
1726812393482 600.0 54
1726812393592 610.0 54
1726812393701 620.0 54
1726812393807 630.0 54
1726812393915 640.0 54
1726812394023 650.0 54
1726812394125 660.0 54
1726812394224 670.0 54
1726812394325 680.0 54
1726812394436 690.0 54
1726812394536 700.0 63
1726812394636 710.0 63
1726812394736 720.0 63
1726812394835 730.0 63
1726812394935 740.0 63
1726812395035 750.0 63
1726812395135 760.0 63
1726812395235 770.0 63
1726812395336 780.0 63
1726812395435 790.0 63
1726812395537 800.0 72
1726812398868 0.0 0
1726812398970 10.0 0
1726812399068 20.0 0
1726812399167 30.0 0
1726812399266 40.0 0
1726812399368 50.0 0
1726812399468 60.0 0
1726812399567 70.0 0
1726812399666 80.0 0
1726812399764 90.0 0
1726812399865 100.0 10
1726812399968 110.0 10
1726812400069 120.0 10
1726812400169 130.0 10
1726812400269 140.0 10
1726812400368 150.0 10
1726812400467 160.0 10
1726812400575 170.0 10
1726812400676 180.0 10
1726812400775 190.0 10
1726812400874 200.0 20
1726812400973 210.0 20
1726812401071 220.0 20
1726812401173 230.0 20
1726812401274 240.0 20
1726812401373 250.0 20
1726812401472 260.0 20
1726812401572 270.0 20
1726812401670 280.0 20
1726812401769 290.0 20
1726812401871 300.0 30
1726812401972 310.0 30
1726812402071 320.0 30
1726812402171 330.0 30
1726812402269 340.0 30
1726812402368 350.0 30
1726812402467 360.0 30
1726812402568 370.0 30
1726812402673 380.0 30
1726812402770 390.0 30
1726812402867 400.0 40
1726812402969 410.0 40
1726812403071 420.0 40
1726812403169 430.0 40
1726812403268 440.0 40
1726812403384 450.0 40
1726812403483 460.0 40
1726812403582 470.0 40
1726812403681 480.0 40
1726812403781 490.0 40
1726812403879 500.0 50
1726812403984 510.0 50
1726812404084 520.0 50
1726812404182 530.0 50
1726812404282 540.0 50
1726812404380 550.0 50
1726812404479 560.0 50
1726812404582 570.0 50
1726812404690 580.0 50
1726812404791 590.0 50
1726812404895 600.0 60
1726812404996 610.0 60
1726812405095 620.0 60
1726812405195 630.0 60
1726812405296 640.0 60
1726812405396 650.0 60
1726812405495 660.0 60
1726812405594 670.0 60
1726812405692 680.0 60
1726812405791 690.0 60
1726812405892 700.0 70
1726812405994 710.0 70
1726812406096 720.0 70
1726812406196 730.0 70
1726812406296 740.0 70
1726812406396 750.0 70
1726812406495 760.0 70
1726812406594 770.0 70
1726812406703 780.0 70
1726812406802 790.0 70
1726812406901 800.0 80
