1726880420960 16.280373 0
1726880421096 0.989703 0
1726880421231 1.123891 0
1726880421367 1.405525 0
1726880421502 11.31833 0
1726880421638 2.167841 0
1726880421773 0.952996 0
1726880421910 0.651934 0
1726880422045 5.717144 0
1726880422183 17.682262 0
1726880422323 2.485311 1
1726880422461 1.335355 1
1726880422599 1.196499 1
1726880422735 6.660256 1
1726880422871 24.099297 1
1726880423007 2.825674 1
1726880423143 1.080984 1
1726880423279 2.115587 1
1726880423415 1.661924 1
1726880423551 2.109117 1
1726880423722 2.40062 2
1726880425164 3.678792 0
1726880425305 1.649359 0
1726880425443 3.855618 0
1726880425578 1.034642 0
1726880425714 8.554738 0
1726880425850 1.808347 0
1726880425985 1.265965 0
1726880426121 2.354094 0
1726880426258 1.987823 0
1726880426395 3.079718 0
1726880426532 5.369176 2
1726880426671 5.270909 2
1726880426806 3.42265 2
1726880426941 7.026128 2
1726880427077 4.091199 2
1726880427212 3.470758 2
1726880427348 4.360275 2
1726880427483 3.489213 2
1726880427621 1.904522 2
1726880427758 0.999624 2
1726880427893 3.243952 4
1726880429284 0.471022 0
1726880429423 5.845974 0
1726880429560 7.47531 0
1726880429696 2.033777 0
1726880429832 1.97321 0
1726880429968 1.371282 0
1726880430103 4.561412 0
1726880430239 2.952428 0
1726880430376 3.613798 0
1726880430514 5.242153 0
1726880430652 2.026539 3
1726880430789 1.55047 3
1726880430925 3.481079 3
1726880431061 5.101876 3
1726880431197 5.134972 3
1726880431332 1.86543 3
1726880431468 1.698296 3
1726880431604 2.133262 3
1726880431740 2.223249 3
1726880431876 3.993996 3
1726880432011 3.721201 6
1726880433406 3.426411 0
1726880433544 4.300359 0
1726880433681 13.228889 0
1726880433817 4.400185 0
1726880433953 25.717409 0
1726880434089 1.898156 0
1726880434224 7.26098 0
1726880434360 1.836357 0
1726880434497 1.642788 0
1726880434634 2.454619 0
1726880434773 1.201584 4
1726880434909 1.158583 4
1726880435045 3.999799 4
1726880435181 0.974279 4
1726880435316 17.696287 4
1726880435452 2.789517 4
1726880435588 2.86717 4
1726880435726 4.209125 4
1726880435862 2.043676 4
1726880435998 1.822198 4
1726880436131 1.925149 8
1726880437532 4.226645 0
1726880437671 2.837329 0
1726880437808 13.561969 0
1726880437945 11.741827 0
1726880438080 2.002801 0
1726880438215 8.589109 0
1726880438350 1.83029 0
1726880438485 3.788749 0
1726880438623 1.960422 0
1726880438759 8.383953 0
1726880438898 2.502476 5
1726880439034 1.089133 5
1726880439170 1.915127 5
1726880439305 3.134907 5
1726880439441 3.568336 5
1726880439577 3.672742 5
1726880439714 1.844691 5
1726880439851 3.291426 5
1726880439988 2.621842 5
1726880440123 1.149713 5
1726880440258 3.311704 10
1726880441649 1.359049 0
1726880441787 2.347496 0
1726880441924 3.592699 0
1726880442061 1.763202 0
1726880442197 5.292166 0
1726880442332 1.179997 0
1726880442468 1.237419 0
1726880442603 1.559423 0
1726880442740 2.57659 0
1726880442876 7.158825 0
1726880443016 1.378253 6
1726880443152 1.497725 6
1726880443288 3.694258 6
1726880443424 3.045058 6
1726880443571 4.503161 6
1726880443707 10.949987 6
1726880443844 1.795017 6
1726880443979 2.318236 6
1726880444116 3.883938 6
1726880444252 0.99965 6
1726880444386 3.700093 12
1726880445778 1.674419 0
1726880445916 1.950465 0
1726880446051 3.69522 0
1726880446187 2.613147 0
1726880446323 2.690438 0
1726880446458 1.033874 0
1726880446597 1.2279 0
1726880446735 1.827962 0
1726880446872 2.233491 0
1726880447009 4.010885 0
1726880447146 1.276831 7
1726880447282 1.635729 7
1726880447418 3.025038 7
1726880447553 2.476185 7
1726880447689 13.726777 7
1726880447826 2.359425 7
1726880447964 2.257506 7
1726880448101 2.635911 7
1726880448237 2.44494 7
1726880448374 1.634046 7
1726880448507 4.193424 14
1726880449915 1.005443 0
1726880450053 2.757843 0
1726880450188 3.814798 0
1726880450324 3.185375 0
1726880450460 5.840131 0
1726880450596 1.015146 0
1726880450731 1.237533 0
1726880450869 1.285728 0
1726880451004 3.42803 0
1726880451142 17.541073 0
1726880451280 1.506671 8
1726880451416 1.225336 8
1726880451552 2.239005 8
1726880451687 3.793133 8
1726880451823 5.553732 8
1726880451962 2.779561 8
1726880452100 2.704851 8
1726880452236 3.942702 8
1726880452371 1.675436 8
1726880452508 1.283393 8
1726880452643 13.557622 16
