1726895115952 10.222003 0
1726895116092 5.460255 0
1726895116229 30.585184 0
1726895116368 12.781813 0
1726895116506 11.460497 0
1726895116644 9.720255 0
1726895116782 6.655622 0
1726895117570 1.781249 0
1726895117710 45.827999 0
1726895117848 16.555902 0
1726895117986 7.228642 0
1726895118124 6.871918 0
1726895118263 6.098204 0
1726895118402 11.370193 0
1726895119031 19.149361 0
1726895119171 5.555462 0
1726895119310 7.290602 0
1726895119448 19.315941 0
1726895119586 6.893929 0
1726895119724 6.987472 0
1726895119862 62.804794 0
1726895120486 1.623834 0
1726895120626 10.051027 0
1726895120764 11.029087 0
1726895120901 16.705742 0
1726895121040 6.167286 0
1726895121182 6.777878 0
1726895121320 5.382372 0
1726895121943 9.535363 0
1726895122089 19.238819 0
1726895122227 27.370819 0
1726895122365 3.025343 0
1726895122503 12.146449 0
1726895122641 7.687862 0
1726895122779 5.757392 0
1726895123403 4.483963 0
1726895123543 8.144444 0
1726895123682 3.989971 0
1726895123820 9.26908 0
1726895123958 13.486545 0
1726895124096 556.985046 0
1726895124234 3.432265 0
1726895124859 8.942769 0
1726895124999 9.532211 0
1726895125140 2.8116 0
1726895125281 2.839165 0
1726895125419 10.35982 0
1726895125558 11.281275 0
1726895125696 5.397612 0
1726895126313 6.342636 0
1726895126452 6.957167 0
1726895126591 5.244315 0
1726895126730 4.730557 0
1726895126870 27.833126 0
1726895127009 8.656348 0
1726895127147 5.008432 0
1726895127770 2.825531 0
1726895127910 45.038685 0
1726895128049 2.934612 0
1726895128187 2.49745 0
1726895128325 20.368713 0
1726895128462 19.19392 0
1726895128600 2.603538 0
1726895129225 4.630475 0
1726895129373 5.926139 0
1726895129512 2.967522 0
1726895129651 2.824877 0
1726895129791 9.223679 0
1726895129928 11.670671 0
1726895130067 3.103377 0
