1726840340337 54.873512 0
1726840340470 10.907605 0
1726840340601 12.810127 0
1726840340731 6.715837 0
1726840340862 24.952478 0
1726840340992 31.175228 0
1726840341123 26.708616 0
1726840341254 39.993347 0
1726840341384 57.441429 0
1726840341515 5.995938 0
1726840341645 5.45548 1
1726840342523 8.038218 0
1726840342653 5.086083 0
1726840342783 9.787455 0
1726840342914 0.287469 0
1726840343044 20.519514 0
1726840343175 4.348523 0
1726840343305 4.115756 0
1726840343437 1.407704 0
1726840343569 1.94275 0
1726840343700 1.157679 0
1726840343831 1.307426 2
1726840344712 1.954268 0
1726840344843 2.673048 0
1726840344974 13.197538 0
1726840345105 0.109808 0
1726840345236 12.424364 0
1726840345367 5.049694 0
1726840345498 12.299191 0
1726840345630 1.08869 0
1726840345763 1.390089 0
1726840345894 1.036455 0
1726840346025 0.840073 3
1726840346918 5.540738 0
1726840347054 3.981716 0
1726840347184 856.126648 0
1726840347316 0.108078 0
1726840347447 2.039776 0
1726840347582 7.134673 0
1726840347712 7.522282 0
1726840347842 1.396327 0
1726840347973 1.495376 0
1726840348104 0.671883 0
1726840348237 0.789482 4
1726840349124 2.538462 0
1726840349256 8.520334 0
1726840349388 11.247854 0
1726840349518 0.129477 0
1726840349649 7.182332 0
1726840349781 6.241274 0
1726840349912 105.465637 0
1726840350042 1.004357 0
1726840350174 1.202328 0
1726840350305 0.610675 0
1726840350436 0.93411 5
1726840351319 2.682068 0
1726840351451 6.27789 0
1726840351587 5.904994 0
1726840351717 0.146098 0
1726840351849 2.195109 0
1726840351979 11.542898 0
1726840352109 42.798698 0
1726840352240 0.905871 0
1726840352370 1.869028 0
1726840352501 0.541134 0
1726840352633 1.261521 6
1726840353550 5.133682 0
1726840353682 7.474153 0
1726840353813 9.499588 0
1726840353944 0.151977 0
1726840354074 4.355399 0
1726840354204 13.27746 0
1726840354335 4.582582 0
1726840354466 0.982059 0
1726840354597 1.341209 0
1726840354727 0.765695 0
1726840354859 0.716692 7
1726840355743 10.129953 0
1726840355875 2.513342 0
1726840356006 8.851277 0
1726840356136 0.154049 0
1726840356267 3.964754 0
1726840356400 6.57355 0
1726840356531 4.950693 0
1726840356662 0.844121 0
1726840356792 1.144686 0
1726840356923 0.597971 0
1726840357054 0.842919 8
1726840357943 3.226017 0
1726840358073 3.784017 0
1726840358204 7.041913 0
1726840358337 0.167626 0
1726840358470 5.559125 0
1726840358601 4.088795 0
1726840358735 14.523317 0
1726840358867 1.045835 0
1726840358997 1.066366 0
1726840359127 0.675246 0
1726840359258 0.748009 9
1726840360146 2.911672 0
1726840360276 3.947524 0
1726840360407 5.802576 0
1726840360539 0.157077 0
1726840360669 4.395669 0
1726840360799 6.290719 0
1726840360936 9.513752 0
1726840361066 1.202253 0
1726840361196 1.199266 0
1726840361327 0.481086 0
1726840361458 0.894504 10
