1726841687393 21.762497 0
1726841687525 37.367111 0
1726841687657 30.948868 0
1726841687793 8.411631 0
1726841687935 11.639089 0
1726841688070 10.876345 0
1726841688211 4.93547 0
1726841688342 7.625009 0
1726841688475 20.726746 0
1726841688607 5.836215 0
1726841688740 2.928079 1
1726841689643 4.564127 0
1726841689779 2.208469 0
1726841689915 1.276681 0
1726841690049 1.825626 0
1726841690184 1.111081 0
1726841690328 2.11378 0
1726841690465 7.986511 0
1726841690605 3.475548 0
1726841690742 20.934683 0
1726841690886 12.173373 0
1726841691026 3.169633 2
1726841691893 15.234533 0
1726841692029 2.510814 0
1726841692163 0.721789 0
1726841692298 0.897501 0
1726841692434 1.239886 0
1726841692572 1.44254 0
1726841692710 19.998539 0
1726841692844 7.714375 0
1726841692979 3.694634 0
1726841693114 3.468821 0
1726841693250 2.965313 3
1726841694113 1.761685 0
1726841694256 1.573595 0
1726841694401 0.620685 0
1726841694536 1.108167 0
1726841694671 1.219493 0
1726841694807 1.240801 0
1726841694941 3.249191 0
1726841695081 2.870986 0
1726841695224 14.922295 0
1726841695373 4.242482 0
1726841695518 3.542103 4
1726841696409 3.227227 0
1726841696551 1.957515 0
1726841696690 0.668142 0
1726841696831 0.839439 0
1726841696970 0.856864 0
1726841697107 2.456961 0
1726841697246 3.535375 0
1726841697382 5.035993 0
1726841697518 5.183148 0
1726841697653 4.297511 0
1726841697789 1.60886 5
1726841698620 1.463503 0
1726841698753 2.684654 0
1726841698884 0.578964 0
1726841699020 0.788465 0
1726841699159 0.917015 0
1726841699298 1.081499 0
1726841699433 2.728383 0
1726841699568 6.16291 0
1726841699703 4.963351 0
1726841699846 16.367487 0
1726841699986 2.248339 6
1726841700884 1.152111 0
1726841701027 8.549498 0
1726841701171 0.525919 0
1726841701315 6.639642 0
1726841701460 1.811362 0
1726841701601 1.366628 0
1726841701738 4.444849 0
1726841701873 4.317579 0
1726841702007 4.012715 0
1726841702143 5.248909 0
1726841702285 1.887494 7
1726841703188 1.201947 0
1726841703325 10.645495 0
1726841703460 0.4874 0
1726841703594 0.752076 0
1726841703732 1.678508 0
1726841703876 0.957235 0
1726841704017 24.643579 0
1726841704151 12.062579 0
1726841704301 5.940212 0
1726841704440 5.232443 0
1726841704582 1.762076 8
1726841705480 2.404723 0
1726841705619 2.432264 0
1726841705758 0.528117 0
1726841705897 0.826216 0
1726841706038 1.038749 0
1726841706179 0.88572 0
1726841706322 4.855741 0
1726841706462 3.231 0
1726841706604 2.726942 0
1726841706746 5.983893 0
1726841706888 1.981887 9
1726841707774 6.655099 0
1726841707909 2.445611 0
1726841708042 0.504446 0
1726841708177 0.798319 0
1726841708312 0.779556 0
1726841708447 1.091273 0
1726841708580 11.906072 0
1726841708712 3.039666 0
1726841708843 2.359711 0
1726841708974 4.344956 0
1726841709105 1.619281 10
