1727266692809 0.0 0
1727266693037 10.0 0
1727266693257 20.0 0
1727266693475 30.0 0
1727266693693 40.0 0
1727266693917 50.0 0
1727266694143 60.0 0
1727266694361 70.0 0
1727266694581 80.0 0
1727266694807 90.0 0
1727266695032 100.0 1
1727266695257 110.0 1
1727266695478 120.0 1
1727266695705 130.0 1
1727266695931 140.0 1
1727266696148 150.0 1
1727266696366 160.0 1
1727266696590 170.0 1
1727266696799 180.0 1
1727266697023 190.0 1
1727266697245 200.0 2
1727266697475 210.0 2
1727266699625 0.0 0
1727266699859 10.0 0
1727266700084 20.0 0
1727266700304 30.0 0
1727266700522 40.0 0
1727266700740 50.0 0
1727266700954 60.0 0
1727266701172 70.0 0
1727266701397 80.0 0
1727266701614 90.0 0
1727266701833 100.0 2
1727266702057 110.0 2
1727266702276 120.0 2
1727266702495 130.0 2
1727266702709 140.0 2
1727266702924 150.0 2
1727266703142 160.0 2
1727266703363 170.0 2
1727266703585 180.0 2
1727266703801 190.0 2
1727266704032 200.0 4
1727266704262 210.0 4
1727266706383 0.0 0
1727266706599 10.0 0
1727266706809 20.0 0
1727266707020 30.0 0
1727266707230 40.0 0
1727266707445 50.0 0
1727266707655 60.0 0
1727266707865 70.0 0
1727266708082 80.0 0
1727266708295 90.0 0
1727266708506 100.0 3
1727266708717 110.0 3
1727266708933 120.0 3
1727266709144 130.0 3
1727266709354 140.0 3
1727266709568 150.0 3
1727266709782 160.0 3
1727266710000 170.0 3
1727266710223 180.0 3
1727266710439 190.0 3
1727266710661 200.0 6
1727266710883 210.0 6
1727266712744 0.0 0
1727266712963 10.0 0
1727266713185 20.0 0
1727266713406 30.0 0
1727266713619 40.0 0
1727266713838 50.0 0
1727266714064 60.0 0
1727266714287 70.0 0
1727266714515 80.0 0
1727266714747 90.0 0
1727266714966 100.0 4
1727266715208 110.0 4
1727266715428 120.0 4
1727266715650 130.0 4
1727266715866 140.0 4
1727266716081 150.0 4
1727266716308 160.0 4
1727266716528 170.0 4
1727266716743 180.0 4
1727266716964 190.0 4
1727266717190 200.0 8
1727266717415 210.0 8
1727266719353 0.0 0
1727266719566 10.0 0
1727266719773 20.0 0
1727266720041 30.0 0
1727266720262 40.0 0
1727266720494 50.0 0
1727266720708 60.0 0
1727266720920 70.0 0
1727266721145 80.0 0
1727266721361 90.0 0
1727266721570 100.0 5
1727266721781 110.0 5
1727266721991 120.0 5
1727266722200 130.0 5
1727266722418 140.0 5
1727266722632 150.0 5
1727266722841 160.0 5
1727266723052 170.0 5
1727266723261 180.0 5
1727266723474 190.0 5
1727266723683 200.0 10
1727266723894 210.0 10
1727266725894 0.0 0
1727266726116 10.0 0
1727266726336 20.0 0
1727266726566 30.0 0
1727266726789 40.0 0
1727266727018 50.0 0
1727266727240 60.0 0
1727266727459 70.0 0
1727266727687 80.0 0
1727266727907 90.0 0
1727266728123 100.0 6
1727266728348 110.0 6
1727266728582 120.0 6
1727266728807 130.0 6
1727266729026 140.0 6
1727266729249 150.0 6
1727266729472 160.0 6
1727266729687 170.0 6
1727266729916 180.0 6
1727266730140 190.0 6
1727266730357 200.0 12
1727266730583 210.0 12
1727266732766 0.0 0
1727266732974 10.0 0
1727266733184 20.0 0
1727266733394 30.0 0
1727266733604 40.0 0
1727266733816 50.0 0
1727266734036 60.0 0
1727266734252 70.0 0
1727266734465 80.0 0
1727266734684 90.0 0
1727266734897 100.0 7
1727266735120 110.0 7
1727266735335 120.0 7
1727266735549 130.0 7
1727266735763 140.0 7
1727266735975 150.0 7
1727266736186 160.0 7
1727266736399 170.0 7
1727266736617 180.0 7
1727266736832 190.0 7
1727266737042 200.0 14
1727266737251 210.0 14
