1726887962518 0.394015 0
1726887962656 0.487306 0
1726887962796 0.500558 0
1726887962934 0.41711 0
1726887963071 0.542005 0
1726887963208 0.438616 0
1726887963345 0.935743 0
1726887964039 0.323013 0
1726887964178 0.627158 0
1726887964314 0.462782 0
1726887964451 0.452299 0
1726887964588 0.475595 0
1726887964725 0.48057 0
1726887964864 0.871716 0
1726887965484 0.913593 0
1726887965627 0.622468 0
1726887965766 0.576728 0
1726887965906 0.328969 0
1726887966043 0.511931 0
1726887966180 0.561792 0
1726887966317 1.667344 0
1726887966929 0.278434 0
1726887967068 0.609003 0
1726887967205 0.444472 0
1726887967341 0.323277 0
1726887967478 0.745784 0
1726887967615 0.475335 0
1726887967755 0.910083 0
1726887968370 0.285455 0
1726887968509 0.614754 0
1726887968647 0.525005 0
1726887968785 0.36191 0
1726887968921 0.545622 0
1726887969058 0.483235 0
1726887969195 1.082621 0
