1726799339229 0.0 0
1726799339340 10.0 0
1726799339443 20.0 0
1726799339545 30.0 0
1726799339650 40.0 0
1726799339765 50.0 0
1726799339868 60.0 0
1726799339970 70.0 0
1726799340073 80.0 0
1726799340173 90.0 0
1726799340283 100.0 1
1726799340386 110.0 1
1726799340489 120.0 1
1726799340591 130.0 1
1726799340693 140.0 1
1726799340794 150.0 1
1726799340904 160.0 1
1726799341007 170.0 1
1726799341108 180.0 1
1726799341212 190.0 1
1726799341314 200.0 2
1726799341418 210.0 2
1726799342594 0.0 0
1726799342698 10.0 0
1726799342802 20.0 0
1726799342911 30.0 0
1726799343018 40.0 0
1726799343121 50.0 0
1726799343221 60.0 0
1726799343321 70.0 0
1726799343422 80.0 0
1726799343520 90.0 0
1726799343619 100.0 2
1726799343718 110.0 2
1726799343817 120.0 2
1726799343917 130.0 2
1726799344016 140.0 2
1726799344116 150.0 2
1726799344214 160.0 2
1726799344318 170.0 2
1726799344420 180.0 2
1726799344518 190.0 2
1726799344617 200.0 4
1726799344717 210.0 4
1726799345955 0.0 0
1726799346062 10.0 0
1726799346161 20.0 0
1726799346266 30.0 0
1726799346366 40.0 0
1726799346471 50.0 0
1726799346573 60.0 0
1726799346677 70.0 0
1726799346776 80.0 0
1726799346876 90.0 0
1726799346976 100.0 3
1726799347087 110.0 3
1726799347190 120.0 3
1726799347290 130.0 3
1726799347390 140.0 3
1726799347489 150.0 3
1726799347590 160.0 3
1726799347690 170.0 3
1726799347790 180.0 3
1726799347890 190.0 3
1726799347990 200.0 6
1726799348089 210.0 6
1726799349239 0.0 0
1726799349345 10.0 0
1726799349444 20.0 0
1726799349543 30.0 0
1726799349642 40.0 0
1726799349741 50.0 0
1726799349841 60.0 0
1726799349939 70.0 0
1726799350039 80.0 0
1726799350138 90.0 0
1726799350240 100.0 4
1726799350341 110.0 4
1726799350440 120.0 4
1726799350539 130.0 4
1726799350639 140.0 4
1726799350738 150.0 4
1726799350836 160.0 4
1726799350935 170.0 4
1726799351033 180.0 4
1726799351143 190.0 4
1726799351244 200.0 8
1726799351343 210.0 8
1726799352490 0.0 0
1726799352601 10.0 0
1726799352701 20.0 0
1726799352798 30.0 0
1726799352897 40.0 0
1726799352998 50.0 0
1726799353098 60.0 0
1726799353210 70.0 0
1726799353313 80.0 0
1726799353415 90.0 0
1726799353514 100.0 5
1726799353614 110.0 5
1726799353713 120.0 5
1726799353813 130.0 5
1726799353915 140.0 5
1726799354016 150.0 5
1726799354115 160.0 5
1726799354215 170.0 5
1726799354316 180.0 5
1726799354417 190.0 5
1726799354517 200.0 10
1726799354617 210.0 10
