1727125926667 0.362716 0
1727125926792 0.235655 0
1727125926922 8.415869 0
1727125927053 0.415468 0
1727125927185 0.262031 0
1727125927637 0.086672 0
1727125927762 0.115424 0
1727125927891 8.521556 0
1727125928021 0.357506 0
1727125928150 0.209607 0
1727125928591 0.103983 0
1727125928711 0.091868 0
1727125928841 7.993593 0
1727125928971 0.310289 0
1727125929103 0.217764 0
1727125929552 0.103144 0
1727125929679 0.106277 0
1727125929808 7.271566 0
1727125929938 0.279135 0
1727125930066 0.213266 0
1727125930508 0.089747 0
1727125930635 0.10583 0
1727125930764 6.622747 0
1727125930893 0.266374 0
1727125931024 0.202888 0
1727125931459 0.086982 0
1727125931582 0.109524 0
1727125931714 6.097557 0
1727125931844 0.288456 0
1727125931973 0.206117 0
1727125932428 0.082915 0
1727125932553 0.105095 0
1727125932682 5.585391 0
1727125932811 0.2774 0
1727125932941 0.20673 0
1727125933379 0.086826 0
1727125933501 0.089569 0
1727125933631 4.919272 0
1727125933762 0.26002 0
1727125933892 0.199923 0
