1727103031324 14.072317 0
1727103031452 2.459182 0
1727103031576 4.723158 0
1727103031705 11.957392 0
1727103031829 1.388929 0
1727103031953 1.96309 0
1727103032077 2.322021 0
1727103032202 73.670494 0
1727103032326 11.959704 0
1727103032448 6.185641 0
1727103032574 2.212715 1
1727103032709 1.081903 1
1727103033566 2.117764 0
1727103033703 785.78064 0
1727103033839 1.41092 0
1727103033984 350.902283 0
1727103034126 1.176118 0
1727103034271 5.276177 0
1727103034416 3.64213 0
1727103034558 1.923299 0
1727103034687 4.095178 0
1727103034810 3.724327 0
1727103034934 3.629832 2
1727103035056 0.985339 2
1727103035805 2.606661 0
1727103035931 9.78512 0
1727103036056 32.678902 0
1727103036183 1.878227 0
1727103036305 3.052714 0
1727103036431 2.932627 0
1727103036553 0.950313 0
1727103036680 1.965456 0
1727103036806 2.783257 0
1727103036932 1.633275 0
1727103037055 2.3955 3
1727103037180 0.986547 3
1727103037869 5.367001 0
1727103037993 8.377737 0
1727103038118 2.665628 0
1727103038246 3.583114 0
1727103038368 3.6471 0
1727103038494 2.750205 0
1727103038619 1.773972 0
1727103038741 3.23749 0
1727103038865 4.046538 0
1727103038989 1.90719 0
1727103039111 3.543984 4
1727103039238 1.043877 4
