1726870918353 51.190834 0
1726870918493 30.164795 0
1726870918638 14.558526 0
1726870918776 8.922243 0
1726870918921 7.272454 0
1726870919065 2.547588 0
1726870919206 2.450492 0
1726870919349 13.979725 0
1726870919489 0.929311 0
1726870919625 3.682317 0
1726870920470 2.708565 0
1726870920610 10.760715 0
1726870920749 7.564335 0
1726870920887 1.774698 0
1726870921024 7.518926 0
1726870921160 4.895623 0
1726870921296 1.104934 0
1726870921432 1.741274 0
1726870921570 0.858717 0
1726870921706 2.772506 0
1726870922517 5.613563 0
1726870922652 0.694662 0
1726870922806 49.662067 0
1726870922949 2.836126 0
1726870923107 10.026772 0
1726870923258 2.605943 0
1726870923395 1.568067 0
1726870923533 3.624468 0
1726870923670 0.636611 0
1726870923806 1.734473 0
1726870924611 5.791142 0
1726870924751 1.58025 0
1726870924890 4.156528 0
1726870925031 4.034759 0
1726870925167 5.529385 0
1726870925305 3.30946 0
1726870925443 2.520162 0
1726870925580 1.092864 0
1726870925717 1.012863 0
1726870925856 1.158388 0
1726870926662 3.073296 0
1726870926800 5.668475 0
1726870926940 4.782343 0
1726870927079 3.025088 0
1726870927217 3.59676 0
1726870927363 2.087702 0
1726870927502 1.462552 0
1726870927641 0.960021 0
1726870927779 0.907035 0
1726870927915 0.958145 0
1726870928731 1.889787 0
1726870928869 3.032235 0
1726870929009 6.315065 0
1726870929147 2.418029 0
1726870929283 4.1045 0
1726870929421 2.986943 0
1726870929558 2.031874 0
1726870929697 1.978043 0
1726870929835 1.377497 0
1726870929974 1.021694 0
1726870930785 1.249046 0
1726870930924 2.160114 0
1726870931063 7.117453 0
1726870931201 1.554453 0
1726870931339 55.519108 0
1726870931476 24.896942 0
1726870931617 1.802822 0
1726870931754 1.228548 0
1726870931892 0.738432 0
1726870932030 2.19232 0
1726870932845 1.368075 0
1726870932986 2.133729 0
1726870933126 7.564195 0
1726870933265 2.063453 0
1726870933404 12.475189 0
1726870933540 5.518792 0
1726870933679 2.860427 0
1726870933818 0.981102 0
1726870933955 0.68753 0
1726870934091 2.065315 0
1726870934900 1.303733 0
1726870935038 121.354149 0
1726870935176 13.963704 0
1726870935313 5.654941 0
1726870935453 4.776824 0
1726870935589 2.830142 0
1726870935727 2.590943 0
1726870935863 1.039686 0
1726870936004 0.637857 0
1726870936146 1.08103 0
1726870936957 1.363971 0
1726870937099 2.418365 0
1726870937235 5.59559 0
1726870937371 3.529679 0
1726870937507 4.882577 0
1726870937643 6.32321 0
1726870937787 2.482581 0
1726870937923 1.191358 0
1726870938060 0.863004 0
1726870938195 0.914314 0
