1726908187679 0.0 0
1726908187827 10.0 0
1726908187967 20.0 0
1726908188113 30.0 0
1726908188263 40.0 0
1726908188403 50.0 0
1726908188544 60.0 0
1726908188685 70.0 0
1726908188827 80.0 0
1726908188968 90.0 0
1726908189109 100.0 1
1726908189249 110.0 1
1726908189390 120.0 1
1726908189535 130.0 1
1726908189676 140.0 1
1726908189817 150.0 1
1726908191037 0.0 0
1726908191183 10.0 0
1726908191326 20.0 0
1726908191466 30.0 0
1726908191612 40.0 0
1726908191755 50.0 0
1726908191897 60.0 0
1726908192039 70.0 0
1726908192180 80.0 0
1726908192322 90.0 0
1726908192464 100.0 2
1726908192605 110.0 2
1726908192745 120.0 2
1726908192891 130.0 2
1726908193033 140.0 2
1726908193174 150.0 2
1726908194311 0.0 0
1726908194460 10.0 0
1726908194639 20.0 0
1726908194781 30.0 0
1726908194925 40.0 0
1726908195068 50.0 0
1726908195211 60.0 0
1726908195351 70.0 0
1726908195493 80.0 0
1726908195638 90.0 0
1726908195781 100.0 3
1726908195923 110.0 3
1726908196064 120.0 3
1726908196206 130.0 3
1726908196346 140.0 3
1726908196487 150.0 3
1726908197628 0.0 0
1726908197776 10.0 0
1726908197917 20.0 0
1726908198058 30.0 0
1726908198199 40.0 0
1726908198340 50.0 0
1726908198480 60.0 0
1726908198621 70.0 0
1726908198763 80.0 0
1726908198904 90.0 0
1726908199049 100.0 4
1726908199190 110.0 4
1726908199331 120.0 4
1726908199472 130.0 4
1726908199613 140.0 4
1726908199757 150.0 4
1726908200889 0.0 0
1726908201033 10.0 0
1726908201174 20.0 0
1726908201316 30.0 0
1726908201457 40.0 0
1726908201597 50.0 0
1726908201739 60.0 0
1726908201886 70.0 0
1726908202028 80.0 0
1726908202171 90.0 0
1726908202312 100.0 5
1726908202452 110.0 5
1726908202593 120.0 5
1726908202734 130.0 5
1726908202875 140.0 5
1726908203016 150.0 5
1726908204164 0.0 0
1726908204308 10.0 0
1726908204452 20.0 0
1726908204593 30.0 0
1726908204736 40.0 0
1726908204878 50.0 0
1726908205019 60.0 0
1726908205161 70.0 0
1726908205303 80.0 0
1726908205444 90.0 0
1726908205587 100.0 6
1726908205730 110.0 6
1726908205874 120.0 6
1726908206016 130.0 6
1726908206157 140.0 6
1726908206300 150.0 6
1726908207439 0.0 0
1726908207582 10.0 0
1726908207723 20.0 0
1726908207866 30.0 0
1726908208012 40.0 0
1726908208154 50.0 0
1726908208296 60.0 0
1726908208437 70.0 0
1726908208579 80.0 0
1726908208721 90.0 0
1726908208862 100.0 7
1726908209004 110.0 7
1726908209146 120.0 7
1726908209288 130.0 7
1726908209431 140.0 7
1726908209574 150.0 7
1726908210721 0.0 0
1726908210864 10.0 0
1726908211006 20.0 0
1726908211151 30.0 0
1726908211293 40.0 0
1726908211435 50.0 0
1726908211577 60.0 0
1726908211719 70.0 0
1726908211861 80.0 0
1726908212003 90.0 0
1726908212148 100.0 8
1726908212289 110.0 8
1726908212432 120.0 8
1726908212575 130.0 8
1726908212717 140.0 8
1726908212857 150.0 8
1726908214001 0.0 0
1726908214151 10.0 0
1726908214294 20.0 0
1726908214434 30.0 0
1726908214578 40.0 0
1726908214719 50.0 0
1726908214862 60.0 0
1726908215004 70.0 0
1726908215149 80.0 0
1726908215290 90.0 0
1726908215430 100.0 9
1726908215572 110.0 9
1726908215714 120.0 9
1726908215855 130.0 9
1726908215996 140.0 9
1726908216142 150.0 9
