1726906847084 71.221786 0
1726906847230 1.792918 0
1726906847371 51.476219 0
1726906847511 4.834431 0
1726906847652 4.817193 0
1726906847792 3.354574 0
1726906847933 2.791172 0
1726906848073 4.435684 0
1726906848214 3.864337 0
1726906848356 1.015048 0
1726906849251 6.961557 0
1726906849397 62.068256 0
1726906849538 2.579828 0
1726906849679 1.243593 0
1726906849818 5.282249 0
1726906849959 4.336386 0
1726906850099 3.619494 0
1726906850239 8.645072 0
1726906850381 1.075533 0
1726906850521 1.082276 0
1726906851359 2.936538 0
1726906851503 2.4793 0
1726906851643 6.868435 0
1726906851784 2.686834 0
1726906851926 7.878363 0
1726906852067 4.921741 0
1726906852207 4.790772 0
1726906852349 16.045158 0
1726906852492 1.386189 0
1726906852633 3.054011 0
1726906853452 1.54577 0
1726906853595 3.345866 0
1726906853735 2.027183 0
1726906853877 1.51579 0
1726906854017 14.909122 0
1726906854164 4.14299 0
1726906854304 4.046135 0
1726906854445 7.16883 0
1726906854586 0.794439 0
1726906854729 1.909598 0
1726906855572 1.897394 0
1726906855717 6.52455 0
1726906855858 3.683132 0
1726906855999 0.839429 0
1726906856140 2.986558 0
1726906856281 1.972295 0
1726906856424 5.603867 0
1726906856566 9.975569 0
1726906856709 0.748663 0
1726906856851 1.881445 0
