1726858664150 0.0 0
1726858664321 10.0 0
1726858664490 20.0 0
1726858664667 30.0 0
1726858664832 40.0 0
1726858664986 50.0 0
1726858665134 60.0 0
1726858665280 70.0 0
1726858665429 80.0 0
1726858665574 90.0 0
1726858665718 100.0 1
1726858665864 110.0 1
1726858666013 120.0 1
1726858666162 130.0 1
1726858666308 140.0 1
1726858666454 150.0 1
1726858666601 160.0 1
1726858666747 170.0 1
1726858666891 180.0 1
1726858667035 190.0 1
1726858667184 200.0 2
1726858670946 0.0 0
1726858671137 10.0 0
1726858671310 20.0 0
1726858671469 30.0 0
1726858671624 40.0 0
1726858671775 50.0 0
1726858671925 60.0 0
1726858672076 70.0 0
1726858672226 80.0 0
1726858672380 90.0 0
1726858672533 100.0 2
1726858672679 110.0 2
1726858672825 120.0 2
1726858672966 130.0 2
1726858673104 140.0 2
1726858673242 150.0 2
1726858673380 160.0 2
1726858673516 170.0 2
1726858673651 180.0 2
1726858673789 190.0 2
1726858673935 200.0 4
1726858677639 0.0 0
1726858677841 10.0 0
1726858678027 20.0 0
1726858678202 30.0 0
1726858678369 40.0 0
1726858678530 50.0 0
1726858678676 60.0 0
1726858678818 70.0 0
1726858678962 80.0 0
1726858679105 90.0 0
1726858679249 100.0 3
1726858679396 110.0 3
1726858679540 120.0 3
1726858679683 130.0 3
1726858679827 140.0 3
1726858679968 150.0 3
1726858680112 160.0 3
1726858680254 170.0 3
1726858680398 180.0 3
1726858680537 190.0 3
1726858680680 200.0 6
1726858684050 0.0 0
1726858684242 10.0 0
1726858684416 20.0 0
1726858684572 30.0 0
1726858684721 40.0 0
1726858684868 50.0 0
1726858685016 60.0 0
1726858685174 70.0 0
1726858685335 80.0 0
1726858685490 90.0 0
1726858685637 100.0 4
1726858685780 110.0 4
1726858685919 120.0 4
1726858686056 130.0 4
1726858686195 140.0 4
1726858686329 150.0 4
1726858686461 160.0 4
1726858686595 170.0 4
1726858686729 180.0 4
1726858686863 190.0 4
1726858686998 200.0 8
1726858690421 0.0 0
1726858690619 10.0 0
1726858690804 20.0 0
1726858690979 30.0 0
1726858691139 40.0 0
1726858691298 50.0 0
1726858691447 60.0 0
1726858691590 70.0 0
1726858691734 80.0 0
1726858691873 90.0 0
1726858692012 100.0 5
1726858692150 110.0 5
1726858692304 120.0 5
1726858692446 130.0 5
1726858692589 140.0 5
1726858692733 150.0 5
1726858692877 160.0 5
1726858693017 170.0 5
1726858693158 180.0 5
1726858693304 190.0 5
1726858693451 200.0 10
1726858697029 0.0 0
1726858697226 10.0 0
1726858697424 20.0 0
1726858697618 30.0 0
1726858697795 40.0 0
1726858697957 50.0 0
1726858698116 60.0 0
1726858698276 70.0 0
1726858698429 80.0 0
1726858698574 90.0 0
1726858698716 100.0 6
1726858698862 110.0 6
1726858699010 120.0 6
1726858699159 130.0 6
1726858699309 140.0 6
1726858699463 150.0 6
1726858699607 160.0 6
1726858699745 170.0 6
1726858699879 180.0 6
1726858700012 190.0 6
1726858700145 200.0 12
1726858703356 0.0 0
1726858703555 10.0 0
1726858703741 20.0 0
1726858703916 30.0 0
1726858704078 40.0 0
1726858704232 50.0 0
1726858704377 60.0 0
1726858704522 70.0 0
1726858704665 80.0 0
1726858704804 90.0 0
1726858704942 100.0 7
1726858705079 110.0 7
1726858705216 120.0 7
1726858705357 130.0 7
1726858705497 140.0 7
1726858705640 150.0 7
1726858705781 160.0 7
1726858705921 170.0 7
1726858706059 180.0 7
1726858706199 190.0 7
1726858706334 200.0 14
1726858709556 0.0 0
1726858709758 10.0 0
1726858709941 20.0 0
1726858710108 30.0 0
1726858710266 40.0 0
1726858710418 50.0 0
1726858710567 60.0 0
1726858710718 70.0 0
1726858710867 80.0 0
1726858711016 90.0 0
1726858711159 100.0 8
1726858711299 110.0 8
1726858711435 120.0 8
1726858711569 130.0 8
1726858711704 140.0 8
1726858711843 150.0 8
1726858711981 160.0 8
1726858712116 170.0 8
1726858712249 180.0 8
1726858712381 190.0 8
1726858712514 200.0 16
1726858715869 0.0 0
1726858716051 10.0 0
1726858716218 20.0 0
1726858716372 30.0 0
1726858716517 40.0 0
1726858716660 50.0 0
1726858716802 60.0 0
1726858716948 70.0 0
1726858717093 80.0 0
1726858717236 90.0 0
1726858717378 100.0 9
1726858717519 110.0 9
1726858717663 120.0 9
1726858717804 130.0 9
1726858717947 140.0 9
1726858718085 150.0 9
1726858718225 160.0 9
1726858718362 170.0 9
1726858718499 180.0 9
1726858718642 190.0 9
1726858718791 200.0 18
1726858722282 0.0 0
1726858722470 10.0 0
1726858722648 20.0 0
1726858722809 30.0 0
1726858722955 40.0 0
1726858723096 50.0 0
1726858723235 60.0 0
1726858723378 70.0 0
1726858723519 80.0 0
1726858723665 90.0 0
1726858723813 100.0 10
1726858723959 110.0 10
1726858724107 120.0 10
1726858724254 130.0 10
1726858724402 140.0 10
1726858724547 150.0 10
1726858724685 160.0 10
1726858724821 170.0 10
1726858724961 180.0 10
1726858725103 190.0 10
1726858725248 200.0 20
