1726887459104 0.636125 0
1726887459242 0.222515 0
1726887459378 1.718391 0
1726887459514 2.112841 0
1726887459652 1.354166 0
1726887459789 2.082457 0
1726887459925 0.265038 0
1726887460064 0.399145 0
1726887460200 0.392115 0
1726887460341 0.174858 0
1726887460478 0.430011 1
1726887461363 0.1193 0
1726887461500 0.191658 0
1726887461637 0.676281 0
1726887461773 1.276063 0
1726887461911 0.717227 0
1726887462048 0.929148 0
1726887462185 0.244553 0
1726887462323 0.242146 0
1726887462462 0.256061 0
1726887462600 0.201384 0
1726887462738 0.286639 2
1726887463579 0.096422 0
1726887463717 0.127872 0
1726887463854 0.563591 0
1726887463991 1.054199 0
1726887464128 0.63371 0
1726887464265 0.634277 0
1726887464404 0.223881 0
1726887464543 0.235094 0
1726887464680 0.192325 0
1726887464819 0.101273 0
1726887464956 0.260182 3
1726887465797 0.091792 0
1726887465937 0.12305 0
1726887466074 0.55452 0
1726887466211 1.026802 0
1726887466351 0.614269 0
1726887466490 0.604065 0
1726887466626 0.219198 0
1726887466762 0.219084 0
1726887466899 0.185568 0
1726887467036 0.102074 0
1726887467172 0.256923 4
1726887468016 0.086929 0
1726887468155 0.119937 0
1726887468292 0.549002 0
1726887468428 1.010599 0
1726887468568 0.603318 0
1726887468705 0.580708 0
1726887468842 0.213666 0
1726887468979 0.207387 0
1726887469115 0.181214 0
1726887469252 0.099362 0
1726887469389 0.252246 5
1726887470313 0.087323 0
1726887470452 0.119002 0
1726887470591 0.549771 0
1726887470729 1.005344 0
1726887470866 0.600618 0
1726887471002 0.577978 0
1726887471139 0.213869 0
1726887471276 0.207468 0
1726887471413 0.180607 0
1726887471549 0.099333 0
1726887471686 0.252144 6
1726887472546 0.08652 0
1726887472687 0.118519 0
1726887472824 0.547795 0
1726887472960 1.005955 0
1726887473099 0.599463 0
1726887473235 0.574477 0
1726887473372 0.213068 0
1726887473509 0.205645 0
1726887473646 0.179482 0
1726887473784 0.098867 0
1726887473920 0.252047 7
1726887474806 0.08728 0
1726887474945 0.118725 0
1726887475083 0.547807 0
1726887475220 1.004503 0
1726887475356 0.598397 0
1726887475493 0.574253 0
1726887475630 0.212881 0
1726887475770 0.205345 0
1726887475907 0.180881 0
1726887476045 0.09921 0
1726887476182 0.251939 8
1726887477057 0.086949 0
1726887477197 0.118551 0
1726887477333 0.547425 0
1726887477470 1.003965 0
1726887477607 0.598446 0
1726887477744 0.57427 0
1726887477881 0.212659 0
1726887478018 0.204849 0
1726887478155 0.180182 0
1726887478293 0.098409 0
1726887478430 0.251247 9
