1727260845539 755.00708 0
1727260845652 54.001328 0
1727260846053 466.44281 0
1727260846169 15.851995 0
1727260846501 109.642899 0
1727260846613 14.141607 0
1727260846939 135.010651 0
1727260847057 9.123449 0
1727260847385 158.289825 0
1727260847499 7.148564 0
1727260847824 86.39653 0
1727260847935 6.680472 0
1727260848262 223.395538 0
1727260848373 6.298781 0
1727260848712 123.232826 0
1727260848825 5.67973 0
1727260849152 136.915009 0
1727260849272 5.638793 0
1727260849607 169.619019 0
1727260849719 5.263857 0
