1726773475306 106.22393 0
1726773475422 0.396497 0
1726773475538 1.648726 0
1726773475654 0.975392 0
1726773475771 1.563912 0
1726773475887 2.873805 0
1726773476003 3.995063 0
1726773476119 1.079575 0
1726773476236 12.12553 0
1726773476352 0.627443 0
1726773476468 1.963151 1
1726773476586 48.72789 1
1726773476702 0.462606 1
1726773476818 2.345809 1
1726773476934 1.868105 1
1726773477052 1.43208 1
1726773478134 2.820691 0
1726773478251 1.172456 0
1726773478367 1.434622 0
1726773478483 1.19339 0
1726773478600 0.706959 0
1726773478716 2.592197 0
1726773478832 0.226248 0
1726773478948 1.3744 0
1726773479066 3.057276 0
1726773479188 1.492454 0
1726773479304 2.648565 2
1726773479422 0.358819 2
1726773479538 0.6536 2
1726773479655 1.630745 2
1726773479771 1.149431 2
1726773479887 1.139383 2
1726773480955 2.84347 0
1726773481073 0.462404 0
1726773481190 2.42841 0
1726773481306 1.612963 0
1726773481422 1.530679 0
1726773481538 0.749865 0
1726773481655 0.93971 0
1726773481771 2.903522 0
1726773481888 4.108394 0
1726773482004 3.506833 0
1726773482121 43.895939 3
1726773482237 0.573197 3
1726773482354 0.590682 3
1726773482470 435.089417 3
1726773482587 0.640136 3
1726773482709 3.583818 3
1726773483785 0.786437 0
1726773483901 1.249862 0
1726773484018 1.217582 0
1726773484135 0.40585 0
1726773484251 0.757905 0
1726773484367 0.933788 0
1726773484483 0.588911 0
1726773484599 0.893587 0
1726773484715 2.295784 0
1726773484832 1.241697 0
1726773484948 3.697202 4
1726773485064 0.413344 4
1726773485182 0.446339 4
1726773485299 2.078641 4
1726773485416 3.187102 4
1726773485532 1.432505 4
