1727114989078 0.388879 0
1727114989191 1.450814 0
1727114989307 3.371504 0
1727114989417 0.147417 0
1727114989526 0.231259 0
1727114989636 4.600029 0
1727114989746 0.193302 0
1727114990213 1.090759 0
1727114990324 0.92306 0
1727114990430 2.994982 0
1727114990537 0.120099 0
1727114990646 0.206871 0
1727114990755 3.96126 0
1727114990866 0.169632 0
1727114991331 0.18312 0
1727114991444 0.786648 0
1727114991554 2.66302 0
1727114991663 0.129313 0
1727114991774 0.195436 0
1727114991882 3.74603 0
1727114991991 0.159994 0
1727114992457 0.218735 0
1727114992566 0.744496 0
1727114992674 2.335993 0
1727114992785 0.136285 0
1727114992895 0.216268 0
1727114993006 3.671009 0
1727114993114 0.155225 0
1727114993614 0.185957 0
1727114993723 0.762253 0
1727114993831 2.261193 0
1727114993941 0.141767 0
1727114994051 0.219569 0
1727114994163 3.677607 0
1727114994274 0.151253 0
1727114994746 0.158629 0
1727114994847 0.821714 0
1727114994962 2.664626 0
1727114995073 0.150655 0
1727114995179 0.215585 0
1727114995290 3.689328 0
1727114995399 0.141339 0
1727114995865 0.159008 0
1727114995968 0.764571 0
1727114996081 2.294972 0
1727114996189 0.133554 0
1727114996297 0.199606 0
1727114996409 3.707278 0
1727114996516 0.148536 0
1727114997001 0.215813 0
1727114997117 0.817463 0
1727114997231 2.439526 0
1727114997350 0.146152 0
1727114997465 0.205626 0
1727114997579 3.758149 0
1727114997690 0.136619 0
1727114998156 0.171577 0
1727114998266 0.768243 0
1727114998378 1.647029 0
1727114998489 0.150839 0
1727114998598 0.207314 0
1727114998710 3.681618 0
1727114998821 0.140716 0
1727114999297 0.241223 0
1727114999419 0.736864 0
1727114999530 1.495547 0
1727114999640 0.153485 0
1727114999752 0.223329 0
1727114999861 3.718327 0
1727114999969 0.121485 0
