1726835540383 120.977692 0
1726835540517 1.972166 0
1726835540647 4.896037 0
1726835540776 13.514868 0
1726835540904 7.777087 0
1726835541032 5.201344 0
1726835541160 8.817633 0
1726835541288 2.852813 0
1726835541416 2.814706 0
1726835542154 1.096581 0
1726835542282 2.457668 0
1726835542411 1.272876 0
1726835542539 4.924615 0
1726835542668 2.159255 0
1726835542796 4.36877 0
1726835542925 2.421481 0
1726835543053 7.260514 0
1726835543181 31.764162 0
1726835543883 1.553497 0
1726835544011 1.252034 0
1726835544141 4.756779 0
1726835544269 3.065507 0
1726835544398 3.914532 0
1726835544526 4.527968 0
1726835544655 22.255951 0
1726835544783 4.360023 0
1726835544912 5.490952 0
1726835545609 2.055348 0
1726835545738 3.743938 0
1726835545867 1.534397 0
1726835545996 2.837338 0
1726835546124 5.159975 0
1726835546254 5.000423 0
1726835546383 1.799513 0
1726835546512 1.738062 0
1726835546641 1.38423 0
1726835547341 5.496164 0
1726835547471 2.118425 0
1726835547600 3.336473 0
1726835547728 1.521626 0
1726835547858 1.935655 0
1726835547988 6.0781 0
1726835548116 1.276447 0
1726835548246 4.180084 0
1726835548375 1.642521 0
1726835549084 2.087343 0
1726835549214 3.303151 0
1726835549342 3.933702 0
1726835549470 3.724211 0
1726835549599 2.544255 0
1726835549728 21.491413 0
1726835549856 1.038224 0
1726835549986 3.205312 0
1726835550114 2.167371 0
1726835550818 4.535171 0
1726835550946 6.490046 0
1726835551075 2.647202 0
1726835551203 7.53052 0
1726835551332 1.671767 0
1726835551462 5.419307 0
1726835551591 0.864382 0
1726835551720 3.117306 0
1726835551848 2.459923 0
1726835552571 3.469309 0
1726835552699 6.299738 0
1726835552826 11.672651 0
1726835552955 4.977397 0
1726835553082 13.533057 0
1726835553210 5.1581 0
1726835553338 1.839547 0
1726835553466 1.302641 0
1726835553594 1.920254 0
