1726776313770 0.0 0
1726776313886 10.0 0
1726776314004 20.0 0
1726776314120 30.0 0
1726776314237 40.0 0
1726776314354 50.0 0
1726776314470 60.0 0
1726776314587 70.0 0
1726776314704 80.0 0
1726776314823 90.0 0
1726776315571 0.0 0
1726776315687 10.0 0
1726776315804 20.0 0
1726776315928 30.0 0
1726776316045 40.0 0
1726776316162 50.0 0
1726776316278 60.0 0
1726776316396 70.0 0
1726776316513 80.0 0
1726776316630 90.0 0
1726776317362 0.0 0
1726776317478 10.0 0
1726776317595 20.0 0
1726776317712 30.0 0
1726776317829 40.0 0
1726776317946 50.0 0
1726776318063 60.0 0
1726776318179 70.0 0
1726776318296 80.0 0
1726776318413 90.0 0
1726776319149 0.0 0
1726776319266 10.0 0
1726776319382 20.0 0
1726776319500 30.0 0
1726776319616 40.0 0
1726776319733 50.0 0
1726776319850 60.0 0
1726776319967 70.0 0
1726776320085 80.0 0
1726776320201 90.0 0
1726776320932 0.0 0
1726776321050 10.0 0
1726776321166 20.0 0
1726776321284 30.0 0
1726776321401 40.0 0
1726776321519 50.0 0
1726776321636 60.0 0
1726776321753 70.0 0
1726776321870 80.0 0
1726776321987 90.0 0
1726776322722 0.0 0
1726776322839 10.0 0
1726776322957 20.0 0
1726776323074 30.0 0
1726776323191 40.0 0
1726776323307 50.0 0
1726776323425 60.0 0
1726776323542 70.0 0
1726776323660 80.0 0
1726776323778 90.0 0
1726776324507 0.0 0
1726776324624 10.0 0
1726776324741 20.0 0
1726776324858 30.0 0
1726776324976 40.0 0
1726776325094 50.0 0
1726776325211 60.0 0
1726776325327 70.0 0
1726776325445 80.0 0
1726776325562 90.0 0
1726776326293 0.0 0
1726776326409 10.0 0
1726776326527 20.0 0
1726776326644 30.0 0
1726776326761 40.0 0
1726776326878 50.0 0
1726776326995 60.0 0
1726776327114 70.0 0
1726776327231 80.0 0
1726776327349 90.0 0
