1726902844309 0.812498 0
1726902844453 0.631614 0
1726902844593 0.469799 0
1726902844734 0.567397 0
1726902844878 0.567221 0
1726902845019 0.513795 0
1726902845165 0.578534 0
1726902845776 0.690758 0
1726902845918 0.579528 0
1726902846058 0.369468 0
1726902846199 0.437163 0
1726902846338 0.470174 0
1726902846478 0.506325 0
1726902846622 0.565313 0
1726902847254 0.66033 0
1726902847396 0.562236 0
1726902847538 0.350924 0
1726902847681 0.404859 0
1726902847820 0.446947 0
1726902847961 0.496695 0
1726902848101 0.562654 0
1726902848720 0.650498 0
1726902848860 0.566075 0
1726902849000 0.342991 0
1726902849144 0.393635 0
1726902849286 0.44435 0
1726902849427 0.496472 0
1726902849566 0.564707 0
1726902850176 0.640064 0
1726902850320 0.564522 0
1726902850465 0.341234 0
1726902850605 0.387506 0
1726902850745 0.44318 0
1726902850885 0.496131 0
1726902851026 0.568045 0
1726902851648 0.629913 0
1726902851793 0.576745 0
1726902851935 0.327534 0
1726902852075 0.37723 0
1726902852214 0.441048 0
1726902852354 0.498295 0
1726902852494 0.568399 0
1726902853111 0.629885 0
1726902853256 0.585319 0
1726902853396 0.328023 0
1726902853536 0.36944 0
1726902853677 0.444706 0
1726902853817 0.502401 0
1726902853957 0.572981 0
1726902854662 0.624181 0
1726902854801 0.596305 0
1726902854943 0.313853 0
1726902855083 0.363063 0
1726902855233 0.44546 0
1726902855378 0.496348 0
1726902855520 0.577038 0
1726902856150 0.624587 0
1726902856294 0.593177 0
1726902856434 0.316124 0
1726902856575 0.359665 0
1726902856717 0.450498 0
1726902856860 0.49068 0
1726902857007 0.577924 0
1726902857627 0.621301 0
1726902857769 0.591921 0
1726902857910 0.31035 0
1726902858050 0.35466 0
1726902858194 0.443703 0
1726902858334 0.492601 0
1726902858474 0.576428 0
