1726890587544 39.579189 0
1726890587667 8.315172 0
1726890587784 5.48653 0
1726890587906 20.382269 0
1726890588028 1.624707 0
1726890588146 5.621497 0
1726890588275 3.212236 0
1726890588392 14.084522 0
1726890588509 1.833766 0
1726890588624 0.453067 0
1726890588743 11.352345 1
1726890588862 0.556522 1
1726890588979 1.995756 1
1726890589095 19.176304 1
1726890589213 4.544321 1
1726890589330 59.639366 1
1726890589447 6.763258 1
1726890589563 16.088232 1
1726890589679 2.143016 1
1726890589800 5.314393 1
1726890591034 11.585372 0
1726890591151 11.434446 0
1726890591267 9.672583 0
1726890591385 6.877007 0
1726890591500 3.089933 0
1726890591616 12.649761 0
1726890591733 4.839278 0
1726890591852 5.696249 0
1726890591967 15.410515 0
1726890592091 0.51423 0
1726890592207 22.349733 2
1726890592334 0.610647 2
1726890592449 2.912956 2
1726890592567 9.715564 2
1726890592685 7.888167 2
1726890592804 16.204897 2
1726890592927 1.73701 2
1726890593048 3.440062 2
1726890593168 1.385612 2
1726890593282 3.687669 2
1726890594328 33.473621 0
1726890594452 6.18199 0
1726890594572 5.001419 0
1726890594689 5.244385 0
1726890594808 1.98682 0
1726890594935 4.95425 0
1726890595055 13.568769 0
1726890595176 0.632782 0
1726890595296 2.254489 0
1726890595417 0.460973 0
1726890595535 6.838023 3
1726890595653 2.556029 3
1726890595777 1.117705 3
1726890595895 13.025181 3
1726890596014 42.518398 3
1726890596132 8.412354 3
1726890596251 5.562702 3
1726890596376 5.425027 3
1726890596499 4.063118 3
1726890596617 2.374371 3
1726890597669 7.753922 0
1726890597791 8.563772 0
1726890597910 3.875988 0
1726890598032 4.114254 0
1726890598152 1.692237 0
1726890598270 6.385842 0
1726890598391 4.33661 0
1726890598515 19.290636 0
1726890598635 6.788431 0
1726890598755 0.513086 0
1726890598874 8.752777 4
1726890598996 0.650057 4
1726890599117 41.785793 4
1726890599235 8.135818 4
1726890599354 15.815512 4
1726890599472 3.975408 4
1726890599592 1.552859 4
1726890599713 1.290352 4
1726890599837 5.55765 4
1726890599958 12.311224 4
1726890601218 6.57959 0
1726890601340 56.985485 0
1726890601457 12.624429 0
1726890601575 7.701944 0
1726890601697 4.536047 0
1726890601821 75.527115 0
1726890601939 7.091639 0
1726890602057 4.848177 0
1726890602177 1.390789 0
1726890602293 0.542592 0
1726890602409 3.903878 5
1726890602535 1.317269 5
1726890602653 1.73554 5
1726890602771 9.451268 5
1726890602888 3.480895 5
1726890603017 5.082439 5
1726890603133 3.233084 5
1726890603253 2.576896 5
1726890603369 8.36521 5
1726890603487 9.068035 5
1726890604603 3.523258 0
1726890604724 2.41548 0
1726890604845 8.97508 0
1726890604967 6.444064 0
1726890605085 12.055981 0
1726890605203 3.472516 0
1726890605325 5.328626 0
1726890605442 2.105465 0
1726890605561 8.071114 0
1726890605682 0.693749 0
1726890605804 3.929855 6
1726890605922 0.542394 6
1726890606041 5.370424 6
1726890606162 5.387151 6
1726890606284 7.704319 6
1726890606401 3.189401 6
1726890606520 1.507681 6
1726890606648 2.447756 6
1726890606768 8.062119 6
1726890606887 4.06739 6
1726890607953 11.094736 0
1726890608072 8.655767 0
1726890608197 6.342464 0
1726890608316 6.81572 0
1726890608439 2.784301 0
1726890608560 10.623604 0
1726890608687 2.552076 0
1726890608807 0.855113 0
1726890608928 72.845032 0
1726890609049 0.799331 0
1726890609168 8.093864 7
1726890609285 1.861587 7
1726890609406 4.292361 7
1726890609529 3.377211 7
1726890609650 2.612785 7
1726890609771 4.380817 7
1726890609894 1.737597 7
1726890610017 2.611642 7
1726890610139 1.660173 7
1726890610259 1.955572 7
1726890611452 118.238541 0
1726890611572 5.105948 0
1726890611691 20.454367 0
1726890611809 3.904852 0
1726890611927 4.946191 0
1726890612046 3.810765 0
1726890612168 3.112852 0
1726890612290 1.132828 0
1726890612408 2.656022 0
1726890612529 0.561464 0
1726890612649 21.0888 8
1726890612775 0.645532 8
1726890612894 2.456397 8
1726890613012 3.157934 8
1726890613132 3.175826 8
1726890613250 9.381702 8
1726890613371 2.016522 8
1726890613491 4.428488 8
1726890613614 2.00283 8
1726890613733 2.481581 8
1726890614845 4.857053 0
1726890614967 10.228855 0
1726890615084 12.535366 0
1726890615206 11.524703 0
1726890615327 27.677137 0
1726890615444 11.243126 0
1726890615563 2.994778 0
1726890615684 0.847579 0
1726890615806 3.806643 0
1726890615922 0.547589 0
1726890616040 5.671144 9
1726890616159 0.684666 9
1726890616280 1.72308 9
1726890616398 2.714371 9
1726890616515 12.693573 9
1726890616631 7.12587 9
1726890616750 2.630967 9
1726890616877 2.693489 9
1726890616997 1.335886 9
1726890617114 3.752985 9
