1726827398334 0.0 0
1726827398454 10.0 0
1726827398579 20.0 0
1726827398698 30.0 0
1726827398818 40.0 0
1726827398940 50.0 0
1726827399062 60.0 0
1726827399182 70.0 0
1726827399302 80.0 0
1726827399423 90.0 0
1726827399546 100.0 1
1726827399673 110.0 1
1726827400575 0.0 0
1726827400695 10.0 0
1726827400816 20.0 0
1726827400937 30.0 0
1726827401058 40.0 0
1726827401178 50.0 0
1726827401299 60.0 0
1726827401419 70.0 0
1726827401543 80.0 0
1726827401669 90.0 0
1726827401798 100.0 2
1726827401922 110.0 2
1726827402775 0.0 0
1726827402894 10.0 0
1726827403012 20.0 0
1726827403130 30.0 0
1726827403251 40.0 0
1726827403371 50.0 0
1726827403493 60.0 0
1726827403616 70.0 0
1726827403733 80.0 0
1726827403852 90.0 0
1726827403979 100.0 3
1726827404120 110.0 3
1726827404967 0.0 0
1726827405093 10.0 0
1726827405219 20.0 0
1726827405345 30.0 0
1726827405470 40.0 0
1726827405601 50.0 0
1726827405733 60.0 0
1726827405858 70.0 0
1726827405984 80.0 0
1726827406110 90.0 0
1726827406237 100.0 4
1726827406364 110.0 4
1726827407259 0.0 0
1726827407385 10.0 0
1726827407511 20.0 0
1726827407637 30.0 0
1726827407760 40.0 0
1726827407885 50.0 0
1726827408012 60.0 0
1726827408146 70.0 0
1726827408271 80.0 0
1726827408396 90.0 0
1726827408520 100.0 5
1726827408649 110.0 5
1726827409529 0.0 0
1726827409659 10.0 0
1726827409793 20.0 0
1726827409917 30.0 0
1726827410052 40.0 0
1726827410180 50.0 0
1726827410307 60.0 0
1726827410432 70.0 0
1726827410554 80.0 0
1726827410681 90.0 0
1726827410807 100.0 6
1726827410932 110.0 6
1726827411813 0.0 0
1726827411944 10.0 0
1726827412077 20.0 0
1726827412206 30.0 0
1726827412334 40.0 0
1726827412465 50.0 0
1726827412591 60.0 0
1726827412719 70.0 0
1726827412844 80.0 0
1726827412969 90.0 0
1726827413095 100.0 7
1726827413220 110.0 7
1726827414099 0.0 0
1726827414226 10.0 0
1726827414350 20.0 0
1726827414477 30.0 0
1726827414603 40.0 0
1726827414731 50.0 0
1726827414857 60.0 0
1726827414981 70.0 0
1726827415109 80.0 0
1726827415240 90.0 0
1726827415366 100.0 8
1726827415491 110.0 8
1726827416364 0.0 0
1726827416488 10.0 0
1726827416618 20.0 0
1726827416743 30.0 0
1726827416871 40.0 0
1726827416993 50.0 0
1726827417121 60.0 0
1726827417245 70.0 0
1726827417369 80.0 0
1726827417498 90.0 0
1726827417627 100.0 9
1726827417758 110.0 9
1726827418648 0.0 0
1726827418773 10.0 0
1726827418901 20.0 0
1726827419023 30.0 0
1726827419149 40.0 0
1726827419270 50.0 0
1726827419392 60.0 0
1726827419521 70.0 0
1726827419647 80.0 0
1726827419771 90.0 0
1726827419896 100.0 10
1726827420024 110.0 10
