1726818434369 0.0 0
1726818434516 10.0 0
1726818434657 20.0 0
1726818434825 30.0 0
1726818434964 40.0 0
1726818435098 50.0 0
1726818435232 60.0 0
1726818435363 70.0 0
1726818435497 80.0 0
1726818435624 90.0 0
1726818435751 100.0 1
1726818435881 110.0 1
1726818436017 120.0 1
1726818436150 130.0 1
1726818436290 140.0 1
1726818436454 150.0 1
1726818436640 160.0 1
1726818436820 170.0 1
1726818436984 180.0 1
1726818437126 190.0 1
1726818437255 200.0 2
1726818437379 210.0 2
1726818439890 0.0 0
1726818440053 10.0 0
1726818440184 20.0 0
1726818440337 30.0 0
1726818440502 40.0 0
1726818440642 50.0 0
1726818440775 60.0 0
1726818440905 70.0 0
1726818441038 80.0 0
1726818441176 90.0 0
1726818441323 100.0 2
1726818441462 110.0 2
1726818441591 120.0 2
1726818441744 130.0 2
1726818441923 140.0 2
1726818442106 150.0 2
1726818442265 160.0 2
1726818442404 170.0 2
1726818442530 180.0 2
1726818442651 190.0 2
1726818442771 200.0 4
1726818442897 210.0 4
1726818445646 0.0 0
1726818445786 10.0 0
1726818445922 20.0 0
1726818446059 30.0 0
1726818446186 40.0 0
1726818446304 50.0 0
1726818446420 60.0 0
1726818446535 70.0 0
1726818446650 80.0 0
1726818446775 90.0 0
1726818446903 100.0 3
1726818447037 110.0 3
1726818447170 120.0 3
1726818447301 130.0 3
1726818447430 140.0 3
1726818447579 150.0 3
1726818447723 160.0 3
1726818447858 170.0 3
1726818447994 180.0 3
1726818448121 190.0 3
1726818448241 200.0 6
1726818448364 210.0 6
1726818450993 0.0 0
1726818451138 10.0 0
1726818451295 20.0 0
1726818451473 30.0 0
1726818451603 40.0 0
1726818451770 50.0 0
1726818451949 60.0 0
1726818452107 70.0 0
1726818452249 80.0 0
1726818452377 90.0 0
1726818452500 100.0 4
1726818452624 110.0 4
1726818452752 120.0 4
1726818452888 130.0 4
1726818453020 140.0 4
1726818453148 150.0 4
1726818453275 160.0 4
1726818453403 170.0 4
1726818453534 180.0 4
1726818453667 190.0 4
1726818453803 200.0 8
1726818453933 210.0 8
1726818456473 0.0 0
1726818456635 10.0 0
1726818456767 20.0 0
1726818456901 30.0 0
1726818457029 40.0 0
1726818457160 50.0 0
1726818457294 60.0 0
1726818457427 70.0 0
1726818457559 80.0 0
1726818457688 90.0 0
1726818457811 100.0 5
1726818457932 110.0 5
1726818458058 120.0 5
1726818458189 130.0 5
1726818458325 140.0 5
1726818458460 150.0 5
1726818458595 160.0 5
1726818458726 170.0 5
1726818458851 180.0 5
1726818458976 190.0 5
1726818459107 200.0 10
1726818459247 210.0 10
