1726915299845 0.0 0
1726915299992 10.0 0
1726915300134 20.0 0
1726915300277 30.0 0
1726915300420 40.0 0
1726915300563 50.0 0
1726915300706 60.0 0
1726915300850 70.0 0
1726915300992 80.0 0
1726915301135 90.0 0
1726915301278 100.0 1
1726915301421 110.0 1
1726915301563 120.0 1
1726915301707 130.0 1
1726915301855 140.0 1
1726915301998 150.0 1
1726915302141 160.0 1
1726915302283 170.0 1
1726915302426 180.0 1
1726915302569 190.0 1
1726915302712 200.0 2
1726915302854 210.0 2
1726915302996 220.0 2
1726915303139 230.0 2
1726915305013 0.0 0
1726915305158 10.0 0
1726915305300 20.0 0
1726915305442 30.0 0
1726915305586 40.0 0
1726915305729 50.0 0
1726915305876 60.0 0
1726915306020 70.0 0
1726915306162 80.0 0
1726915306305 90.0 0
1726915306452 100.0 2
1726915306595 110.0 2
1726915306740 120.0 2
1726915306882 130.0 2
1726915307025 140.0 2
1726915307168 150.0 2
1726915307311 160.0 2
1726915307455 170.0 2
1726915307601 180.0 2
1726915307744 190.0 2
1726915307887 200.0 4
1726915308032 210.0 4
1726915308175 220.0 4
1726915308319 230.0 4
1726915309960 0.0 0
1726915310108 10.0 0
1726915310251 20.0 0
1726915310394 30.0 0
1726915310537 40.0 0
1726915310682 50.0 0
1726915310825 60.0 0
1726915310969 70.0 0
1726915311115 80.0 0
1726915311258 90.0 0
1726915311403 100.0 3
1726915311547 110.0 3
1726915311689 120.0 3
1726915311833 130.0 3
1726915311979 140.0 3
1726915312126 150.0 3
1726915312269 160.0 3
1726915312413 170.0 3
1726915312557 180.0 3
1726915312699 190.0 3
1726915312841 200.0 6
1726915312983 210.0 6
1726915313125 220.0 6
1726915313267 230.0 6
1726915314913 0.0 0
1726915315062 10.0 0
1726915315207 20.0 0
1726915315350 30.0 0
1726915315492 40.0 0
1726915315635 50.0 0
1726915315778 60.0 0
1726915315925 70.0 0
1726915316069 80.0 0
1726915316216 90.0 0
1726915316359 100.0 4
1726915316504 110.0 4
1726915316648 120.0 4
1726915316790 130.0 4
1726915316934 140.0 4
1726915317077 150.0 4
1726915317219 160.0 4
1726915317362 170.0 4
1726915317506 180.0 4
1726915317650 190.0 4
1726915317794 200.0 8
1726915317937 210.0 8
1726915318080 220.0 8
1726915318227 230.0 8
1726915319872 0.0 0
1726915320015 10.0 0
1726915320159 20.0 0
1726915320306 30.0 0
1726915320449 40.0 0
1726915320591 50.0 0
1726915320733 60.0 0
1726915320877 70.0 0
1726915321021 80.0 0
1726915321164 90.0 0
1726915321307 100.0 5
1726915321450 110.0 5
1726915321592 120.0 5
1726915321735 130.0 5
1726915321882 140.0 5
1726915322025 150.0 5
1726915322173 160.0 5
1726915322325 170.0 5
1726915322469 180.0 5
1726915322611 190.0 5
1726915322755 200.0 10
1726915322900 210.0 10
1726915323042 220.0 10
1726915323188 230.0 10
1726915324831 0.0 0
1726915324975 10.0 0
1726915325118 20.0 0
1726915325264 30.0 0
1726915325408 40.0 0
1726915325552 50.0 0
1726915325696 60.0 0
1726915325838 70.0 0
1726915325980 80.0 0
1726915326123 90.0 0
1726915326268 100.0 6
1726915326415 110.0 6
1726915326558 120.0 6
1726915326701 130.0 6
1726915326844 140.0 6
1726915326987 150.0 6
1726915327130 160.0 6
1726915327273 170.0 6
1726915327416 180.0 6
1726915327558 190.0 6
1726915327701 200.0 12
1726915327844 210.0 12
1726915327986 220.0 12
1726915328129 230.0 12
1726915329803 0.0 0
1726915329950 10.0 0
1726915330093 20.0 0
1726915330235 30.0 0
1726915330379 40.0 0
1726915330525 50.0 0
1726915330670 60.0 0
1726915330815 70.0 0
1726915330957 80.0 0
1726915331100 90.0 0
1726915331244 100.0 7
1726915331386 110.0 7
1726915331530 120.0 7
1726915331673 130.0 7
1726915331816 140.0 7
1726915331958 150.0 7
1726915332100 160.0 7
1726915332244 170.0 7
1726915332388 180.0 7
1726915332535 190.0 7
1726915332678 200.0 14
1726915332823 210.0 14
1726915332965 220.0 14
1726915333108 230.0 14
1726915334804 0.0 0
1726915334950 10.0 0
1726915335093 20.0 0
1726915335237 30.0 0
1726915335381 40.0 0
1726915335524 50.0 0
1726915335670 60.0 0
1726915335815 70.0 0
1726915335960 80.0 0
1726915336103 90.0 0
1726915336248 100.0 8
1726915336390 110.0 8
1726915336535 120.0 8
1726915336680 130.0 8
1726915336823 140.0 8
1726915336966 150.0 8
1726915337108 160.0 8
1726915337251 170.0 8
1726915337397 180.0 8
1726915337540 190.0 8
1726915337683 200.0 16
1726915337826 210.0 16
1726915337969 220.0 16
1726915338113 230.0 16
1726915339763 0.0 0
1726915339908 10.0 0
1726915340050 20.0 0
1726915340195 30.0 0
1726915340341 40.0 0
1726915340485 50.0 0
1726915340630 60.0 0
1726915340777 70.0 0
1726915340922 80.0 0
1726915341065 90.0 0
1726915341209 100.0 9
1726915341354 110.0 9
1726915341497 120.0 9
1726915341640 130.0 9
1726915341782 140.0 9
1726915341925 150.0 9
1726915342068 160.0 9
1726915342212 170.0 9
1726915342355 180.0 9
1726915342498 190.0 9
1726915342641 200.0 18
1726915342810 210.0 18
1726915342959 220.0 18
1726915343101 230.0 18
1726915344747 0.0 0
1726915344892 10.0 0
1726915345038 20.0 0
1726915345183 30.0 0
1726915345328 40.0 0
1726915345471 50.0 0
1726915345615 60.0 0
1726915345757 70.0 0
1726915345901 80.0 0
1726915346048 90.0 0
1726915346191 100.0 10
1726915346334 110.0 10
1726915346477 120.0 10
1726915346623 130.0 10
1726915346768 140.0 10
1726915346911 150.0 10
1726915347054 160.0 10
1726915347203 170.0 10
1726915347347 180.0 10
1726915347490 190.0 10
1726915347632 200.0 20
1726915347775 210.0 20
1726915347918 220.0 20
1726915348061 230.0 20
