1726912170685 0.514702 0
1726912170828 0.828248 0
1726912170970 0.377418 0
1726912171117 0.342044 0
1726912171260 0.793827 0
1726912171866 0.437956 0
1726912172009 0.823159 0
1726912172153 0.261027 0
1726912172294 0.20972 0
1726912172437 0.536351 0
1726912172890 0.338359 0
1726912173036 0.675891 0
1726912173181 0.232042 0
1726912173324 0.159015 0
1726912173468 0.415433 0
1726912173924 0.307771 0
1726912174072 0.5829 0
1726912174215 0.227836 0
1726912174358 0.14378 0
1726912174501 0.377346 0
1726912174968 0.294424 0
1726912175112 0.524104 0
1726912175259 0.219953 0
1726912175402 0.13174 0
1726912175545 0.35882 0
1726912176004 0.293852 0
1726912176150 0.48621 0
1726912176293 0.220993 0
1726912176436 0.130123 0
1726912176578 0.346348 0
1726912177034 0.286625 0
1726912177177 0.465098 0
1726912177324 0.215349 0
1726912177468 0.126061 0
1726912177613 0.339381 0
1726912178065 0.282743 0
1726912178216 0.442532 0
1726912178359 0.217617 0
1726912178501 0.124876 0
1726912178645 0.33706 0
1726912179109 0.287271 0
1726912179258 0.430564 0
1726912179404 0.217237 0
1726912179546 0.121946 0
1726912179689 0.320485 0
1726912180148 0.27904 0
1726912180295 0.418075 0
1726912180437 0.21718 0
1726912180579 0.119372 0
1726912180721 0.319488 0
