1726795953727 0.292905 0
1726795953847 0.411509 0
1726795953968 0.094424 0
1726795954089 0.256194 0
1726795954209 0.160935 0
1726795954330 0.27465 0
1726795954450 0.164871 0
1726795954572 0.546037 0
1726795954692 0.178277 0
1726795954813 0.650984 0
1726795954933 0.16799 1
1726795955055 0.296745 1
1726795955175 0.1376 1
1726795955296 0.180859 1
1726795955415 0.424517 1
1726795955536 0.17754 1
1726795955657 0.293068 1
1726795955779 0.086279 1
1726795955901 0.179619 1
1726795956022 0.111696 1
1726795956143 0.253569 2
1726795956264 0.199864 2
1726795956385 0.229289 2
1726795956506 0.296224 2
1726795956627 0.16911 2
1726795958252 0.129222 0
1726795958372 0.346286 0
1726795958493 0.199424 0
1726795958613 0.215452 0
1726795958733 0.168678 0
1726795958854 0.080129 0
1726795958974 0.084526 0
1726795959094 0.200424 0
1726795959215 0.097938 0
1726795959336 0.354321 0
1726795959457 0.128094 2
1726795959577 0.164602 2
1726795959697 0.055425 2
1726795959819 0.09812 2
1726795959940 0.444849 2
1726795960061 0.159923 2
1726795960183 0.226663 2
1726795960305 0.106328 2
1726795960426 0.130626 2
1726795960548 0.078477 2
1726795960669 0.232608 4
1726795960791 0.112696 4
1726795960912 0.172989 4
1726795961032 0.206147 4
1726795961153 0.174592 4
1726795962763 0.283005 0
1726795962884 0.079176 0
1726795963005 0.07247 0
1726795963126 0.249393 0
1726795963247 0.111044 0
1726795963368 0.064197 0
1726795963488 0.071298 0
1726795963608 0.166856 0
1726795963728 0.117543 0
1726795963849 0.22544 0
1726795963971 0.082778 3
1726795964092 0.225289 3
1726795964212 0.052316 3
1726795964333 0.09755 3
1726795964454 0.478543 3
1726795964575 0.212147 3
1726795964696 0.194771 3
1726795964816 0.049847 3
1726795964937 0.133947 3
1726795965057 0.080738 3
1726795965176 0.232939 6
1726795965297 0.154928 6
1726795965417 0.191507 6
1726795965538 0.180499 6
1726795965659 0.134643 6
1726795967264 0.352222 0
1726795967385 0.057068 0
1726795967505 0.069855 0
1726795967629 0.205152 0
1726795967750 0.113848 0
1726795967871 0.072579 0
1726795967993 0.075044 0
1726795968115 0.148196 0
1726795968244 0.11381 0
1726795968368 0.255422 0
1726795968489 0.093514 4
1726795968612 0.281199 4
1726795968734 0.101647 4
1726795968856 0.111588 4
1726795968977 0.454987 4
1726795969099 0.207548 4
1726795969220 0.220874 4
1726795969340 0.11595 4
1726795969461 0.15298 4
1726795969582 0.096092 4
1726795969703 0.246872 8
1726795969824 0.122945 8
1726795969944 0.149569 8
1726795970067 0.240006 8
1726795970187 0.154934 8
1726795971787 0.171649 0
1726795971908 0.080366 0
1726795972029 0.063265 0
1726795972151 0.21566 0
1726795972272 0.122162 0
1726795972393 0.088802 0
1726795972513 0.073932 0
1726795972634 0.155059 0
1726795972755 0.099972 0
1726795972876 0.303179 0
1726795972997 0.051791 5
1726795973117 0.208859 5
1726795973238 0.085407 5
1726795973359 0.124826 5
1726795973479 0.454146 5
1726795973600 0.214719 5
1726795973720 0.27898 5
1726795973841 0.13084 5
1726795973962 0.19563 5
1726795974082 0.094692 5
1726795974205 0.23785 10
1726795974326 0.16106 10
1726795974447 0.164979 10
1726795974567 0.234564 10
1726795974688 0.113073 10
1726795976305 0.134939 0
1726795976431 0.083568 0
1726795976551 0.074283 0
1726795976735 0.286173 0
1726795976855 0.098319 0
1726795976976 0.084511 0
1726795977096 0.076246 0
1726795977217 0.133357 0
1726795977337 0.135026 0
1726795977457 0.299645 0
1726795977578 0.039766 6
1726795977698 0.188146 6
1726795977819 0.066686 6
1726795977939 0.107533 6
1726795978060 0.507452 6
1726795978181 0.158913 6
1726795978303 0.187542 6
1726795978423 0.067298 6
1726795978544 0.151185 6
1726795978664 0.069417 6
1726795978785 0.224758 12
1726795978905 0.146571 12
1726795979026 0.147651 12
1726795979146 0.194343 12
1726795979266 0.132359 12
