1726834965163 0.412543 0
1726834965292 0.676179 0
1726834965420 0.584985 0
1726834965548 0.31159 0
1726834965675 0.62529 0
1726834966136 0.393628 0
1726834966264 0.427866 0
1726834966392 0.399677 0
1726834966521 0.303276 0
1726834966648 0.767565 0
1726834967082 0.418219 0
1726834967211 0.354122 0
1726834967340 0.325456 0
1726834967467 0.216423 0
1726834967595 0.394488 0
1726834968028 0.437869 0
1726834968156 0.372493 0
1726834968284 0.389212 0
1726834968412 0.27358 0
1726834968539 0.400649 0
1726834968982 0.38661 0
1726834969111 0.273762 0
1726834969239 0.413297 0
1726834969366 0.269734 0
1726834969494 0.421175 0
1726834969918 0.2913 0
1726834970046 0.330182 0
1726834970174 0.301725 0
1726834970301 0.178649 0
1726834970429 0.408072 0
