1726906257484 249.200928 0
1726906257632 16.196011 0
1726906257774 18.245207 0
1726906257916 7.570417 0
1726906258062 6.799549 0
1726906258204 9.591724 0
1726906258345 4.995418 0
1726906258486 10.113548 0
1726906258626 5.960928 0
1726906258769 2.459813 0
1726906259586 12.338043 0
1726906259727 4.076756 0
1726906259868 38.234779 0
1726906260012 17.084808 0
1726906260154 2.599943 0
1726906260294 2.657763 0
1726906260436 1.087816 0
1726906260578 1.802817 0
1726906260729 2.017831 0
1726906260870 0.968183 0
1726906261611 0.994477 0
1726906261753 2.03711 0
1726906261894 6.681123 0
1726906262038 12.613951 0
1726906262183 0.891342 0
1726906262325 2.19795 0
1726906262465 1.683433 0
1726906262605 1.595215 0
1726906262747 0.707328 0
1726906262888 1.424796 0
1726906263623 3.217644 0
1726906263766 6.122796 0
1726906263908 5.689091 0
1726906264050 5.026975 0
1726906264194 1.855414 0
1726906264336 0.741735 0
1726906264476 1.162868 0
1726906264617 1.102305 0
1726906264757 20.123085 0
1726906264898 0.6502 0
1726906265636 7.739922 0
1726906265779 7.445663 0
1726906265921 5.493901 0
1726906266062 4.902527 0
1726906266208 1.427146 0
1726906266351 1.117911 0
1726906266492 3.758394 0
1726906266633 0.751658 0
1726906266774 0.589546 0
1726906266915 0.668101 0
1726906267650 10.528872 0
1726906267793 5.244009 0
1726906267933 3.931641 0
1726906268073 4.327416 0
1726906268217 11.092653 0
1726906268360 3.358716 0
1726906268502 1.529126 0
1726906268643 0.869201 0
1726906268785 12.879809 0
1726906268927 0.851967 0
1726906269665 79.481972 0
1726906269807 2.862349 0
1726906269947 4.163315 0
1726906270088 5.126501 0
1726906270232 36.818882 0
1726906270377 1.882648 0
1726906270519 1.712533 0
1726906270660 0.729292 0
1726906270801 0.587275 0
1726906270942 0.651817 0
1726906271682 2.250535 0
1726906271826 4.584666 0
1726906271967 5.306354 0
1726906272107 15.187537 0
1726906272254 20.498455 0
1726906272398 80.92601 0
1726906272539 1.451677 0
1726906272681 1.278738 0
1726906272822 0.604619 0
1726906272963 0.595617 0
1726906273710 5.881831 0
1726906273854 1.729798 0
1726906273995 12.359537 0
1726906274137 8.112912 0
1726906274279 1.569906 0
1726906274424 1.646958 0
1726906274568 0.947026 0
1726906274710 1.256985 0
1726906274851 3.514278 0
1726906274993 0.582803 0
1726906275725 4.912876 0
1726906275868 2.003451 0
1726906276008 4.214019 0
1726906276149 10.196753 0
1726906276290 1.162413 0
1726906276434 1.520901 0
1726906276575 0.905943 0
1726906276716 2.244279 0
1726906276856 0.505791 0
1726906276997 0.619345 0
