1726830375968 0.0 0
1726830376101 10.0 0
1726830376234 20.0 0
1726830376362 30.0 0
1726830376491 40.0 0
1726830376621 50.0 0
1726830377178 0.0 0
1726830377313 10.0 0
1726830377456 20.0 0
1726830377587 30.0 0
1726830377716 40.0 0
1726830377845 50.0 0
1726830378378 0.0 0
1726830378508 10.0 0
1726830378636 20.0 0
1726830378764 30.0 0
1726830378893 40.0 0
1726830379023 50.0 0
1726830379629 0.0 0
1726830379791 10.0 0
1726830379979 20.0 0
1726830380129 30.0 0
1726830380292 40.0 0
1726830380462 50.0 0
