1726752094689 0.499503 0
1726752094871 0.432439 0
1726752095027 0.633163 0
1726752095160 0.174385 0
1726752095283 3.870213 0
1726752095400 1.921979 0
1726752095639 0.273807 0
1726752096633 0.150246 0
1726752096798 0.300319 0
1726752096932 0.492629 0
1726752097055 0.308682 0
1726752097174 2.19371 0
1726752097290 1.174267 0
1726752097404 0.216999 0
1726752097896 0.107413 0
1726752098065 0.324284 0
1726752098203 0.324807 0
1726752098328 0.176927 0
1726752098457 1.756754 0
1726752098572 1.094798 0
1726752098688 0.230965 0
1726752099231 0.171796 0
1726752099392 0.352282 0
1726752099524 0.362986 0
1726752099646 0.190509 0
1726752099760 1.666779 0
1726752099874 1.124665 0
1726752099988 0.22172 0
1726752100451 0.066226 0
1726752100641 0.291608 0
1726752100791 0.262647 0
1726752100922 0.167075 0
1726752101041 1.742105 0
1726752101158 1.061589 0
1726752101276 0.204805 0
1726752101846 0.078338 0
1726752102004 0.286176 0
1726752102145 0.291673 0
1726752102287 0.170885 0
1726752102434 1.668543 0
1726752102566 1.099186 0
1726752102683 0.21044 0
