1726899875840 0.923144 0
1726899875981 0.823446 0
1726899876120 0.645894 0
1726899876263 0.663091 0
1726899876406 1.509743 0
1726899877071 0.920552 0
1726899877214 0.723906 0
1726899877354 0.533471 0
1726899877494 0.641882 0
1726899877633 1.27705 0
1726899878176 0.968345 0
1726899878318 0.699722 0
1726899878460 0.543501 0
1726899878602 0.66683 0
1726899878741 1.286898 0
1726899879267 0.919997 0
1726899879407 0.689335 0
1726899879547 0.54817 0
1726899879687 0.647422 0
1726899879827 1.256573 0
1726899880364 0.929252 0
1726899880512 0.68466 0
1726899880654 0.553523 0
1726899880793 0.650431 0
1726899880933 1.245887 0
1726899881463 0.925782 0
1726899881604 0.666971 0
1726899881743 0.554972 0
1726899881883 0.647357 0
1726899882023 1.245044 0
1726899882570 0.908845 0
1726899882713 0.67094 0
1726899882853 0.553123 0
1726899882993 0.640638 0
1726899883134 1.249899 0
1726899883666 0.914284 0
1726899883808 0.654483 0
1726899883957 0.556379 0
1726899884096 0.641245 0
1726899884235 1.231132 0
1726899884773 0.90212 0
1726899884914 0.644005 0
1726899885054 0.553104 0
1726899885193 0.642077 0
1726899885333 1.252844 0
1726899885863 0.906454 0
1726899886004 0.649211 0
1726899886144 0.554551 0
1726899886283 0.624984 0
1726899886426 1.237723 0
