1726908442693 0.0 0
1726908442839 10.0 0
1726908442980 20.0 0
1726908443121 30.0 0
1726908443265 40.0 0
1726908443405 50.0 0
1726908443548 60.0 0
1726908443689 70.0 0
1726908443830 80.0 0
1726908443972 90.0 0
1726908444113 100.0 1
1726908445103 0.0 0
1726908445249 10.0 0
1726908445391 20.0 0
1726908445533 30.0 0
1726908445673 40.0 0
1726908445814 50.0 0
1726908445955 60.0 0
1726908446095 70.0 0
1726908446236 80.0 0
1726908446378 90.0 0
1726908446518 100.0 2
1726908447476 0.0 0
1726908447618 10.0 0
1726908447759 20.0 0
1726908447900 30.0 0
1726908448041 40.0 0
1726908448182 50.0 0
1726908448324 60.0 0
1726908448466 70.0 0
1726908448609 80.0 0
1726908448751 90.0 0
1726908448892 100.0 3
1726908449832 0.0 0
1726908449977 10.0 0
1726908450123 20.0 0
1726908450263 30.0 0
1726908450406 40.0 0
1726908450547 50.0 0
1726908450689 60.0 0
1726908450831 70.0 0
1726908450971 80.0 0
1726908451112 90.0 0
1726908451253 100.0 4
1726908452176 0.0 0
1726908452319 10.0 0
1726908452461 20.0 0
1726908452602 30.0 0
1726908452742 40.0 0
1726908452884 50.0 0
1726908453025 60.0 0
1726908453166 70.0 0
1726908453307 80.0 0
1726908453451 90.0 0
1726908453592 100.0 5
1726908454515 0.0 0
1726908454659 10.0 0
1726908454799 20.0 0
1726908454941 30.0 0
1726908455081 40.0 0
1726908455222 50.0 0
1726908455364 60.0 0
1726908455509 70.0 0
1726908455652 80.0 0
1726908455792 90.0 0
1726908455933 100.0 6
1726908456862 0.0 0
1726908457005 10.0 0
1726908457146 20.0 0
1726908457286 30.0 0
1726908457427 40.0 0
1726908457571 50.0 0
1726908457713 60.0 0
1726908457853 70.0 0
1726908457994 80.0 0
1726908458136 90.0 0
1726908458277 100.0 7
1726908459200 0.0 0
1726908459344 10.0 0
1726908459497 20.0 0
1726908459642 30.0 0
1726908459783 40.0 0
1726908459925 50.0 0
1726908460067 60.0 0
1726908460208 70.0 0
1726908460349 80.0 0
1726908460491 90.0 0
1726908460633 100.0 8
1726908461558 0.0 0
1726908461706 10.0 0
1726908461847 20.0 0
1726908461989 30.0 0
1726908462131 40.0 0
1726908462273 50.0 0
1726908462414 60.0 0
1726908462556 70.0 0
1726908462696 80.0 0
1726908462837 90.0 0
1726908462978 100.0 9
1726908463909 0.0 0
1726908464052 10.0 0
1726908464193 20.0 0
1726908464334 30.0 0
1726908464492 40.0 0
1726908464636 50.0 0
1726908464778 60.0 0
1726908464918 70.0 0
1726908465060 80.0 0
1726908465200 90.0 0
1726908465343 100.0 10
