1727265013261 1.0 0
1727265013430 1.0 0
1727265013588 1.0 0
1727265013746 1.0 0
1727265013906 1.0 0
1727265014080 1.0 0
1727265014257 1.0 0
1727265014428 1.0 0
1727265014590 1.0 0
1727265014772 1.0 0
1727265015650 1.0 0
1727265015832 1.0 0
1727265016003 1.0 0
1727265016191 1.0 0
1727265016354 1.0 0
1727265016520 1.0 0
1727265016680 1.0 0
1727265016852 1.0 0
1727265017025 1.0 0
1727265017183 1.0 0
1727265017925 1.0 0
1727265018087 1.0 0
1727265018242 1.0 0
1727265018405 1.0 0
1727265018575 1.0 0
1727265018751 1.0 0
1727265018931 1.0 0
1727265019094 1.0 0
1727265019261 1.0 0
1727265019425 1.0 0
1727265020196 1.0 0
1727265020363 1.0 0
1727265020530 1.0 0
1727265020696 1.0 0
1727265020859 1.0 0
1727265021016 1.0 0
1727265021179 1.0 0
1727265021346 1.0 0
1727265021521 1.0 0
1727265021692 1.0 0
1727265022435 1.0 0
1727265022605 1.0 0
1727265022765 1.0 0
1727265022933 1.0 0
1727265023099 1.0 0
1727265023269 1.0 0
1727265023430 1.0 0
1727265023591 1.0 0
1727265023756 1.0 0
1727265023918 1.0 0
1727265024663 1.0 0
1727265024834 1.0 0
1727265025000 1.0 0
1727265025168 1.0 0
1727265025331 1.0 0
1727265025494 1.0 0
1727265025656 1.0 0
1727265025831 1.0 0
1727265025999 1.0 0
1727265026166 1.0 0
1727265026918 1.0 0
1727265027084 1.0 0
1727265027250 1.0 0
1727265027418 1.0 0
1727265027580 1.0 0
1727265027743 1.0 0
1727265027913 1.0 0
1727265028089 1.0 0
1727265028251 1.0 0
1727265028423 1.0 0
1727265029236 1.0 0
1727265029415 1.0 0
1727265029604 1.0 0
1727265029795 1.0 0
1727265029995 1.0 0
1727265030169 1.0 0
1727265030338 1.0 0
1727265030497 1.0 0
1727265030658 1.0 0
1727265030834 1.0 0
