1727096716770 0.0 0
1727096716883 10.0 0
1727096716986 20.0 0
1727096717084 30.0 0
1727096717183 40.0 0
1727096717279 50.0 0
1727096717377 60.0 0
1727096717476 70.0 0
1727096717575 80.0 0
1727096717677 90.0 0
1727096717777 100.0 1
1727096717878 110.0 1
1727096717977 120.0 1
1727096718076 130.0 1
1727096718174 140.0 1
1727096718273 150.0 1
1727096718371 160.0 1
1727096718475 170.0 1
1727096718575 180.0 1
1727096718675 190.0 1
1727096718775 200.0 2
1727096718884 210.0 2
1727096718989 220.0 2
1727096719093 230.0 2
1727096719196 240.0 2
1727096719294 250.0 2
1727096719394 260.0 2
1727096719494 270.0 2
1727096719593 280.0 2
1727096719695 290.0 2
1727096719794 300.0 3
1727096719894 310.0 3
1727096719997 320.0 3
1727096720098 330.0 3
1727096720199 340.0 3
1727096720301 350.0 3
1727096720400 360.0 3
1727096720501 370.0 3
1727096720604 380.0 3
1727096720710 390.0 3
1727096722103 0.0 0
1727096722205 10.0 0
1727096722305 20.0 0
1727096722405 30.0 0
1727096722505 40.0 0
1727096722612 50.0 0
1727096722711 60.0 0
1727096722811 70.0 0
1727096722916 80.0 0
1727096723014 90.0 0
1727096723117 100.0 2
1727096723221 110.0 2
1727096723322 120.0 2
1727096723421 130.0 2
1727096723522 140.0 2
1727096723621 150.0 2
1727096723723 160.0 2
1727096723824 170.0 2
1727096723923 180.0 2
1727096724022 190.0 2
1727096724122 200.0 4
1727096724222 210.0 4
1727096724320 220.0 4
1727096724420 230.0 4
1727096724520 240.0 4
1727096724625 250.0 4
1727096724725 260.0 4
1727096724827 270.0 4
1727096724939 280.0 4
1727096725037 290.0 4
1727096725140 300.0 6
1727096725239 310.0 6
1727096725341 320.0 6
1727096725444 330.0 6
1727096725544 340.0 6
1727096725645 350.0 6
1727096725743 360.0 6
1727096725844 370.0 6
1727096725943 380.0 6
1727096726044 390.0 6
1727096727427 0.0 0
1727096727531 10.0 0
1727096727633 20.0 0
1727096727736 30.0 0
1727096727829 40.0 0
1727096727925 50.0 0
1727096728027 60.0 0
1727096728128 70.0 0
1727096728236 80.0 0
1727096728340 90.0 0
1727096728443 100.0 3
1727096728545 110.0 3
1727096728645 120.0 3
1727096728752 130.0 3
1727096728854 140.0 3
1727096728955 150.0 3
1727096729058 160.0 3
1727096729159 170.0 3
1727096729261 180.0 3
1727096729361 190.0 3
1727096729460 200.0 6
1727096729560 210.0 6
1727096729661 220.0 6
1727096729761 230.0 6
1727096729866 240.0 6
1727096729968 250.0 6
1727096730076 260.0 6
1727096730176 270.0 6
1727096730278 280.0 6
1727096730377 290.0 6
1727096730478 300.0 9
1727096730578 310.0 9
1727096730678 320.0 9
1727096730781 330.0 9
1727096730880 340.0 9
1727096730979 350.0 9
1727096731082 360.0 9
1727096731182 370.0 9
1727096731283 380.0 9
1727096731382 390.0 9
1727096732757 0.0 0
1727096732860 10.0 0
1727096732960 20.0 0
1727096733062 30.0 0
1727096733163 40.0 0
1727096733260 50.0 0
1727096733364 60.0 0
1727096733470 70.0 0
1727096733616 80.0 0
1727096733721 90.0 0
1727096733823 100.0 4
1727096733921 110.0 4
1727096734021 120.0 4
1727096734123 130.0 4
1727096734224 140.0 4
1727096734323 150.0 4
1727096734423 160.0 4
1727096734523 170.0 4
1727096734623 180.0 4
1727096734725 190.0 4
1727096734831 200.0 8
1727096734924 210.0 8
1727096735020 220.0 8
1727096735123 230.0 8
1727096735225 240.0 8
1727096735324 250.0 8
1727096735423 260.0 8
1727096735524 270.0 8
1727096735624 280.0 8
1727096735727 290.0 8
1727096735827 300.0 12
1727096735932 310.0 12
1727096736032 320.0 12
1727096736132 330.0 12
1727096736231 340.0 12
1727096736329 350.0 12
1727096736429 360.0 12
1727096736529 370.0 12
1727096736629 380.0 12
1727096736729 390.0 12
1727096738125 0.0 0
1727096738227 10.0 0
1727096738327 20.0 0
1727096738426 30.0 0
1727096738525 40.0 0
1727096738624 50.0 0
1727096738733 60.0 0
1727096738838 70.0 0
1727096738940 80.0 0
1727096739039 90.0 0
1727096739139 100.0 5
1727096739243 110.0 5
1727096739345 120.0 5
1727096739445 130.0 5
1727096739547 140.0 5
1727096739653 150.0 5
1727096739755 160.0 5
1727096739855 170.0 5
1727096739956 180.0 5
1727096740056 190.0 5
1727096740156 200.0 10
1727096740255 210.0 10
1727096740355 220.0 10
1727096740455 230.0 10
1727096740555 240.0 10
1727096740656 250.0 10
1727096740755 260.0 10
1727096740854 270.0 10
1727096740957 280.0 10
1727096741058 290.0 10
1727096741158 300.0 15
1727096741265 310.0 15
1727096741377 320.0 15
1727096741483 330.0 15
1727096741590 340.0 15
1727096741695 350.0 15
1727096741799 360.0 15
1727096741900 370.0 15
1727096742000 380.0 15
1727096742103 390.0 15
