1726905806450 0.0 0
1726905806591 10.0 0
1726905806733 20.0 0
1726905806874 30.0 0
1726905807017 40.0 0
1726905807160 50.0 0
1726905807302 60.0 0
1726905807443 70.0 0
1726905807584 80.0 0
1726905807725 90.0 0
1726905807867 100.0 1
1726905808012 110.0 1
1726905809038 0.0 0
1726905809187 10.0 0
1726905809329 20.0 0
1726905809469 30.0 0
1726905809610 40.0 0
1726905809752 50.0 0
1726905809893 60.0 0
1726905810038 70.0 0
1726905810179 80.0 0
1726905810319 90.0 0
1726905810460 100.0 2
1726905810601 110.0 2
1726905811458 0.0 0
1726905811600 10.0 0
1726905811741 20.0 0
1726905811882 30.0 0
1726905812026 40.0 0
1726905812169 50.0 0
1726905812311 60.0 0
1726905812455 70.0 0
1726905812598 80.0 0
1726905812739 90.0 0
1726905812880 100.0 3
1726905813022 110.0 3
1726905813887 0.0 0
1726905814035 10.0 0
1726905814176 20.0 0
1726905814317 30.0 0
1726905814459 40.0 0
1726905814602 50.0 0
1726905814742 60.0 0
1726905814883 70.0 0
1726905815025 80.0 0
1726905815167 90.0 0
1726905815309 100.0 4
1726905815456 110.0 4
1726905816348 0.0 0
1726905816491 10.0 0
1726905816632 20.0 0
1726905816774 30.0 0
1726905816915 40.0 0
1726905817056 50.0 0
1726905817197 60.0 0
1726905817339 70.0 0
1726905817481 80.0 0
1726905817622 90.0 0
1726905817763 100.0 5
1726905817904 110.0 5
1726905818767 0.0 0
1726905818909 10.0 0
1726905819051 20.0 0
1726905819192 30.0 0
1726905819333 40.0 0
1726905819476 50.0 0
1726905819616 60.0 0
1726905819756 70.0 0
1726905819896 80.0 0
1726905820036 90.0 0
1726905820179 100.0 6
1726905820321 110.0 6
1726905821187 0.0 0
1726905821330 10.0 0
1726905821470 20.0 0
1726905821610 30.0 0
1726905821751 40.0 0
1726905821891 50.0 0
1726905822032 60.0 0
1726905822173 70.0 0
1726905822319 80.0 0
1726905822459 90.0 0
1726905822601 100.0 7
1726905822741 110.0 7
1726905823612 0.0 0
1726905823757 10.0 0
1726905823898 20.0 0
1726905824038 30.0 0
1726905824179 40.0 0
1726905824321 50.0 0
1726905824462 60.0 0
1726905824603 70.0 0
1726905824743 80.0 0
1726905824884 90.0 0
1726905825025 100.0 8
1726905825166 110.0 8
1726905826029 0.0 0
1726905826172 10.0 0
1726905826315 20.0 0
1726905826456 30.0 0
1726905826598 40.0 0
1726905826741 50.0 0
1726905826882 60.0 0
1726905827023 70.0 0
1726905827163 80.0 0
1726905827304 90.0 0
1726905827444 100.0 9
1726905827584 110.0 9
1726905828450 0.0 0
1726905828593 10.0 0
1726905828733 20.0 0
1726905828874 30.0 0
1726905829016 40.0 0
1726905829157 50.0 0
1726905829298 60.0 0
1726905829439 70.0 0
1726905829578 80.0 0
1726905829719 90.0 0
1726905829860 100.0 10
1726905830002 110.0 10
