1727109095654 0.0 0
1727109095764 10.0 0
1727109095890 20.0 0
1727109096024 30.0 0
1727109096159 40.0 0
1727109096283 50.0 0
1727109096414 60.0 0
1727109096548 70.0 0
1727109096680 80.0 0
1727109096813 90.0 0
1727109096945 100.0 1
1727109097076 110.0 1
1727109097206 120.0 1
1727109097336 130.0 1
1727109097467 140.0 1
1727109097599 150.0 1
1727109097729 160.0 1
1727109097859 170.0 1
1727109097993 180.0 1
1727109098123 190.0 1
1727109098254 200.0 2
1727109098390 210.0 2
1727109098522 220.0 2
1727109098651 230.0 2
1727109098782 240.0 2
1727109098913 250.0 2
1727109099048 260.0 2
1727109099179 270.0 2
1727109099309 280.0 2
1727109099439 290.0 2
1727109099569 300.0 3
1727109099699 310.0 3
1727109099829 320.0 3
1727109099960 330.0 3
1727109100088 340.0 3
1727109100217 350.0 3
1727109100349 360.0 3
1727109100480 370.0 3
1727109100612 380.0 3
1727109100746 390.0 3
1727109100877 400.0 4
1727109100992 410.0 4
1727109102843 0.0 0
1727109102975 10.0 0
1727109103107 20.0 0
1727109103239 30.0 0
1727109103372 40.0 0
1727109103481 50.0 0
1727109103611 60.0 0
1727109103738 70.0 0
1727109103866 80.0 0
1727109104000 90.0 0
1727109104118 100.0 2
1727109104246 110.0 2
1727109104354 120.0 2
1727109104480 130.0 2
1727109104611 140.0 2
1727109104748 150.0 2
1727109104873 160.0 2
1727109104998 170.0 2
1727109105128 180.0 2
1727109105245 190.0 2
1727109105377 200.0 4
1727109105509 210.0 4
1727109105639 220.0 4
1727109105770 230.0 4
1727109105900 240.0 4
1727109106032 250.0 4
1727109106163 260.0 4
1727109106293 270.0 4
1727109106422 280.0 4
1727109106552 290.0 4
1727109106682 300.0 6
1727109106811 310.0 6
1727109106942 320.0 6
1727109107074 330.0 6
1727109107200 340.0 6
1727109107333 350.0 6
1727109107467 360.0 6
1727109107605 370.0 6
1727109107740 380.0 6
1727109107875 390.0 6
1727109107996 400.0 8
1727109108123 410.0 8
1727109109987 0.0 0
1727109110113 10.0 0
1727109110235 20.0 0
1727109110365 30.0 0
1727109110500 40.0 0
1727109110632 50.0 0
1727109110763 60.0 0
1727109110893 70.0 0
1727109111002 80.0 0
1727109111131 90.0 0
1727109111266 100.0 3
1727109111408 110.0 3
1727109111540 120.0 3
1727109111667 130.0 3
1727109111795 140.0 3
1727109111925 150.0 3
1727109112069 160.0 3
1727109112201 170.0 3
1727109112333 180.0 3
1727109112464 190.0 3
1727109112593 200.0 6
1727109112723 210.0 6
1727109112854 220.0 6
1727109112984 230.0 6
1727109113113 240.0 6
1727109113243 250.0 6
1727109113374 260.0 6
1727109113505 270.0 6
1727109113623 280.0 6
1727109113739 290.0 6
1727109113865 300.0 9
1727109113996 310.0 9
1727109114126 320.0 9
1727109114259 330.0 9
1727109114389 340.0 9
1727109114520 350.0 9
1727109114650 360.0 9
1727109114781 370.0 9
1727109114911 380.0 9
1727109115041 390.0 9
1727109115173 400.0 12
1727109115303 410.0 12
1727109117133 0.0 0
1727109117276 10.0 0
1727109117425 20.0 0
1727109117561 30.0 0
1727109117706 40.0 0
1727109117840 50.0 0
1727109117973 60.0 0
1727109118107 70.0 0
1727109118241 80.0 0
1727109118376 90.0 0
1727109118505 100.0 4
1727109118644 110.0 4
1727109118775 120.0 4
1727109118905 130.0 4
1727109119033 140.0 4
1727109119160 150.0 4
1727109119289 160.0 4
1727109119424 170.0 4
1727109119554 180.0 4
1727109119684 190.0 4
1727109119815 200.0 8
1727109119947 210.0 8
1727109120078 220.0 8
1727109120208 230.0 8
1727109120340 240.0 8
1727109120467 250.0 8
1727109120600 260.0 8
1727109120732 270.0 8
1727109120867 280.0 8
1727109121000 290.0 8
1727109121109 300.0 12
1727109121228 310.0 12
1727109121358 320.0 12
1727109121494 330.0 12
1727109121627 340.0 12
1727109121758 350.0 12
1727109121893 360.0 12
1727109122019 370.0 12
1727109122147 380.0 12
1727109122280 390.0 12
1727109122413 400.0 16
1727109122544 410.0 16
1727109124334 0.0 0
1727109124468 10.0 0
1727109124597 20.0 0
1727109124726 30.0 0
1727109124856 40.0 0
1727109124984 50.0 0
1727109125116 60.0 0
1727109125250 70.0 0
1727109125381 80.0 0
1727109125514 90.0 0
1727109125642 100.0 5
1727109125772 110.0 5
1727109125904 120.0 5
1727109126038 130.0 5
1727109126151 140.0 5
1727109126267 150.0 5
1727109126396 160.0 5
1727109126529 170.0 5
1727109126660 180.0 5
1727109126791 190.0 5
1727109126922 200.0 10
1727109127053 210.0 10
1727109127183 220.0 10
1727109127313 230.0 10
1727109127446 240.0 10
1727109127582 250.0 10
1727109127714 260.0 10
1727109127846 270.0 10
1727109127975 280.0 10
1727109128106 290.0 10
1727109128221 300.0 15
1727109128347 310.0 15
1727109128480 320.0 15
1727109128609 330.0 15
1727109128743 340.0 15
1727109128882 350.0 15
1727109129016 360.0 15
1727109129146 370.0 15
1727109129276 380.0 15
1727109129405 390.0 15
1727109129541 400.0 20
1727109129670 410.0 20
