1727106546185 0.0 0
1727106546315 10.0 0
1727106546441 20.0 0
1727106546574 30.0 0
1727106546708 40.0 0
1727106546841 50.0 0
1727106546961 60.0 0
1727106547081 70.0 0
1727106547215 80.0 0
1727106547346 90.0 0
1727106547476 100.0 1
1727106547590 110.0 1
1727106547717 120.0 1
1727106547850 130.0 1
1727106547983 140.0 1
1727106548117 150.0 1
1727106548871 0.0 0
1727106548993 10.0 0
1727106549118 20.0 0
1727106549248 30.0 0
1727106549376 40.0 0
1727106549505 50.0 0
1727106549634 60.0 0
1727106549759 70.0 0
1727106549893 80.0 0
1727106550025 90.0 0
1727106550163 100.0 2
1727106550292 110.0 2
1727106550419 120.0 2
1727106550549 130.0 2
1727106550675 140.0 2
1727106550800 150.0 2
1727106551557 0.0 0
1727106551676 10.0 0
1727106551799 20.0 0
1727106551922 30.0 0
1727106552058 40.0 0
1727106552192 50.0 0
1727106552323 60.0 0
1727106552453 70.0 0
1727106552565 80.0 0
1727106552682 90.0 0
1727106552817 100.0 3
1727106552950 110.0 3
1727106553082 120.0 3
1727106553215 130.0 3
1727106553342 140.0 3
1727106553474 150.0 3
1727106554273 0.0 0
1727106554398 10.0 0
1727106554519 20.0 0
1727106554626 30.0 0
1727106554751 40.0 0
1727106554873 50.0 0
1727106554997 60.0 0
1727106555124 70.0 0
1727106555257 80.0 0
1727106555384 90.0 0
1727106555511 100.0 4
1727106555638 110.0 4
1727106555769 120.0 4
1727106555898 130.0 4
1727106556025 140.0 4
1727106556156 150.0 4
1727106556942 0.0 0
1727106557072 10.0 0
1727106557202 20.0 0
1727106557331 30.0 0
1727106557459 40.0 0
1727106557586 50.0 0
1727106557715 60.0 0
1727106557842 70.0 0
1727106557975 80.0 0
1727106558105 90.0 0
1727106558234 100.0 5
1727106558365 110.0 5
1727106558492 120.0 5
1727106558623 130.0 5
1727106558753 140.0 5
1727106558884 150.0 5
1727106559646 0.0 0
1727106559773 10.0 0
1727106559896 20.0 0
1727106560024 30.0 0
1727106560153 40.0 0
1727106560281 50.0 0
1727106560410 60.0 0
1727106560539 70.0 0
1727106560667 80.0 0
1727106560797 90.0 0
1727106560930 100.0 6
1727106561060 110.0 6
1727106561188 120.0 6
1727106561320 130.0 6
1727106561450 140.0 6
1727106561579 150.0 6
1727106562316 0.0 0
1727106562437 10.0 0
1727106562559 20.0 0
1727106562687 30.0 0
1727106562816 40.0 0
1727106562940 50.0 0
1727106563064 60.0 0
1727106563192 70.0 0
1727106563320 80.0 0
1727106563449 90.0 0
1727106563575 100.0 7
1727106563702 110.0 7
1727106563832 120.0 7
1727106563956 130.0 7
1727106564087 140.0 7
1727106564216 150.0 7
1727106564954 0.0 0
1727106565081 10.0 0
1727106565205 20.0 0
1727106565331 30.0 0
1727106565458 40.0 0
1727106565586 50.0 0
1727106565713 60.0 0
1727106565844 70.0 0
1727106565973 80.0 0
1727106566101 90.0 0
1727106566229 100.0 8
1727106566362 110.0 8
1727106566493 120.0 8
1727106566620 130.0 8
1727106566749 140.0 8
1727106566884 150.0 8
1727106567637 0.0 0
1727106567774 10.0 0
1727106567910 20.0 0
1727106568043 30.0 0
1727106568176 40.0 0
1727106568309 50.0 0
1727106568442 60.0 0
1727106568574 70.0 0
1727106568702 80.0 0
1727106568833 90.0 0
1727106568959 100.0 9
1727106569085 110.0 9
1727106569216 120.0 9
1727106569346 130.0 9
1727106569477 140.0 9
1727106569607 150.0 9
1727106570516 0.0 0
1727106570653 10.0 0
1727106570793 20.0 0
1727106570927 30.0 0
1727106571056 40.0 0
1727106571188 50.0 0
1727106571319 60.0 0
1727106571438 70.0 0
1727106571571 80.0 0
1727106571697 90.0 0
1727106571819 100.0 10
1727106571944 110.0 10
1727106572069 120.0 10
1727106572203 130.0 10
1727106572332 140.0 10
1727106572462 150.0 10
