1726814269331 0.0 0
1726814269454 10.0 0
1726814269580 20.0 0
1726814269703 30.0 0
1726814269826 40.0 0
1726814269950 50.0 0
1726814270073 60.0 0
1726814270196 70.0 0
1726814270320 80.0 0
1726814270443 90.0 0
1726814270566 100.0 1
1726814270692 110.0 1
1726814270815 120.0 1
1726814270939 130.0 1
1726814271062 140.0 1
1726814271206 150.0 1
1726814272248 0.0 0
1726814272373 10.0 0
1726814272496 20.0 0
1726814272619 30.0 0
1726814272743 40.0 0
1726814272865 50.0 0
1726814272988 60.0 0
1726814273112 70.0 0
1726814273235 80.0 0
1726814273358 90.0 0
1726814273482 100.0 2
1726814273607 110.0 2
1726814273730 120.0 2
1726814273853 130.0 2
1726814273976 140.0 2
1726814274098 150.0 2
1726814275115 0.0 0
1726814275239 10.0 0
1726814275362 20.0 0
1726814275485 30.0 0
1726814275608 40.0 0
1726814275734 50.0 0
1726814275857 60.0 0
1726814275980 70.0 0
1726814276104 80.0 0
1726814276227 90.0 0
1726814276351 100.0 3
1726814276474 110.0 3
1726814276598 120.0 3
1726814276721 130.0 3
1726814276873 140.0 3
1726814276995 150.0 3
1726814278017 0.0 0
1726814278140 10.0 0
1726814278264 20.0 0
1726814278387 30.0 0
1726814278510 40.0 0
1726814278633 50.0 0
1726814278758 60.0 0
1726814278882 70.0 0
1726814279005 80.0 0
1726814279129 90.0 0
1726814279252 100.0 4
1726814279376 110.0 4
1726814279499 120.0 4
1726814279622 130.0 4
1726814279748 140.0 4
1726814279869 150.0 4
