1726791886825 0.0 0
1726791886927 10.0 0
1726791887025 20.0 0
1726791887124 30.0 0
1726791887222 40.0 0
1726791887327 50.0 0
1726791887426 60.0 0
1726791887524 70.0 0
1726791887621 80.0 0
1726791887721 90.0 0
1726791887825 100.0 1
1726791887923 110.0 1
1726791888022 120.0 1
1726791888132 130.0 1
1726791888231 140.0 1
1726791888329 150.0 1
1726791888427 160.0 1
1726791888526 170.0 1
1726791888624 180.0 1
1726791888724 190.0 1
1726791888822 200.0 2
1726791888922 210.0 2
1726791889022 220.0 2
1726791889119 230.0 2
1726791889216 240.0 2
1726791889316 250.0 2
1726791889423 260.0 2
1726791889521 270.0 2
1726791889620 280.0 2
1726791889719 290.0 2
1726791889818 300.0 3
1726791889916 310.0 3
1726791891558 0.0 0
1726791891661 10.0 0
1726791891759 20.0 0
1726791891857 30.0 0
1726791891955 40.0 0
1726791892054 50.0 0
1726791892152 60.0 0
1726791892250 70.0 0
1726791892348 80.0 0
1726791892446 90.0 0
1726791892543 100.0 2
1726791892639 110.0 2
1726791892735 120.0 2
1726791892839 130.0 2
1726791892937 140.0 2
1726791893033 150.0 2
1726791893129 160.0 2
1726791893238 170.0 2
1726791893339 180.0 2
1726791893438 190.0 2
1726791893544 200.0 4
1726791893643 210.0 4
1726791893742 220.0 4
1726791893841 230.0 4
1726791893939 240.0 4
1726791894035 250.0 4
1726791894131 260.0 4
1726791894230 270.0 4
1726791894330 280.0 4
1726791894433 290.0 4
1726791894532 300.0 6
1726791894630 310.0 6
1726791896246 0.0 0
1726791896345 10.0 0
1726791896446 20.0 0
1726791896545 30.0 0
1726791896646 40.0 0
1726791896743 50.0 0
1726791896842 60.0 0
1726791896940 70.0 0
1726791897039 80.0 0
1726791897138 90.0 0
1726791897239 100.0 3
1726791897338 110.0 3
1726791897435 120.0 3
1726791897537 130.0 3
1726791897639 140.0 3
1726791897739 150.0 3
1726791897842 160.0 3
1726791897939 170.0 3
1726791898040 180.0 3
1726791898141 190.0 3
1726791898242 200.0 6
1726791898341 210.0 6
1726791898438 220.0 6
1726791898535 230.0 6
1726791898632 240.0 6
1726791898729 250.0 6
1726791898830 260.0 6
1726791898929 270.0 6
1726791899029 280.0 6
1726791899125 290.0 6
1726791899226 300.0 9
1726791899324 310.0 9
1726791900959 0.0 0
1726791901067 10.0 0
1726791901174 20.0 0
1726791901272 30.0 0
1726791901368 40.0 0
1726791901465 50.0 0
1726791901564 60.0 0
1726791901669 70.0 0
1726791901766 80.0 0
1726791901866 90.0 0
1726791901966 100.0 4
1726791902063 110.0 4
1726791902164 120.0 4
1726791902263 130.0 4
1726791902361 140.0 4
1726791902458 150.0 4
1726791902554 160.0 4
1726791902652 170.0 4
1726791902749 180.0 4
1726791902853 190.0 4
1726791902951 200.0 8
1726791903051 210.0 8
1726791903150 220.0 8
1726791903248 230.0 8
1726791903346 240.0 8
1726791903447 250.0 8
1726791903547 260.0 8
1726791903644 270.0 8
1726791903752 280.0 8
1726791903850 290.0 8
1726791903949 300.0 12
1726791904046 310.0 12
1726791905640 0.0 0
1726791905750 10.0 0
1726791905848 20.0 0
1726791905946 30.0 0
1726791906044 40.0 0
1726791906142 50.0 0
1726791906244 60.0 0
1726791906344 70.0 0
1726791906441 80.0 0
1726791906539 90.0 0
1726791906637 100.0 5
1726791906734 110.0 5
1726791906832 120.0 5
1726791906930 130.0 5
1726791907030 140.0 5
1726791907129 150.0 5
1726791907227 160.0 5
1726791907326 170.0 5
1726791907423 180.0 5
1726791907525 190.0 5
1726791907624 200.0 10
1726791907727 210.0 10
1726791907838 220.0 10
1726791907938 230.0 10
1726791908040 240.0 10
1726791908142 250.0 10
1726791908242 260.0 10
1726791908340 270.0 10
1726791908439 280.0 10
1726791908538 290.0 10
1726791908638 300.0 15
1726791908736 310.0 15
1726791910373 0.0 0
1726791910472 10.0 0
1726791910569 20.0 0
1726791910670 30.0 0
1726791910770 40.0 0
1726791910868 50.0 0
1726791910969 60.0 0
1726791911066 70.0 0
1726791911165 80.0 0
1726791911263 90.0 0
1726791911360 100.0 6
1726791911458 110.0 6
1726791911555 120.0 6
1726791911653 130.0 6
1726791911750 140.0 6
1726791911854 150.0 6
1726791911955 160.0 6
1726791912052 170.0 6
1726791912148 180.0 6
1726791912246 190.0 6
1726791912346 200.0 12
1726791912444 210.0 12
1726791912542 220.0 12
1726791912641 230.0 12
1726791912741 240.0 12
1726791912841 250.0 12
1726791912941 260.0 12
1726791913038 270.0 12
1726791913135 280.0 12
1726791913232 290.0 12
1726791913334 300.0 18
1726791913433 310.0 18
1726791915087 0.0 0
1726791915194 10.0 0
1726791915293 20.0 0
1726791915390 30.0 0
1726791915488 40.0 0
1726791915587 50.0 0
1726791915684 60.0 0
1726791915782 70.0 0
1726791915879 80.0 0
1726791915987 90.0 0
1726791916085 100.0 7
1726791916185 110.0 7
1726791916285 120.0 7
1726791916386 130.0 7
1726791916484 140.0 7
1726791916583 150.0 7
1726791916682 160.0 7
1726791916780 170.0 7
1726791916879 180.0 7
1726791916976 190.0 7
1726791917074 200.0 14
1726791917175 210.0 14
1726791917274 220.0 14
1726791917373 230.0 14
1726791917471 240.0 14
1726791917569 250.0 14
1726791917666 260.0 14
1726791917764 270.0 14
1726791917869 280.0 14
1726791917971 290.0 14
1726791918074 300.0 21
1726791918171 310.0 21
1726791919743 0.0 0
1726791919846 10.0 0
1726791919944 20.0 0
1726791920049 30.0 0
1726791920147 40.0 0
1726791920250 50.0 0
1726791920351 60.0 0
1726791920452 70.0 0
1726791920550 80.0 0
1726791920649 90.0 0
1726791920746 100.0 8
1726791920843 110.0 8
1726791920940 120.0 8
1726791921040 130.0 8
1726791921138 140.0 8
1726791921238 150.0 8
1726791921338 160.0 8
1726791921436 170.0 8
1726791921535 180.0 8
1726791921634 190.0 8
1726791921731 200.0 16
1726791921829 210.0 16
1726791921930 220.0 16
1726791922031 230.0 16
1726791922140 240.0 16
1726791922253 250.0 16
1726791922354 260.0 16
1726791922453 270.0 16
1726791922550 280.0 16
1726791922651 290.0 16
1726791922752 300.0 24
1726791922855 310.0 24
1726791924429 0.0 0
1726791924538 10.0 0
1726791924636 20.0 0
1726791924736 30.0 0
1726791924836 40.0 0
1726791924933 50.0 0
1726791925030 60.0 0
1726791925126 70.0 0
1726791925224 80.0 0
1726791925321 90.0 0
1726791925418 100.0 9
1726791925517 110.0 9
1726791925617 120.0 9
1726791925718 130.0 9
1726791925817 140.0 9
1726791925915 150.0 9
1726791926013 160.0 9
1726791926113 170.0 9
1726791926220 180.0 9
1726791926317 190.0 9
1726791926418 200.0 18
1726791926518 210.0 18
1726791926619 220.0 18
1726791926718 230.0 18
1726791926817 240.0 18
1726791926917 250.0 18
1726791927013 260.0 18
1726791927110 270.0 18
1726791927210 280.0 18
1726791927307 290.0 18
1726791927405 300.0 27
1726791927501 310.0 27
1726791929172 0.0 0
1726791929280 10.0 0
1726791929376 20.0 0
1726791929473 30.0 0
1726791929572 40.0 0
1726791929670 50.0 0
1726791929766 60.0 0
1726791929863 70.0 0
1726791929960 80.0 0
1726791930060 90.0 0
1726791930163 100.0 10
1726791930271 110.0 10
1726791930371 120.0 10
1726791930468 130.0 10
1726791930564 140.0 10
1726791930663 150.0 10
1726791930760 160.0 10
1726791930857 170.0 10
1726791930954 180.0 10
1726791931051 190.0 10
1726791931151 200.0 20
1726791931250 210.0 20
1726791931348 220.0 20
1726791931446 230.0 20
1726791931543 240.0 20
1726791931642 250.0 20
1726791931740 260.0 20
1726791931839 270.0 20
1726791931940 280.0 20
1726791932041 290.0 20
1726791932139 300.0 30
1726791932238 310.0 30
