1726834819553 1.208672 0
1726834819681 0.567359 0
1726834819808 0.585008 0
1726834819936 13.010435 0
1726834820063 9.958193 0
1726834820191 0.396728 0
1726834820318 2.406116 0
1726834820445 0.548272 0
1726834820572 1.333313 0
1726834820700 7.485786 0
1726834820828 0.737876 1
1726834820956 1.120779 1
1726834821083 19.855995 1
1726834821211 1.930702 1
1726834821338 2.021984 1
1726834821465 0.972762 1
1726834821594 2.082996 1
1726834821722 3.041367 1
1726834821850 2.883801 1
1726834821977 2.763309 1
1726834822105 3.210828 2
1726834822232 1.616739 2
1726834822360 8.341387 2
1726834822488 14.759903 2
1726834824128 0.779298 0
1726834824258 1.112018 0
1726834824386 1.62326 0
1726834824513 51.130367 0
1726834824640 0.787732 0
1726834824768 17.382822 0
1726834824895 1.148394 0
1726834825023 1.268893 0
1726834825151 0.608059 0
1726834825278 33.119068 0
1726834825406 0.469604 2
1726834825533 11.691362 2
1726834825662 4.04935 2
1726834825790 8.743628 2
1726834825919 2.524011 2
1726834826048 1.464497 2
1726834826176 2.173666 2
1726834826303 1.050225 2
1726834826430 5.543838 2
1726834826558 2.525563 2
1726834826685 2.519542 4
1726834826857 3.331741 4
1726834826997 2.230391 4
1726834827124 4.377292 4
1726834828713 1.668525 0
1726834828842 1.903742 0
1726834828970 1.86237 0
1726834829097 12.055879 0
1726834829224 0.833623 0
1726834829352 0.330915 0
1726834829479 0.557415 0
1726834829607 2.398533 0
1726834829736 0.391714 0
1726834829864 4.234241 0
1726834829992 0.809192 3
1726834830122 10.697119 3
1726834830249 1.680049 3
1726834830377 2.984004 3
1726834830504 1.742089 3
1726834830632 1.66157 3
1726834830759 3.067716 3
1726834830886 2.409327 3
1726834831013 2.371998 3
1726834831141 2.262693 3
1726834831268 2.927343 6
1726834831395 15.391905 6
1726834831529 42.511559 6
1726834831657 2.314489 6
1726834833230 0.74903 0
1726834833361 49.826309 0
1726834833489 1.808282 0
1726834833617 3.876091 0
1726834833745 7.105666 0
1726834833874 0.45545 0
1726834834002 8.457539 0
1726834834130 1.611648 0
1726834834258 0.473969 0
1726834834386 5.710897 0
1726834834514 0.654137 4
1726834834642 2.55739 4
1726834834769 1.806315 4
1726834834897 2.203515 4
1726834835025 3.471166 4
1726834835153 13.74593 4
1726834835280 2.425297 4
1726834835408 1.373011 4
1726834835536 1.140329 4
1726834835663 1.778144 4
1726834835791 1.547699 8
1726834835920 5.050142 8
1726834836048 3.111691 8
1726834836176 21.927597 8
