1726758499391 0.50886 0
1726758499488 0.655949 0
1726758499580 1.047155 0
1726758499675 0.742023 0
1726758499771 0.906768 0
1726758499863 0.919433 0
1726758500247 0.445347 0
1726758500352 0.5991 0
1726758500443 1.060145 0
1726758500535 0.733565 0
1726758500630 0.958348 0
1726758500721 0.877918 0
1726758501072 0.891119 0
1726758501176 0.735361 0
1726758501274 1.000992 0
1726758501367 0.738811 0
1726758501458 0.908671 0
1726758501550 0.872434 0
1726758501915 0.445824 0
1726758502018 0.591427 0
1726758502109 1.011279 0
1726758502207 0.723974 0
1726758502305 0.927466 0
1726758502397 0.903943 0
1726758502735 0.501179 0
1726758502834 0.622038 0
1726758502925 0.969859 0
1726758503018 0.708618 0
1726758503113 0.930097 0
1726758503207 0.893668 0
