1726826324041 0.260578 0
1726826324165 0.340672 0
1726826324293 0.391261 0
1726826324419 0.51897 0
1726826324543 0.306373 0
1726826324674 0.29072 0
1726826324788 0.358104 0
1726826324899 0.305702 0
1726826325014 0.104602 0
1726826325128 0.363792 0
1726826325248 0.081492 1
1726826325367 0.136682 1
1726826325481 0.325322 1
1726826325590 0.405811 1
1726826325706 0.886942 1
1726826325817 0.154366 1
1726826325927 0.078428 1
1726826326038 0.579037 1
1726826326152 1.580857 1
1726826326269 0.324448 1
1726826326381 0.179531 2
1726826326491 0.087595 2
1726826326602 0.125716 2
1726826326728 0.152695 2
1726826326848 0.044078 2
1726826326962 0.133881 2
1726826327079 0.056409 2
1726826327194 0.144863 2
1726826327313 0.111492 2
1726826327430 0.106497 2
1726826327541 0.037901 3
1726826327659 0.087473 3
1726826327772 0.397209 3
1726826327883 0.419579 3
1726826327994 0.218356 3
1726826328105 0.171265 3
1726826328222 0.175 3
1726826328340 0.296907 3
1726826328462 0.109839 3
1726826328584 0.281099 3
1726826328702 0.025173 4
1726826328822 0.689362 4
1726826328941 0.148248 4
1726826329048 0.042334 4
1726826329160 0.19889 4
1726826329271 0.098507 4
1726826329383 0.089379 4
1726826329495 0.140157 4
1726826329605 0.088802 4
1726826329713 0.169555 4
1726826332740 0.412486 0
1726826332853 0.081954 0
1726826332964 0.155848 0
1726826333074 0.038187 0
1726826333184 0.045201 0
1726826333292 0.297756 0
1726826333403 0.136535 0
1726826333516 0.128482 0
1726826333630 0.086687 0
1726826333740 0.149277 0
1726826333850 0.065218 2
1726826333962 0.131375 2
1726826334072 0.132415 2
1726826334180 0.317837 2
1726826334292 0.260452 2
1726826334405 0.104145 2
1726826334515 0.041253 2
1726826334626 0.181525 2
1726826334742 0.862393 2
1726826334862 0.21697 2
1726826334985 0.107434 4
1726826335102 0.091641 4
1726826335215 0.052253 4
1726826335327 0.126537 4
1726826335437 0.039899 4
1726826335553 0.154331 4
1726826335665 0.035474 4
1726826335775 0.143477 4
1726826335884 0.107969 4
1726826335992 0.092399 4
1726826336105 0.033125 6
1726826336217 0.063015 6
1726826336328 0.170016 6
1726826336438 0.169785 6
1726826336550 0.170524 6
1726826336659 0.142944 6
1726826336762 0.162319 6
1726826336872 0.278313 6
1726826336980 0.0826 6
1726826337085 0.286354 6
1726826337200 0.037149 8
1726826337321 0.475949 8
1726826337443 0.134795 8
1726826337558 0.041663 8
1726826337670 0.213607 8
1726826337781 0.102256 8
1726826337892 0.088547 8
1726826338005 0.150935 8
1726826338116 0.055069 8
1726826338227 0.140439 8
1726826341051 0.163638 0
1726826341168 0.060356 0
1726826341289 0.115923 0
1726826341408 0.034834 0
1726826341528 0.041344 0
1726826341646 0.222015 0
1726826341762 0.079901 0
1726826341872 0.118596 0
1726826341983 0.077303 0
1726826342095 0.151081 0
1726826342206 0.076426 3
1726826342319 0.127781 3
1726826342429 0.110273 3
1726826342536 0.325482 3
1726826342646 0.202972 3
1726826342757 0.112358 3
1726826342867 0.043486 3
1726826342978 0.174404 3
1726826343093 0.758289 3
1726826343209 0.187456 3
1726826343331 0.09209 6
1726826343451 0.09918 6
1726826343569 0.048017 6
1726826343685 0.11005 6
1726826343797 0.030786 6
1726826343906 0.151703 6
1726826344020 0.032123 6
1726826344136 0.143376 6
1726826344248 0.105267 6
1726826344351 0.094341 6
1726826344467 0.025653 9
1726826344578 0.053095 9
1726826344690 0.131789 9
1726826344799 0.12574 9
1726826344910 0.128009 9
1726826345022 0.140118 9
1726826345135 0.166439 9
1726826345252 0.240376 9
1726826345368 0.064374 9
1726826345484 0.273864 9
1726826345607 0.032838 12
1726826345721 0.439228 12
1726826345836 0.122526 12
1726826345952 0.043771 12
1726826346070 0.216629 12
1726826346184 0.092951 12
1726826346295 0.097718 12
1726826346406 0.161797 12
1726826346518 0.049004 12
1726826346642 0.144281 12
1726826349544 0.119339 0
1726826349660 0.038313 0
1726826349777 0.094223 0
1726826349891 0.041389 0
1726826350006 0.031067 0
1726826350124 0.182292 0
1726826350240 0.05581 0
1726826350360 0.117703 0
1726826350479 0.069394 0
1726826350592 0.148494 0
1726826350704 0.065451 4
1726826350816 0.122697 4
1726826350927 0.102907 4
1726826351036 0.324609 4
1726826351150 0.17214 4
1726826351262 0.097064 4
1726826351374 0.03666 4
1726826351487 0.140632 4
1726826351590 0.702102 4
1726826351702 0.17973 4
1726826351818 0.081824 8
1726826351937 0.10834 8
1726826352057 0.040279 8
1726826352188 0.095112 8
1726826352310 0.031977 8
1726826352425 0.145616 8
1726826352539 0.034451 8
1726826352655 0.14105 8
1726826352768 0.088808 8
1726826352880 0.078058 8
1726826352996 0.024508 12
1726826353107 0.05321 12
1726826353219 0.117719 12
1726826353331 0.117631 12
1726826353445 0.114413 12
1726826353562 0.14035 12
1726826353675 0.157303 12
1726826353789 0.224518 12
1726826353906 0.052962 12
1726826354018 0.291428 12
1726826354127 0.034373 16
1726826354240 0.401507 16
1726826354352 0.116869 16
1726826354464 0.050419 16
1726826354576 0.221759 16
1726826354687 0.085433 16
1726826354797 0.084407 16
1726826354905 0.166682 16
1726826355015 0.042815 16
1726826355125 0.152568 16
1726826357975 0.100966 0
1726826358098 0.032541 0
1726826358221 0.087705 0
1726826358332 0.054367 0
1726826358446 0.030814 0
1726826358558 0.155699 0
1726826358674 0.045208 0
1726826358786 0.120394 0
1726826358897 0.060622 0
1726826359010 0.143647 0
1726826359121 0.065133 5
1726826359233 0.116404 5
1726826359343 0.092964 5
1726826359454 0.356834 5
1726826359568 0.171907 5
1726826359696 0.092421 5
1726826359818 0.03773 5
1726826359939 0.143343 5
1726826360058 0.6452 5
1726826360174 0.164121 5
1726826360286 0.073073 10
1726826360400 0.116179 10
1726826360521 0.040665 10
1726826360643 0.081434 10
1726826360761 0.029565 10
1726826360882 0.146822 10
1726826360992 0.033754 10
1726826361105 0.12889 10
1726826361219 0.080535 10
1726826361333 0.076025 10
1726826361446 0.020376 15
1726826361561 0.060284 15
1726826361682 0.107091 15
1726826361798 0.103429 15
1726826361911 0.117281 15
1726826362025 0.115029 15
1726826362137 0.155967 15
1726826362250 0.208721 15
1726826362361 0.046412 15
1726826362472 0.306226 15
1726826362584 0.035427 20
1726826362694 0.38169 20
1726826362807 0.115535 20
1726826362918 0.054509 20
1726826363030 0.210808 20
1726826363146 0.098625 20
1726826363262 0.085857 20
1726826363384 0.175158 20
1726826363499 0.045252 20
1726826363613 0.131042 20
1726826366452 0.081708 0
1726826366563 0.026652 0
1726826366674 0.077571 0
1726826366785 0.041934 0
1726826366897 0.030327 0
1726826367017 0.155594 0
1726826367138 0.045364 0
1726826367261 0.116379 0
1726826367383 0.056877 0
1726826367499 0.139873 0
1726826367613 0.06774 6
1726826367730 0.118844 6
1726826367843 0.086398 6
1726826367955 0.354333 6
1726826368063 0.161921 6
1726826368175 0.087802 6
1726826368290 0.039763 6
1726826368402 0.15884 6
1726826368514 0.606712 6
1726826368625 0.155699 6
1726826368735 0.072979 12
1726826368846 0.11159 12
1726826368954 0.03465 12
1726826369065 0.073523 12
1726826369171 0.031013 12
1726826369293 0.143833 12
1726826369413 0.033198 12
1726826369535 0.123342 12
1726826369654 0.071739 12
1726826369771 0.070585 12
1726826369884 0.021606 18
1726826369997 0.058827 18
1726826370110 0.108122 18
1726826370226 0.105386 18
1726826370339 0.106752 18
1726826370450 0.108385 18
1726826370560 0.148597 18
1726826370670 0.208517 18
1726826370779 0.040984 18
1726826370888 0.302148 18
1726826370999 0.032964 24
1726826371114 0.377742 24
1726826371234 0.118381 24
1726826371362 0.052256 24
1726826371490 0.229168 24
1726826371606 0.099445 24
1726826371718 0.085196 24
1726826371829 0.181215 24
1726826371939 0.042539 24
1726826372052 0.138893 24
1726826374881 0.078824 0
1726826375003 0.024396 0
1726826375116 0.079652 0
1726826375227 0.050278 0
1726826375336 0.031022 0
1726826375448 0.139844 0
1726826375557 0.039749 0
1726826375665 0.117958 0
1726826375778 0.056409 0
1726826375891 0.14664 0
1726826375999 0.064856 7
1726826376110 0.118824 7
1726826376219 0.080798 7
1726826376334 0.356418 7
1726826376448 0.145647 7
1726826376562 0.080042 7
1726826376676 0.035389 7
1726826376792 0.152015 7
1726826376915 0.591944 7
1726826377035 0.170824 7
1726826377151 0.068743 14
1726826377265 0.11913 14
1726826377382 0.033347 14
1726826377495 0.060331 14
1726826377605 0.028064 14
1726826377715 0.141442 14
1726826377825 0.035274 14
1726826377935 0.116043 14
1726826378044 0.061646 14
1726826378153 0.067073 14
1726826378264 0.022677 21
1726826378375 0.060543 21
1726826378491 0.097338 21
1726826378600 0.108718 21
1726826378712 0.101481 21
1726826378823 0.099677 21
1726826378932 0.151634 21
1726826379044 0.204851 21
1726826379154 0.039569 21
1726826379267 0.302409 21
1726826379378 0.033575 28
1726826379487 0.363548 28
1726826379597 0.115098 28
1726826379700 0.051172 28
1726826379811 0.221068 28
1726826379920 0.097626 28
1726826380026 0.081724 28
1726826380137 0.17861 28
1726826380243 0.042473 28
1726826380353 0.117466 28
