1726841931714 159.435913 0
1726841931847 3.110901 0
1726841931982 115.873688 0
1726841932114 12.22854 0
1726841932245 16.69566 0
1726841932375 15.446998 0
1726841932506 8.307343 0
1726841933127 1.185575 0
1726841933260 0.762029 0
1726841933393 8.94191 0
1726841933524 4.450573 0
1726841933656 14.237647 0
1726841933788 3.100233 0
1726841933921 2.662001 0
1726841934505 1.51705 0
1726841934637 0.772636 0
1726841934768 3.204906 0
1726841934899 44.947506 0
1726841935032 10.983341 0
1726841935166 2.140265 0
1726841935298 10.22204 0
1726841935896 1.265098 0
1726841936029 0.844586 0
1726841936160 1.694219 0
1726841936293 9.489841 0
1726841936452 4.631579 0
1726841936620 1.312606 0
1726841936772 2.848167 0
1726841937518 1.253888 0
1726841937651 0.970871 0
1726841937784 1.719121 0
1726841937916 5.015941 0
1726841938049 3.983791 0
1726841938180 1.242825 0
1726841938313 4.383659 0
1726841938946 1.009958 0
1726841939077 0.970164 0
1726841939209 1.701773 0
1726841939342 6.291498 0
1726841939477 2.740143 0
1726841939610 1.224524 0
1726841939744 4.801112 0
1726841940337 0.888018 0
1726841940471 1.029145 0
1726841940628 3.570987 0
1726841940766 4.39975 0
1726841940906 9.795671 0
1726841941045 1.10563 0
1726841941185 13.666351 0
1726841941857 0.939622 0
1726841941990 1.172722 0
1726841942124 1.104251 0
1726841942260 2.627122 0
1726841942394 5.079864 0
1726841942527 1.06665 0
1726841942660 9.892815 0
1726841943266 0.700218 0
1726841943400 1.07863 0
1726841943533 5.348467 0
1726841943667 2.751899 0
1726841943804 2.949481 0
1726841943938 0.963752 0
1726841944070 14.030598 0
1726841944678 0.740624 0
1726841944814 1.110612 0
1726841944949 1.021483 0
1726841945083 13.135057 0
1726841945216 3.420357 0
1726841945348 1.029803 0
1726841945480 5.016497 0
