1726789858808 0.0 0
1726789858908 10.0 0
1726789859006 20.0 0
1726789859103 30.0 0
1726789859202 40.0 0
1726789859299 50.0 0
1726789859394 60.0 0
1726789859492 70.0 0
1726789859588 80.0 0
1726789859707 90.0 0
1726789860237 0.0 0
1726789860350 10.0 0
1726789860454 20.0 0
1726789860563 30.0 0
1726789860659 40.0 0
1726789860755 50.0 0
1726789860852 60.0 0
1726789860951 70.0 0
1726789861047 80.0 0
1726789861142 90.0 0
1726789861660 0.0 0
1726789861762 10.0 0
1726789861859 20.0 0
1726789861955 30.0 0
1726789862050 40.0 0
1726789862147 50.0 0
1726789862246 60.0 0
1726789862342 70.0 0
1726789862439 80.0 0
1726789862542 90.0 0
1726789863046 0.0 0
1726789863151 10.0 0
1726789863247 20.0 0
1726789863344 30.0 0
1726789863440 40.0 0
1726789863538 50.0 0
1726789863637 60.0 0
1726789863737 70.0 0
1726789863834 80.0 0
1726789863932 90.0 0
1726789864437 0.0 0
1726789864550 10.0 0
1726789864647 20.0 0
1726789864742 30.0 0
1726789864838 40.0 0
1726789864935 50.0 0
1726789865032 60.0 0
1726789865131 70.0 0
1726789865231 80.0 0
1726789865332 90.0 0
1726789865855 0.0 0
1726789865962 10.0 0
1726789866058 20.0 0
1726789866157 30.0 0
1726789866258 40.0 0
1726789866355 50.0 0
1726789866452 60.0 0
1726789866557 70.0 0
1726789866656 80.0 0
1726789866756 90.0 0
1726789867289 0.0 0
1726789867394 10.0 0
1726789867490 20.0 0
1726789867587 30.0 0
1726789867683 40.0 0
1726789867781 50.0 0
1726789867878 60.0 0
1726789867973 70.0 0
1726789868068 80.0 0
1726789868164 90.0 0
1726789868711 0.0 0
1726789868813 10.0 0
1726789868909 20.0 0
1726789869005 30.0 0
1726789869101 40.0 0
1726789869196 50.0 0
1726789869294 60.0 0
1726789869389 70.0 0
1726789869489 80.0 0
1726789869585 90.0 0
1726789870102 0.0 0
1726789870208 10.0 0
1726789870306 20.0 0
1726789870405 30.0 0
1726789870500 40.0 0
1726789870597 50.0 0
1726789870701 60.0 0
1726789870797 70.0 0
1726789870892 80.0 0
1726789870988 90.0 0
