1727113055193 0.614862 0
1727113055335 0.42134 0
1727113055475 0.421236 0
1727113055605 0.354743 0
1727113055738 0.443927 0
1727113055863 0.405481 0
1727113055998 0.423753 0
1727113056601 0.281222 0
1727113056732 0.165776 0
1727113056864 0.181468 0
1727113056988 0.049131 0
1727113057120 0.127951 0
1727113057259 0.099966 0
1727113057398 0.164446 0
1727113057953 0.102831 0
1727113058088 0.081577 0
1727113058223 0.215792 0
1727113058356 0.044295 0
1727113058489 0.076728 0
1727113058622 0.036836 0
1727113058749 0.086235 0
1727113059280 0.19805 0
1727113059422 0.125975 0
1727113059569 0.142075 0
1727113059705 0.044982 0
1727113059837 0.033725 0
1727113059959 0.011988 0
1727113060094 0.060027 0
1727113060635 0.148693 0
1727113060765 0.107319 0
1727113060894 0.163511 0
1727113061018 0.072411 0
1727113061151 0.040393 0
1727113061284 0.012734 0
1727113061420 0.059258 0
1727113061986 0.080003 0
1727113062122 0.084165 0
1727113062256 0.147613 0
1727113062388 0.094201 0
1727113062525 0.052923 0
1727113062666 0.017442 0
1727113062798 0.061758 0
1727113063345 0.059157 0
1727113063488 0.076271 0
1727113063622 0.131979 0
1727113063746 0.108477 0
1727113063881 0.06069 0
1727113064024 0.020276 0
1727113064147 0.061623 0
1727113064686 0.060746 0
1727113064823 0.077329 0
1727113064961 0.111997 0
1727113065098 0.105099 0
1727113065228 0.055752 0
1727113065350 0.019203 0
1727113065492 0.062041 0
1727113066036 0.072038 0
1727113066171 0.074562 0
1727113066300 0.101819 0
1727113066432 0.108315 0
1727113066565 0.05367 0
1727113066696 0.020697 0
1727113066833 0.055276 0
