1726866965799 13.017609 0
1726866965933 3.481098 0
1726866966068 6.385084 0
1726866966204 1.899453 0
1726866966337 2.287697 0
1726866966470 3.45598 0
1726866966603 7.224928 0
1726866966736 9.38213 0
1726866966869 1.114769 0
1726866967002 1.218493 0
1726866967825 3.203975 0
1726866967963 7.058768 0
1726866968097 2.769142 0
1726866968233 1.196396 0
1726866968366 1.756244 0
1726866968500 2.225127 0
1726866968633 7.735034 0
1726866968767 0.588428 0
1726866968901 1.122954 0
1726866969035 3.361233 0
1726866969818 1.090798 0
1726866969952 274.665009 0
1726866970086 3.665938 0
1726866970221 13.575227 0
1726866970356 4.059415 0
1726866970490 5.975338 0
1726866970623 7.683521 0
1726866970757 4.372308 0
1726866970891 1.289165 0
1726866971025 3.717406 0
1726866971814 3.235458 0
1726866971949 4.075234 0
1726866972083 101.066071 0
1726866972219 0.8374 0
1726866972354 0.424943 0
1726866972489 1.205837 0
1726866972622 5.108107 0
1726866972756 2.55985 0
1726866972890 4.140306 0
1726866973024 4.448447 0
1726866973812 2.99835 0
1726866973947 4.730011 0
1726866974081 2.01116 0
1726866974216 0.775043 0
1726866974352 0.851181 0
1726866974486 1.040891 0
1726866974622 3.041147 0
1726866974756 3.194881 0
1726866974891 0.646154 0
1726866975026 1.692956 0
1726866975811 1.20607 0
1726866975944 2.97329 0
1726866976078 1.802872 0
1726866976212 0.849802 0
1726866976347 3.421484 0
1726866976481 2.339515 0
1726866976614 2.707232 0
1726866976749 5.522785 0
1726866976883 0.589434 0
1726866977018 1.551004 0
1726866977812 1.182136 0
1726866977946 5.416732 0
1726866978083 4.113151 0
1726866978217 0.626 0
1726866978354 4.240841 0
1726866978490 4.185339 0
1726866978624 3.114251 0
1726866978759 3.968541 0
1726866978896 0.535545 0
1726866979031 1.018928 0
1726866979816 2.870331 0
1726866979950 13.333462 0
1726866980084 9.702565 0
1726866980219 0.642258 0
1726866980354 2.108348 0
1726866980489 3.008003 0
1726866980623 5.760989 0
1726866980756 3.493798 0
1726866980891 0.635018 0
1726866981025 1.029815 0
1726866981811 1.716202 0
1726866981944 5.773951 0
1726866982077 3.24131 0
1726866982211 0.597714 0
1726866982345 3.35075 0
1726866982481 2.811927 0
1726866982616 4.766603 0
1726866982750 5.611251 0
1726866982886 0.61834 0
1726866983020 1.017763 0
1726866983807 1.442024 0
1726866983942 3.229162 0
1726866984077 41.117432 0
1726866984211 0.616751 0
1726866984345 2.523159 0
1726866984480 16.164951 0
1726866984616 5.794022 0
1726866984749 9.118082 0
1726866984884 0.847652 0
1726866985018 1.09666 0
