1726823563522 0.0 0
1726823563653 10.0 0
1726823563795 20.0 0
1726823563947 30.0 0
1726823564096 40.0 0
1726823564235 50.0 0
1726823564366 60.0 0
1726823564489 70.0 0
1726823564613 80.0 0
1726823564745 90.0 0
1726823564892 100.0 1
1726823565046 110.0 1
1726823566644 0.0 0
1726823566778 10.0 0
1726823566918 20.0 0
1726823567062 30.0 0
1726823567214 40.0 0
1726823567356 50.0 0
1726823567490 60.0 0
1726823567621 70.0 0
1726823567761 80.0 0
1726823567907 90.0 0
1726823568046 100.0 2
1726823568182 110.0 2
1726823569569 0.0 0
1726823569731 10.0 0
1726823569863 20.0 0
1726823569997 30.0 0
1726823570130 40.0 0
1726823570263 50.0 0
1726823570399 60.0 0
1726823570547 70.0 0
1726823570697 80.0 0
1726823570852 90.0 0
1726823571010 100.0 3
1726823571160 110.0 3
1726823572478 0.0 0
1726823572617 10.0 0
1726823572759 20.0 0
1726823572906 30.0 0
1726823573049 40.0 0
1726823573183 50.0 0
1726823573318 60.0 0
1726823573453 70.0 0
1726823573589 80.0 0
1726823573718 90.0 0
1726823573843 100.0 4
1726823573970 110.0 4
