1726811820000 19.045214 0
1726811820104 1.265406 0
1726811820203 8.389688 0
1726811820302 6.976855 0
1726811820401 0.989177 0
1726811820500 4.829409 0
1726811820599 0.298852 0
1726811820698 1.019113 0
1726811820797 0.756836 0
1726811820899 0.51291 0
1726811821004 1.71309 1
1726811821104 1.434691 1
1726811821212 0.173691 1
1726811821314 0.252149 1
1726811821417 0.188454 1
1726811821518 9.974314 1
1726811821618 0.273502 1
1726811821718 22.197027 1
1726811821816 0.216476 1
1726811821915 1.44205 1
1726811822032 1.165496 2
1726811822141 2.591262 2
1726811822247 3.278463 2
1726811822357 0.305967 2
1726811822461 3.66835 2
1726811822563 1.065513 2
1726811822663 7.321955 2
1726811822764 5.846924 2
1726811822862 0.555823 2
1726811822961 0.776902 2
1726811823060 0.087469 3
1726811823158 0.818428 3
1726811823266 0.123978 3
1726811823365 0.923894 3
1726811823465 5.007952 3
1726811823563 0.626633 3
1726811823661 0.810409 3
1726811823759 0.719501 3
1726811823857 0.516662 3
1726811823957 0.927393 3
1726811824056 0.203211 4
1726811824154 0.682838 4
1726811824252 0.044 4
1726811824350 2.350155 4
1726811824450 2.104664 4
1726811824563 4.883235 4
1726811824674 0.480668 4
1726811824779 19.250908 4
1726811824882 0.928543 4
1726811824984 1.788846 4
1726811825086 1.061588 5
1726811825190 1.323966 5
1726811825298 0.165222 5
1726811825403 0.098845 5
1726811825505 0.988976 5
1726811825610 0.312673 5
1726811825711 3.433766 5
1726811825812 1.969447 5
1726811825912 1.401482 5
1726811826016 6.538753 5
1726811826115 0.245274 6
1726811826213 2.154801 6
1726811826321 3.142864 6
1726811826421 1.515652 6
1726811826521 1.977362 6
1726811826622 0.699166 6
1726811826721 1.268374 6
1726811826820 0.253856 6
1726811826916 0.38216 6
1726811827014 4.705769 6
1726811827112 0.160561 7
1726811827213 2.830862 7
1726811827321 1.963286 7
1726811827423 1.173554 7
1726811827527 0.173937 7
1726811827627 0.665979 7
1726811827726 0.531378 7
1726811827826 1.942211 7
1726811827928 1.741409 7
1726811828027 4.51818 7
1726811828126 0.887778 8
1726811828224 0.651711 8
1726811828324 1.340181 8
1726811828424 0.414154 8
1726811828524 0.113712 8
1726811828624 0.483322 8
1726811828723 0.37875 8
1726811828821 0.111151 8
1726811828922 0.265818 8
1726811829020 0.602936 8
1726811829119 0.328398 9
1726811829218 0.397601 9
1726811829319 0.205546 9
1726811829423 0.767338 9
1726811829522 0.235474 9
1726811829621 1.257125 9
1726811829723 0.346874 9
1726811829824 0.153703 9
1726811829923 0.336203 9
1726811830021 0.114601 9
1726811830122 0.088455 10
1726811834299 1.074481 0
1726811834399 0.130549 0
1726811834498 2.678093 0
1726811834596 1.189063 0
1726811834698 0.177573 0
1726811834799 25.613764 0
1726811834898 0.118461 0
1726811835004 0.617639 0
1726811835104 0.743543 0
1726811835202 0.467922 0
1726811835308 3.063664 2
1726811835414 1.409601 2
1726811835520 0.115785 2
1726811835619 0.273886 2
1726811835719 0.190068 2
1726811835817 1.388142 2
1726811835915 0.283397 2
1726811836014 3.285774 2
1726811836118 0.233506 2
1726811836222 4.01148 2
1726811836323 1.070619 4
1726811836424 6.149762 4
1726811836526 0.319894 4
1726811836625 0.264614 4
1726811836725 1.340414 4
1726811836826 1.009491 4
1726811836924 1.138485 4
1726811837025 0.867632 4
1726811837123 0.532238 4
1726811837222 0.647016 4
1726811837321 0.093975 6
1726811837421 1.707637 6
1726811837527 0.107663 6
1726811837628 2.592914 6
1726811837732 3.942958 6
1726811837831 0.638742 6
1726811837931 0.490349 6
1726811838036 0.717038 6
1726811838134 0.403891 6
1726811838232 0.701484 6
1726811838335 0.186694 8
1726811838438 0.600891 8
1726811838540 0.090079 8
1726811838640 1.378902 8
1726811838738 2.510741 8
1726811838840 3.440701 8
1726811838940 2.03388 8
1726811839039 13.139843 8
1726811839140 1.589966 8
1726811839242 0.606762 8
1726811839343 0.984051 10
1726811839440 1.465519 10
1726811839544 0.190041 10
1726811839650 0.086967 10
1726811839750 0.918172 10
1726811839849 0.215288 10
1726811839950 2.932761 10
1726811840048 1.58288 10
1726811840149 1.627468 10
1726811840249 3.132456 10
1726811840350 0.249407 12
1726811840449 1.570068 12
1726811840548 3.50785 12
1726811840647 1.428781 12
1726811840747 0.733193 12
1726811840846 0.676298 12
1726811840945 0.983133 12
1726811841042 0.351713 12
1726811841141 0.857265 12
1726811841243 5.493826 12
1726811841347 0.216234 14
1726811841451 14.081412 14
1726811841551 34.41354 14
1726811841660 0.591141 14
1726811841760 0.188701 14
1726811841859 0.676325 14
1726811841958 1.868087 14
1726811842059 1.129514 14
1726811842159 0.6007 14
1726811842258 3.619258 14
1726811842357 0.905261 16
1726811842459 0.863477 16
1726811842560 1.632519 16
1726811842660 0.702806 16
1726811842762 0.138828 16
1726811842864 0.429086 16
1726811842964 0.287262 16
1726811843065 0.119054 16
1726811843165 0.493821 16
1726811843265 0.552481 16
1726811843365 0.344089 18
1726811843469 0.451022 18
1726811843568 0.287619 18
1726811843675 0.828373 18
1726811843777 0.252114 18
1726811843877 0.787518 18
1726811843976 0.318225 18
1726811844074 0.167073 18
1726811844175 0.501738 18
1726811844277 0.103177 18
1726811844378 0.090514 20
1726811848472 1.065986 0
1726811848574 0.110033 0
1726811848672 1.448534 0
1726811848774 1.05844 0
1726811848880 0.154914 0
1726811848981 1.551307 0
1726811849095 0.144747 0
1726811849197 1.226304 0
1726811849298 4.304175 0
1726811849397 0.496968 0
1726811849499 3.516652 3
1726811849599 5.153208 3
1726811849698 0.123865 3
1726811849803 0.300098 3
1726811849901 0.193338 3
1726811849999 1.19351 3
1726811850100 0.2922 3
1726811850201 44.12537 3
1726811850301 0.240268 3
1726811850401 2.540241 3
1726811850501 0.977527 6
1726811850601 0.956765 6
1726811850700 0.378477 6
1726811850798 0.264409 6
1726811850897 1.292352 6
1726811850996 0.722093 6
1726811851095 0.803006 6
1726811851203 0.790784 6
1726811851304 0.513704 6
1726811851404 0.463469 6
1726811851504 0.099935 9
1726811851606 0.623244 9
1726811851706 0.087308 9
1726811851809 1.555961 9
1726811851910 1.291192 9
1726811852009 7.883858 9
1726811852110 0.325829 9
1726811852210 1.066987 9
1726811852312 0.468378 9
1726811852417 0.991676 9
1726811852517 0.172181 12
1726811852614 0.925637 12
1726811852713 0.079246 12
1726811852815 1.807752 12
1726811852914 3.833251 12
1726811853012 15.86903 12
1726811853111 0.502802 12
1726811853213 2.573506 12
1726811853317 10.602575 12
1726811853417 0.467191 12
1726811853518 0.993376 15
1726811853617 1.448513 15
1726811853715 0.204178 15
1726811853814 0.100969 15
1726811853921 1.493915 15
1726811854022 0.208968 15
1726811854121 2.114549 15
1726811854219 1.902994 15
1726811854318 37.480835 15
1726811854417 1.859301 15
1726811854515 0.250101 18
1726811854619 1.25104 18
1726811854719 1.034398 18
1726811854819 1.0321 18
1726811854918 1.079785 18
1726811855018 0.804253 18
1726811855119 0.903662 18
1726811855220 0.333509 18
1726811855323 0.450857 18
1726811855423 0.424989 18
1726811855523 0.175962 21
1726811855623 15.047482 21
1726811855725 1.949551 21
1726811855823 0.953528 21
1726811855932 0.227113 21
1726811856033 21.010345 21
1726811856133 0.509085 21
1726811856232 0.892886 21
1726811856332 0.532887 21
1726811856435 5.337627 21
1726811856533 1.14548 24
1726811856633 0.814563 24
1726811856731 3.27992 24
1726811856831 17.809744 24
1726811856931 0.132203 24
1726811857031 0.355839 24
1726811857133 0.288605 24
1726811857231 0.134988 24
1726811857330 0.221595 24
1726811857430 1.225023 24
1726811857529 1.181724 27
1726811857628 1.269087 27
1726811857727 0.305051 27
1726811857824 15.05792 27
1726811857924 0.251148 27
1726811858034 0.628799 27
1726811858137 0.454848 27
1726811858237 0.173577 27
1726811858337 0.400621 27
1726811858437 0.101919 27
1726811858537 0.095249 30
1726811862650 1.246486 0
1726811862750 0.105357 0
1726811862848 0.914495 0
1726811862944 1.171026 0
1726811863045 0.161374 0
1726811863147 0.942337 0
1726811863247 0.142413 0
1726811863352 1.171602 0
1726811863452 0.520099 0
1726811863550 0.343078 0
1726811863650 2.291089 4
1726811863752 1.169735 4
1726811863850 0.113101 4
1726811863949 0.313596 4
1726811864048 0.187187 4
1726811864152 1.149391 4
1726811864250 0.292768 4
1726811864351 2.563617 4
1726811864450 0.238683 4
1726811864553 2.439094 4
1726811864655 3.14556 8
1726811864756 0.797531 8
1726811864855 0.681045 8
1726811864956 0.356728 8
1726811865056 1.674247 8
1726811865155 2.100608 8
1726811865254 0.763662 8
1726811865353 0.689514 8
1726811865453 0.508314 8
1726811865552 0.424296 8
1726811865653 0.097326 12
1726811865754 0.716276 12
1726811865852 0.086152 12
1726811865954 4.66397 12
1726811866054 2.420186 12
1726811866161 3.887419 12
1726811866261 0.396695 12
1726811866360 0.665798 12
1726811866459 0.497185 12
1726811866560 0.820055 12
1726811866662 0.165142 16
1726811866761 0.474947 16
1726811866860 0.052594 16
1726811866958 5.858902 16
1726811867056 10.064512 16
1726811867155 4.851589 16
1726811867255 0.393283 16
1726811867356 2.100657 16
1726811867457 1.825897 16
1726811867557 0.479014 16
1726811867656 1.98179 20
1726811867756 1.39156 20
1726811867855 0.173388 20
1726811867954 0.092733 20
1726811868053 0.918179 20
1726811868152 0.17938 20
1726811868257 2.557537 20
1726811868360 1.780047 20
1726811868466 2.414709 20
1726811868569 2.065339 20
1726811868668 0.485009 24
1726811868768 1.063399 24
1726811868866 1.627526 24
1726811868968 1.034315 24
1726811869069 0.65689 24
1726811869170 0.592409 24
1726811869269 0.70418 24
1726811869369 0.436985 24
1726811869468 0.521174 24
1726811869567 0.501172 24
1726811869669 0.857719 28
1726811869770 3.771384 28
1726811869871 4.068066 28
1726811869972 0.632398 28
1726811870073 0.208075 28
1726811870172 0.907764 28
1726811870281 0.419384 28
1726811870381 0.84962 28
1726811870483 0.408565 28
1726811870585 1.354573 28
1726811870683 1.294979 32
1726811870782 0.826039 32
1726811870882 3.532283 32
1726811870981 0.666023 32
1726811871080 0.144841 32
1726811871179 0.396228 32
1726811871278 0.286857 32
1726811871377 0.134742 32
1726811871476 0.212747 32
1726811871578 0.70603 32
1726811871681 0.53845 36
1726811871781 0.387716 36
1726811871880 0.23862 36
1726811871980 0.922651 36
1726811872080 0.237573 36
1726811872179 1.193231 36
1726811872286 0.437505 36
1726811872385 0.186022 36
1726811872486 0.370896 36
1726811872584 0.096717 36
1726811872683 0.087893 40
1726811876802 1.332691 0
1726811876903 0.059717 0
1726811877006 1.332052 0
1726811877108 1.641908 0
1726811877207 0.160153 0
1726811877307 3.214535 0
1726811877407 0.123472 0
1726811877548 0.76524 0
1726811877694 0.586477 0
1726811877796 0.339666 0
1726811877899 20.732206 5
1726811877997 1.08077 5
1726811878097 0.115089 5
1726811878200 0.300067 5
1726811878300 0.198428 5
1726811878406 1.107236 5
1726811878521 0.279504 5
1726811878622 51.145775 5
1726811878724 0.248557 5
1726811878823 1.941829 5
1726811878923 1.076298 10
1726811879031 1.934306 10
1726811879131 0.587664 10
1726811879229 0.326398 10
1726811879327 1.462429 10
1726811879425 1.11169 10
1726811879523 0.9427 10
1726811879625 0.567395 10
1726811879723 0.544557 10
1726811879822 0.339786 10
1726811879920 0.082175 15
1726811880020 1.627807 15
1726811880121 0.098228 15
1726811880221 2.377198 15
1726811880324 2.388495 15
1726811880427 1.051679 15
1726811880528 0.384522 15
1726811880625 0.540444 15
1726811880726 0.325814 15
1726811880827 0.514354 15
1726811880925 0.173301 20
1726811881026 0.901794 20
1726811881125 0.07131 20
1726811881225 2.02117 20
1726811881326 3.833153 20
1726811881424 2.508153 20
1726811881523 0.359631 20
1726811881621 2.606026 20
1726811881720 0.977362 20
1726811881818 0.412185 20
1726811881916 0.97621 25
1726811882016 9.46054 25
1726811882116 0.234241 25
1726811882215 0.099277 25
1726811882320 1.382809 25
1726811882423 0.172101 25
1726811882530 2.459926 25
1726811882631 0.844654 25
1726811882731 1.313245 25
1726811882835 1.698016 25
1726811882934 0.343612 30
1726811883034 2.594238 30
1726811883133 1.095827 30
1726811883236 0.612458 30
1726811883338 3.301591 30
1726811883439 0.438089 30
1726811883538 0.919488 30
1726811883637 1.10191 30
1726811883737 0.522806 30
1726811883835 0.454688 30
1726811883934 0.267535 35
1726811884035 4.430401 35
1726811884135 2.545312 35
1726811884232 0.861328 35
1726811884330 0.2452 35
1726811884433 0.374488 35
1726811884538 0.342799 35
1726811884639 0.820437 35
1726811884739 0.451095 35
1726811884838 0.782238 35
1726811884941 1.08982 40
1726811885041 0.781986 40
1726811885140 2.630846 40
1726811885239 1.896469 40
1726811885339 0.121379 40
1726811885439 0.371476 40
1726811885541 0.219564 40
1726811885641 0.138391 40
1726811885741 0.229024 40
1726811885840 0.454073 40
1726811885942 0.36812 45
1726811886041 0.597875 45
1726811886140 0.261213 45
1726811886239 0.908417 45
1726811886339 0.244686 45
1726811886438 1.175623 45
1726811886539 0.375761 45
1726811886645 0.189427 45
1726811886744 0.734156 45
1726811886842 0.096742 45
1726811886940 0.078404 50
1726811891050 2.864302 0
1726811891151 0.066243 0
1726811891249 3.492548 0
1726811891351 1.20902 0
1726811891450 0.178882 0
1726811891548 0.946584 0
1726811891647 0.097227 0
1726811891746 13.603226 0
1726811891846 0.694198 0
1726811891947 0.342971 0
1726811892045 2.467472 6
1726811892148 2.650002 6
1726811892247 0.11526 6
1726811892347 0.312072 6
1726811892447 0.194925 6
1726811892548 1.624601 6
1726811892647 0.275019 6
1726811892756 9.24129 6
1726811892856 0.253521 6
1726811892955 3.030681 6
1726811893054 1.0751 12
1726811893154 8.867522 12
1726811893251 0.68166 12
1726811893350 0.489871 12
1726811893448 1.903068 12
1726811893549 0.69523 12
1726811893650 1.172722 12
1726811893748 0.702408 12
1726811893848 0.703438 12
1726811893948 0.34757 12
1726811894047 0.089665 18
1726811894147 0.432316 18
1726811894245 0.06913 18
1726811894346 2.837607 18
1726811894446 7.377849 18
1726811894545 0.892203 18
1726811894644 0.82312 18
1726811894748 0.574339 18
1726811894849 0.371209 18
1726811894949 0.545947 18
1726811895047 0.17077 24
1726811895147 0.48188 24
1726811895249 0.052167 24
1726811895350 1.538945 24
1726811895448 2.921284 24
1726811895547 4.82773 24
1726811895645 0.260988 24
1726811895748 1.550417 24
1726811895850 0.55103 24
1726811895951 0.992306 24
1726811896048 2.721346 30
1726811896154 1.820906 30
1726811896257 0.172502 30
1726811896357 0.106919 30
1726811896457 0.801356 30
1726811896558 0.170219 30
1726811896658 5.829329 30
1726811896759 2.599227 30
1726811896866 1.519581 30
1726811896966 1.968408 30
1726811897066 0.282541 36
1726811897167 1.343964 36
1726811897267 1.442326 36
1726811897367 0.353892 36
1726811897467 1.274823 36
1726811897567 5.152133 36
1726811897668 0.417011 36
1726811897768 0.323802 36
1726811897868 0.425593 36
1726811897968 0.377475 36
1726811898068 0.322614 42
1726811898168 8.669404 42
1726811898267 5.526149 42
1726811898369 1.335349 42
1726811898473 0.247232 42
1726811898575 0.36523 42
1726811898673 0.772079 42
1726811898773 0.715548 42
1726811898880 0.433633 42
1726811898980 0.987312 42
1726811899081 1.336396 48
1726811899180 0.628869 48
1726811899283 1.732861 48
1726811899384 0.459145 48
1726811899483 0.091889 48
1726811899583 0.513171 48
1726811899684 0.242235 48
1726811899785 0.131843 48
1726811899887 0.250994 48
1726811899989 0.389991 48
1726811900090 0.395741 54
1726811900190 0.383776 54
1726811900290 0.321482 54
1726811900390 1.264168 54
1726811900488 0.249155 54
1726811900588 1.596072 54
1726811900689 0.383861 54
1726811900789 0.195547 54
1726811900895 0.333635 54
1726811900997 0.117418 54
1726811901097 0.078478 60
1726811905224 1.044414 0
1726811905329 0.06028 0
1726811905428 7.638453 0
1726811905526 1.120007 0
1726811905624 0.172713 0
1726811905726 0.850483 0
1726811905826 0.091786 0
1726811905926 2.450748 0
1726811906025 0.551206 0
1726811906124 0.362465 0
1726811906224 5.522397 7
1726811906328 1.263308 7
1726811906427 0.125525 7
1726811906527 0.305074 7
1726811906627 0.190307 7
1726811906726 1.15262 7
1726811906823 0.25417 7
1726811906922 2.508262 7
1726811907037 0.240157 7
1726811907139 4.487181 7
1726811907239 28.101721 14
1726811907341 3.153379 14
1726811907442 1.775529 14
1726811907542 0.54615 14
1726811907641 2.723069 14
1726811907742 0.598691 14
1726811907841 0.964705 14
1726811907940 0.691944 14
1726811908039 0.588533 14
1726811908138 1.227496 14
1726811908237 0.10952 21
1726811908352 2.321893 21
1726811908455 0.109215 21
1726811908555 2.140765 21
1726811908654 7.968435 21
1726811908752 1.915061 21
1726811908851 0.594986 21
1726811908950 0.587725 21
1726811909049 0.328723 21
1726811909157 0.533034 21
1726811909260 0.164842 28
1726811909364 0.345968 28
1726811909464 0.056847 28
1726811909566 2.075107 28
1726811909669 2.599891 28
1726811909769 2.083735 28
1726811909868 0.326266 28
1726811909971 1.99865 28
1726811910074 0.551736 28
1726811910176 0.737626 28
1726811910277 2.343433 35
1726811910378 1.914064 35
1726811910481 0.207846 35
1726811910585 0.087672 35
1726811910687 0.897996 35
1726811910788 0.19472 35
1726811910891 2.631761 35
1726811910990 1.910546 35
1726811911090 2.461898 35
1726811911197 2.172379 35
1726811911300 0.355226 42
1726811911405 1.923221 42
1726811911508 1.198622 42
1726811911611 0.435359 42
1726811911711 1.183525 42
1726811911811 0.612525 42
1726811911911 0.393954 42
1726811912010 0.326715 42
1726811912110 1.807777 42
1726811912210 0.386148 42
1726811912308 0.798499 49
1726811912408 4.590787 49
1726811912507 4.135429 49
1726811912606 0.53788 49
1726811912704 0.206151 49
1726811912806 0.445085 49
1726811912906 0.333649 49
1726811913005 0.517783 49
1726811913107 0.587141 49
1726811913216 0.878505 49
1726811913318 1.190573 56
1726811913419 0.616341 56
1726811913519 396.648407 56
1726811913620 0.689139 56
1726811913722 0.075903 56
1726811913821 0.458285 56
1726811913922 0.265339 56
1726811914020 0.126864 56
1726811914120 0.222349 56
1726811914221 0.735654 56
1726811914321 0.482194 63
1726811914422 0.440719 63
1726811914522 0.266752 63
1726811914621 1.332189 63
1726811914722 0.22462 63
1726811914822 0.5802 63
1726811914922 0.504908 63
1726811915021 0.209205 63
1726811915121 0.495759 63
1726811915228 0.095264 63
1726811915331 0.070941 70
