1726778454560 0.0 0
1726778454658 10.0 0
1726778454751 20.0 0
1726778454850 30.0 0
1726778454947 40.0 0
1726778455039 50.0 0
1726778455135 60.0 0
1726778455228 70.0 0
1726778455322 80.0 0
1726778455418 90.0 0
1726778455513 100.0 1
1726778455607 110.0 1
1726778455699 120.0 1
1726778455790 130.0 1
1726778455882 140.0 1
1726778455973 150.0 1
1726778456068 160.0 1
1726778456164 170.0 1
1726778456260 180.0 1
1726778456351 190.0 1
1726778456443 200.0 2
1726778456533 210.0 2
1726778456626 220.0 2
1726778456717 230.0 2
1726778456809 240.0 2
1726778457899 0.0 0
1726778457998 10.0 0
1726778458088 20.0 0
1726778458178 30.0 0
1726778458277 40.0 0
1726778458366 50.0 0
1726778458457 60.0 0
1726778458548 70.0 0
1726778458640 80.0 0
1726778458730 90.0 0
1726778458820 100.0 2
1726778458912 110.0 2
1726778459005 120.0 2
1726778459096 130.0 2
1726778459192 140.0 2
1726778459284 150.0 2
1726778459375 160.0 2
1726778459465 170.0 2
1726778459556 180.0 2
1726778459651 190.0 2
1726778459743 200.0 4
1726778459835 210.0 4
1726778459926 220.0 4
1726778460018 230.0 4
1726778460111 240.0 4
1726778461232 0.0 0
1726778461331 10.0 0
1726778461422 20.0 0
1726778461512 30.0 0
1726778461603 40.0 0
1726778461693 50.0 0
1726778461783 60.0 0
1726778461873 70.0 0
1726778461964 80.0 0
1726778462055 90.0 0
1726778462147 100.0 3
1726778462238 110.0 3
1726778462336 120.0 3
1726778462428 130.0 3
1726778462521 140.0 3
1726778462614 150.0 3
1726778462704 160.0 3
1726778462795 170.0 3
1726778462886 180.0 3
1726778462980 190.0 3
1726778463074 200.0 6
1726778463167 210.0 6
1726778463257 220.0 6
1726778463349 230.0 6
1726778463441 240.0 6
1726778464586 0.0 0
1726778464690 10.0 0
1726778464782 20.0 0
1726778464875 30.0 0
1726778464966 40.0 0
1726778465059 50.0 0
1726778465150 60.0 0
1726778465242 70.0 0
1726778465333 80.0 0
1726778465424 90.0 0
1726778465515 100.0 4
1726778465605 110.0 4
1726778465698 120.0 4
1726778465790 130.0 4
1726778465882 140.0 4
1726778465973 150.0 4
1726778466064 160.0 4
1726778466156 170.0 4
1726778466248 180.0 4
1726778466340 190.0 4
1726778466441 200.0 8
1726778466532 210.0 8
1726778466624 220.0 8
1726778466718 230.0 8
1726778466812 240.0 8
1726778467900 0.0 0
1726778467998 10.0 0
1726778468089 20.0 0
1726778468180 30.0 0
1726778468271 40.0 0
1726778468361 50.0 0
1726778468459 60.0 0
1726778468555 70.0 0
1726778468649 80.0 0
1726778468742 90.0 0
1726778468834 100.0 5
1726778468924 110.0 5
1726778469016 120.0 5
1726778469108 130.0 5
1726778469201 140.0 5
1726778469295 150.0 5
1726778469389 160.0 5
1726778469480 170.0 5
1726778469573 180.0 5
1726778469668 190.0 5
1726778469760 200.0 10
1726778469851 210.0 10
1726778469946 220.0 10
1726778470039 230.0 10
1726778470132 240.0 10
1726778471286 0.0 0
1726778471377 10.0 0
1726778471467 20.0 0
1726778471557 30.0 0
1726778471648 40.0 0
1726778471742 50.0 0
1726778471834 60.0 0
1726778471925 70.0 0
1726778472017 80.0 0
1726778472107 90.0 0
1726778472200 100.0 6
1726778472292 110.0 6
1726778472383 120.0 6
1726778472472 130.0 6
1726778472572 140.0 6
1726778472664 150.0 6
1726778472756 160.0 6
1726778472848 170.0 6
1726778472939 180.0 6
1726778473031 190.0 6
1726778473122 200.0 12
1726778473213 210.0 12
1726778473303 220.0 12
1726778473397 230.0 12
1726778473489 240.0 12
1726778474599 0.0 0
1726778474705 10.0 0
1726778474796 20.0 0
1726778474886 30.0 0
1726778474975 40.0 0
1726778475066 50.0 0
1726778475156 60.0 0
1726778475246 70.0 0
1726778475337 80.0 0
1726778475428 90.0 0
1726778475518 100.0 7
1726778475609 110.0 7
1726778475701 120.0 7
1726778475792 130.0 7
1726778475883 140.0 7
1726778475974 150.0 7
1726778476064 160.0 7
1726778476156 170.0 7
1726778476245 180.0 7
1726778476336 190.0 7
1726778476424 200.0 14
1726778476514 210.0 14
1726778476607 220.0 14
1726778476700 230.0 14
1726778476792 240.0 14
