1727090454527 27.764772 0
1727090454628 27.635559 0
1727090454727 26.924263 0
1727090454825 46.881138 0
1727090455211 1.266682 0
1727090455315 10.982011 0
1727090455419 5.94419 0
1727090455520 3.587567 0
1727090455858 6.157791 0
1727090455961 42.644112 0
1727090456064 1.15811 0
1727090456162 3.178461 0
1727090456520 17.040184 0
1727090456623 3.461478 0
1727090456727 1.636493 0
1727090456830 2.174613 0
1727090457179 3.242816 0
1727090457280 6.985165 0
1727090457375 2.194502 0
1727090457472 1.261548 0
1727090457818 0.806025 0
1727090457921 4.212537 0
1727090458017 1.705002 0
1727090458117 1.043046 0
1727090458447 0.668308 0
1727090458541 2.833423 0
1727090458645 1.244154 0
1727090458750 2.628184 0
1727090459090 0.640381 0
1727090459195 2.586747 0
1727090459291 1.78031 0
1727090459383 1.352109 0
1727090459703 0.53144 0
1727090459804 465.098907 0
1727090459906 1.297296 0
1727090460004 0.91538 0
1727090460367 0.456392 0
1727090460474 3.922381 0
1727090460583 2.122938 0
1727090460689 4.641997 0
