1726910061962 0.713098 0
1726910062106 2.087235 0
1726910062247 0.484712 0
1726910062388 0.340788 0
1726910062529 0.423003 0
1726910062670 0.310084 0
1726910062813 0.269886 0
1726910062955 0.248913 0
1726910063097 0.160433 0
1726910063239 0.301704 0
1726910063381 1.12415 1
1726910064295 0.665313 0
1726910064439 1.01444 0
1726910064581 0.18964 0
1726910064723 0.215155 0
1726910064865 0.327816 0
1726910065007 0.209888 0
1726910065156 0.288039 0
1726910065300 0.26624 0
1726910065442 0.160571 0
1726910065585 0.208505 0
1726910065727 0.768994 2
1726910066607 0.214386 0
1726910066750 0.913818 0
1726910066892 0.187939 0
1726910067035 0.253939 0
1726910067178 0.328206 0
1726910067321 0.266073 0
1726910067463 0.329851 0
1726910067604 0.349885 0
1726910067747 0.142835 0
1726910067890 0.208284 0
1726910068034 0.568068 3
1726910068915 0.363194 0
1726910069064 0.860761 0
1726910069208 0.214456 0
1726910069350 0.184653 0
1726910069495 0.271032 0
1726910069636 0.209484 0
1726910069778 0.264898 0
1726910069920 0.274878 0
1726910070063 0.12964 0
1726910070209 0.205313 0
1726910070352 0.509267 4
1726910071239 0.279198 0
1726910071382 0.846172 0
1726910071524 0.170423 0
1726910071665 0.188629 0
1726910071806 0.25186 0
1726910071948 0.193329 0
1726910072091 0.245521 0
1726910072237 0.247932 0
1726910072378 0.151124 0
1726910072520 0.186872 0
1726910072661 0.506359 5
1726910073551 0.168605 0
1726910073698 0.741822 0
1726910073840 0.160139 0
1726910073981 0.167745 0
1726910074124 0.26294 0
1726910074270 0.219996 0
1726910074413 0.264261 0
1726910074555 0.24761 0
1726910074697 0.122954 0
1726910074838 0.185255 0
1726910074980 0.460827 6
1726910075852 0.147351 0
1726910075997 0.680367 0
1726910076140 0.155479 0
1726910076285 0.189432 0
1726910076429 0.252756 0
1726910076570 0.188597 0
1726910076713 0.236115 0
1726910076854 0.230723 0
1726910076995 0.125045 0
1726910077137 0.174164 0
1726910077279 0.496022 7
