1726922299745 0.379759 0
1726922299894 0.104861 0
1726922300040 7.190013 0
1726922300194 0.299858 0
1726922300738 0.167285 0
1726922300887 0.196273 0
1726922301036 5.150023 0
1726922301185 0.435564 0
1726922301647 0.148905 0
1726922301794 0.176265 0
1726922301941 3.868257 0
1726922302089 0.380264 0
1726922302553 0.146356 0
1726922302702 0.151231 0
1726922302850 3.007123 0
1726922302998 0.304037 0
1726922303452 0.142581 0
1726922303600 0.127614 0
1726922303749 2.523366 0
1726922303897 0.259043 0
1726922304353 0.14127 0
1726922304505 0.120523 0
1726922304654 2.247991 0
1726922304802 0.235424 0
1726922305264 0.138123 0
1726922305412 0.112277 0
1726922305559 2.052635 0
1726922305708 0.216444 0
1726922306158 0.141156 0
1726922306307 0.111969 0
1726922306454 1.890769 0
1726922306602 0.203811 0
1726922307054 0.135963 0
1726922307203 0.11083 0
1726922307351 1.805307 0
1726922307501 0.196417 0
1726922307942 0.136945 0
1726922308103 0.108808 0
1726922308260 1.721102 0
1726922308414 0.199702 0
