1726790891179 0.0 0
1726790891280 10.0 0
1726790891386 20.0 0
1726790891483 30.0 0
1726790891580 40.0 0
1726790891678 50.0 0
1726790891784 60.0 0
1726790891881 70.0 0
1726790891977 80.0 0
1726790892074 90.0 0
1726790892169 100.0 1
1726790892266 110.0 1
1726790892362 120.0 1
1726790892459 130.0 1
1726790892554 140.0 1
1726790892650 150.0 1
1726790892746 160.0 1
1726790892842 170.0 1
1726790892938 180.0 1
1726790893032 190.0 1
1726790893128 200.0 2
1726790893228 210.0 2
1726790893326 220.0 2
1726790894543 0.0 0
1726790894645 10.0 0
1726790894742 20.0 0
1726790894837 30.0 0
1726790894933 40.0 0
1726790895034 50.0 0
1726790895131 60.0 0
1726790895229 70.0 0
1726790895329 80.0 0
1726790895427 90.0 0
1726790895531 100.0 2
1726790895628 110.0 2
1726790895728 120.0 2
1726790895825 130.0 2
1726790895923 140.0 2
1726790896020 150.0 2
1726790896117 160.0 2
1726790896214 170.0 2
1726790896310 180.0 2
1726790896407 190.0 2
1726790896503 200.0 4
1726790896599 210.0 4
1726790896696 220.0 4
1726790897931 0.0 0
1726790898038 10.0 0
1726790898134 20.0 0
1726790898230 30.0 0
1726790898326 40.0 0
1726790898424 50.0 0
1726790898521 60.0 0
1726790898620 70.0 0
1726790898717 80.0 0
1726790898813 90.0 0
1726790898910 100.0 3
1726790899008 110.0 3
1726790899104 120.0 3
1726790899202 130.0 3
1726790899298 140.0 3
1726790899393 150.0 3
1726790899488 160.0 3
1726790899593 170.0 3
1726790899690 180.0 3
1726790899786 190.0 3
1726790899883 200.0 6
1726790899979 210.0 6
1726790900075 220.0 6
1726790901251 0.0 0
1726790901350 10.0 0
1726790901445 20.0 0
1726790901540 30.0 0
1726790901646 40.0 0
1726790901747 50.0 0
1726790901845 60.0 0
1726790901945 70.0 0
1726790902047 80.0 0
1726790902144 90.0 0
1726790902245 100.0 4
1726790902342 110.0 4
1726790902437 120.0 4
1726790902532 130.0 4
1726790902626 140.0 4
1726790902722 150.0 4
1726790902819 160.0 4
1726790902916 170.0 4
1726790903012 180.0 4
1726790903109 190.0 4
1726790903208 200.0 8
1726790903304 210.0 8
1726790903400 220.0 8
1726790904610 0.0 0
1726790904714 10.0 0
1726790904809 20.0 0
1726790904905 30.0 0
1726790905001 40.0 0
1726790905096 50.0 0
1726790905192 60.0 0
1726790905289 70.0 0
1726790905384 80.0 0
1726790905479 90.0 0
1726790905574 100.0 5
1726790905675 110.0 5
1726790905775 120.0 5
1726790905870 130.0 5
1726790905968 140.0 5
1726790906067 150.0 5
1726790906166 160.0 5
1726790906276 170.0 5
1726790906376 180.0 5
1726790906474 190.0 5
1726790906569 200.0 10
1726790906666 210.0 10
1726790906766 220.0 10
1726790907946 0.0 0
1726790908045 10.0 0
1726790908140 20.0 0
1726790908236 30.0 0
1726790908331 40.0 0
1726790908426 50.0 0
1726790908521 60.0 0
1726790908616 70.0 0
1726790908711 80.0 0
1726790908809 90.0 0
1726790908906 100.0 6
1726790909002 110.0 6
1726790909098 120.0 6
1726790909197 130.0 6
1726790909304 140.0 6
1726790909410 150.0 6
1726790909508 160.0 6
1726790909610 170.0 6
1726790909709 180.0 6
1726790909814 190.0 6
1726790909911 200.0 12
1726790910008 210.0 12
1726790910108 220.0 12
1726790911289 0.0 0
1726790911396 10.0 0
1726790911494 20.0 0
1726790911595 30.0 0
1726790911691 40.0 0
1726790911798 50.0 0
1726790911900 60.0 0
1726790911997 70.0 0
1726790912095 80.0 0
1726790912193 90.0 0
1726790912292 100.0 7
1726790912393 110.0 7
1726790912493 120.0 7
1726790912592 130.0 7
1726790912688 140.0 7
1726790912785 150.0 7
1726790912881 160.0 7
1726790912979 170.0 7
1726790913077 180.0 7
1726790913175 190.0 7
1726790913272 200.0 14
1726790913371 210.0 14
1726790913468 220.0 14
1726790914673 0.0 0
1726790914776 10.0 0
1726790914872 20.0 0
1726790914969 30.0 0
1726790915064 40.0 0
1726790915160 50.0 0
1726790915259 60.0 0
1726790915356 70.0 0
1726790915451 80.0 0
1726790915550 90.0 0
1726790915646 100.0 8
1726790915747 110.0 8
1726790915846 120.0 8
1726790915953 130.0 8
1726790916050 140.0 8
1726790916145 150.0 8
1726790916242 160.0 8
1726790916338 170.0 8
1726790916434 180.0 8
1726790916534 190.0 8
1726790916630 200.0 16
1726790916726 210.0 16
1726790916828 220.0 16
