1726810491763 63.71109 0
1726810491867 14.935396 0
1726810491968 2.936971 0
1726810492067 4.072176 0
1726810492177 4.870622 0
1726810492279 3.561312 0
1726810492380 65.178741 0
1726810492480 3.185801 0
1726810492580 1.2101 0
1726810492680 2.886991 0
1726810492779 1.964661 1
1726810492881 4.597325 1
1726810492983 2.072283 1
1726810493085 2.882005 1
1726810493186 1.005744 1
1726810493286 0.590713 1
1726810493389 1.488152 1
1726810493489 11.175229 1
1726810494387 2.120193 0
1726810494492 2.236109 0
1726810494598 3.094763 0
1726810494703 2.594772 0
1726810494804 2.999285 0
1726810494905 1.091899 0
1726810495006 5.018964 0
1726810495107 1.983689 0
1726810495207 1.15326 0
1726810495310 1.649631 0
1726810495420 1.986214 2
1726810495524 3.889087 2
1726810495625 1.797613 2
1726810495726 1.204577 2
1726810495827 0.712215 2
1726810495927 0.569463 2
1726810496027 2.205399 2
1726810496127 14.77693 2
1726810497095 3.938741 0
1726810497202 1.103096 0
1726810497305 1.781782 0
1726810497407 5.00371 0
1726810497509 3.28652 0
1726810497612 4.636864 0
1726810497712 7.303062 0
1726810497812 1.511593 0
1726810497913 1.19254 0
1726810498014 1.012311 0
1726810498117 1846.264038 3
1726810498221 3.415435 3
1726810498332 4.750258 3
1726810498437 1.466733 3
1726810498539 0.972574 3
1726810498640 0.737575 3
1726810498739 0.966825 3
1726810498842 8.676414 3
1726810499829 2.271623 0
1726810499934 1.123062 0
1726810500038 1.270588 0
1726810500142 9.930365 0
1726810500244 2.643379 0
1726810500354 8.496827 0
1726810500455 18.048302 0
1726810500557 5.656693 0
1726810500659 2.430943 0
1726810500760 1.530999 0
1726810500862 1.31026 4
1726810500962 2.071043 4
1726810501062 1.698467 4
1726810501163 0.789862 4
1726810501263 0.827539 4
1726810501365 0.738668 4
1726810501467 1.144209 4
1726810501568 6.906328 4
1726810502556 2.84149 0
1726810502658 1.380977 0
1726810502763 1.693172 0
1726810502864 3.783215 0
1726810502964 5.926386 0
1726810503064 0.854571 0
1726810503172 2.607092 0
1726810503275 3.254857 0
1726810503376 3.714944 0
1726810503477 7.278481 0
1726810503577 1.487953 5
1726810503688 3.016455 5
1726810503791 0.842678 5
1726810503892 1.050032 5
1726810503993 1.009604 5
1726810504095 0.502274 5
1726810504196 0.8453 5
1726810504298 8.320494 5
