1726816371839 0.0 0
1726816371942 10.0 0
1726816372043 20.0 0
1726816372145 30.0 0
1726816372246 40.0 0
1726816372348 50.0 0
1726816372450 60.0 0
1726816372562 70.0 0
1726816372667 80.0 0
1726816372769 90.0 0
1726816372872 100.0 1
1726816373581 0.0 0
1726816373691 10.0 0
1726816373791 20.0 0
1726816373893 30.0 0
1726816373995 40.0 0
1726816374099 50.0 0
1726816374202 60.0 0
1726816374304 70.0 0
1726816374405 80.0 0
1726816374507 90.0 0
1726816374618 100.0 2
1726816375294 0.0 0
1726816375415 10.0 0
1726816375517 20.0 0
1726816375617 30.0 0
1726816375719 40.0 0
1726816375819 50.0 0
1726816375919 60.0 0
1726816376021 70.0 0
1726816376123 80.0 0
1726816376225 90.0 0
1726816376325 100.0 3
1726816377063 0.0 0
1726816377165 10.0 0
1726816377269 20.0 0
1726816377372 30.0 0
1726816377473 40.0 0
1726816377574 50.0 0
1726816377676 60.0 0
1726816377778 70.0 0
1726816377885 80.0 0
1726816377988 90.0 0
1726816378089 100.0 4
1726816378796 0.0 0
1726816378900 10.0 0
1726816379001 20.0 0
1726816379103 30.0 0
1726816379205 40.0 0
1726816379310 50.0 0
1726816379414 60.0 0
1726816379517 70.0 0
1726816379625 80.0 0
1726816379728 90.0 0
1726816379834 100.0 5
1726816380588 0.0 0
1726816380701 10.0 0
1726816380806 20.0 0
1726816380910 30.0 0
1726816381012 40.0 0
1726816381113 50.0 0
1726816381214 60.0 0
1726816381317 70.0 0
1726816381422 80.0 0
1726816381524 90.0 0
1726816381627 100.0 6
1726816382306 0.0 0
1726816382418 10.0 0
1726816382520 20.0 0
1726816382621 30.0 0
1726816382728 40.0 0
1726816382832 50.0 0
1726816382934 60.0 0
1726816383036 70.0 0
1726816383137 80.0 0
1726816383243 90.0 0
1726816383346 100.0 7
1726816384033 0.0 0
1726816384138 10.0 0
1726816384239 20.0 0
1726816384345 30.0 0
1726816384448 40.0 0
1726816384552 50.0 0
1726816384654 60.0 0
1726816384763 70.0 0
1726816384869 80.0 0
1726816384975 90.0 0
1726816385078 100.0 8
1726816385806 0.0 0
1726816385915 10.0 0
1726816386017 20.0 0
1726816386120 30.0 0
1726816386225 40.0 0
1726816386327 50.0 0
1726816386428 60.0 0
1726816386531 70.0 0
1726816386636 80.0 0
1726816386742 90.0 0
1726816386855 100.0 9
1726816387526 0.0 0
1726816387631 10.0 0
1726816387734 20.0 0
1726816387836 30.0 0
1726816387939 40.0 0
1726816388042 50.0 0
1726816388143 60.0 0
1726816388244 70.0 0
1726816388345 80.0 0
1726816388447 90.0 0
1726816388552 100.0 10
