1726834785244 8.416552 0
1726834785371 0.929448 0
1726834785498 1.149956 0
1726834785625 15.617359 0
1726834785753 3.421435 0
1726834785880 9.467096 0
1726834786007 2.5732 0
1726834786565 2.587817 0
1726834786692 10.304932 0
1726834786820 3.098987 0
1726834786948 12.862947 0
1726834787075 30.235571 0
1726834787203 2.21741 0
1726834787331 2.943491 0
1726834787892 0.824283 0
1726834788020 6.285111 0
1726834788147 8.490709 0
1726834788274 38.602444 0
1726834788402 2.940427 0
1726834788530 1.988207 0
1726834788658 3.89786 0
1726834789220 0.765398 0
1726834789347 10.441319 0
1726834789475 5.148444 0
1726834789602 1.283676 0
1726834789730 8.787267 0
1726834789857 5.666402 0
1726834789985 8.791098 0
1726834790543 0.988913 0
1726834790671 4.129709 0
1726834790799 14.298572 0
1726834790927 0.991853 0
1726834791055 14.236763 0
1726834791183 4.66611 0
1726834791312 2.583276 0
1726834791869 0.885118 0
1726834791996 6.321966 0
1726834792124 2.867809 0
1726834792252 1.228915 0
1726834792379 10.246895 0
1726834792506 2.35814 0
1726834792634 2.842089 0
1726834793194 0.804225 0
1726834793323 9.831014 0
1726834793450 5.081001 0
1726834793577 3.410038 0
1726834793705 3.72098 0
1726834793832 1.834508 0
1726834793959 4.365735 0
