1726834785229 0.0 0
1726834785356 10.0 0
1726834785484 20.0 0
1726834785611 30.0 0
1726834785738 40.0 0
1726834785865 50.0 0
1726834785992 60.0 0
1726834786551 0.0 0
1726834786678 10.0 0
1726834786806 20.0 0
1726834786933 30.0 0
1726834787061 40.0 0
1726834787189 50.0 0
1726834787316 60.0 0
1726834787878 0.0 0
1726834788005 10.0 0
1726834788132 20.0 0
1726834788259 30.0 0
1726834788387 40.0 0
1726834788515 50.0 0
1726834788643 60.0 0
1726834789206 0.0 0
1726834789333 10.0 0
1726834789460 20.0 0
1726834789588 30.0 0
1726834789715 40.0 0
1726834789843 50.0 0
1726834789970 60.0 0
1726834790529 0.0 0
1726834790657 10.0 0
1726834790784 20.0 0
1726834790912 30.0 0
1726834791040 40.0 0
1726834791169 50.0 0
1726834791297 60.0 0
1726834791854 0.0 0
1726834791982 10.0 0
1726834792109 20.0 0
1726834792237 30.0 0
1726834792364 40.0 0
1726834792492 50.0 0
1726834792619 60.0 0
1726834793180 0.0 0
1726834793308 10.0 0
1726834793436 20.0 0
1726834793562 30.0 0
1726834793690 40.0 0
1726834793817 50.0 0
1726834793945 60.0 0
