1726760955658 0.0 0
1726760955748 10.0 0
1726760955837 20.0 0
1726760955928 30.0 0
1726760956019 40.0 0
1726760956107 50.0 0
1726760956196 60.0 0
1726760956284 70.0 0
1726760956371 80.0 0
1726760956460 90.0 0
1726760956555 100.0 1
1726760957069 0.0 0
1726760957164 10.0 0
1726760957253 20.0 0
1726760957342 30.0 0
1726760957433 40.0 0
1726760957523 50.0 0
1726760957612 60.0 0
1726760957701 70.0 0
1726760957790 80.0 0
1726760957878 90.0 0
1726760957965 100.0 2
1726760958468 0.0 0
1726760958568 10.0 0
1726760958662 20.0 0
1726760958753 30.0 0
1726760958843 40.0 0
1726760958931 50.0 0
1726760959024 60.0 0
1726760959115 70.0 0
1726760959204 80.0 0
1726760959294 90.0 0
1726760959383 100.0 3
1726760959892 0.0 0
1726760959987 10.0 0
1726760960079 20.0 0
1726760960169 30.0 0
1726760960257 40.0 0
1726760960346 50.0 0
1726760960435 60.0 0
1726760960522 70.0 0
1726760960631 80.0 0
1726760960725 90.0 0
1726760960813 100.0 4
