1727265492538 0.544272 0
1727265492715 0.193181 0
1727265492875 0.102999 0
1727265493045 0.204989 0
1727265493209 0.250415 0
1727265493369 0.151999 0
1727265493529 0.308142 0
1727265493685 0.531217 0
1727265493846 0.265105 0
1727265494003 0.41384 0
1727265494177 0.181213 1
1727265494346 0.219351 1
1727265494512 0.487131 1
1727265494674 0.276313 1
1727265494838 0.538337 1
1727265495001 0.161828 1
1727265495164 0.183767 1
1727265495341 0.33374 1
1727265495504 0.15924 1
1727265495666 0.301144 1
1727265495836 0.269408 2
1727265495996 0.212709 2
1727265496166 0.449717 2
1727265496340 1.43397 2
1727265496501 0.391076 2
1727265496667 0.284413 2
1727265496846 0.987214 2
1727265497011 2.360626 2
1727265497185 1.456637 2
1727265497360 0.245318 2
1727265497524 0.389938 3
1727265497695 1.196949 3
1727265497857 0.820629 3
1727265498020 2.641262 3
1727265498178 2.163917 3
1727265498339 0.71559 3
1727265498502 0.34727 3
1727265500360 1.917414 0
1727265500539 0.194881 0
1727265500717 0.146567 0
1727265500897 0.145648 0
1727265501064 0.196339 0
1727265501236 0.185713 0
1727265501400 0.248714 0
1727265501570 0.604622 0
1727265501728 0.272779 0
1727265501893 0.315568 0
1727265502063 0.13189 2
1727265502229 0.268921 2
1727265502398 0.246241 2
1727265502567 0.266311 2
1727265502741 0.509681 2
1727265502908 0.172978 2
1727265503078 0.322001 2
1727265503243 0.429012 2
1727265503412 0.463157 2
1727265503589 0.187901 2
1727265503744 0.231657 4
1727265503896 0.117518 4
1727265504051 0.46242 4
1727265504224 1.088317 4
1727265504390 0.584091 4
1727265504558 0.335339 4
1727265504720 0.961892 4
1727265504879 2.308899 4
1727265505041 1.530526 4
1727265505220 0.224526 4
1727265505385 0.342652 6
1727265505542 1.008376 6
1727265505698 0.830146 6
1727265505858 2.730159 6
1727265506018 2.346022 6
1727265506218 0.766349 6
1727265506396 0.416446 6
1727265508253 0.955236 0
1727265508416 0.166549 0
1727265508577 0.112807 0
1727265508746 0.162568 0
1727265508921 0.182653 0
1727265509091 0.196675 0
1727265509252 0.295408 0
1727265509427 0.485613 0
1727265509600 0.264041 0
1727265509782 0.277578 0
1727265509944 0.138802 3
1727265510106 0.210403 3
1727265510268 0.288838 3
1727265510434 0.306672 3
1727265510601 0.469476 3
1727265510775 0.16969 3
1727265510940 0.265701 3
1727265511099 0.328019 3
1727265511268 0.444201 3
1727265511444 0.206292 3
1727265511615 0.334162 6
1727265511782 0.116455 6
1727265511948 0.419434 6
1727265512127 1.082212 6
1727265512302 0.562271 6
1727265512469 0.305834 6
1727265512648 0.92529 6
1727265512851 1.999159 6
1727265513021 1.461554 6
1727265513215 0.213487 6
1727265513381 0.328331 9
1727265513543 0.951516 9
1727265513696 0.827997 9
1727265513860 2.276107 9
1727265514017 2.321946 9
1727265514180 0.718352 9
1727265514343 0.311688 9
1727265516259 0.400607 0
1727265516422 0.154096 0
1727265516589 0.106916 0
1727265516760 0.126027 0
1727265516919 0.172731 0
1727265517076 0.189687 0
1727265517238 0.268454 0
1727265517409 0.468228 0
1727265517577 0.259517 0
1727265517745 0.23616 0
1727265517902 0.159366 4
1727265518091 0.139476 4
1727265518269 0.200095 4
1727265518451 0.316507 4
1727265518633 0.472153 4
1727265518819 0.203324 4
1727265519002 0.142099 4
1727265519196 0.341735 4
1727265519371 0.470298 4
1727265519536 0.205975 4
1727265519694 0.371152 8
1727265519852 0.126918 8
1727265520012 0.374258 8
1727265520182 0.931542 8
1727265520342 0.448454 8
1727265520514 0.298183 8
1727265520682 0.892601 8
1727265520855 2.202081 8
1727265521019 1.443679 8
1727265521185 0.163552 8
1727265521369 0.358665 12
1727265521536 0.887147 12
1727265521703 0.808305 12
1727265521881 1.993049 12
1727265522052 2.309944 12
1727265522224 0.814629 12
1727265522403 0.28478 12
