1727087803913 0.0 0
1727087804051 10.0 0
1727087804188 20.0 0
1727087804572 0.0 0
1727087804709 10.0 0
1727087804846 20.0 0
1727087805234 0.0 0
1727087805379 10.0 0
1727087805515 20.0 0
1727087805908 0.0 0
1727087806052 10.0 0
1727087806185 20.0 0
1727087806569 0.0 0
1727087806711 10.0 0
1727087806846 20.0 0
1727087807220 0.0 0
1727087807359 10.0 0
1727087807493 20.0 0
1727087807875 0.0 0
1727087808026 10.0 0
1727087808161 20.0 0
1727087808556 0.0 0
1727087808696 10.0 0
1727087808837 20.0 0
1727087809265 0.0 0
1727087809424 10.0 0
1727087809565 20.0 0
1727087809959 0.0 0
1727087810098 10.0 0
1727087810235 20.0 0
