1726888242985 124.779533 0
1726888243123 1.889904 0
1726888243260 5.204479 0
1726888243397 5.816714 0
1726888243535 3.683192 0
1726888243674 1.843178 0
1726888243811 0.790405 0
1726888243953 1.985641 0
1726888244091 5.288525 0
1726888244228 1.308197 0
1726888244368 0.453793 1
1726888244505 1.29711 1
1726888244643 3.556887 1
1726888244781 0.72921 1
1726888244919 16.390179 1
1726888245057 1.142404 1
1726888245194 1.600207 1
1726888245331 10.721514 1
1726888245468 37.26371 1
1726888245605 1.162129 1
1726888245766 1.78832 2
1726888245906 1.756383 2
1726888246045 1.650825 2
1726888246182 1.569625 2
1726888247866 9.983629 0
1726888248012 3.870478 0
1726888248151 3.77398 0
1726888248289 2.722891 0
1726888248427 2.887368 0
1726888248563 3.908625 0
1726888248700 1.735643 0
1726888248838 3.152083 0
1726888248974 3.778829 0
1726888249111 0.778976 0
1726888249248 0.648856 2
1726888249386 2.198336 2
1726888249523 3.308128 2
1726888249661 14.102522 2
1726888249800 1.697746 2
1726888249937 0.830176 2
1726888250080 0.656457 2
1726888250218 1.79119 2
1726888250357 4.321511 2
1726888250494 1.592137 2
1726888250630 1.430954 4
1726888250769 3.127184 4
1726888250906 1.533199 4
1726888251044 1.17911 4
1726888252703 0.563767 0
1726888252841 2.472255 0
1726888252978 1.428258 0
1726888253115 1.592169 0
1726888253252 1.797342 0
1726888253389 1.723857 0
1726888253525 1.412663 0
1726888253662 1.545563 0
1726888253800 4.967896 0
1726888253937 0.591698 0
1726888254077 0.453536 3
1726888254222 8.752099 3
1726888254360 5.377125 3
1726888254497 0.9879 3
1726888254635 0.822925 3
1726888254773 1.280019 3
1726888254911 1.092956 3
1726888255047 12.81959 3
1726888255184 2.520334 3
1726888255321 2.415425 3
1726888255458 1.295789 6
1726888255594 2.461816 6
1726888255732 1.312603 6
1726888255870 1.0373 6
1726888257495 0.622574 0
1726888257634 2.818405 0
1726888257772 1.325679 0
1726888257910 4.743142 0
1726888258047 2.147892 0
1726888258187 2.786992 0
1726888258327 1.653677 0
1726888258465 3.390829 0
1726888258603 21.908138 0
1726888258740 1.278838 0
1726888258880 0.470492 4
1726888259017 1.60712 4
1726888259155 2.711727 4
1726888259293 1.011515 4
1726888259430 7.203835 4
1726888259567 1.361984 4
1726888259705 7.010673 4
1726888259844 2.343422 4
1726888259983 2.29137 4
1726888260120 8.701015 4
1726888260259 1.919787 8
1726888260396 1.90538 8
1726888260534 1.395169 8
1726888260672 31.476624 8
