1726900790419 0.301901 0
1726900790564 0.297297 0
1726900790704 1.786424 0
1726900790845 2.641548 0
1726900790987 1.268473 0
1726900791126 1.470588 0
1726900791267 0.413507 0
1726900791406 0.281769 0
1726900791546 0.341749 0
1726900791686 0.094341 0
1726900791825 0.300079 1
1726900792784 0.379695 0
1726900792930 0.247593 0
1726900793070 0.644133 0
1726900793211 1.420227 0
1726900793352 0.775153 0
1726900793492 0.669133 0
1726900793631 0.324764 0
1726900793771 0.292652 0
1726900793911 0.253173 0
1726900794053 0.131848 0
1726900794193 0.296591 2
1726900795075 0.248801 0
1726900795219 0.192881 0
1726900795361 0.641 0
1726900795501 1.259979 0
1726900795640 0.751262 0
1726900795780 0.756173 0
1726900795921 0.281349 0
1726900796061 0.269935 0
1726900796201 0.226449 0
1726900796340 0.094652 0
1726900796480 0.289575 3
1726900797363 0.089401 0
1726900797507 0.160854 0
1726900797646 0.62316 0
1726900797786 1.207671 0
1726900797928 0.709787 0
1726900798068 0.737755 0
1726900798208 0.272496 0
1726900798348 0.249211 0
1726900798487 0.202668 0
1726900798626 0.10639 0
1726900798766 0.28302 4
1726900799637 0.074173 0
1726900799777 0.138644 0
1726900799917 0.526057 0
1726900800057 1.084837 0
1726900800197 0.719975 0
1726900800338 0.700073 0
1726900800478 0.26165 0
1726900800618 0.276617 0
1726900800758 0.198738 0
1726900800897 0.095437 0
1726900801054 0.289316 5
1726900802046 0.077331 0
1726900802193 0.138914 0
1726900802334 0.579512 0
1726900802478 1.087773 0
1726900802623 0.69039 0
1726900802764 0.667975 0
1726900802904 0.257737 0
1726900803043 0.29463 0
1726900803188 0.190668 0
1726900803330 0.096302 0
1726900803471 0.278492 6
1726900804342 0.070546 0
1726900804486 0.138611 0
1726900804626 0.522262 0
1726900804766 1.030866 0
1726900804905 0.696255 0
1726900805044 0.655099 0
1726900805185 0.254414 0
1726900805328 0.278977 0
1726900805469 0.18956 0
1726900805610 0.113682 0
1726900805752 0.271362 7
1726900806620 0.073648 0
1726900806762 0.131691 0
1726900806902 0.525951 0
1726900807042 0.982417 0
1726900807181 0.672032 0
1726900807324 0.641889 0
1726900807465 0.264499 0
1726900807604 0.296601 0
1726900807748 0.187685 0
1726900807888 0.095069 0
1726900808029 0.270161 8
1726900808888 0.073666 0
1726900809030 0.133313 0
1726900809170 0.547583 0
1726900809311 0.980054 0
1726900809451 0.673997 0
1726900809591 0.633506 0
1726900809731 0.258955 0
1726900809871 0.261816 0
1726900810009 0.185603 0
1726900810152 0.100112 0
1726900810293 0.270052 9
