1726834512732 0.887097 0
1726834512859 0.626054 0
1726834512988 0.637522 0
1726834513116 0.266298 0
1726834513243 0.345975 0
1726834513370 0.190323 0
1726834513497 1.050701 0
1726834513624 0.916689 0
1726834513752 0.422208 0
1726834514425 0.405179 0
1726834514558 0.56578 0
1726834514685 0.485026 0
1726834514812 0.53863 0
1726834514940 0.398376 0
1726834515069 0.215123 0
1726834515196 1.205299 0
1726834515323 0.657585 0
1726834515451 0.363653 0
1726834516132 0.368902 0
1726834516259 0.51678 0
1726834516386 0.424886 0
1726834516514 0.307226 0
1726834516641 0.442833 0
1726834516769 0.222009 0
1726834516896 1.008496 0
1726834517024 0.657901 0
1726834517152 0.401227 0
1726834517829 0.322542 0
1726834517956 0.601056 0
1726834518084 0.506154 0
1726834518211 0.412726 0
1726834518339 0.327178 0
1726834518466 0.221135 0
1726834518592 1.135257 0
1726834518720 0.681694 0
1726834518847 0.560856 0
1726834519526 0.406763 0
1726834519653 0.620259 0
1726834519781 0.671952 0
1726834519909 0.342282 0
1726834520037 0.312737 0
1726834520164 0.192011 0
1726834520292 1.001027 0
1726834520419 0.705758 0
1726834520546 0.367414 0
1726834521231 0.389047 0
1726834521358 0.560894 0
1726834521486 0.5553 0
1726834521613 0.366165 0
1726834521740 0.377392 0
1726834521867 0.247328 0
1726834521995 0.980055 0
1726834522121 0.66673 0
1726834522249 0.198554 0
1726834522926 0.416677 0
1726834523053 0.569007 0
1726834523181 0.431868 0
1726834523309 0.362646 0
1726834523437 0.372291 0
1726834523565 0.246223 0
1726834523692 1.041257 0
1726834523819 0.588562 0
1726834523949 0.202162 0
1726834524637 0.36606 0
1726834524766 0.573589 0
1726834524893 0.452866 0
1726834525021 0.357595 0
1726834525148 0.365954 0
1726834525277 0.220761 0
1726834525405 1.079779 0
1726834525533 0.659407 0
1726834525661 0.229518 0
1726834526337 0.3642 0
1726834526465 0.622846 0
1726834526593 0.478262 0
1726834526721 0.326902 0
1726834526848 0.323471 0
1726834526976 0.235032 0
1726834527104 0.96309 0
1726834527232 0.643664 0
1726834527361 0.243258 0
1726834528036 0.327293 0
1726834528164 0.579283 0
1726834528291 0.446085 0
1726834528419 0.302697 0
1726834528547 0.360094 0
1726834528674 0.269983 0
1726834528801 0.817159 0
1726834528928 0.71273 0
1726834529055 0.262267 0
