1726793263659 0.0 0
1726793263756 10.0 0
1726793263858 20.0 0
1726793263957 30.0 0
1726793264053 40.0 0
1726793264149 50.0 0
1726793264244 60.0 0
1726793264341 70.0 0
1726793264436 80.0 0
1726793264532 90.0 0
1726793264631 100.0 1
1726793264727 110.0 1
1726793264825 120.0 1
1726793264927 130.0 1
1726793265024 140.0 1
1726793265122 150.0 1
1726793265222 160.0 1
1726793265320 170.0 1
1726793265416 180.0 1
1726793265513 190.0 1
1726793265610 200.0 2
1726793265706 210.0 2
1726793265811 220.0 2
1726793265919 230.0 2
1726793266019 240.0 2
1726793266117 250.0 2
1726793266214 260.0 2
1726793266309 270.0 2
1726793266405 280.0 2
1726793266499 290.0 2
1726793266596 300.0 3
1726793266691 310.0 3
1726793266789 320.0 3
1726793266884 330.0 3
1726793266980 340.0 3
1726793267075 350.0 3
1726793267170 360.0 3
1726793267268 370.0 3
1726793267365 380.0 3
1726793267463 390.0 3
1726793267559 400.0 4
1726793267659 410.0 4
1726793267757 420.0 4
1726793267852 430.0 4
1726793267959 440.0 4
1726793268058 450.0 4
1726793268156 460.0 4
1726793268255 470.0 4
1726793268353 480.0 4
1726793268450 490.0 4
1726793268546 500.0 5
1726793268643 510.0 5
1726793268742 520.0 5
1726793268843 530.0 5
1726793268941 540.0 5
1726793269038 550.0 5
1726793269135 560.0 5
1726793269232 570.0 5
1726793271826 0.0 0
1726793271922 10.0 0
1726793272020 20.0 0
1726793272115 30.0 0
1726793272209 40.0 0
1726793272308 50.0 0
1726793272405 60.0 0
1726793272501 70.0 0
1726793272597 80.0 0
1726793272693 90.0 0
1726793272788 100.0 2
1726793272883 110.0 2
1726793272978 120.0 2
1726793273073 130.0 2
1726793273169 140.0 2
1726793273263 150.0 2
1726793273360 160.0 2
1726793273456 170.0 2
1726793273553 180.0 2
1726793273650 190.0 2
1726793273746 200.0 4
1726793273841 210.0 4
1726793273937 220.0 4
1726793274031 230.0 4
1726793274133 240.0 4
1726793274227 250.0 4
1726793274322 260.0 4
1726793274418 270.0 4
1726793274512 280.0 4
1726793274607 290.0 4
1726793274707 300.0 6
1726793274807 310.0 6
1726793274906 320.0 6
1726793275001 330.0 6
1726793275096 340.0 6
1726793275194 350.0 6
1726793275295 360.0 6
1726793275391 370.0 6
1726793275486 380.0 6
1726793275581 390.0 6
1726793275674 400.0 8
1726793275776 410.0 8
1726793275873 420.0 8
1726793275971 430.0 8
1726793276066 440.0 8
1726793276168 450.0 8
1726793276264 460.0 8
1726793276363 470.0 8
1726793276459 480.0 8
1726793276559 490.0 8
1726793276657 500.0 10
1726793276753 510.0 10
1726793276848 520.0 10
1726793276943 530.0 10
1726793277039 540.0 10
1726793277134 550.0 10
1726793277229 560.0 10
1726793277324 570.0 10
1726793279809 0.0 0
1726793279904 10.0 0
1726793279999 20.0 0
1726793280094 30.0 0
1726793280193 40.0 0
1726793280292 50.0 0
1726793280390 60.0 0
1726793280488 70.0 0
1726793280586 80.0 0
1726793280680 90.0 0
1726793280776 100.0 3
1726793280876 110.0 3
1726793280972 120.0 3
1726793281067 130.0 3
1726793281162 140.0 3
1726793281257 150.0 3
1726793281353 160.0 3
1726793281449 170.0 3
1726793281547 180.0 3
1726793281642 190.0 3
1726793281737 200.0 6
1726793281835 210.0 6
1726793281932 220.0 6
1726793282027 230.0 6
1726793282125 240.0 6
1726793282225 250.0 6
1726793282324 260.0 6
1726793282423 270.0 6
1726793282520 280.0 6
1726793282615 290.0 6
1726793282717 300.0 9
1726793282812 310.0 9
1726793282906 320.0 9
1726793283001 330.0 9
1726793283095 340.0 9
1726793283189 350.0 9
1726793283283 360.0 9
1726793283376 370.0 9
1726793283470 380.0 9
1726793283563 390.0 9
1726793283657 400.0 12
1726793283751 410.0 12
1726793283844 420.0 12
1726793283941 430.0 12
1726793284037 440.0 12
1726793284133 450.0 12
1726793284231 460.0 12
1726793284334 470.0 12
1726793284432 480.0 12
1726793284529 490.0 12
1726793284623 500.0 15
1726793284722 510.0 15
1726793284818 520.0 15
1726793284914 530.0 15
1726793285009 540.0 15
1726793285102 550.0 15
1726793285197 560.0 15
1726793285291 570.0 15
1726793287767 0.0 0
1726793287863 10.0 0
1726793287956 20.0 0
1726793288048 30.0 0
1726793288141 40.0 0
1726793288237 50.0 0
1726793288334 60.0 0
1726793288436 70.0 0
1726793288531 80.0 0
1726793288626 90.0 0
1726793288721 100.0 4
1726793288822 110.0 4
1726793288920 120.0 4
1726793289018 130.0 4
1726793289115 140.0 4
1726793289212 150.0 4
1726793289306 160.0 4
1726793289401 170.0 4
1726793289498 180.0 4
1726793289599 190.0 4
1726793289695 200.0 8
1726793289791 210.0 8
1726793289887 220.0 8
1726793289983 230.0 8
1726793290079 240.0 8
1726793290174 250.0 8
1726793290270 260.0 8
1726793290365 270.0 8
1726793290470 280.0 8
1726793290569 290.0 8
1726793290668 300.0 12
1726793290765 310.0 12
1726793290861 320.0 12
1726793290957 330.0 12
1726793291052 340.0 12
1726793291149 350.0 12
1726793291244 360.0 12
1726793291340 370.0 12
1726793291435 380.0 12
1726793291531 390.0 12
1726793291627 400.0 16
1726793291723 410.0 16
1726793291823 420.0 16
1726793291923 430.0 16
1726793292019 440.0 16
1726793292115 450.0 16
1726793292211 460.0 16
1726793292306 470.0 16
1726793292402 480.0 16
1726793292504 490.0 16
1726793292599 500.0 20
1726793292694 510.0 20
1726793292790 520.0 20
1726793292885 530.0 20
1726793292982 540.0 20
1726793293077 550.0 20
1726793293172 560.0 20
1726793293266 570.0 20
