1726872649756 10.964738 0
1726872649892 7.206464 0
1726872650025 26.752129 0
1726872650159 43.14489 0
1726872650292 7.950923 0
1726872650426 11.414292 0
1726872650561 7.895179 0
1726872651147 2.327689 0
1726872651282 11.755293 0
1726872651417 1.205369 0
1726872651551 2.206423 0
1726872651685 2.511694 0
1726872651821 2.123893 0
1726872651955 1.237266 0
1726872652545 8.061729 0
1726872652680 1.021369 0
1726872652816 21.030478 0
1726872652951 0.656605 0
1726872653087 1.389251 0
1726872653222 11.245724 0
1726872653356 34.822098 0
1726872653946 6.272497 0
1726872654081 7.987259 0
1726872654216 6.514512 0
1726872654350 5.239777 0
1726872654485 5.227075 0
1726872654619 28.568569 0
1726872654753 3.657303 0
1726872655345 0.884207 0
1726872655481 2.454444 0
1726872655616 1.986062 0
1726872655757 26.209343 0
1726872655891 4.282305 0
1726872656026 8.156502 0
1726872656160 2.886646 0
1726872656748 3.113638 0
1726872656884 16.018986 0
1726872657019 3.320186 0
1726872657156 8.345539 0
1726872657291 7.483117 0
1726872657425 35.501495 0
1726872657559 3.149234 0
1726872658140 4.319851 0
1726872658274 18.085312 0
1726872658409 47.81847 0
1726872658545 4.337191 0
1726872658680 10.678442 0
1726872658815 11.302631 0
1726872658950 3.40832 0
1726872659541 3.63434 0
1726872659676 24.682243 0
1726872659811 5.651725 0
1726872659945 3.719731 0
1726872660079 4.644139 0
1726872660213 12.623095 0
1726872660348 3.185557 0
1726872660937 25.619705 0
1726872661074 13.032642 0
1726872661209 3.82345 0
1726872661347 16.797707 0
1726872661482 4.371634 0
1726872661617 10.187545 0
1726872661753 4.109989 0
1726872662338 13.161943 0
1726872662474 20.30456 0
1726872662608 5.470715 0
1726872662743 3.766586 0
1726872662878 6.122621 0
1726872663012 7.990717 0
1726872663146 10.868683 0
