1726826900161 0.0 0
1726826900292 10.0 0
1726826900412 20.0 0
1726826900530 30.0 0
1726826900650 40.0 0
1726826900763 50.0 0
1726826900870 60.0 0
1726826900978 70.0 0
1726826901099 80.0 0
1726826901218 90.0 0
1726826901338 100.0 1
1726826901452 110.0 1
1726826901567 120.0 1
1726826901680 130.0 1
1726826901793 140.0 1
1726826901906 150.0 1
1726826902017 160.0 1
1726826902131 170.0 1
1726826902241 180.0 1
1726826902352 190.0 1
1726826903566 0.0 0
1726826903678 10.0 0
1726826903789 20.0 0
1726826903899 30.0 0
1726826904012 40.0 0
1726826904125 50.0 0
1726826904243 60.0 0
1726826904366 70.0 0
1726826904491 80.0 0
1726826904609 90.0 0
1726826904726 100.0 2
1726826904839 110.0 2
1726826904955 120.0 2
1726826905070 130.0 2
1726826905188 140.0 2
1726826905301 150.0 2
1726826905415 160.0 2
1726826905527 170.0 2
1726826905641 180.0 2
1726826905752 190.0 2
1726826906933 0.0 0
1726826907051 10.0 0
1726826907164 20.0 0
1726826907276 30.0 0
1726826907393 40.0 0
1726826907505 50.0 0
1726826907615 60.0 0
1726826907730 70.0 0
1726826907851 80.0 0
1726826907966 90.0 0
1726826908077 100.0 3
1726826908183 110.0 3
1726826908296 120.0 3
1726826908409 130.0 3
1726826908518 140.0 3
1726826908629 150.0 3
1726826908742 160.0 3
1726826908865 170.0 3
1726826908980 180.0 3
1726826909097 190.0 3
1726826910305 0.0 0
1726826910420 10.0 0
1726826910532 20.0 0
1726826910642 30.0 0
1726826910752 40.0 0
1726826910858 50.0 0
1726826910971 60.0 0
1726826911083 70.0 0
1726826911196 80.0 0
1726826911313 90.0 0
1726826911441 100.0 4
1726826911566 110.0 4
1726826911694 120.0 4
1726826911817 130.0 4
1726826911934 140.0 4
1726826912047 150.0 4
1726826912164 160.0 4
1726826912276 170.0 4
1726826912388 180.0 4
1726826912497 190.0 4
1726826913670 0.0 0
1726826913790 10.0 0
1726826913909 20.0 0
1726826914041 30.0 0
1726826914168 40.0 0
1726826914282 50.0 0
1726826914396 60.0 0
1726826914507 70.0 0
1726826914618 80.0 0
1726826914729 90.0 0
1726826914840 100.0 5
1726826914951 110.0 5
1726826915061 120.0 5
1726826915176 130.0 5
1726826915289 140.0 5
1726826915402 150.0 5
1726826915515 160.0 5
1726826915630 170.0 5
1726826915751 180.0 5
1726826915878 190.0 5
1726826917012 0.0 0
1726826917127 10.0 0
1726826917241 20.0 0
1726826917354 30.0 0
1726826917477 40.0 0
1726826917591 50.0 0
1726826917704 60.0 0
1726826917817 70.0 0
1726826917932 80.0 0
1726826918051 90.0 0
1726826918163 100.0 6
1726826918275 110.0 6
1726826918386 120.0 6
1726826918498 130.0 6
1726826918605 140.0 6
1726826918716 150.0 6
1726826918828 160.0 6
1726826918934 170.0 6
1726826919047 180.0 6
1726826919159 190.0 6
1726826920336 0.0 0
1726826920454 10.0 0
1726826920574 20.0 0
1726826920689 30.0 0
1726826920802 40.0 0
1726826920919 50.0 0
1726826921042 60.0 0
1726826921169 70.0 0
1726826921307 80.0 0
1726826921439 90.0 0
1726826921556 100.0 7
1726826921670 110.0 7
1726826921791 120.0 7
1726826921905 130.0 7
1726826922016 140.0 7
1726826922132 150.0 7
1726826922249 160.0 7
1726826922365 170.0 7
1726826922482 180.0 7
1726826922599 190.0 7
