1726811028547 15.555108 0
1726811028645 196.613739 0
1726811028744 3.467245 0
1726811028842 2.346118 0
1726811029155 13.703579 0
1726811029254 9.456134 0
1726811029352 2.443859 0
1726811029452 2.594286 0
1726811029763 33.612663 0
1726811029863 7.363679 0
1726811029968 3.482961 0
1726811030067 5.414657 0
1726811030355 17.321838 0
1726811030453 4.290803 0
1726811030553 3.776359 0
1726811030652 10.468921 0
1726811030914 3.97774 0
1726811031018 4.950333 0
1726811031119 4.141975 0
1726811031221 7.929525 0
1726811031494 3.872468 0
1726811031595 6.02836 0
1726811031694 4.450377 0
1726811031794 5.243435 0
1726811032129 3.185761 0
1726811032228 16.273899 0
1726811032327 3.310353 0
1726811032426 8.896712 0
1726811032721 3.150703 0
1726811032819 7.098086 0
1726811032918 6.785188 0
1726811033015 4.949199 0
