1726808063205 0.0 0
1726808063310 10.0 0
1726808063413 20.0 0
1726808063513 30.0 0
1726808063617 40.0 0
1726808063721 50.0 0
1726808063825 60.0 0
1726808063927 70.0 0
1726808064030 80.0 0
1726808064134 90.0 0
1726808064235 100.0 1
1726808064344 110.0 1
1726808064446 120.0 1
1726808064550 130.0 1
1726808064655 140.0 1
1726808064758 150.0 1
1726808064857 160.0 1
1726808064967 170.0 1
1726808065071 180.0 1
1726808065174 190.0 1
1726808065282 200.0 2
1726808065386 210.0 2
1726808065486 220.0 2
1726808065586 230.0 2
1726808065687 240.0 2
1726808065788 250.0 2
1726808065888 260.0 2
1726808065989 270.0 2
1726808066090 280.0 2
1726808066189 290.0 2
1726808066298 300.0 3
1726808066411 310.0 3
1726808068071 0.0 0
1726808068176 10.0 0
1726808068277 20.0 0
1726808068386 30.0 0
1726808068488 40.0 0
1726808068592 50.0 0
1726808068696 60.0 0
1726808068799 70.0 0
1726808068902 80.0 0
1726808069004 90.0 0
1726808069107 100.0 2
1726808069207 110.0 2
1726808069310 120.0 2
1726808069412 130.0 2
1726808069516 140.0 2
1726808069621 150.0 2
1726808069723 160.0 2
1726808069823 170.0 2
1726808069925 180.0 2
1726808070028 190.0 2
1726808070130 200.0 4
1726808070232 210.0 4
1726808070342 220.0 4
1726808070454 230.0 4
1726808070560 240.0 4
1726808070664 250.0 4
1726808070765 260.0 4
1726808070867 270.0 4
1726808070969 280.0 4
1726808071072 290.0 4
1726808071172 300.0 6
1726808071274 310.0 6
1726808072986 0.0 0
1726808073090 10.0 0
1726808073195 20.0 0
1726808073300 30.0 0
1726808073402 40.0 0
1726808073506 50.0 0
1726808073606 60.0 0
1726808073710 70.0 0
1726808073810 80.0 0
1726808073910 90.0 0
1726808074010 100.0 3
1726808074109 110.0 3
1726808074212 120.0 3
1726808074315 130.0 3
1726808074416 140.0 3
1726808074525 150.0 3
1726808074627 160.0 3
1726808074730 170.0 3
1726808074834 180.0 3
1726808074936 190.0 3
1726808075038 200.0 6
1726808075173 210.0 6
1726808075279 220.0 6
1726808075381 230.0 6
1726808075483 240.0 6
1726808075584 250.0 6
1726808075686 260.0 6
1726808075790 270.0 6
1726808075891 280.0 6
1726808075991 290.0 6
1726808076092 300.0 9
1726808076194 310.0 9
1726808077882 0.0 0
1726808077992 10.0 0
1726808078093 20.0 0
1726808078197 30.0 0
1726808078300 40.0 0
1726808078407 50.0 0
1726808078510 60.0 0
1726808078618 70.0 0
1726808078721 80.0 0
1726808078822 90.0 0
1726808078921 100.0 4
1726808079022 110.0 4
1726808079123 120.0 4
1726808079223 130.0 4
1726808079324 140.0 4
1726808079424 150.0 4
1726808079526 160.0 4
1726808079626 170.0 4
1726808079732 180.0 4
1726808079837 190.0 4
1726808079942 200.0 8
1726808080045 210.0 8
1726808080148 220.0 8
1726808080249 230.0 8
1726808080349 240.0 8
1726808080452 250.0 8
1726808080553 260.0 8
1726808080662 270.0 8
1726808080765 280.0 8
1726808080864 290.0 8
1726808080965 300.0 12
1726808081066 310.0 12
1726808082738 0.0 0
1726808082850 10.0 0
1726808082952 20.0 0
1726808083053 30.0 0
1726808083153 40.0 0
1726808083255 50.0 0
1726808083361 60.0 0
1726808083463 70.0 0
1726808083566 80.0 0
1726808083668 90.0 0
1726808083769 100.0 5
1726808083870 110.0 5
1726808083971 120.0 5
1726808084070 130.0 5
1726808084170 140.0 5
1726808084272 150.0 5
1726808084373 160.0 5
1726808084479 170.0 5
1726808084582 180.0 5
1726808084683 190.0 5
1726808084790 200.0 10
1726808084894 210.0 10
1726808084998 220.0 10
1726808085101 230.0 10
1726808085202 240.0 10
1726808085303 250.0 10
1726808085405 260.0 10
1726808085505 270.0 10
1726808085605 280.0 10
1726808085704 290.0 10
1726808085805 300.0 15
1726808085907 310.0 15
1726808087546 0.0 0
1726808087649 10.0 0
1726808087753 20.0 0
1726808087856 30.0 0
1726808087959 40.0 0
1726808088062 50.0 0
1726808088165 60.0 0
1726808088265 70.0 0
1726808088366 80.0 0
1726808088467 90.0 0
1726808088569 100.0 6
1726808088670 110.0 6
1726808088771 120.0 6
1726808088880 130.0 6
1726808088981 140.0 6
1726808089081 150.0 6
1726808089182 160.0 6
1726808089281 170.0 6
1726808089381 180.0 6
1726808089481 190.0 6
1726808089585 200.0 12
1726808089686 210.0 12
1726808089790 220.0 12
1726808089894 230.0 12
1726808089995 240.0 12
1726808090096 250.0 12
1726808090196 260.0 12
1726808090296 270.0 12
1726808090397 280.0 12
1726808090498 290.0 12
1726808090599 300.0 18
1726808090698 310.0 18
1726808092325 0.0 0
1726808092434 10.0 0
1726808092540 20.0 0
1726808092641 30.0 0
1726808092742 40.0 0
1726808092844 50.0 0
1726808092954 60.0 0
1726808093059 70.0 0
1726808093161 80.0 0
1726808093263 90.0 0
1726808093365 100.0 7
1726808093464 110.0 7
1726808093569 120.0 7
1726808093670 130.0 7
1726808093778 140.0 7
1726808093883 150.0 7
1726808093985 160.0 7
1726808094088 170.0 7
1726808094190 180.0 7
1726808094291 190.0 7
1726808094394 200.0 14
1726808094495 210.0 14
1726808094598 220.0 14
1726808094698 230.0 14
1726808094799 240.0 14
1726808094901 250.0 14
1726808095010 260.0 14
1726808095112 270.0 14
1726808095213 280.0 14
1726808095314 290.0 14
1726808095415 300.0 21
1726808095514 310.0 21
1726808097237 0.0 0
1726808097341 10.0 0
1726808097442 20.0 0
1726808097549 30.0 0
1726808097650 40.0 0
1726808097754 50.0 0
1726808097860 60.0 0
1726808097963 70.0 0
1726808098066 80.0 0
1726808098170 90.0 0
1726808098276 100.0 8
1726808098378 110.0 8
1726808098490 120.0 8
1726808098592 130.0 8
1726808098693 140.0 8
1726808098793 150.0 8
1726808098901 160.0 8
1726808099005 170.0 8
1726808099112 180.0 8
1726808099212 190.0 8
1726808099313 200.0 16
1726808099413 210.0 16
1726808099513 220.0 16
1726808099612 230.0 16
1726808099710 240.0 16
1726808099810 250.0 16
1726808099910 260.0 16
1726808100011 270.0 16
1726808100112 280.0 16
1726808100213 290.0 16
1726808100318 300.0 24
1726808100421 310.0 24
1726808102058 0.0 0
1726808102167 10.0 0
1726808102268 20.0 0
1726808102369 30.0 0
1726808102470 40.0 0
1726808102577 50.0 0
1726808102677 60.0 0
1726808102777 70.0 0
1726808102878 80.0 0
1726808102978 90.0 0
1726808103080 100.0 9
1726808103190 110.0 9
1726808103291 120.0 9
1726808103393 130.0 9
1726808103493 140.0 9
1726808103596 150.0 9
1726808103697 160.0 9
1726808103797 170.0 9
1726808103900 180.0 9
1726808104001 190.0 9
1726808104102 200.0 18
1726808104202 210.0 18
1726808104302 220.0 18
1726808104401 230.0 18
1726808104501 240.0 18
1726808104602 250.0 18
1726808104716 260.0 18
1726808104819 270.0 18
1726808104919 280.0 18
1726808105019 290.0 18
1726808105118 300.0 27
1726808105227 310.0 27
1726808106845 0.0 0
1726808106947 10.0 0
1726808107046 20.0 0
1726808107147 30.0 0
1726808107256 40.0 0
1726808107358 50.0 0
1726808107461 60.0 0
1726808107569 70.0 0
1726808107671 80.0 0
1726808107773 90.0 0
1726808107874 100.0 10
1726808107976 110.0 10
1726808108076 120.0 10
1726808108176 130.0 10
1726808108277 140.0 10
1726808108377 150.0 10
1726808108477 160.0 10
1726808108577 170.0 10
1726808108678 180.0 10
1726808108780 190.0 10
1726808108880 200.0 20
1726808108983 210.0 20
1726808109085 220.0 20
1726808109187 230.0 20
1726808109299 240.0 20
1726808109399 250.0 20
1726808109502 260.0 20
1726808109605 270.0 20
1726808109710 280.0 20
1726808109811 290.0 20
1726808109912 300.0 30
1726808110013 310.0 30
