1726808063212 0.520355 0
1726808063316 1.269759 0
1726808063419 0.436498 0
1726808063519 0.643254 0
1726808063623 0.216129 0
1726808063728 0.270278 0
1726808063831 0.368442 0
1726808063933 0.98871 0
1726808064037 1.075414 0
1726808064140 0.212623 0
1726808064242 0.32165 1
1726808064350 1.920414 1
1726808064452 0.61962 1
1726808064556 0.222417 1
1726808064661 0.220784 1
1726808064764 0.122628 1
1726808064863 0.125249 1
1726808064973 0.087225 1
1726808065077 0.147507 1
1726808065180 0.085123 1
1726808065288 0.262683 2
1726808065392 0.127211 2
1726808065493 0.183056 2
1726808065592 0.137662 2
1726808065693 0.111654 2
1726808065794 0.217305 2
1726808065894 0.099782 2
1726808065995 0.104575 2
1726808066096 0.149197 2
1726808066195 0.061773 2
1726808066305 0.272918 3
1726808066417 0.1916 3
1726808068077 0.182949 0
1726808068182 0.144385 0
1726808068283 0.080702 0
1726808068392 0.103368 0
1726808068494 0.176999 0
1726808068598 0.121071 0
1726808068702 0.166703 0
1726808068805 0.452198 0
1726808068908 0.597534 0
1726808069010 0.160301 0
1726808069113 0.168805 2
1726808069213 1.027713 2
1726808069316 0.41811 2
1726808069419 0.183205 2
1726808069522 0.141182 2
1726808069627 0.149776 2
1726808069729 0.090622 2
1726808069830 0.085691 2
1726808069931 0.089151 2
1726808070034 0.095855 2
1726808070136 0.230775 4
1726808070238 0.108762 4
1726808070349 0.160296 4
1726808070460 0.067571 4
1726808070566 0.116882 4
1726808070670 0.180924 4
1726808070771 0.073161 4
1726808070873 0.061208 4
1726808070975 0.184035 4
1726808071078 0.063981 4
1726808071178 0.234295 6
1726808071280 0.171333 6
1726808072991 0.114495 0
1726808073096 0.157357 0
1726808073201 0.08676 0
1726808073306 0.088719 0
1726808073408 0.12416 0
1726808073512 0.102673 0
1726808073612 0.155037 0
1726808073716 0.337091 0
1726808073816 0.539685 0
1726808073916 0.161621 0
1726808074016 0.151518 3
1726808074115 0.872677 3
1726808074218 0.417842 3
1726808074321 0.183115 3
1726808074422 0.135329 3
1726808074532 0.157669 3
1726808074633 0.071107 3
1726808074736 0.07095 3
1726808074840 0.097254 3
1726808074942 0.092323 3
1726808075044 0.146049 6
1726808075179 0.074702 6
1726808075285 0.16352 6
1726808075387 0.067017 6
1726808075489 0.105357 6
1726808075590 0.145274 6
1726808075692 0.071389 6
1726808075796 0.060292 6
1726808075897 0.171316 6
1726808075997 0.050136 6
1726808076098 0.21886 9
1726808076199 0.174576 9
1726808077888 0.112945 0
1726808077998 0.162697 0
1726808078100 0.092943 0
1726808078203 0.085688 0
1726808078306 0.106916 0
1726808078413 0.094452 0
1726808078516 0.147893 0
1726808078625 0.30096 0
1726808078727 0.522429 0
1726808078828 0.144823 0
1726808078927 0.145915 4
1726808079028 0.752328 4
1726808079129 0.384766 4
1726808079229 0.191621 4
1726808079330 0.128287 4
1726808079430 0.177369 4
1726808079532 0.074066 4
1726808079633 0.077462 4
1726808079738 0.088104 4
1726808079843 0.093624 4
1726808079948 0.137236 8
1726808080051 0.08394 8
1726808080154 0.14256 8
1726808080255 0.057973 8
1726808080356 0.101267 8
1726808080458 0.137471 8
1726808080559 0.069398 8
1726808080668 0.053692 8
1726808080771 0.166282 8
1726808080870 0.051019 8
1726808080971 0.218255 12
1726808081072 0.172411 12
1726808082744 0.119207 0
1726808082856 0.183217 0
1726808082958 0.091324 0
1726808083059 0.092284 0
1726808083160 0.096495 0
1726808083261 0.09551 0
1726808083368 0.163606 0
1726808083469 0.29659 0
1726808083572 0.49786 0
1726808083674 0.115294 0
1726808083775 0.149629 5
1726808083876 0.714443 5
1726808083977 0.384512 5
1726808084076 0.208612 5
1726808084176 0.146712 5
1726808084278 0.132614 5
1726808084380 0.057222 5
1726808084485 0.067645 5
1726808084588 0.086896 5
1726808084689 0.087772 5
1726808084797 0.118396 10
1726808084900 0.087847 10
1726808085004 0.133604 10
1726808085107 0.060697 10
1726808085208 0.093689 10
1726808085310 0.126413 10
1726808085411 0.074521 10
1726808085511 0.054243 10
1726808085611 0.165096 10
1726808085710 0.052831 10
1726808085811 0.211146 15
1726808085913 0.163427 15
1726808087552 0.103287 0
1726808087655 0.163299 0
1726808087759 0.078683 0
1726808087862 0.089565 0
1726808087965 0.094165 0
1726808088068 0.094564 0
1726808088171 0.167391 0
1726808088271 0.271643 0
1726808088372 0.504764 0
1726808088473 0.136908 0
1726808088575 0.129335 6
1726808088677 0.636643 6
1726808088777 0.360207 6
1726808088886 0.192973 6
1726808088987 0.131203 6
1726808089087 0.141276 6
1726808089188 0.057219 6
1726808089288 0.070044 6
1726808089388 0.086514 6
1726808089487 0.093657 6
1726808089591 0.116842 12
1726808089693 0.085387 12
1726808089796 0.137953 12
1726808089899 0.064952 12
1726808090001 0.091241 12
1726808090102 0.124277 12
1726808090202 0.072683 12
1726808090302 0.061583 12
1726808090403 0.151796 12
1726808090504 0.047609 12
1726808090605 0.199607 18
1726808090704 0.17655 18
1726808092331 0.105065 0
1726808092440 0.168125 0
1726808092546 0.079788 0
1726808092647 0.086469 0
1726808092748 0.092523 0
1726808092850 0.092836 0
1726808092960 0.158289 0
1726808093065 0.269304 0
1726808093167 0.512274 0
1726808093269 0.126789 0
1726808093371 0.125742 7
1726808093470 0.614507 7
1726808093575 0.341592 7
1726808093676 0.189535 7
1726808093784 0.128143 7
1726808093889 0.146146 7
1726808093991 0.058327 7
1726808094094 0.075092 7
1726808094196 0.084506 7
1726808094297 0.095396 7
1726808094400 0.118688 14
1726808094501 0.082284 14
1726808094604 0.126489 14
1726808094704 0.056783 14
1726808094805 0.091702 14
1726808094907 0.120624 14
1726808095016 0.077441 14
1726808095118 0.054612 14
1726808095219 0.149315 14
1726808095320 0.052987 14
1726808095421 0.210083 21
1726808095520 0.163037 21
1726808097243 0.105669 0
1726808097347 0.154107 0
1726808097448 0.081483 0
1726808097555 0.080494 0
1726808097656 0.081985 0
1726808097760 0.088796 0
1726808097866 0.15341 0
1726808097969 0.274985 0
1726808098072 0.509987 0
1726808098176 0.119266 0
1726808098282 0.119639 8
1726808098384 0.573417 8
1726808098496 0.319435 8
1726808098598 0.18548 8
1726808098699 0.127459 8
1726808098799 0.148593 8
1726808098907 0.058852 8
1726808099011 0.072218 8
1726808099118 0.089813 8
1726808099219 0.096521 8
1726808099319 0.110389 16
1726808099419 0.078393 16
1726808099519 0.122095 16
1726808099618 0.058227 16
1726808099716 0.093682 16
1726808099816 0.11543 16
1726808099916 0.078024 16
1726808100018 0.057728 16
1726808100118 0.154452 16
1726808100220 0.056163 16
1726808100324 0.215104 24
1726808100428 0.165473 24
1726808102064 0.111115 0
1726808102173 0.163888 0
1726808102274 0.075119 0
1726808102375 0.081116 0
1726808102476 0.074152 0
1726808102583 0.08407 0
1726808102683 0.154471 0
1726808102783 0.253458 0
1726808102884 0.516447 0
1726808102984 0.133855 0
1726808103086 0.117233 9
1726808103196 0.515352 9
1726808103297 0.310752 9
1726808103399 0.191924 9
1726808103499 0.11783 9
1726808103602 0.137584 9
1726808103703 0.059274 9
1726808103803 0.073483 9
1726808103907 0.082789 9
1726808104007 0.096311 9
1726808104108 0.107335 18
1726808104208 0.082735 18
1726808104307 0.122115 18
1726808104407 0.055164 18
1726808104508 0.089044 18
1726808104608 0.121924 18
1726808104722 0.075174 18
1726808104825 0.052455 18
1726808104925 0.148181 18
1726808105024 0.049066 18
1726808105124 0.219487 27
1726808105233 0.169563 27
1726808106851 0.102682 0
1726808106953 0.159655 0
1726808107052 0.072819 0
1726808107153 0.08528 0
1726808107263 0.080482 0
1726808107364 0.083018 0
1726808107467 0.153433 0
1726808107576 0.266205 0
1726808107677 0.495636 0
1726808107779 0.128081 0
1726808107880 0.112448 10
1726808107982 0.509541 10
1726808108082 0.304037 10
1726808108182 0.177352 10
1726808108283 0.117123 10
1726808108383 0.144356 10
1726808108483 0.058409 10
1726808108583 0.070545 10
1726808108684 0.078496 10
1726808108786 0.095559 10
1726808108886 0.105697 20
1726808108989 0.07834 20
1726808109091 0.115652 20
1726808109193 0.057747 20
1726808109305 0.087954 20
1726808109406 0.124652 20
1726808109508 0.080907 20
1726808109611 0.062455 20
1726808109716 0.146513 20
1726808109818 0.048118 20
1726808109918 0.217 30
1726808110019 0.172164 30
