1727095760036 0.0 0
1727095760152 10.0 0
1727095760268 20.0 0
1727095760383 30.0 0
1727095760496 40.0 0
1727095760609 50.0 0
1727095760737 60.0 0
1727095760856 70.0 0
1727095760978 80.0 0
1727095761092 90.0 0
1727095761207 100.0 1
1727095761323 110.0 1
1727095761438 120.0 1
1727095761552 130.0 1
1727095761667 140.0 1
1727095761783 150.0 1
1727095761896 160.0 1
1727095762011 170.0 1
1727095762128 180.0 1
1727095762243 190.0 1
1727095762360 200.0 2
1727095762478 210.0 2
1727095762594 220.0 2
1727095762708 230.0 2
1727095762833 240.0 2
1727095762949 250.0 2
1727095763066 260.0 2
1727095764110 0.0 0
1727095764226 10.0 0
1727095764340 20.0 0
1727095764454 30.0 0
1727095764567 40.0 0
1727095764680 50.0 0
1727095764795 60.0 0
1727095764910 70.0 0
1727095765027 80.0 0
1727095765143 90.0 0
1727095765257 100.0 2
1727095765371 110.0 2
1727095765489 120.0 2
1727095765604 130.0 2
1727095765718 140.0 2
1727095765832 150.0 2
1727095765952 160.0 2
1727095766067 170.0 2
1727095766185 180.0 2
1727095766301 190.0 2
1727095766412 200.0 4
1727095766524 210.0 4
1727095766650 220.0 4
1727095766768 230.0 4
1727095766881 240.0 4
1727095766999 250.0 4
1727095767120 260.0 4
1727095768161 0.0 0
1727095768277 10.0 0
1727095768394 20.0 0
1727095768509 30.0 0
1727095768628 40.0 0
1727095768742 50.0 0
1727095768857 60.0 0
1727095768972 70.0 0
1727095769092 80.0 0
1727095769210 90.0 0
1727095769326 100.0 3
1727095769441 110.0 3
1727095769556 120.0 3
1727095769674 130.0 3
1727095769793 140.0 3
1727095769907 150.0 3
1727095770020 160.0 3
1727095770135 170.0 3
1727095770252 180.0 3
1727095770370 190.0 3
1727095770488 200.0 6
1727095770603 210.0 6
1727095770718 220.0 6
1727095770830 230.0 6
1727095770949 240.0 6
1727095771063 250.0 6
1727095771182 260.0 6
1727095772216 0.0 0
1727095772334 10.0 0
1727095772451 20.0 0
1727095772567 30.0 0
1727095772680 40.0 0
1727095772795 50.0 0
1727095772908 60.0 0
1727095773022 70.0 0
1727095773137 80.0 0
1727095773257 90.0 0
1727095773374 100.0 4
1727095773487 110.0 4
1727095773602 120.0 4
1727095773717 130.0 4
1727095773830 140.0 4
1727095773943 150.0 4
1727095774057 160.0 4
1727095774171 170.0 4
1727095774290 180.0 4
1727095774403 190.0 4
1727095774517 200.0 8
1727095774630 210.0 8
1727095774745 220.0 8
1727095774859 230.0 8
1727095774979 240.0 8
1727095775096 250.0 8
1727095775213 260.0 8
