1726808378754 0.0 0
1726808378858 10.0 0
1726808378962 20.0 0
1726808379064 30.0 0
1726808379167 40.0 0
1726808379277 50.0 0
1726808379379 60.0 0
1726808379479 70.0 0
1726808379580 80.0 0
1726808379682 90.0 0
1726808379782 100.0 1
1726808380485 0.0 0
1726808380587 10.0 0
1726808380688 20.0 0
1726808380787 30.0 0
1726808380887 40.0 0
1726808380988 50.0 0
1726808381088 60.0 0
1726808381187 70.0 0
1726808381295 80.0 0
1726808381402 90.0 0
1726808381504 100.0 2
1726808382163 0.0 0
1726808382275 10.0 0
1726808382375 20.0 0
1726808382474 30.0 0
1726808382572 40.0 0
1726808382671 50.0 0
1726808382779 60.0 0
1726808382881 70.0 0
1726808382989 80.0 0
1726808383090 90.0 0
1726808383192 100.0 3
1726808383961 0.0 0
1726808384063 10.0 0
1726808384177 20.0 0
1726808384282 30.0 0
1726808384386 40.0 0
1726808384488 50.0 0
1726808384588 60.0 0
1726808384688 70.0 0
1726808384789 80.0 0
1726808384890 90.0 0
1726808384990 100.0 4
1726808385716 0.0 0
1726808385820 10.0 0
1726808385928 20.0 0
1726808386029 30.0 0
1726808386129 40.0 0
1726808386230 50.0 0
1726808386332 60.0 0
1726808386431 70.0 0
1726808386531 80.0 0
1726808386630 90.0 0
1726808386730 100.0 5
1726808387421 0.0 0
1726808387530 10.0 0
1726808387631 20.0 0
1726808387731 30.0 0
1726808387830 40.0 0
1726808387932 50.0 0
1726808388036 60.0 0
1726808388141 70.0 0
1726808388242 80.0 0
1726808388346 90.0 0
1726808388449 100.0 6
1726808389144 0.0 0
1726808389249 10.0 0
1726808389352 20.0 0
1726808389455 30.0 0
1726808389557 40.0 0
1726808389659 50.0 0
1726808389761 60.0 0
1726808389860 70.0 0
1726808389959 80.0 0
1726808390057 90.0 0
1726808390161 100.0 7
1726808390820 0.0 0
1726808390923 10.0 0
1726808391023 20.0 0
1726808391122 30.0 0
1726808391223 40.0 0
1726808391324 50.0 0
1726808391423 60.0 0
1726808391531 70.0 0
1726808391629 80.0 0
1726808391728 90.0 0
1726808391827 100.0 8
1726808392473 0.0 0
1726808392582 10.0 0
1726808392682 20.0 0
1726808392781 30.0 0
1726808392879 40.0 0
1726808392985 50.0 0
1726808393083 60.0 0
1726808393182 70.0 0
1726808393284 80.0 0
1726808393383 90.0 0
1726808393484 100.0 9
1726808394180 0.0 0
1726808394283 10.0 0
1726808394384 20.0 0
1726808394483 30.0 0
1726808394583 40.0 0
1726808394683 50.0 0
1726808394783 60.0 0
1726808394883 70.0 0
1726808394982 80.0 0
1726808395082 90.0 0
1726808395183 100.0 10
