1727096398770 0.494716 0
1727096398870 0.229659 0
1727096398978 0.51809 0
1727096399082 6.171226 0
1727096399186 1.057138 0
1727096399294 0.624088 0
1727096399397 1.290528 0
1727096399497 0.20928 0
1727096399597 0.507912 0
1727096399698 0.972995 0
1727096399806 0.097204 1
1727096400497 0.546518 0
1727096400603 0.234454 0
1727096400713 0.454473 0
1727096400812 5.785884 0
1727096400911 1.349137 0
1727096401015 0.843454 0
1727096401116 1.103634 0
1727096401215 0.172672 0
1727096401319 0.157699 0
1727096401421 0.517857 0
1727096401521 0.085418 2
1727096402083 0.718316 0
1727096402192 0.228314 0
1727096402300 0.41947 0
1727096402412 4.971464 0
1727096402519 1.523027 0
1727096402620 0.5359 0
1727096402728 0.844991 0
1727096402833 0.120331 0
1727096402935 0.060411 0
1727096403036 0.484821 0
1727096403139 0.094433 3
1727096403710 0.424438 0
1727096403817 0.232456 0
1727096403919 0.507215 0
1727096404019 4.529463 0
1727096404118 1.356822 0
1727096404217 0.165044 0
1727096404318 1.00254 0
1727096404419 0.127303 0
1727096404528 0.061017 0
1727096404643 0.570898 0
1727096404758 0.090936 4
1727096405354 0.126301 0
1727096405461 0.229941 0
1727096405561 0.422185 0
1727096405660 4.434838 0
1727096405760 1.061185 0
1727096405861 0.149581 0
1727096405963 0.803431 0
1727096406064 0.174799 0
1727096406167 0.151215 0
1727096406265 0.409316 0
1727096406368 0.073438 5
1727096406957 0.119146 0
1727096407060 0.216134 0
1727096407169 0.562039 0
1727096407286 4.21183 0
1727096407400 1.151603 0
1727096407505 0.095535 0
1727096407606 0.779345 0
1727096407706 0.160997 0
1727096407807 0.118196 0
1727096407905 0.321924 0
1727096408020 0.090275 6
1727096408664 0.080808 0
1727096408767 0.206032 0
1727096408871 0.489988 0
1727096408973 4.217345 0
1727096409075 0.959211 0
1727096409184 0.185785 0
1727096409286 0.759425 0
1727096409389 0.138799 0
1727096409498 0.146631 0
1727096409599 0.295983 0
1727096409700 0.078292 7
