1726853176983 0.0 0
1726853177151 10.0 0
1726853177302 20.0 0
1726853177442 30.0 0
1726853177578 40.0 0
1726853177714 50.0 0
1726853177852 60.0 0
1726853177986 70.0 0
1726853178118 80.0 0
1726853178249 90.0 0
1726853179522 0.0 0
1726853179699 10.0 0
1726853179857 20.0 0
1726853180001 30.0 0
1726853180136 40.0 0
1726853180267 50.0 0
1726853180397 60.0 0
1726853180529 70.0 0
1726853180664 80.0 0
1726853180804 90.0 0
1726853182453 0.0 0
1726853182660 10.0 0
1726853182822 20.0 0
1726853182973 30.0 0
1726853183121 40.0 0
1726853183263 50.0 0
1726853183400 60.0 0
1726853183534 70.0 0
1726853183668 80.0 0
1726853183802 90.0 0
1726853185049 0.0 0
1726853185231 10.0 0
1726853185395 20.0 0
1726853185545 30.0 0
1726853185688 40.0 0
1726853185829 50.0 0
1726853185974 60.0 0
1726853186125 70.0 0
1726853186279 80.0 0
1726853186437 90.0 0
1726853187920 0.0 0
1726853188105 10.0 0
1726853188265 20.0 0
1726853188413 30.0 0
1726853188553 40.0 0
1726853188694 50.0 0
1726853188832 60.0 0
1726853188967 70.0 0
1726853189101 80.0 0
1726853189235 90.0 0
1726853190574 0.0 0
1726853190746 10.0 0
1726853190905 20.0 0
1726853191060 30.0 0
1726853191213 40.0 0
1726853191365 50.0 0
1726853191515 60.0 0
1726853191658 70.0 0
1726853191803 80.0 0
1726853191948 90.0 0
1726853193571 0.0 0
1726853193763 10.0 0
1726853193937 20.0 0
1726853194096 30.0 0
1726853194241 40.0 0
1726853194380 50.0 0
1726853194518 60.0 0
1726853194654 70.0 0
1726853194789 80.0 0
1726853194926 90.0 0
1726853196359 0.0 0
1726853196538 10.0 0
1726853196706 20.0 0
1726853196863 30.0 0
1726853197012 40.0 0
1726853197155 50.0 0
1726853197295 60.0 0
1726853197437 70.0 0
1726853197578 80.0 0
1726853197719 90.0 0
1726853198873 0.0 0
1726853199058 10.0 0
1726853199241 20.0 0
1726853199421 30.0 0
1726853199593 40.0 0
1726853199749 50.0 0
1726853199896 60.0 0
1726853200036 70.0 0
1726853200172 80.0 0
1726853200306 90.0 0
1726853201923 0.0 0
1726853202115 10.0 0
1726853202285 20.0 0
1726853202440 30.0 0
1726853202588 40.0 0
1726853202734 50.0 0
1726853202877 60.0 0
1726853203018 70.0 0
1726853203157 80.0 0
1726853203295 90.0 0
