1726886545158 3.05734 0
1726886545296 51.234024 0
1726886545433 7.743477 0
1726886545572 37.20166 0
1726886545709 13.184323 0
1726886545847 6.374586 0
1726886545984 6.974877 0
1726886546674 1.965829 0
1726886546813 8.206149 0
1726886546951 9.255055 0
1726886547089 4.209781 0
1726886547226 4.743559 0
1726886547364 9.154066 0
1726886547500 5.76315 0
1726886548118 1.948346 0
1726886548257 15.718199 0
1726886548393 9.063916 0
1726886548530 5.392351 0
1726886548668 11.876462 0
1726886548805 49.058365 0
1726886548943 2.995318 0
1726886549555 1.84685 0
1726886549695 27.393311 0
1726886549831 5.124079 0
1726886549967 3.416784 0
1726886550104 5.136067 0
1726886550240 9.027332 0
1726886550377 2.957564 0
1726886550995 1.67317 0
1726886551133 485.036987 0
1726886551271 3.725989 0
1726886551407 6.30519 0
1726886551543 4.614088 0
1726886551683 9.275494 0
1726886551820 2.972 0
1726886552431 1.654168 0
1726886552570 41.830738 0
1726886552707 3.638501 0
1726886552844 20.956514 0
1726886552981 4.537857 0
1726886553118 11.45561 0
1726886553254 2.980103 0
1726886553867 1.641474 0
1726886554006 61.07547 0
1726886554144 3.386093 0
1726886554282 13.948615 0
1726886554418 4.449866 0
1726886554555 43.814251 0
1726886554692 2.976541 0
