1727100103423 52.996887 0
1727100103608 2.559921 0
1727100103791 1.45295 0
1727100104340 18.705332 0
1727100104539 0.830278 0
1727100104723 0.822038 0
1727100105133 2.215693 0
1727100105323 2.767298 0
1727100105509 0.745782 0
1727100105915 0.532174 0
1727100106097 0.689138 0
1727100106280 1.075044 0
1727100106750 5.149895 0
1727100106936 1.034976 0
1727100107120 0.916274 0
1727100107552 17.935284 0
1727100107756 1.949864 0
1727100107953 0.861381 0
1727100108382 2.614331 0
1727100108585 0.466096 0
1727100108799 7.037063 0
1727100109275 3.859581 0
1727100109483 0.578575 0
1727100109693 1.04419 0
1727100110131 1.027082 0
1727100110318 2.699654 0
1727100110508 2.532002 0
1727100110933 1.345539 0
1727100111135 0.61727 0
1727100111333 2.269217 0
