1727264696505 0.971049 0
1727264696673 0.561455 0
1727264696854 0.271286 0
1727264697040 0.215929 0
1727264697211 0.981326 0
1727264697382 0.641857 0
1727264697550 0.580845 0
1727264697723 0.296391 0
1727264697902 0.287603 0
1727264698073 0.20461 0
1727264698246 0.13236 1
1727264698415 0.161586 1
1727264698589 0.143029 1
1727264698762 1.029872 1
1727264698934 0.165737 1
1727264699112 0.106418 1
1727264699293 0.591814 1
1727264699468 0.19091 1
1727264699639 0.09061 1
1727264699815 0.155977 1
1727264700001 0.137162 2
1727264700185 0.068951 2
1727264700369 0.071452 2
1727264700556 0.418541 2
1727264700746 0.024799 2
1727264700928 0.205929 2
1727264701111 0.090865 2
1727264702857 0.347327 0
1727264703043 0.794647 0
1727264703222 0.181664 0
1727264703402 0.274091 0
1727264703569 0.752834 0
1727264703741 0.783381 0
1727264703915 0.488086 0
1727264704095 0.31611 0
1727264704272 0.520997 0
1727264704440 0.216576 0
1727264704611 0.127174 2
1727264704778 0.150369 2
1727264704957 0.165882 2
1727264705127 1.414746 2
1727264705298 0.143247 2
1727264705472 0.158093 2
1727264705665 0.326698 2
1727264705865 0.301121 2
1727264706055 0.142177 2
1727264706240 0.205549 2
1727264706425 0.225253 4
1727264706599 0.111758 4
1727264706768 0.108033 4
1727264706936 0.57778 4
1727264707117 0.053777 4
1727264707309 0.172836 4
1727264707490 0.083297 4
1727264709296 0.462766 0
1727264709477 0.897905 0
1727264709649 0.141803 0
1727264709828 0.20348 0
1727264709995 0.377655 0
1727264710169 0.702133 0
1727264710349 0.765797 0
1727264710523 0.396821 0
1727264710702 0.206471 0
1727264710883 0.238172 0
1727264711065 0.181996 3
1727264711235 0.179666 3
1727264711415 0.121244 3
1727264711587 1.083722 3
1727264711751 0.170594 3
1727264711915 0.180519 3
1727264712074 0.692093 3
1727264712248 0.257057 3
1727264712415 0.187965 3
1727264712589 0.144134 3
1727264712765 0.283907 6
1727264712948 0.126894 6
1727264713112 0.083793 6
1727264713282 0.490911 6
1727264713452 0.120098 6
1727264713614 0.208358 6
1727264713776 0.103756 6
1727264715478 0.218021 0
1727264715649 0.525076 0
1727264715812 0.173836 0
1727264715974 0.231344 0
1727264716143 0.453977 0
1727264716315 0.634852 0
1727264716483 0.486927 0
1727264716651 0.262339 0
1727264716821 0.193518 0
1727264717011 0.23922 0
1727264717194 0.17892 4
1727264717373 0.151249 4
1727264717550 0.170633 4
1727264717737 0.569041 4
1727264717940 0.108262 4
1727264718116 0.084153 4
1727264718296 0.233515 4
1727264718476 0.280156 4
1727264718644 0.083489 4
1727264718812 0.180481 4
1727264718987 0.131604 8
1727264719161 0.127905 8
1727264719338 0.170208 8
1727264719515 0.406435 8
1727264719685 0.089369 8
1727264719862 0.221221 8
1727264720030 0.070741 8
