1726916188746 0.499787 0
1726916188894 0.526755 0
1726916189038 0.714737 0
1726916189180 1.836638 0
1726916189323 0.293895 0
1726916189466 0.62649 0
1726916189612 0.400348 0
1726916189757 0.319785 0
1726916189899 0.238667 0
1726916190042 0.313368 0
1726916190963 0.295904 0
1726916191110 0.373015 0
1726916191253 0.630899 0
1726916191396 1.071977 0
1726916191540 0.301907 0
1726916191690 0.300949 0
1726916191833 0.227671 0
1726916191977 0.15664 0
1726916192122 0.120782 0
1726916192266 0.184654 0
1726916193100 0.307335 0
1726916193245 0.170152 0
1726916193389 0.584173 0
1726916193534 0.820408 0
1726916193683 0.268823 0
1726916193827 0.249681 0
1726916193969 0.225736 0
1726916194113 0.155016 0
1726916194257 0.126913 0
1726916194400 0.164074 0
1726916195242 0.329206 0
1726916195386 0.142903 0
1726916195531 0.569158 0
1726916195680 0.676035 0
1726916195822 0.263501 0
1726916195966 0.240743 0
1726916196108 0.231679 0
1726916196251 0.144762 0
1726916196393 0.129294 0
1726916196536 0.157686 0
1726916197372 0.307699 0
1726916197518 0.135818 0
1726916197661 0.557934 0
1726916197810 0.57079 0
1726916197952 0.252422 0
1726916198094 0.233726 0
1726916198242 0.237079 0
1726916198385 0.150401 0
1726916198528 0.120759 0
1726916198671 0.156624 0
1726916199507 0.304884 0
1726916199651 0.131719 0
1726916199796 0.571283 0
1726916199940 0.539025 0
1726916200084 0.25512 0
1726916200226 0.230686 0
1726916200370 0.243678 0
1726916200514 0.148271 0
1726916200658 0.114909 0
1726916200804 0.156255 0
1726916201639 0.304623 0
1726916201786 0.128631 0
1726916201936 0.560872 0
1726916202080 0.510658 0
1726916202224 0.252205 0
1726916202367 0.234598 0
1726916202509 0.252242 0
1726916202651 0.150915 0
1726916202793 0.114214 0
1726916202935 0.150945 0
1726916203766 0.308178 0
1726916203912 0.126365 0
1726916204055 0.563059 0
1726916204199 0.48337 0
1726916204344 0.245039 0
1726916204487 0.220649 0
1726916204630 0.24398 0
1726916204773 0.147306 0
1726916204915 0.115 0
1726916205060 0.145461 0
1726916205891 0.314302 0
1726916206036 0.129541 0
1726916206179 0.549898 0
1726916206322 0.46596 0
1726916206466 0.242116 0
1726916206612 0.225751 0
1726916206755 0.234987 0
1726916206897 0.149121 0
1726916207040 0.110796 0
1726916207183 0.148049 0
1726916208024 0.309212 0
1726916208170 0.127712 0
1726916208312 0.554655 0
1726916208455 0.444155 0
1726916208599 0.238128 0
1726916208744 0.219776 0
1726916208887 0.227229 0
1726916209030 0.148976 0
1726916209177 0.111002 0
1726916209319 0.147484 0
