1726843153497 0.0 0
1726843153629 10.0 0
1726843153760 20.0 0
1726843153891 30.0 0
1726843154023 40.0 0
1726843154155 50.0 0
1726843154722 0.0 0
1726843154858 10.0 0
1726843154990 20.0 0
1726843155122 30.0 0
1726843155258 40.0 0
1726843155390 50.0 0
1726843155862 0.0 0
1726843155994 10.0 0
1726843156126 20.0 0
1726843156257 30.0 0
1726843156389 40.0 0
1726843156521 50.0 0
1726843157004 0.0 0
1726843157146 10.0 0
1726843157278 20.0 0
1726843157409 30.0 0
1726843157542 40.0 0
1726843157674 50.0 0
1726843158156 0.0 0
1726843158289 10.0 0
1726843158420 20.0 0
1726843158552 30.0 0
1726843158683 40.0 0
1726843158814 50.0 0
1726843159292 0.0 0
1726843159425 10.0 0
1726843159555 20.0 0
1726843159688 30.0 0
1726843159819 40.0 0
1726843159951 50.0 0
1726843160420 0.0 0
1726843160552 10.0 0
1726843160684 20.0 0
1726843160814 30.0 0
1726843160948 40.0 0
1726843161080 50.0 0
1726843161552 0.0 0
1726843161684 10.0 0
1726843161815 20.0 0
1726843161946 30.0 0
1726843162077 40.0 0
1726843162214 50.0 0
1726843162710 0.0 0
1726843162843 10.0 0
1726843162982 20.0 0
1726843163116 30.0 0
1726843163247 40.0 0
1726843163380 50.0 0
1726843163861 0.0 0
1726843163995 10.0 0
1726843164127 20.0 0
1726843164259 30.0 0
1726843164392 40.0 0
1726843164524 50.0 0
