1726917056259 0.952219 0
1726917056403 0.263652 0
1726917056547 0.221867 0
1726917056692 0.264308 0
1726917056839 0.237542 0
1726917056982 0.189947 0
1726917057128 0.86897 0
1726917057270 0.220035 0
1726917057413 0.272466 0
1726917057556 2.695771 0
1726917058394 0.57678 0
1726917058540 0.178818 0
1726917058685 0.16683 0
1726917058829 0.226664 0
1726917058975 0.093669 0
1726917059119 0.091898 0
1726917059264 0.345492 0
1726917059408 0.204118 0
1726917059552 0.135939 0
1726917059695 1.125019 0
1726917060438 0.880019 0
1726917060585 0.131946 0
1726917060728 0.182197 0
1726917060876 0.181498 0
1726917061022 0.085162 0
1726917061166 0.094371 0
1726917061316 0.276775 0
1726917061459 0.194763 0
1726917061603 0.097524 0
1726917061747 1.327504 0
1726917062500 0.575019 0
1726917062646 0.114172 0
1726917062789 0.162423 0
1726917062936 0.180485 0
1726917063081 0.097055 0
1726917063226 0.091661 0
1726917063368 0.275545 0
1726917063510 0.187608 0
1726917063655 0.339807 0
1726917063839 0.982752 0
1726917064643 0.422846 0
1726917064788 0.124441 0
1726917064931 0.177278 0
1726917065079 0.175678 0
1726917065223 0.084776 0
1726917065367 0.089666 0
1726917065511 0.251064 0
1726917065653 0.200138 0
1726917065798 0.094398 0
1726917065941 0.933144 0
1726917066687 0.409563 0
1726917066834 0.109796 0
1726917066979 0.17662 0
1726917067127 0.208308 0
1726917067271 0.122341 0
1726917067414 0.107766 0
1726917067558 0.215433 0
1726917067701 0.178932 0
1726917067843 0.152516 0
1726917067986 0.908127 0
1726917068756 0.448377 0
1726917068902 0.087484 0
1726917069047 0.143116 0
1726917069198 0.173069 0
1726917069353 0.084246 0
1726917069497 0.092868 0
1726917069640 0.222105 0
1726917069784 0.185109 0
1726917069928 0.11856 0
1726917070070 0.86359 0
1726917070823 0.375818 0
1726917070968 0.097948 0
1726917071115 0.14852 0
1726917071262 0.175424 0
1726917071407 0.09036 0
1726917071549 0.101292 0
1726917071692 0.187534 0
1726917071836 0.181964 0
1726917071978 0.099039 0
1726917072122 0.835156 0
1726917072869 0.38064 0
1726917073013 0.083896 0
1726917073158 0.140074 0
1726917073304 0.168054 0
1726917073447 0.083686 0
1726917073591 0.094894 0
1726917073735 0.188566 0
1726917073878 0.185991 0
1726917074020 0.113331 0
1726917074166 0.815793 0
1726917074932 0.351967 0
1726917075077 0.086664 0
1726917075222 0.136731 0
1726917075368 0.160431 0
1726917075511 0.0784 0
1726917075654 0.091082 0
1726917075798 0.188171 0
1726917075942 0.182783 0
1726917076086 0.099203 0
1726917076229 0.796963 0
