1726759823001 320.093231 0
1726759823098 2.096905 0
1726759823187 5.060208 0
1726759823279 2.89324 0
1726759823371 0.656465 0
1726759823460 5.428841 0
1726759823553 7.094731 0
1726759823643 3.317054 0
1726759823733 2.208168 0
1726759823827 4.645098 0
1726759823916 1.346628 1
1726759824004 2.055849 1
1726759824093 1.331542 1
1726759824183 3.823081 1
1726759824272 1.980524 1
1726759824360 3.938741 1
1726759824449 0.572397 1
1726759824538 1.296832 1
1726759824628 0.808242 1
1726759824717 1.29187 1
1726759824809 1.743774 2
1726759824898 1.21519 2
1726759826004 1.472091 0
1726759826104 1.523621 0
1726759826195 0.91836 0
1726759826285 3.179537 0
1726759826375 0.390419 0
1726759826512 6.36407 0
1726759826599 1.666005 0
1726759826688 6.604994 0
1726759826777 8.334782 0
1726759826865 5.437095 0
1726759826954 2.335586 2
1726759827043 1.13976 2
1726759827138 2.762056 2
1726759827228 4.938713 2
1726759827319 2.227177 2
1726759827409 2.095306 2
1726759827496 0.950653 2
1726759827588 0.798049 2
1726759827676 0.810679 2
1726759827765 1.78146 2
1726759827853 0.947973 4
1726759827942 2.712753 4
1726759829009 6.793322 0
1726759829114 1.195336 0
1726759829212 1.283268 0
1726759829302 0.958062 0
1726759829390 0.784569 0
1726759829478 3.224308 0
1726759829566 47.562328 0
1726759829653 2.604379 0
1726759829741 1.330679 0
1726759829828 6.6213 0
1726759829916 5.214003 3
1726759830007 1.339458 3
1726759830097 1.16132 3
1726759830186 2.77332 3
1726759830275 1.288464 3
1726759830362 1.266972 3
1726759830451 1.027058 3
1726759830549 0.92107 3
1726759830637 0.759033 3
1726759830725 1.314091 3
1726759830814 0.781587 6
1726759830901 1.471539 6
1726759831975 1.315624 0
1726759832075 7.240404 0
1726759832164 2.23949 0
1726759832252 1.948133 0
1726759832339 0.431804 0
1726759832427 1.946624 0
1726759832516 1.707185 0
1726759832607 1.45037 0
1726759832696 2.437038 0
1726759832784 4.183992 0
1726759832872 1.257541 4
1726759832960 1.418846 4
1726759833049 1.310851 4
1726759833137 2.600505 4
1726759833225 2.208539 4
1726759833322 4.286366 4
1726759833410 1.690738 4
1726759833499 0.772712 4
1726759833585 1.311348 4
1726759833674 1.712547 4
1726759833762 2.388714 8
1726759833856 25.284863 8
1726759834908 0.405882 0
1726759835004 1.417431 0
1726759835130 1.294142 0
1726759835219 3.516215 0
1726759835314 2.629104 0
1726759835403 6.420442 0
1726759835492 9.223696 0
1726759835584 37.473045 0
1726759835674 3.937248 0
1726759835761 4.158492 0
1726759835849 1.318217 5
1726759835936 1.657066 5
1726759836027 2.346792 5
1726759836119 2.166371 5
1726759836208 0.965278 5
1726759836296 4.719903 5
1726759836386 0.697369 5
1726759836474 0.663335 5
1726759836562 0.682809 5
1726759836655 1.177504 5
1726759836743 0.706047 10
1726759836831 0.731504 10
1726759837913 0.566389 0
1726759838012 1.485299 0
1726759838102 1.596358 0
1726759838192 1.238036 0
1726759838278 0.522709 0
1726759838366 7.074975 0
1726759838455 5.60427 0
1726759838542 2.085552 0
1726759838632 1.751677 0
1726759838721 28.639627 0
1726759838815 2.235853 6
1726759838904 3.010917 6
1726759838993 9.362012 6
1726759839079 3.286915 6
1726759839165 1.108858 6
1726759839254 2.872342 6
1726759839341 0.609869 6
1726759839438 0.805881 6
1726759839528 0.538663 6
1726759839617 0.633874 6
1726759839705 0.564716 12
1726759839795 0.732147 12
