1727270001232 0.891902 0
1727270001413 0.416504 0
1727270001567 0.673976 0
1727270001730 1.884519 0
1727270001897 0.118499 0
1727270002065 0.367093 0
1727270002855 0.845093 0
1727270003015 0.382457 0
1727270003171 0.629441 0
1727270003332 1.881591 0
1727270003497 0.117216 0
1727270003673 0.360311 0
1727270004322 0.818869 0
1727270004472 0.352206 0
1727270004631 0.590783 0
1727270004791 1.883668 0
1727270004962 0.11704 0
1727270005143 0.364309 0
1727270005802 0.792699 0
1727270005992 0.33203 0
1727270006167 0.567338 0
1727270006328 1.897486 0
1727270006502 0.114231 0
1727270006662 0.362681 0
1727270007191 0.774574 0
1727270007362 0.322928 0
1727270007514 0.549583 0
1727270007685 1.887671 0
1727270007867 0.113902 0
1727270008046 0.358162 0
1727270008754 0.758585 0
1727270008921 0.306547 0
1727270009095 0.537469 0
1727270009253 1.890946 0
1727270009405 0.112757 0
1727270009556 0.362261 0
1727270010054 0.755749 0
1727270010198 0.297909 0
1727270010343 0.526459 0
1727270010485 1.894684 0
1727270010627 0.111393 0
1727270010772 0.362872 0
1727270011275 0.739367 0
1727270011421 0.295746 0
1727270011571 0.523812 0
1727270011716 1.888475 0
1727270011870 0.11321 0
1727270012012 0.35618 0
1727270012507 0.739318 0
1727270012655 0.290478 0
1727270012801 0.513495 0
1727270012948 1.88397 0
1727270013092 0.111287 0
1727270013239 0.361845 0
1727270013884 0.723358 0
1727270014050 0.284115 0
1727270014200 0.510621 0
1727270014349 1.891338 0
1727270014505 0.113259 0
1727270014656 0.359942 0
