1726801881178 0.139211 0
1726801881284 0.219146 0
1726801881383 0.375219 0
1726801881482 0.557286 0
1726801881582 0.175012 0
1726801881681 0.26074 0
1726801881779 0.227283 0
1726801881879 0.1279 0
1726801881978 0.349749 0
1726801882078 0.322628 0
1726801882185 0.132624 1
1726801882287 0.105622 1
1726801882387 0.253733 1
1726801882485 0.824325 1
1726801882583 0.170718 1
1726801882682 1.109531 1
1726801882787 0.169689 1
1726801882888 0.24965 1
1726801882985 0.215188 1
1726801883084 0.62891 1
1726801883192 0.496296 2
1726801883292 0.053721 2
1726801883391 0.279032 2
1726801883491 0.093709 2
1726801883592 0.078986 2
1726801883690 0.100876 2
1726801883790 0.202356 2
1726801883890 0.131485 2
1726801883989 0.21207 2
1726801884087 0.077148 2
1726801884186 0.326388 3
1726801884284 0.135526 3
1726801884383 0.708784 3
1726801884483 0.139927 3
1726801884582 0.135796 3
1726801884680 0.103108 3
1726801884783 0.196728 3
1726801884884 0.422034 3
1726801884983 0.147425 3
1726801885082 0.076329 3
1726801885181 0.378251 4
1726801885293 0.424183 4
1726801885395 0.219976 4
1726801885494 0.021524 4
1726801885594 0.247678 4
1726801885694 0.221739 4
1726801885792 0.389116 4
1726801885891 0.067652 4
1726801885991 0.111996 4
1726801888591 0.418512 0
1726801888696 0.137305 0
1726801888800 0.076011 0
1726801888902 0.038376 0
1726801889001 0.058664 0
1726801889105 0.186715 0
1726801889204 0.269188 0
1726801889311 0.056167 0
1726801889416 0.193345 0
1726801889520 0.124648 0
1726801889625 0.079845 2
1726801889726 0.107089 2
1726801889825 0.128027 2
1726801889923 0.552023 2
1726801890021 0.122014 2
1726801890122 0.42176 2
1726801890219 0.151001 2
1726801890318 0.083529 2
1726801890416 0.127106 2
1726801890514 0.352458 2
1726801890612 0.304506 4
1726801890711 0.051117 4
1726801890810 0.323542 4
1726801890907 0.080827 4
1726801891005 0.07494 4
1726801891102 0.092447 4
1726801891200 0.151333 4
1726801891299 0.135251 4
1726801891407 0.219009 4
1726801891507 0.063375 4
1726801891608 0.293588 6
1726801891709 0.116471 6
1726801891808 0.285572 6
1726801891907 0.133786 6
1726801892004 0.138275 6
1726801892102 0.112815 6
1726801892206 0.141283 6
1726801892305 0.275116 6
1726801892402 0.109468 6
1726801892499 0.074602 6
1726801892600 0.3711 8
1726801892700 0.193713 8
1726801892799 0.190516 8
1726801892899 0.036577 8
1726801892997 0.224115 8
1726801893097 0.231818 8
1726801893197 0.29217 8
1726801893296 0.061015 8
1726801893403 0.091451 8
1726801895870 0.153379 0
1726801895972 0.071964 0
1726801896071 0.053816 0
1726801896169 0.034246 0
1726801896268 0.050157 0
1726801896367 0.163217 0
1726801896467 0.179018 0
1726801896565 0.044637 0
1726801896666 0.183974 0
1726801896766 0.115136 0
1726801896866 0.077541 3
1726801896965 0.093477 3
1726801897062 0.117494 3
1726801897171 0.480864 3
1726801897273 0.125414 3
1726801897373 0.302834 3
1726801897477 0.135821 3
1726801897579 0.093879 3
1726801897679 0.125856 3
1726801897778 0.285932 3
1726801897877 0.168488 6
1726801897976 0.048843 6
1726801898074 0.338578 6
1726801898174 0.06664 6
1726801898275 0.068274 6
1726801898377 0.080895 6
1726801898477 0.121066 6
1726801898577 0.134541 6
1726801898676 0.228502 6
1726801898775 0.052658 6
1726801898874 0.286516 9
1726801898976 0.115276 9
1726801899077 0.192342 9
1726801899178 0.135668 9
1726801899280 0.092842 9
1726801899379 0.123432 9
1726801899483 0.106303 9
1726801899590 0.189675 9
1726801899690 0.088454 9
1726801899793 0.071271 9
1726801899893 0.39833 12
1726801899992 0.125322 12
1726801900092 0.179689 12
1726801900192 0.031566 12
1726801900292 0.222336 12
1726801900392 0.218935 12
1726801900492 0.249229 12
1726801900591 0.058531 12
1726801900691 0.073809 12
1726801903146 0.115352 0
1726801903260 0.048275 0
1726801903361 0.04473 0
1726801903462 0.034173 0
1726801903561 0.047917 0
1726801903670 0.144769 0
1726801903771 0.168497 0
1726801903871 0.032006 0
1726801903975 0.163134 0
1726801904079 0.108633 0
1726801904185 0.078759 4
1726801904286 0.093597 4
1726801904383 0.107844 4
1726801904483 0.421751 4
1726801904584 0.115699 4
1726801904684 0.273305 4
1726801904783 0.125941 4
1726801904885 0.083102 4
1726801904986 0.117397 4
1726801905084 0.272943 4
1726801905186 0.12002 8
1726801905284 0.039934 8
1726801905383 0.350816 8
1726801905484 0.069399 8
1726801905584 0.062108 8
1726801905692 0.074883 8
1726801905790 0.111971 8
1726801905888 0.129448 8
1726801905986 0.217536 8
1726801906084 0.054029 8
1726801906183 0.270494 12
1726801906283 0.116995 12
1726801906379 0.140679 12
1726801906478 0.134619 12
1726801906576 0.075612 12
1726801906675 0.128982 12
1726801906775 0.100952 12
1726801906874 0.177087 12
1726801906976 0.084093 12
1726801907076 0.062377 12
1726801907184 0.383464 16
1726801907284 0.114381 16
1726801907382 0.185487 16
1726801907480 0.021127 16
1726801907577 0.208453 16
1726801907677 0.213818 16
1726801907785 0.213844 16
1726801907888 0.057551 16
1726801907988 0.065744 16
1726801910375 0.093032 0
1726801910487 0.040533 0
1726801910586 0.043143 0
1726801910683 0.041112 0
1726801910781 0.046402 0
1726801910879 0.139479 0
1726801910982 0.127737 0
1726801911084 0.036076 0
1726801911184 0.176215 0
1726801911284 0.10316 0
1726801911385 0.072975 5
1726801911487 0.084413 5
1726801911586 0.106615 5
1726801911687 0.422101 5
1726801911794 0.1133 5
1726801911895 0.237005 5
1726801911994 0.105637 5
1726801912095 0.078836 5
1726801912195 0.115743 5
1726801912293 0.262803 5
1726801912392 0.08187 10
1726801912493 0.043869 10
1726801912594 0.336394 10
1726801912693 0.064926 10
1726801912792 0.056628 10
1726801912891 0.073463 10
1726801912991 0.101898 10
1726801913089 0.129644 10
1726801913188 0.209461 10
1726801913287 0.054887 10
1726801913385 0.270973 15
1726801913483 0.106955 15
1726801913586 0.116239 15
1726801913690 0.141311 15
1726801913789 0.079723 15
1726801913897 0.127519 15
1726801913995 0.104525 15
1726801914096 0.129752 15
1726801914196 0.078054 15
1726801914295 0.062933 15
1726801914394 0.387026 20
1726801914493 0.100308 20
1726801914591 0.16496 20
1726801914692 0.02579 20
1726801914791 0.180486 20
1726801914893 0.212344 20
1726801914992 0.21053 20
1726801915091 0.046149 20
1726801915190 0.062324 20
1726801917696 0.061861 0
1726801917799 0.042337 0
1726801917903 0.039346 0
1726801918007 0.040672 0
1726801918108 0.044216 0
1726801918208 0.123463 0
1726801918308 0.126326 0
1726801918408 0.032211 0
1726801918513 0.163203 0
1726801918615 0.101727 0
1726801918719 0.074784 6
1726801918821 0.078288 6
1726801918919 0.109091 6
1726801919019 0.406945 6
1726801919118 0.112146 6
1726801919231 0.223018 6
1726801919333 0.105703 6
1726801919431 0.087111 6
1726801919530 0.119186 6
1726801919632 0.240165 6
1726801919735 0.067047 12
1726801919837 0.043423 12
1726801919937 0.331665 12
1726801920046 0.060241 12
1726801920145 0.049111 12
1726801920245 0.059859 12
1726801920346 0.079626 12
1726801920443 0.120657 12
1726801920541 0.207375 12
1726801920641 0.047306 12
1726801920738 0.277622 18
1726801920837 0.103337 18
1726801920938 0.108529 18
1726801921043 0.151231 18
1726801921145 0.072029 18
1726801921246 0.125458 18
1726801921345 0.094338 18
1726801921443 0.138651 18
1726801921545 0.082425 18
1726801921644 0.056651 18
1726801921741 0.386761 24
1726801921850 0.098168 24
1726801921962 0.155365 24
1726801922072 0.022264 24
1726801922179 0.176521 24
1726801922286 0.20087 24
1726801922389 0.200266 24
1726801922488 0.048875 24
1726801922588 0.06407 24
1726801925770 0.053009 0
1726801925873 0.040903 0
1726801925976 0.037091 0
1726801926084 0.039107 0
1726801926192 0.045374 0
1726801926293 0.123716 0
1726801926394 0.111977 0
1726801926494 0.031912 0
1726801926594 0.159954 0
1726801926695 0.096716 0
1726801926798 0.075324 7
1726801926900 0.093466 7
1726801927000 0.10426 7
1726801927100 0.375124 7
1726801927201 0.126303 7
1726801927304 0.186049 7
1726801927408 0.101442 7
1726801927508 0.081215 7
1726801927609 0.117496 7
1726801927708 0.216438 7
1726801927808 0.050916 14
1726801927909 0.037572 14
1726801928010 0.309708 14
1726801928113 0.053602 14
1726801928219 0.048283 14
1726801928319 0.056951 14
1726801928420 0.072241 14
1726801928520 0.125714 14
1726801928627 0.208979 14
1726801928728 0.045997 14
1726801928827 0.267331 21
1726801928928 0.099958 21
1726801929027 0.109733 21
1726801929129 0.151984 21
1726801929231 0.065197 21
1726801929332 0.1288 21
1726801929434 0.092826 21
1726801929541 0.132296 21
1726801929642 0.079784 21
1726801929744 0.054786 21
1726801929847 0.381436 28
1726801929947 0.091098 28
1726801930046 0.159207 28
1726801930151 0.017307 28
1726801930262 0.162769 28
1726801930364 0.203213 28
1726801930467 0.201906 28
1726801930567 0.045072 28
1726801930669 0.0681 28
