1726754949513 0.692564 0
1726754949607 0.518922 0
1726754949736 0.650729 0
1726754949822 0.517866 0
1726754949939 0.638702 0
1726754950024 0.527985 0
1726754950140 0.570649 0
1726754950227 0.534745 0
1726754950343 0.547505 0
1726754950430 0.540063 0
1726754950548 0.574071 0
1726754950633 0.531424 0
1726754950749 0.548077 0
1726754950835 0.513665 0
1726754950952 0.536217 0
1726754951039 0.497009 0
1726754951160 0.521739 0
1726754951247 0.491781 0
1726754951365 0.525657 0
1726754951454 0.469601 0
