1727260631399 0.0 0
1727260631522 10.0 0
1727260631636 20.0 0
1727260631752 30.0 0
1727260631863 40.0 0
1727260631972 50.0 0
1727260632085 60.0 0
1727260632598 0.0 0
1727260632710 10.0 0
1727260632815 20.0 0
1727260632933 30.0 0
1727260633042 40.0 0
1727260633152 50.0 0
1727260633259 60.0 0
1727260633708 0.0 0
1727260633814 10.0 0
1727260633919 20.0 0
1727260634025 30.0 0
1727260634129 40.0 0
1727260634234 50.0 0
1727260634342 60.0 0
1727260634806 0.0 0
1727260634909 10.0 0
1727260635011 20.0 0
1727260635117 30.0 0
1727260635224 40.0 0
1727260635328 50.0 0
1727260635434 60.0 0
1727260635890 0.0 0
1727260635996 10.0 0
1727260636101 20.0 0
1727260636210 30.0 0
1727260636317 40.0 0
1727260636422 50.0 0
1727260636537 60.0 0
1727260636989 0.0 0
1727260637094 10.0 0
1727260637199 20.0 0
1727260637308 30.0 0
1727260637412 40.0 0
1727260637549 50.0 0
1727260637658 60.0 0
1727260638136 0.0 0
1727260638250 10.0 0
1727260638357 20.0 0
1727260638469 30.0 0
1727260638583 40.0 0
1727260638699 50.0 0
1727260638811 60.0 0
1727260639288 0.0 0
1727260639401 10.0 0
1727260639512 20.0 0
1727260639625 30.0 0
1727260639737 40.0 0
1727260639851 50.0 0
1727260639961 60.0 0
1727260640445 0.0 0
1727260640556 10.0 0
1727260640668 20.0 0
1727260640781 30.0 0
1727260640896 40.0 0
1727260641015 50.0 0
1727260641126 60.0 0
1727260641622 0.0 0
1727260641736 10.0 0
1727260641857 20.0 0
1727260641981 30.0 0
1727260642104 40.0 0
1727260642221 50.0 0
1727260642334 60.0 0
