1726888863212 0.936394 0
1726888863353 0.960967 0
1726888863490 0.233021 0
1726888863629 0.405166 0
1726888863769 0.200364 0
1726888863910 0.226358 0
1726888864048 0.344043 0
1726888864185 0.427766 0
1726888864325 0.164304 0
1726888864463 0.133272 0
1726888864603 0.362566 1
1726888865489 0.324606 0
1726888865639 0.779443 0
1726888865780 0.184822 0
1726888865919 0.414657 0
1726888866057 0.197185 0
1726888866194 0.289501 0
1726888866330 0.319978 0
1726888866468 0.576827 0
1726888866607 0.227335 0
1726888866744 0.625119 0
1726888866882 0.477598 2
1726888867758 2.194761 0
1726888867899 1.509545 0
1726888868038 0.293882 0
1726888868175 0.175745 0
1726888868312 0.193712 0
1726888868449 0.245284 0
1726888868586 0.311236 0
1726888868724 0.454123 0
1726888868861 0.178273 0
1726888868998 0.156363 0
1726888869137 0.4682 3
1726888870014 0.102313 0
1726888870154 0.856114 0
1726888870292 0.190751 0
1726888870429 0.832191 0
1726888870567 0.447141 0
1726888870704 0.191393 0
1726888870844 0.492873 0
1726888870982 0.523308 0
1726888871120 0.337132 0
1726888871258 0.152289 0
1726888871396 0.85163 4
1726888872275 0.749465 0
1726888872415 1.124717 0
1726888872552 0.14644 0
1726888872690 0.377783 0
1726888872828 0.217982 0
1726888872966 0.178567 0
1726888873104 0.317652 0
1726888873242 0.362483 0
1726888873380 0.170403 0
1726888873518 0.161489 0
1726888873656 0.357043 5
1726888874559 0.241795 0
1726888874697 0.777114 0
1726888874834 0.125983 0
1726888874971 0.221653 0
1726888875109 0.18141 0
1726888875246 0.176731 0
1726888875383 0.339243 0
1726888875522 0.36687 0
1726888875659 0.159133 0
1726888875797 0.118268 0
1726888875935 0.334516 6
1726888876832 0.228501 0
1726888876970 0.69947 0
1726888877107 0.121326 0
1726888877245 0.195834 0
1726888877382 0.171281 0
1726888877519 0.17191 0
1726888877656 0.326559 0
1726888877794 0.370266 0
1726888877930 0.15909 0
1726888878069 0.125718 0
1726888878210 0.337002 7
