1726675026055 0.863734 0
1726675026187 0.39285 0
1726675026297 0.748119 0
1726675026408 2.305335 0
1726675026518 0.27663 0
1726675026628 0.31172 0
1726675026738 0.225574 0
1726675026849 0.228688 0
1726675026958 0.235043 0
1726675028702 0.56812 0
1726675028859 0.541594 0
1726675028984 0.414935 0
1726675029096 1.738477 0
1726675029205 0.163537 0
1726675029314 0.162584 0
1726675029425 0.149401 0
1726675029539 0.196578 0
1726675029723 0.160906 0
1726675030863 0.485677 0
1726675031025 0.263915 0
1726675031154 0.448235 0
1726675031267 1.514584 0
1726675031376 0.155386 0
1726675031485 0.168602 0
1726675031593 0.139302 0
1726675031702 0.192923 0
1726675031810 0.151139 0
1726675032449 0.415998 0
1726675032613 0.218457 0
1726675032750 0.37863 0
1726675032867 1.443985 0
1726675032978 0.219884 0
1726675033088 0.190483 0
1726675033199 0.138026 0
1726675033309 0.205711 0
1726675033419 0.175311 0
1726675034074 0.43006 0
1726675034242 0.214544 0
1726675034374 0.378828 0
1726675034487 1.399103 0
1726675034597 0.160482 0
1726675034708 0.203266 0
1726675034819 0.142322 0
1726675034931 0.189958 0
1726675035042 0.163966 0
1726675035706 0.422933 0
1726675035888 0.219073 0
1726675036018 0.559494 0
1726675036132 1.698811 0
1726675036243 0.389254 0
1726675036353 0.149888 0
1726675036464 0.285048 0
1726675036573 0.185561 0
1726675036684 0.177017 0
1726675037354 0.589218 0
1726675037535 0.345116 0
1726675037678 0.414318 0
1726675037797 1.438693 0
1726675037907 0.277623 0
1726675038017 0.166713 0
1726675038130 0.150124 0
1726675038241 0.479871 0
1726675038352 0.657092 0
1726675039043 0.528367 0
1726675039233 0.205898 0
1726675039361 0.39491 0
1726675039471 1.356089 0
1726675039581 0.195537 0
1726675039693 0.173698 0
1726675039803 0.318168 0
1726675039914 0.223991 0
1726675040026 0.157938 0
1726675040685 0.711196 0
1726675040845 0.223089 0
1726675040975 0.343748 0
1726675041089 1.739662 0
1726675041200 0.332686 0
1726675041311 0.181143 0
1726675041422 0.148256 0
1726675041535 0.175416 0
1726675041647 0.156208 0
1726675042303 0.407073 0
1726675042480 0.248764 0
1726675042621 0.406881 0
1726675042739 1.420446 0
1726675042851 0.156537 0
1726675042962 0.21298 0
1726675043072 0.151969 0
1726675043185 0.189095 0
1726675043296 0.180006 0
