1726896062487 30.640697 0
1726896062631 4.082006 0
1726896062770 23.576113 0
1726896062918 21.034218 0
1726896063058 17.957384 0
1726896063197 14.840284 0
1726896063823 7.217784 0
1726896063964 48.751064 0
1726896064103 1.778678 0
1726896064243 2.258681 0
1726896064381 4.460078 0
1726896064520 3.359309 0
1726896065030 5.950635 0
1726896065171 9.059313 0
1726896065309 1.076808 0
1726896065446 2.583282 0
1726896065585 4.711114 0
1726896065724 1.751888 0
1726896066228 4.798785 0
1726896066368 7.432425 0
1726896066507 0.838515 0
1726896066648 30.469091 0
1726896066790 3.00912 0
1726896066929 12.558823 0
1726896067439 4.759314 0
1726896067579 5.98894 0
1726896067718 0.686519 0
1726896067856 2.140029 0
1726896067995 3.826989 0
1726896068134 2.820997 0
1726896068641 5.147173 0
1726896068783 5.053802 0
1726896068921 0.619947 0
1726896069060 3.616317 0
1726896069199 3.726683 0
1726896069337 3.065979 0
1726896069840 4.578156 0
1726896069982 28.230249 0
1726896070122 0.596476 0
1726896070264 29.597904 0
1726896070405 4.52186 0
1726896070544 1.855609 0
1726896071057 2.993485 0
1726896071199 3.055733 0
1726896071339 0.559115 0
1726896071480 2.370654 0
1726896071620 12.556088 0
1726896071761 1.770591 0
1726896072268 4.1288 0
1726896072409 3.796048 0
1726896072548 0.540608 0
1726896072686 2.862909 0
1726896072829 5.906031 0
1726896072971 2.689778 0
1726896073484 7.006921 0
1726896073625 6.388396 0
1726896073764 0.537872 0
1726896073903 3.052428 0
1726896074042 3.670742 0
1726896074180 2.828351 0
