1727264457596 0.651329 0
1727264457769 0.178475 0
1727264457934 0.159139 0
1727264458109 0.299396 0
1727264458274 0.066189 0
1727264458446 0.153177 0
1727264458617 0.940323 0
1727264458796 0.119968 0
1727264458969 0.168286 0
1727264459149 0.090994 0
1727264459334 0.149177 1
1727264459504 0.062308 1
1727264459673 1.743093 1
1727264459842 1.104934 1
1727264460007 0.648063 1
1727264460170 1.03995 1
1727264460327 0.537283 1
1727264460482 0.591833 1
1727264460637 2.918147 1
1727264460795 0.389638 1
1727264460967 0.183724 2
1727264461127 0.359272 2
1727264461283 0.594932 2
1727264461459 1.337889 2
1727264461633 0.235284 2
1727264461810 0.252656 2
1727264461980 0.9054 2
1727264462149 0.305581 2
1727264462318 0.125458 2
1727264462483 0.228983 2
1727264462650 0.363929 3
1727264464447 1.39057 0
1727264464620 0.042809 0
1727264464787 0.176032 0
1727264464958 0.221491 0
1727264465132 0.14439 0
1727264465302 0.147585 0
1727264465466 0.8643 0
1727264465631 0.061968 0
1727264465795 0.098184 0
1727264465970 0.095949 0
1727264466162 0.112888 2
1727264466340 0.105952 2
1727264466517 1.685894 2
1727264466683 1.003781 2
1727264466858 0.89673 2
1727264467032 0.934597 2
1727264467205 0.461546 2
1727264467387 0.566831 2
1727264467553 2.404678 2
1727264467725 0.430881 2
1727264467896 0.247889 4
1727264468074 0.404668 4
1727264468243 0.660893 4
1727264468414 0.50435 4
1727264468578 0.332298 4
1727264468747 0.328342 4
1727264468915 0.952822 4
1727264469092 0.322242 4
1727264469265 0.22577 4
1727264469453 0.193206 4
1727264469636 0.303802 6
1727264471530 0.152333 0
1727264471719 0.044187 0
1727264471889 0.15189 0
1727264472070 0.199723 0
1727264472239 0.103574 0
1727264472400 0.142539 0
1727264472560 0.898148 0
1727264472729 0.06523 0
1727264472908 0.124774 0
1727264473080 0.057645 0
1727264473247 0.142392 3
1727264473412 0.103639 3
1727264473578 2.033545 3
1727264473745 0.985214 3
1727264473918 0.695432 3
1727264474086 0.982363 3
1727264474256 0.259239 3
1727264474431 0.681086 3
1727264474606 3.218075 3
1727264474781 0.503197 3
1727264474953 0.326268 6
1727264475120 0.364657 6
1727264475298 0.629498 6
1727264475480 0.356793 6
1727264475654 0.465686 6
1727264475824 0.246848 6
1727264475995 0.804482 6
1727264476172 0.425648 6
1727264476357 0.143933 6
1727264476541 0.213455 6
1727264476717 0.269873 9
1727264478670 0.570866 0
1727264478857 0.05953 0
1727264479033 0.113357 0
1727264479210 0.194677 0
1727264479400 0.139013 0
1727264479583 0.138649 0
1727264479764 0.789484 0
1727264479939 0.066654 0
1727264480108 0.137577 0
1727264480307 0.050931 0
1727264480494 0.272609 4
1727264480676 0.149888 4
1727264480853 1.690783 4
1727264481016 0.998998 4
1727264481175 0.722866 4
1727264481352 1.022783 4
1727264481525 0.211279 4
1727264481693 0.766763 4
1727264481855 2.762189 4
1727264482040 0.365877 4
1727264482234 0.225365 8
1727264482422 0.496033 8
1727264482611 0.541707 8
1727264482800 0.503133 8
1727264482978 0.399033 8
1727264483146 0.197429 8
1727264483318 0.773767 8
1727264483498 0.387512 8
1727264483668 0.123454 8
1727264483839 0.209565 8
1727264484000 0.331744 12
