1726757565931 0.0 0
1726757566053 10.0 0
1726757566206 20.0 0
1726757566321 30.0 0
1726757566435 40.0 0
1726757566549 50.0 0
1726757566664 60.0 0
1726757566785 70.0 0
1726757566899 80.0 0
1726757567014 90.0 0
1726757567130 100.0 1
1726757567246 110.0 1
1726757567360 120.0 1
1726757567474 130.0 1
1726757567589 140.0 1
1726757567705 150.0 1
1726757567826 160.0 1
1726757567948 170.0 1
1726757568073 180.0 1
1726757568196 190.0 1
1726757568314 200.0 2
1726757568430 210.0 2
1726757569908 0.0 0
1726757570022 10.0 0
1726757570137 20.0 0
1726757570253 30.0 0
1726757570369 40.0 0
1726757570483 50.0 0
1726757570599 60.0 0
1726757570713 70.0 0
1726757570828 80.0 0
1726757570945 90.0 0
1726757571061 100.0 2
1726757571178 110.0 2
1726757571299 120.0 2
1726757571419 130.0 2
1726757571535 140.0 2
1726757571653 150.0 2
1726757571774 160.0 2
1726757571892 170.0 2
1726757572014 180.0 2
1726757572136 190.0 2
1726757572254 200.0 4
1726757572367 210.0 4
1726757573773 0.0 0
1726757573893 10.0 0
1726757574009 20.0 0
1726757574124 30.0 0
1726757574238 40.0 0
1726757574353 50.0 0
1726757574468 60.0 0
1726757574583 70.0 0
1726757574698 80.0 0
1726757574813 90.0 0
1726757574930 100.0 3
1726757575052 110.0 3
1726757575171 120.0 3
1726757575287 130.0 3
1726757575401 140.0 3
1726757575516 150.0 3
1726757575630 160.0 3
1726757575745 170.0 3
1726757575862 180.0 3
1726757575978 190.0 3
1726757576099 200.0 6
1726757576219 210.0 6
1726757577699 0.0 0
1726757577819 10.0 0
1726757577941 20.0 0
1726757578069 30.0 0
1726757578188 40.0 0
1726757578306 50.0 0
1726757578422 60.0 0
1726757578546 70.0 0
1726757578665 80.0 0
1726757578788 90.0 0
1726757578909 100.0 4
1726757579023 110.0 4
1726757579139 120.0 4
1726757579255 130.0 4
1726757579369 140.0 4
1726757579484 150.0 4
1726757579599 160.0 4
1726757579713 170.0 4
1726757579828 180.0 4
1726757579946 190.0 4
1726757580061 200.0 8
1726757580179 210.0 8
1726757581559 0.0 0
1726757581674 10.0 0
1726757581788 20.0 0
1726757581903 30.0 0
1726757582024 40.0 0
1726757582144 50.0 0
1726757582269 60.0 0
1726757582396 70.0 0
1726757582525 80.0 0
1726757582645 90.0 0
1726757582759 100.0 5
1726757582874 110.0 5
1726757582989 120.0 5
1726757583104 130.0 5
1726757583217 140.0 5
1726757583330 150.0 5
1726757583444 160.0 5
1726757583558 170.0 5
1726757583686 180.0 5
1726757583814 190.0 5
1726757583937 200.0 10
1726757584055 210.0 10
