1726911209018 0.0 0
1726911209160 10.0 0
1726911209301 20.0 0
1726911209443 30.0 0
1726911209585 40.0 0
1726911209727 50.0 0
1726911210399 0.0 0
1726911210548 10.0 0
1726911210691 20.0 0
1726911210833 30.0 0
1726911210977 40.0 0
1726911211120 50.0 0
1726911211701 0.0 0
1726911211850 10.0 0
1726911211993 20.0 0
1726911212135 30.0 0
1726911212277 40.0 0
1726911212419 50.0 0
1726911212988 0.0 0
1726911213133 10.0 0
1726911213275 20.0 0
1726911213417 30.0 0
1726911213562 40.0 0
1726911213704 50.0 0
1726911214278 0.0 0
1726911214424 10.0 0
1726911214568 20.0 0
1726911214714 30.0 0
1726911214856 40.0 0
1726911214998 50.0 0
