1726874791767 350.689728 0
1726874791924 3.189184 0
1726874792072 87.121872 0
1726874792212 10.947247 0
1726874792351 48.576149 0
1726874792488 15.332451 0
1726874792625 24.087252 0
1726874793253 2.281343 0
1726874793392 1.079752 0
1726874793529 10.231707 0
1726874793668 39.316597 0
1726874793806 6.161218 0
1726874793941 6.631954 0
1726874794089 7.195181 0
1726874794664 20.541349 0
1726874794804 0.887929 0
1726874794944 4.260142 0
1726874795082 14.55662 0
1726874795221 16.974413 0
1726874795357 3.027895 0
1726874795495 6.505287 0
1726874796073 6.544078 0
1726874796211 0.861785 0
1726874796346 3.725755 0
1726874796481 30.432949 0
1726874796617 4.058669 0
1726874796753 5.560155 0
1726874796891 3.740071 0
1726874797462 4.162038 0
1726874797603 0.863727 0
1726874797747 3.193744 0
1726874797884 8.344361 0
1726874798022 4.212984 0
1726874798162 2.192867 0
1726874798306 4.615992 0
1726874798880 5.125214 0
1726874799016 0.876066 0
1726874799155 2.499873 0
1726874799294 8.372787 0
1726874799433 3.051767 0
1726874799570 5.869028 0
1726874799710 18.581951 0
1726874800293 4.715086 0
1726874800434 0.85322 0
1726874800571 3.98835 0
1726874800706 14.074082 0
1726874800844 4.157479 0
1726874800983 2.481699 0
1726874801121 3.282886 0
1726874801689 3.339083 0
1726874801829 0.862059 0
1726874801970 2.651278 0
1726874802108 38.883698 0
1726874802248 4.322846 0
1726874802387 9.143472 0
1726874802525 4.448009 0
1726874803112 3.093049 0
1726874803250 0.863933 0
1726874803387 2.849477 0
1726874803525 10.167208 0
1726874803663 4.023797 0
1726874803806 2.888883 0
1726874803944 4.236036 0
1726874804527 2.838465 0
1726874804664 0.878166 0
1726874804802 58.067852 0
1726874804945 16.823135 0
1726874805083 3.850617 0
1726874805219 2.700597 0
1726874805356 8.018212 0
