1726778892589 1.35878 0
1726778892680 0.176519 0
1726778892771 0.24698 0
1726778892862 0.354284 0
1726778892952 0.753965 0
1726778893043 0.11583 0
1726778893138 0.380029 0
1726778893230 0.491581 0
1726778893321 0.068251 0
1726778893414 0.164319 0
1726778893504 0.675812 1
1726778893601 0.188511 1
1726778893693 0.139502 1
1726778893784 0.132935 1
1726778893884 0.149466 1
1726778893977 0.18072 1
1726778894070 0.278821 1
1726778894161 0.143759 1
1726778894253 0.162685 1
1726778894343 0.178814 1
1726778894434 0.139372 2
1726778894525 0.371391 2
1726778894618 0.119664 2
1726778894708 0.232492 2
1726778894802 0.210775 2
1726778894894 0.23437 2
1726778894988 0.062979 2
1726778895082 0.15836 2
1726778895180 0.217354 2
1726778895274 0.069586 2
1726778895368 0.150318 3
1726778895460 0.291263 3
1726778895554 0.11865 3
1726778895647 0.161576 3
1726778895737 0.194668 3
1726778895828 0.182747 3
1726778895928 0.112741 3
1726778896020 0.218637 3
1726778896113 0.329999 3
1726778896205 0.153558 3
1726778896296 0.548508 4
1726778896388 0.781246 4
1726778896479 0.267246 4
1726778898363 0.333969 0
1726778898455 0.043488 0
1726778898545 0.203077 0
1726778898640 0.276427 0
1726778898730 0.287209 0
1726778898820 0.150986 0
1726778898911 0.252001 0
1726778899001 0.4814 0
1726778899093 0.193333 0
1726778899184 0.108489 0
1726778899275 0.642278 2
1726778899366 0.1297 2
1726778899464 0.12931 2
1726778899555 0.077507 2
1726778899647 0.143765 2
1726778899740 0.158283 2
1726778899832 0.310697 2
1726778899923 0.156458 2
1726778900023 0.199472 2
1726778900114 0.183207 2
1726778900205 0.122243 4
1726778900298 0.320984 4
1726778900392 0.118783 4
1726778900487 0.159158 4
1726778900578 0.186306 4
1726778900670 0.218736 4
1726778900760 0.072744 4
1726778900851 0.153898 4
1726778900942 0.23479 4
1726778901035 0.062687 4
1726778901128 0.148238 6
1726778901218 0.253552 6
1726778901311 0.104335 6
1726778901401 0.16722 6
1726778901493 0.171278 6
1726778901584 0.178668 6
1726778901676 0.125894 6
1726778901768 0.185561 6
1726778901859 0.345977 6
1726778901949 0.159594 6
1726778902049 0.543617 8
1726778902156 0.798987 8
1726778902249 0.295143 8
1726778904193 0.197615 0
1726778904293 0.036964 0
1726778904387 0.167641 0
1726778904479 0.253858 0
1726778904570 0.222721 0
1726778904662 0.112104 0
1726778904753 0.22193 0
1726778904845 0.414999 0
1726778904936 0.171042 0
1726778905029 0.089262 0
1726778905122 0.544526 3
1726778905213 0.106721 3
1726778905304 0.132239 3
1726778905397 0.073602 3
1726778905488 0.158883 3
1726778905579 0.167727 3
1726778905670 0.285027 3
1726778905761 0.19815 3
1726778905854 0.231436 3
1726778905946 0.181361 3
1726778906037 0.130944 6
1726778906134 0.279385 6
1726778906228 0.103575 6
1726778906320 0.153405 6
1726778906411 0.188588 6
1726778906502 0.20968 6
1726778906593 0.07645 6
1726778906684 0.14885 6
1726778906775 0.234535 6
1726778906866 0.065191 6
1726778906957 0.152297 9
1726778907047 0.250525 9
1726778907141 0.114657 9
1726778907233 0.163643 9
1726778907327 0.187212 9
1726778907420 0.17941 9
1726778907512 0.128512 9
1726778907602 0.170228 9
1726778907692 0.312431 9
1726778907784 0.12305 9
1726778907877 0.507048 12
1726778907971 0.73247 12
1726778908064 0.281792 12
1726778910014 0.152689 0
1726778910112 0.040959 0
1726778910210 0.155897 0
1726778910304 0.213516 0
1726778910396 0.257218 0
1726778910492 0.10107 0
1726778910586 0.219123 0
1726778910677 0.348796 0
1726778910769 0.161161 0
1726778910860 0.081072 0
1726778910952 0.540346 4
1726778911044 0.098536 4
1726778911136 0.094188 4
1726778911227 0.070272 4
1726778911321 0.122 4
1726778911413 0.165507 4
1726778911505 0.285946 4
1726778911596 0.180633 4
1726778911687 0.220617 4
1726778911777 0.202848 4
1726778911869 0.143576 8
1726778911960 0.262558 8
1726778912051 0.12809 8
1726778912146 0.145889 8
1726778912241 0.18906 8
1726778912337 0.172237 8
1726778912428 0.063541 8
1726778912519 0.164809 8
1726778912610 0.24034 8
1726778912701 0.076698 8
1726778912792 0.147724 12
1726778912884 0.232061 12
1726778912975 0.149551 12
1726778913065 0.166174 12
1726778913156 0.203615 12
1726778913247 0.183748 12
1726778913337 0.121045 12
1726778913430 0.160899 12
1726778913524 0.28913 12
1726778913621 0.146172 12
1726778913713 0.569473 16
1726778913804 0.706259 16
1726778913895 0.274298 16
