1727114648281 0.496906 0
1727114648394 0.238611 0
1727114648505 1.534273 0
1727114648611 0.914628 0
1727114648720 0.550645 0
1727114648833 0.422803 0
1727114648943 0.15848 0
1727114649053 0.41474 0
1727114649480 0.4258 0
1727114649593 0.317518 0
1727114649707 1.470612 0
1727114649817 1.333276 0
1727114649925 0.449151 0
1727114650035 0.147967 0
1727114650148 0.183511 0
1727114650257 0.421707 0
1727114650682 0.530334 0
1727114650789 0.36071 0
1727114650904 1.351874 0
1727114651015 1.116649 0
1727114651125 0.405026 0
1727114651232 0.168187 0
1727114651339 0.169619 0
1727114651449 0.406968 0
1727114651873 0.419202 0
1727114651981 0.241891 0
1727114652090 1.474304 0
1727114652200 1.100517 0
1727114652309 0.43331 0
1727114652420 0.181553 0
1727114652530 0.149756 0
1727114652640 0.396513 0
1727114653079 0.401774 0
1727114653202 0.214701 0
1727114653314 1.470639 0
1727114653424 1.211478 0
1727114653532 0.455882 0
1727114653643 0.088376 0
1727114653749 0.153241 0
1727114653858 0.407075 0
