1726917768987 0.636867 0
1726917769135 1.739131 0
1726917769278 0.522835 0
1726917769422 0.338308 0
1726917769567 1.348838 0
1726917769713 1.191824 0
1726917770403 0.318734 0
1726917770549 1.350466 0
1726917770693 0.204738 0
1726917770838 0.242102 0
1726917770982 0.769137 0
1726917771125 0.69103 0
1726917771662 0.324431 0
1726917771809 1.041751 0
1726917771954 0.171817 0
1726917772098 0.246199 0
1726917772247 0.730791 0
1726917772391 0.626776 0
1726917772931 0.25947 0
1726917773076 1.001155 0
1726917773219 0.186623 0
1726917773374 0.235998 0
1726917773522 0.685415 0
1726917773667 0.600004 0
1726917774227 0.246743 0
1726917774375 0.988549 0
1726917774518 0.149763 0
1726917774661 0.237521 0
1726917774805 0.658227 0
1726917774950 0.570477 0
1726917775487 0.250742 0
1726917775633 0.943996 0
1726917775781 0.145391 0
1726917775925 0.238867 0
1726917776070 0.659505 0
1726917776217 0.583627 0
1726917776750 0.236607 0
1726917776897 0.946874 0
1726917777041 0.143219 0
1726917777185 0.233798 0
1726917777329 0.622066 0
1726917777472 0.567052 0
1726917778009 0.237896 0
1726917778155 0.930407 0
1726917778302 0.13736 0
1726917778448 0.237257 0
1726917778592 0.637181 0
1726917778734 0.570855 0
