1726805245915 0.999037 0
1726805246015 0.395647 0
1726805246114 0.645794 0
1726805246214 0.227247 0
1726805246314 0.265623 0
1726805246414 0.342851 0
1726805246515 0.480969 0
1726805246614 2.060151 0
1726805246714 0.491435 0
1726805246813 0.617324 0
1726805246918 0.495336 1
1726805247019 0.790362 1
1726805247118 0.640714 1
1726805247218 0.272963 1
1726805247994 0.889394 0
1726805248093 0.386013 0
1726805248193 0.629413 0
1726805248293 0.208364 0
1726805248392 0.229603 0
1726805248495 0.244546 0
1726805248594 0.482953 0
1726805248694 1.706386 0
1726805248794 0.513608 0
1726805248895 0.644982 0
1726805248994 0.494186 2
1726805249094 0.68855 2
1726805249192 0.661082 2
1726805249295 0.319001 2
1726805250074 0.833266 0
1726805250182 0.399292 0
1726805250283 0.656265 0
1726805250383 0.292393 0
1726805250481 0.20813 0
1726805250582 0.241762 0
1726805250681 0.480487 0
1726805250783 1.579153 0
1726805250882 0.45812 0
1726805250980 0.645076 0
1726805251078 0.503619 3
1726805251176 0.6764 3
1726805251277 0.662242 3
1726805251378 0.258747 3
1726805252223 0.876597 0
1726805252331 0.40317 0
1726805252431 0.637328 0
1726805252540 0.225821 0
1726805252641 0.214256 0
1726805252740 0.256955 0
1726805252842 0.496012 0
1726805252941 1.351754 0
1726805253044 0.464903 0
1726805253147 0.618778 0
1726805253249 0.480217 4
1726805253350 0.680531 4
1726805253450 0.664502 4
1726805253551 0.262652 4
1726805254308 0.832937 0
1726805254409 0.363152 0
1726805254508 0.681521 0
1726805254607 0.26382 0
1726805254709 0.205667 0
1726805254808 0.241515 0
1726805254909 0.496516 0
1726805255009 1.368261 0
1726805255110 0.456044 0
1726805255212 0.613043 0
1726805255317 0.473486 5
1726805255417 0.679711 5
1726805255516 0.655922 5
1726805255617 0.268904 5
1726805256408 0.831472 0
1726805256508 0.376027 0
1726805256606 0.665779 0
1726805256707 0.237346 0
1726805256807 0.204433 0
1726805256913 0.242262 0
1726805257013 0.490716 0
1726805257112 1.278599 0
1726805257211 0.452007 0
1726805257310 0.617263 0
1726805257410 0.475307 6
1726805257510 0.675672 6
1726805257609 0.6544 6
1726805257708 0.269742 6
