1727105410159 0.0 0
1727105410325 10.0 0
1727105410488 20.0 0
1727105410647 30.0 0
1727105410825 40.0 0
1727105410993 50.0 0
1727105411811 0.0 0
1727105411977 10.0 0
1727105412139 20.0 0
1727105412301 30.0 0
1727105412461 40.0 0
1727105412623 50.0 0
1727105413277 0.0 0
1727105413440 10.0 0
1727105413603 20.0 0
1727105413766 30.0 0
1727105413928 40.0 0
1727105414100 50.0 0
1727105414726 0.0 0
1727105414891 10.0 0
1727105415050 20.0 0
1727105415211 30.0 0
1727105415372 40.0 0
1727105415538 50.0 0
1727105416169 0.0 0
1727105416329 10.0 0
1727105416497 20.0 0
1727105416661 30.0 0
1727105416826 40.0 0
1727105416994 50.0 0
