1726820927866 0.005233 0
1726820927996 0.001425 0
1726820928113 0.001023 0
1726820928230 0.001146 0
1726820928351 0.000374 0
1726820928480 0.000515 0
1726820928615 0.000498 0
1726820928747 0.000537 0
1726820929771 0.007597 0
1726820929901 0.001634 0
1726820930030 0.000975 0
1726820930158 0.000546 0
1726820930282 0.00058 0
1726820930403 0.000456 0
1726820930526 0.000757 0
1726820930654 0.000645 0
1726820931581 0.01964 0
1726820931713 0.000935 0
1726820931843 0.001616 0
1726820931968 0.001126 0
1726820932096 0.000914 0
1726820932225 0.001549 0
1726820932349 0.000877 0
1726820932482 0.000583 0
1726820933422 0.013792 0
1726820933554 0.00224 0
1726820933688 0.002645 0
1726820933820 0.001677 0
1726820933946 0.004828 0
1726820934071 0.001337 0
1726820934202 0.001188 0
1726820934341 0.001832 0
1726820935308 0.177059 0
1726820935446 0.013254 0
1726820935591 0.011994 0
1726820935742 0.004391 0
1726820935889 0.004293 0
1726820936021 0.00605 0
1726820936144 0.003115 0
1726820936268 0.00105 0
1726820937151 0.139144 0
1726820937307 0.000713 0
1726820937435 0.000491 0
1726820937577 0.000578 0
1726820937716 0.029696 0
1726820937848 0.005448 0
1726820937973 0.003787 0
1726820938094 0.009525 0
1726820938998 0.015375 0
1726820939135 0.003014 0
1726820939266 0.006092 0
1726820939404 0.011398 0
1726820939545 0.007583 0
1726820939674 0.001792 0
1726820939795 0.016023 0
1726820939913 0.00898 0
