1727090490141 0.524944 0
1727090490237 0.331224 0
1727090490327 1.1849 0
1727090490584 0.261745 0
1727090490676 0.226256 0
1727090490766 0.946025 0
1727090491013 0.244187 0
1727090491107 0.199214 0
1727090491201 0.74604 0
1727090491444 0.274658 0
1727090491538 0.195424 0
1727090491627 0.655065 0
1727090491869 0.289487 0
1727090491963 0.206635 0
1727090492054 0.623401 0
1727090492298 0.27592 0
1727090492399 0.196716 0
1727090492488 0.594189 0
1727090492733 0.271919 0
1727090492823 0.195687 0
1727090492913 0.577087 0
