1727102075280 0.0 0
1727102075405 10.0 0
1727102075525 20.0 0
1727102075648 30.0 0
1727102075770 40.0 0
1727102075889 50.0 0
1727102076009 60.0 0
1727102076133 70.0 0
1727102076261 80.0 0
1727102076896 0.0 0
1727102077020 10.0 0
1727102077147 20.0 0
1727102077279 30.0 0
1727102077402 40.0 0
1727102077529 50.0 0
1727102077666 60.0 0
1727102077791 70.0 0
1727102077916 80.0 0
1727102078480 0.0 0
1727102078604 10.0 0
1727102078724 20.0 0
1727102078849 30.0 0
1727102078975 40.0 0
1727102079096 50.0 0
1727102079216 60.0 0
1727102079344 70.0 0
1727102079466 80.0 0
1727102080026 0.0 0
1727102080150 10.0 0
1727102080277 20.0 0
1727102080399 30.0 0
1727102080519 40.0 0
1727102080643 50.0 0
1727102080767 60.0 0
1727102080889 70.0 0
1727102081009 80.0 0
1727102081579 0.0 0
1727102081700 10.0 0
1727102081825 20.0 0
1727102081952 30.0 0
1727102082077 40.0 0
1727102082200 50.0 0
1727102082329 60.0 0
1727102082455 70.0 0
1727102082579 80.0 0
1727102083137 0.0 0
1727102083261 10.0 0
1727102083387 20.0 0
1727102083509 30.0 0
1727102083633 40.0 0
1727102083758 50.0 0
1727102083882 60.0 0
1727102084003 70.0 0
1727102084127 80.0 0
1727102084699 0.0 0
1727102084825 10.0 0
1727102084948 20.0 0
1727102085071 30.0 0
1727102085194 40.0 0
1727102085317 50.0 0
1727102085441 60.0 0
1727102085562 70.0 0
1727102085688 80.0 0
