1726878188145 0.506565 0
1726878188282 0.268024 0
1726878188418 0.514491 0
1726878188554 0.406396 0
1726878188690 0.653178 0
1726878188826 3.834148 0
1726878188962 0.622631 0
1726878189606 0.593489 0
1726878189743 0.285504 0
1726878189879 0.216 0
1726878190018 0.522383 0
1726878190155 0.636973 0
1726878190290 2.008965 0
1726878190426 0.588759 0
1726878191029 0.276169 0
1726878191166 0.236182 0
1726878191303 0.254652 0
1726878191440 0.416634 0
1726878191576 0.644923 0
1726878191712 1.71844 0
1726878191849 0.836873 0
1726878192458 0.21685 0
1726878192597 0.212858 0
1726878192733 0.354923 0
1726878192870 0.510803 0
1726878193008 0.646128 0
1726878193144 1.737251 0
1726878193280 0.631333 0
1726878193887 0.357641 0
1726878194027 0.243067 0
1726878194166 0.228966 0
1726878194302 0.59154 0
1726878194439 0.811464 0
1726878194575 2.740292 0
1726878194712 0.591676 0
1726878195315 0.215514 0
1726878195452 0.225025 0
1726878195588 0.337407 0
1726878195724 0.436921 0
1726878195860 0.624707 0
1726878195996 1.596378 0
1726878196136 0.582823 0
1726878196743 0.253065 0
1726878196881 0.214669 0
1726878197018 0.179879 0
1726878197155 0.402028 0
1726878197290 0.62845 0
1726878197428 1.622128 0
1726878197564 0.582336 0
1726878198170 0.22154 0
1726878198309 0.206658 0
1726878198446 0.199641 0
1726878198582 0.405994 0
1726878198718 0.622632 0
1726878198854 1.577138 0
1726878198991 0.582757 0
