1726832949832 0.0 0
1726832949997 10.0 0
1726832950160 20.0 0
1726832950323 30.0 0
1726832950491 40.0 0
1726832950657 50.0 0
1726832950824 60.0 0
1726832950989 70.0 0
1726832951144 80.0 0
1726832951894 0.0 0
1726832952065 10.0 0
1726832952238 20.0 0
1726832952411 30.0 0
1726832952586 40.0 0
1726832952759 50.0 0
1726832952931 60.0 0
1726832953115 70.0 0
1726832953293 80.0 0
1726832954064 0.0 0
1726832954242 10.0 0
1726832954395 20.0 0
1726832954560 30.0 0
1726832954703 40.0 0
1726832954871 50.0 0
1726832955041 60.0 0
1726832955213 70.0 0
1726832955380 80.0 0
1726832956166 0.0 0
1726832956330 10.0 0
1726832956491 20.0 0
1726832956652 30.0 0
1726832956820 40.0 0
1726832956985 50.0 0
1726832957149 60.0 0
1726832957316 70.0 0
1726832957473 80.0 0
1726832958247 0.0 0
1726832958414 10.0 0
1726832958582 20.0 0
1726832958746 30.0 0
1726832958909 40.0 0
1726832959075 50.0 0
1726832959243 60.0 0
1726832959406 70.0 0
1726832959575 80.0 0
1726832960329 0.0 0
1726832960485 10.0 0
1726832960654 20.0 0
1726832960820 30.0 0
1726832960991 40.0 0
1726832961163 50.0 0
1726832961331 60.0 0
1726832961493 70.0 0
1726832961664 80.0 0
1726832962451 0.0 0
1726832962620 10.0 0
1726832962780 20.0 0
1726832962946 30.0 0
1726832963113 40.0 0
1726832963281 50.0 0
1726832963448 60.0 0
1726832963601 70.0 0
1726832963757 80.0 0
