1726841325970 0.0 0
1726841326107 10.0 0
1726841326239 20.0 0
1726841326372 30.0 0
1726841326504 40.0 0
1726841326635 50.0 0
1726841326766 60.0 0
1726841326898 70.0 0
1726841327029 80.0 0
1726841327160 90.0 0
1726841327292 100.0 1
1726841327423 110.0 1
1726841327556 120.0 1
1726841327687 130.0 1
1726841327820 140.0 1
1726841327952 150.0 1
1726841328082 160.0 1
1726841328214 170.0 1
1726841328348 180.0 1
1726841328480 190.0 1
1726841328646 200.0 2
1726841330049 0.0 0
1726841330184 10.0 0
1726841330315 20.0 0
1726841330449 30.0 0
1726841330580 40.0 0
1726841330712 50.0 0
1726841330845 60.0 0
1726841330976 70.0 0
1726841331107 80.0 0
1726841331238 90.0 0
1726841331370 100.0 2
1726841331500 110.0 2
1726841331634 120.0 2
1726841331765 130.0 2
1726841331895 140.0 2
1726841332026 150.0 2
1726841332158 160.0 2
1726841332289 170.0 2
1726841332422 180.0 2
1726841332554 190.0 2
1726841332693 200.0 4
1726841334118 0.0 0
1726841334250 10.0 0
1726841334382 20.0 0
1726841334516 30.0 0
1726841334648 40.0 0
1726841334779 50.0 0
1726841334910 60.0 0
1726841335042 70.0 0
1726841335173 80.0 0
1726841335306 90.0 0
1726841335439 100.0 3
1726841335570 110.0 3
1726841335704 120.0 3
1726841335837 130.0 3
1726841335969 140.0 3
1726841336101 150.0 3
1726841336232 160.0 3
1726841336365 170.0 3
1726841336498 180.0 3
1726841336629 190.0 3
1726841336758 200.0 6
1726841338129 0.0 0
1726841338263 10.0 0
1726841338395 20.0 0
1726841338527 30.0 0
1726841338659 40.0 0
1726841338790 50.0 0
1726841338922 60.0 0
1726841339053 70.0 0
1726841339185 80.0 0
1726841339316 90.0 0
1726841339459 100.0 4
1726841339590 110.0 4
1726841339724 120.0 4
1726841339867 130.0 4
1726841340007 140.0 4
1726841340141 150.0 4
1726841340272 160.0 4
1726841340404 170.0 4
1726841340538 180.0 4
1726841340670 190.0 4
1726841340804 200.0 8
1726841342224 0.0 0
1726841342359 10.0 0
1726841342495 20.0 0
1726841342628 30.0 0
1726841342759 40.0 0
1726841342892 50.0 0
1726841343024 60.0 0
1726841343194 70.0 0
1726841343351 80.0 0
1726841343493 90.0 0
1726841343630 100.0 5
1726841343764 110.0 5
1726841343899 120.0 5
1726841344035 130.0 5
1726841344170 140.0 5
1726841344308 150.0 5
1726841344443 160.0 5
1726841344579 170.0 5
1726841344717 180.0 5
1726841344849 190.0 5
1726841344978 200.0 10
1726841346449 0.0 0
1726841346581 10.0 0
1726841346713 20.0 0
1726841346848 30.0 0
1726841346983 40.0 0
1726841347116 50.0 0
1726841347248 60.0 0
1726841347379 70.0 0
1726841347510 80.0 0
1726841347642 90.0 0
1726841347774 100.0 6
1726841347907 110.0 6
1726841348043 120.0 6
1726841348179 130.0 6
1726841348312 140.0 6
1726841348453 150.0 6
1726841348588 160.0 6
1726841348720 170.0 6
1726841348858 180.0 6
1726841348991 190.0 6
1726841349122 200.0 12
1726841350535 0.0 0
1726841350677 10.0 0
1726841350830 20.0 0
1726841350964 30.0 0
1726841351096 40.0 0
1726841351231 50.0 0
1726841351367 60.0 0
1726841351501 70.0 0
1726841351637 80.0 0
1726841351772 90.0 0
1726841351910 100.0 7
1726841352045 110.0 7
1726841352179 120.0 7
1726841352312 130.0 7
1726841352444 140.0 7
1726841352576 150.0 7
1726841352707 160.0 7
1726841352839 170.0 7
1726841352970 180.0 7
1726841353101 190.0 7
1726841353232 200.0 14
1726841354616 0.0 0
1726841354751 10.0 0
1726841354885 20.0 0
1726841355016 30.0 0
1726841355150 40.0 0
1726841355281 50.0 0
1726841355412 60.0 0
1726841355548 70.0 0
1726841355681 80.0 0
1726841355814 90.0 0
1726841355946 100.0 8
1726841356080 110.0 8
1726841356213 120.0 8
1726841356347 130.0 8
1726841356479 140.0 8
1726841356611 150.0 8
1726841356744 160.0 8
1726841356877 170.0 8
1726841357009 180.0 8
1726841357141 190.0 8
1726841357272 200.0 16
1726841358654 0.0 0
1726841358786 10.0 0
1726841358920 20.0 0
1726841359056 30.0 0
1726841359188 40.0 0
1726841359321 50.0 0
1726841359453 60.0 0
1726841359585 70.0 0
1726841359719 80.0 0
1726841359851 90.0 0
1726841359982 100.0 9
1726841360115 110.0 9
1726841360250 120.0 9
1726841360382 130.0 9
1726841360513 140.0 9
1726841360645 150.0 9
1726841360782 160.0 9
1726841360914 170.0 9
1726841361055 180.0 9
1726841361198 190.0 9
1726841361331 200.0 18
1726841362736 0.0 0
1726841362875 10.0 0
1726841363010 20.0 0
1726841363142 30.0 0
1726841363275 40.0 0
1726841363409 50.0 0
1726841363542 60.0 0
1726841363676 70.0 0
1726841363810 80.0 0
1726841363941 90.0 0
1726841364074 100.0 10
1726841364207 110.0 10
1726841364340 120.0 10
1726841364472 130.0 10
1726841364603 140.0 10
1726841364737 150.0 10
1726841364869 160.0 10
1726841365000 170.0 10
1726841365133 180.0 10
1726841365266 190.0 10
1726841365396 200.0 20
