1726873874988 26.539419 0
1726873875127 15.583069 0
1726873875262 8.139615 0
1726873875399 5.739732 0
1726873875534 14.817309 0
1726873875669 8.241278 0
1726873875804 15.981491 0
1726873875939 15.400382 0
1726873876074 10589.360352 0
1726873876209 10.682849 0
1726873876344 6.801565 1
1726873876479 1.722483 1
1726873876614 3.012085 1
1726873877581 2.655613 0
1726873877718 1.967388 0
1726873877854 2.759525 0
1726873877990 6.784609 0
1726873878125 8.271111 0
1726873878261 1.295552 0
1726873878396 8.113718 0
1726873878531 8.483476 0
1726873878666 1.71963 0
1726873878801 2.849237 0
1726873878939 0.647747 2
1726873879074 0.911398 2
1726873879209 1.542689 2
1726873880098 1.250894 0
1726873880232 1.360933 0
1726873880366 49.610706 0
1726873880501 2.525931 0
1726873880636 4.335291 0
1726873880770 0.66001 0
1726873880907 20.00724 0
1726873881044 4.623834 0
1726873881180 3.185825 0
1726873881316 1.565555 0
1726873881452 0.54986 3
1726873881587 2.555695 3
1726873881723 1.525065 3
1726873882614 2.868756 0
1726873882749 1.730661 0
1726873882885 5.030571 0
1726873883022 1.811968 0
1726873883158 6.161134 0
1726873883293 0.74576 0
1726873883428 16.764307 0
1726873883564 201.093811 0
1726873883699 3.327795 0
1726873883835 1.383044 0
1726873883973 0.500869 4
1726873884107 10.598019 4
1726873884242 2.485271 4
1726873885139 4.592137 0
1726873885276 1.666636 0
1726873885411 2.472347 0
1726873885545 1.694553 0
1726873885679 6.664988 0
1726873885814 0.726788 0
1726873885948 6.291122 0
1726873886084 1.353632 0
1726873886219 1.623298 0
1726873886354 1.570875 0
1726873886487 0.469143 5
1726873886626 1.090068 5
1726873886761 1.392159 5
1726873887656 2.987132 0
1726873887791 2.737197 0
1726873887927 7.969116 0
1726873888061 9.515051 0
1726873888196 4.517953 0
1726873888330 0.789934 0
1726873888466 9.596046 0
1726873888600 1.332786 0
1726873888735 1.51863 0
1726873888870 11.810277 0
1726873889005 0.452822 6
1726873889142 5.796786 6
1726873889277 2.932104 6
1726873890176 3.738246 0
1726873890314 75.508652 0
1726873890448 6.546408 0
1726873890583 1.636143 0
1726873890717 3.698 0
1726873890851 0.735448 0
1726873890987 6.818557 0
1726873891122 1.050804 0
1726873891260 1.374642 0
1726873891395 1.226692 0
1726873891529 0.442356 7
1726873891664 2.85495 7
1726873891799 1.344777 7
1726873892692 2.314154 0
1726873892826 1.881904 0
1726873892960 6.260167 0
1726873893094 2.024378 0
1726873893231 6.317827 0
1726873893365 0.743045 0
1726873893499 17.769367 0
1726873893634 0.950489 0
1726873893768 1.82272 0
1726873893902 0.957916 0
1726873894038 0.411761 8
1726873894172 1.486499 8
1726873894306 2.243345 8
1726873895197 9.029381 0
1726873895334 2.104293 0
1726873895472 3.117378 0
1726873895607 2.442293 0
1726873895742 5.205503 0
1726873895878 0.688184 0
1726873896012 123.349335 0
1726873896146 0.937809 0
1726873896280 1.768145 0
1726873896415 2.851006 0
1726873896549 0.428934 9
1726873896687 1.267212 9
1726873896822 1.244279 9
1726873897727 5.36414 0
1726873897863 2.194246 0
1726873897997 6.430667 0
1726873898134 4.117825 0
1726873898268 4.166878 0
1726873898403 0.734616 0
1726873898538 14.951059 0
1726873898672 0.896792 0
1726873898807 28.310209 0
1726873898941 0.970653 0
1726873899076 0.472928 10
1726873899210 2.422285 10
1726873899347 1.54299 10
