1726832299497 0.0 0
1726832299630 10.0 0
1726832299755 20.0 0
1726832299887 30.0 0
1726832300015 40.0 0
1726832300141 50.0 0
1726832300268 60.0 0
1726832300396 70.0 0
1726832300523 80.0 0
1726832300679 90.0 0
1726832300806 100.0 1
1726832301667 0.0 0
1726832301794 10.0 0
1726832301927 20.0 0
1726832302059 30.0 0
1726832302186 40.0 0
1726832302312 50.0 0
1726832302441 60.0 0
1726832302569 70.0 0
1726832302698 80.0 0
1726832302826 90.0 0
1726832302953 100.0 2
1726832303762 0.0 0
1726832303911 10.0 0
1726832304042 20.0 0
1726832304172 30.0 0
1726832304298 40.0 0
1726832304425 50.0 0
1726832304553 60.0 0
1726832304684 70.0 0
1726832304813 80.0 0
1726832304941 90.0 0
1726832305071 100.0 3
1726832305889 0.0 0
1726832306022 10.0 0
1726832306151 20.0 0
1726832306277 30.0 0
1726832306407 40.0 0
1726832306535 50.0 0
1726832306666 60.0 0
1726832306793 70.0 0
1726832306923 80.0 0
1726832307054 90.0 0
1726832307180 100.0 4
1726832307978 0.0 0
1726832308105 10.0 0
1726832308231 20.0 0
1726832308357 30.0 0
1726832308485 40.0 0
1726832308613 50.0 0
1726832308738 60.0 0
1726832308864 70.0 0
1726832308992 80.0 0
1726832309125 90.0 0
1726832309255 100.0 5
1726832310073 0.0 0
1726832310200 10.0 0
1726832310325 20.0 0
1726832310453 30.0 0
1726832310586 40.0 0
1726832310716 50.0 0
1726832310848 60.0 0
1726832310977 70.0 0
1726832311105 80.0 0
1726832311232 90.0 0
1726832311358 100.0 6
1726832312215 0.0 0
1726832312342 10.0 0
1726832312469 20.0 0
1726832312598 30.0 0
1726832312730 40.0 0
1726832312867 50.0 0
1726832312998 60.0 0
1726832313130 70.0 0
1726832313266 80.0 0
1726832313403 90.0 0
1726832313532 100.0 7
1726832314448 0.0 0
1726832314580 10.0 0
1726832314713 20.0 0
1726832314859 30.0 0
1726832315021 40.0 0
1726832315156 50.0 0
1726832315290 60.0 0
1726832315423 70.0 0
1726832315549 80.0 0
1726832315680 90.0 0
1726832315811 100.0 8
