1726810711852 7.795618 0
1726810711954 2.177299 0
1726810712054 1.834521 0
1726810712154 10.372511 0
1726810712254 4.027168 0
1726810712354 2.490872 0
1726810712454 3.217429 0
1726810712553 2.182893 0
1726810712660 2.723956 0
1726810712761 0.963196 0
1726810712860 4.882105 1
1726810712969 2.856183 1
1726810713128 0.784116 1
1726810713229 1.57204 1
1726810713329 7.059944 1
1726810713429 0.374081 1
1726810713524 0.32352 1
1726810713626 1.100306 1
1726810713726 0.834977 1
1726810713824 3.068197 1
1726810713920 1.698773 2
1726810714020 1.775759 2
1726810714119 1.098848 2
1726810714217 1.441319 2
1726810714316 5.066839 2
1726810714417 65.985367 2
1726810714516 3.387092 2
1726810714614 0.704186 2
1726810714712 0.777872 2
1726810714811 1.219955 2
1726810714908 2.256592 3
1726810715021 0.941584 3
1726810715129 0.718045 3
1726810715232 1.246279 3
1726810715339 0.613357 3
1726810715443 0.773465 3
1726810715548 0.472907 3
1726810715650 2.72443 3
1726810715751 2.168153 3
1726810715854 0.920489 3
1726810715958 0.335612 4
1726810716061 0.491159 4
1726810716163 0.631425 4
1726810718198 15.111906 0
1726810718296 1.849205 0
1726810718395 14.053864 0
1726810718495 2.640533 0
1726810718595 1.393292 0
1726810718695 1.693243 0
1726810718795 1.177116 0
1726810718896 4.429427 0
1726810718995 0.723801 0
1726810719101 0.724834 0
1726810719201 0.802755 2
1726810719300 1.222975 2
1726810719399 0.520189 2
1726810719496 0.894791 2
1726810719597 0.357837 2
1726810719699 0.365882 2
1726810719797 1.227269 2
1726810719898 0.764098 2
1726810719997 0.809095 2
1726810720095 0.849699 2
1726810720193 1.77997 4
1726810720292 1.590155 4
1726810720391 1.860167 4
1726810720493 3.048976 4
1726810720592 1.637812 4
1726810720690 4.165858 4
1726810720790 5.493935 4
1726810720888 1.001538 4
1726810720987 0.743894 4
1726810721087 0.32969 4
1726810721196 3.87704 6
1726810721295 0.684671 6
1726810721394 0.478351 6
1726810721493 1.003033 6
1726810721593 0.611983 6
1726810721691 1.058704 6
1726810721791 0.614988 6
1726810721895 3.533007 6
1726810721995 1.431139 6
1726810722093 0.86471 6
1726810722190 0.326974 8
1726810722290 0.662482 8
1726810722389 0.642903 8
1726810724362 1.933233 0
1726810724460 3.20603 0
1726810724559 1.6712 0
1726810724657 3.635293 0
1726810724754 6.750791 0
1726810724853 0.781201 0
1726810724951 1.904758 0
1726810725051 1.338421 0
1726810725150 1.506533 0
1726810725256 0.736141 0
1726810725356 3.225856 3
1726810725457 0.927884 3
1726810725557 0.531015 3
1726810725656 4.544081 3
1726810725757 0.398383 3
1726810725856 0.194107 3
1726810725955 0.633938 3
1726810726052 0.485637 3
1726810726152 2.935939 3
1726810726251 0.524515 3
1726810726349 3.422592 6
1726810726447 0.874043 6
1726810726545 1.434522 6
1726810726643 2.580986 6
1726810726743 1.238927 6
1726810726846 20.017384 6
1726810726945 3.299245 6
1726810727043 1.797663 6
1726810727141 0.614001 6
1726810727240 0.353931 6
1726810727348 33.77972 9
1726810727451 0.693486 9
1726810727551 0.401018 9
1726810727655 1.228882 9
1726810727753 0.541332 9
1726810727851 0.743176 9
1726810727949 0.670566 9
1726810728048 3.101444 9
1726810728149 0.873908 9
1726810728247 0.65872 9
1726810728345 0.302858 12
1726810728445 0.694975 12
1726810728545 0.696302 12
1726810730455 7.773731 0
1726810730554 3.015703 0
1726810730650 2.730873 0
1726810730746 2.793188 0
1726810730844 4.624487 0
1726810730945 2.167238 0
1726810731047 1.468937 0
1726810731147 1.637293 0
1726810731247 0.784118 0
1726810731349 0.691778 0
1726810731454 0.59899 4
1726810731553 0.901401 4
1726810731653 0.614953 4
1726810731754 3.390892 4
1726810731853 0.484529 4
1726810731953 0.33032 4
1726810732053 0.78464 4
1726810732152 0.480019 4
1726810732250 2.22552 4
1726810732348 0.546912 4
1726810732449 1.313461 8
1726810732547 1.028831 8
1726810732650 1.145047 8
1726810732749 8.012856 8
1726810732847 1.609954 8
1726810732946 3.261165 8
1726810733044 1.299897 8
1726810733143 1.385686 8
1726810733241 0.518267 8
1726810733340 0.268302 8
1726810733447 3.363216 12
1726810733546 0.67482 12
1726810733645 0.406827 12
1726810733745 0.845822 12
1726810733845 0.626342 12
1726810733947 1.380692 12
1726810734046 0.551322 12
1726810734146 3.498715 12
1726810734244 0.863824 12
1726810734344 0.733324 12
1726810734444 0.293823 16
1726810734541 0.994107 16
1726810734639 0.400966 16
1726810736572 163.412903 0
1726810736674 1.595792 0
1726810736771 1.916432 0
1726810736867 11.331942 0
1726810736965 2.321606 0
1726810737064 1.298113 0
1726810737162 1.204146 0
1726810737263 1.662541 0
1726810737362 1.124017 0
1726810737465 0.675687 0
1726810737572 0.649271 5
1726810737679 0.902224 5
1726810737779 0.562281 5
1726810737879 2.18377 5
1726810737978 0.302385 5
1726810738079 0.228341 5
1726810738179 0.462849 5
1726810738279 0.45085 5
1726810738378 1.113986 5
1726810738478 0.77249 5
1726810738577 1.050892 10
1726810738676 1.472969 10
1726810738788 0.88445 10
1726810738889 6.462403 10
1726810738989 2.168733 10
1726810739090 1.95484 10
1726810739192 1.593096 10
1726810739292 11.022218 10
1726810739396 0.507141 10
1726810739498 0.247 10
1726810739612 3.984071 15
1726810739717 0.769771 15
1726810739817 0.4044 15
1726810739915 0.943546 15
1726810740014 0.657544 15
1726810740112 1.056133 15
1726810740212 0.672493 15
1726810740315 7.979855 15
1726810740415 0.725932 15
1726810740513 0.541782 15
1726810740611 0.276248 20
1726810740712 1.611795 20
1726810740814 0.364643 20
1726810742757 3.329851 0
1726810742859 1.627963 0
1726810742960 3.149462 0
1726810743061 31.658182 0
1726810743162 3.04458 0
1726810743262 1.003497 0
1726810743363 1.214233 0
1726810743463 1.633504 0
1726810743563 0.982034 0
1726810743671 0.665734 0
1726810743777 0.617203 6
1726810743882 0.771226 6
1726810743982 0.373906 6
1726810744086 14.360469 6
1726810744187 0.387693 6
1726810744287 0.277917 6
1726810744389 0.387558 6
1726810744492 0.343563 6
1726810744595 0.736859 6
1726810744700 1.124028 6
1726810744802 4.374125 12
1726810744905 1.595225 12
1726810745006 0.968193 12
1726810745108 6.481913 12
1726810745211 2.018478 12
1726810745318 14.522856 12
1726810745422 6.527673 12
1726810745524 1.128805 12
1726810745625 0.45441 12
1726810745734 0.3342 12
1726810745838 7.731311 18
1726810745939 0.674908 18
1726810746040 0.992913 18
1726810746139 1.639876 18
1726810746241 0.766043 18
1726810746341 0.845145 18
1726810746446 0.739059 18
1726810746546 8.929862 18
1726810746645 0.856033 18
1726810746746 0.515324 18
1726810746845 0.284866 24
1726810746949 0.888953 24
1726810747049 0.431646 24
1726810748916 4.625877 0
1726810749016 1.49178 0
1726810749117 4.976542 0
1726810749217 2.720546 0
1726810749317 1.679969 0
1726810749416 0.946573 0
1726810749516 1.261663 0
1726810749620 1.425288 0
1726810749720 0.771742 0
1726810749828 1.6414 0
1726810749930 3.159233 7
1726810750030 0.738584 7
1726810750127 2.653645 7
1726810750230 1.504784 7
1726810750330 0.282366 7
1726810750431 0.292091 7
1726810750531 0.500385 7
1726810750633 0.534245 7
1726810750729 0.789346 7
1726810750831 1.122917 7
1726810750930 1.317744 14
1726810751029 3.198943 14
1726810751128 1.148433 14
1726810751227 1.706616 14
1726810751328 2.621369 14
1726810751428 11.818838 14
1726810751527 32.28299 14
1726810751626 1.356685 14
1726810751726 0.457907 14
1726810751831 0.311467 14
1726810751930 18.789747 21
1726810752031 0.593496 21
1726810752133 0.419995 21
1726810752231 1.168442 21
1726810752330 1.02052 21
1726810752429 0.754117 21
1726810752529 1.603201 21
1726810752627 3.68732 21
1726810752725 0.594342 21
1726810752823 0.511113 21
1726810752922 0.306526 28
1726810753019 0.580935 28
1726810753117 0.372338 28
1726810754997 2.504006 0
1726810755098 1.786848 0
1726810755197 4.681 0
1726810755299 3.169815 0
1726810755398 3.723805 0
1726810755496 2.443409 0
1726810755597 0.958318 0
1726810755697 2.579044 0
1726810755796 1.36539 0
1726810755899 0.769396 0
1726810756005 0.562811 8
1726810756108 0.656751 8
1726810756208 0.353376 8
1726810756308 4.050095 8
1726810756407 0.326044 8
1726810756512 0.174252 8
1726810756613 0.324677 8
1726810756713 0.337662 8
1726810756813 0.742689 8
1726810756912 0.617986 8
1726810757012 1.428576 16
1726810757111 2.301653 16
1726810757214 0.941092 16
1726810757315 1.267028 16
1726810757417 1.654865 16
1726810757521 2.362136 16
1726810757619 8.956813 16
1726810757719 0.911493 16
1726810757820 0.458356 16
1726810757922 0.398923 16
1726810758030 9.114977 24
1726810758129 0.647483 24
1726810758229 3.652206 24
1726810758334 1.073416 24
1726810758433 2.005981 24
1726810758535 0.788129 24
1726810758634 0.512774 24
1726810758734 3.942984 24
1726810758832 0.842769 24
1726810758932 0.44254 24
1726810759033 0.288249 32
1726810759131 0.664288 32
1726810759229 0.459972 32
