1726826044332 0.0 0
1726826044447 10.0 0
1726826044557 20.0 0
1726826044671 30.0 0
1726826044787 40.0 0
1726826044907 50.0 0
1726826045034 60.0 0
1726826045160 70.0 0
1726826045273 80.0 0
1726826045381 90.0 0
1726826045492 100.0 1
1726826045602 110.0 1
1726826045713 120.0 1
1726826045823 130.0 1
1726826045935 140.0 1
1726826046045 150.0 1
1726826046183 160.0 1
1726826046305 170.0 1
1726826046423 180.0 1
1726826046535 190.0 1
1726826046646 200.0 2
1726826046763 210.0 2
1726826046876 220.0 2
1726826046992 230.0 2
1726826047102 240.0 2
1726826047214 250.0 2
1726826047332 260.0 2
1726826047444 270.0 2
1726826047554 280.0 2
1726826047667 290.0 2
1726826047784 300.0 3
1726826047900 310.0 3
1726826048016 320.0 3
1726826048129 330.0 3
1726826048246 340.0 3
1726826048366 350.0 3
1726826048483 360.0 3
1726826048606 370.0 3
1726826048723 380.0 3
1726826048838 390.0 3
1726826048953 400.0 4
1726826049068 410.0 4
1726826049180 420.0 4
1726826049307 430.0 4
1726826049422 440.0 4
1726826049538 450.0 4
1726826049656 460.0 4
1726826049771 470.0 4
1726826052538 0.0 0
1726826052656 10.0 0
1726826052763 20.0 0
1726826052874 30.0 0
1726826052985 40.0 0
1726826053093 50.0 0
1726826053208 60.0 0
1726826053326 70.0 0
1726826053443 80.0 0
1726826053567 90.0 0
1726826053686 100.0 2
1726826053802 110.0 2
1726826053917 120.0 2
1726826054032 130.0 2
1726826054146 140.0 2
1726826054258 150.0 2
1726826054372 160.0 2
1726826054486 170.0 2
1726826054597 180.0 2
1726826054708 190.0 2
1726826054821 200.0 4
1726826054937 210.0 4
1726826055056 220.0 4
1726826055178 230.0 4
1726826055303 240.0 4
1726826055423 250.0 4
1726826055540 260.0 4
1726826055655 270.0 4
1726826055766 280.0 4
1726826055877 290.0 4
1726826055987 300.0 6
1726826056097 310.0 6
1726826056207 320.0 6
1726826056318 330.0 6
1726826056427 340.0 6
1726826056538 350.0 6
1726826056649 360.0 6
1726826056769 370.0 6
1726826056887 380.0 6
1726826057008 390.0 6
1726826057124 400.0 8
1726826057235 410.0 8
1726826057349 420.0 8
1726826057463 430.0 8
1726826057576 440.0 8
1726826057686 450.0 8
1726826057799 460.0 8
1726826057912 470.0 8
1726826060576 0.0 0
1726826060686 10.0 0
1726826060799 20.0 0
1726826060912 30.0 0
1726826061023 40.0 0
1726826061134 50.0 0
1726826061251 60.0 0
1726826061366 70.0 0
1726826061486 80.0 0
1726826061599 90.0 0
1726826061712 100.0 3
1726826061823 110.0 3
1726826061933 120.0 3
1726826062043 130.0 3
1726826062153 140.0 3
1726826062263 150.0 3
1726826062374 160.0 3
1726826062483 170.0 3
1726826062597 180.0 3
1726826062719 190.0 3
1726826062829 200.0 6
1726826062941 210.0 6
1726826063051 220.0 6
1726826063163 230.0 6
1726826063272 240.0 6
1726826063383 250.0 6
1726826063495 260.0 6
1726826063606 270.0 6
1726826063717 280.0 6
1726826063826 290.0 6
1726826063936 300.0 9
1726826064047 310.0 9
1726826064156 320.0 9
1726826064268 330.0 9
1726826064379 340.0 9
1726826064487 350.0 9
1726826064599 360.0 9
1726826064711 370.0 9
1726826064824 380.0 9
1726826064935 390.0 9
1726826065049 400.0 12
1726826065172 410.0 12
1726826065297 420.0 12
1726826065415 430.0 12
1726826065532 440.0 12
1726826065649 450.0 12
1726826065760 460.0 12
1726826065871 470.0 12
1726826068555 0.0 0
1726826068666 10.0 0
1726826068780 20.0 0
1726826068890 30.0 0
1726826069001 40.0 0
1726826069114 50.0 0
1726826069226 60.0 0
1726826069338 70.0 0
1726826069449 80.0 0
1726826069561 90.0 0
1726826069671 100.0 4
1726826069783 110.0 4
1726826069893 120.0 4
1726826069998 130.0 4
1726826070112 140.0 4
1726826070229 150.0 4
1726826070345 160.0 4
1726826070468 170.0 4
1726826070585 180.0 4
1726826070699 190.0 4
1726826070811 200.0 8
1726826070921 210.0 8
1726826071033 220.0 8
1726826071144 230.0 8
1726826071255 240.0 8
1726826071365 250.0 8
1726826071475 260.0 8
1726826071585 270.0 8
1726826071698 280.0 8
1726826071813 290.0 8
1726826071930 300.0 12
1726826072056 310.0 12
1726826072182 320.0 12
1726826072309 330.0 12
1726826072432 340.0 12
1726826072547 350.0 12
1726826072669 360.0 12
1726826072785 370.0 12
1726826072895 380.0 12
1726826073006 390.0 12
1726826073118 400.0 16
1726826073228 410.0 16
1726826073339 420.0 16
1726826073451 430.0 16
1726826073562 440.0 16
1726826073676 450.0 16
1726826073789 460.0 16
1726826073901 470.0 16
1726826076617 0.0 0
1726826076732 10.0 0
1726826076845 20.0 0
1726826076957 30.0 0
1726826077068 40.0 0
1726826077178 50.0 0
1726826077287 60.0 0
1726826077399 70.0 0
1726826077517 80.0 0
1726826077639 90.0 0
1726826077765 100.0 5
1726826077890 110.0 5
1726826078009 120.0 5
1726826078126 130.0 5
1726826078240 140.0 5
1726826078353 150.0 5
1726826078465 160.0 5
1726826078581 170.0 5
1726826078698 180.0 5
1726826078814 190.0 5
1726826078931 200.0 10
1726826079048 210.0 10
1726826079167 220.0 10
1726826079284 230.0 10
1726826079402 240.0 10
1726826079519 250.0 10
1726826079633 260.0 10
1726826079746 270.0 10
1726826079859 280.0 10
1726826079976 290.0 10
1726826080089 300.0 15
1726826080205 310.0 15
1726826080316 320.0 15
1726826080429 330.0 15
1726826080543 340.0 15
1726826080713 350.0 15
1726826080834 360.0 15
1726826080943 370.0 15
1726826081055 380.0 15
1726826081167 390.0 15
1726826081276 400.0 20
1726826081391 410.0 20
1726826081509 420.0 20
1726826081622 430.0 20
1726826081738 440.0 20
1726826081856 450.0 20
1726826081978 460.0 20
1726826082102 470.0 20
1726826084807 0.0 0
1726826084918 10.0 0
1726826085056 20.0 0
1726826085177 30.0 0
1726826085292 40.0 0
1726826085406 50.0 0
1726826085518 60.0 0
1726826085642 70.0 0
1726826085766 80.0 0
1726826085888 90.0 0
1726826086004 100.0 6
1726826086122 110.0 6
1726826086234 120.0 6
1726826086344 130.0 6
1726826086456 140.0 6
1726826086566 150.0 6
1726826086675 160.0 6
1726826086785 170.0 6
1726826086899 180.0 6
1726826087013 190.0 6
1726826087129 200.0 12
1726826087252 210.0 12
1726826087374 220.0 12
1726826087497 230.0 12
1726826087614 240.0 12
1726826087740 250.0 12
1726826087855 260.0 12
1726826087970 270.0 12
1726826088087 280.0 12
1726826088202 290.0 12
1726826088312 300.0 18
1726826088422 310.0 18
1726826088531 320.0 18
1726826088640 330.0 18
1726826088751 340.0 18
1726826088875 350.0 18
1726826088989 360.0 18
1726826089102 370.0 18
1726826089216 380.0 18
1726826089334 390.0 18
1726826089452 400.0 24
1726826089579 410.0 24
1726826089696 420.0 24
1726826089813 430.0 24
1726826089929 440.0 24
1726826090043 450.0 24
1726826090158 460.0 24
1726826090273 470.0 24
1726826093000 0.0 0
1726826093120 10.0 0
1726826093240 20.0 0
1726826093360 30.0 0
1726826093478 40.0 0
1726826093594 50.0 0
1726826093710 60.0 0
1726826093820 70.0 0
1726826093930 80.0 0
1726826094044 90.0 0
1726826094169 100.0 7
1726826094292 110.0 7
1726826094417 120.0 7
1726826094539 130.0 7
1726826094660 140.0 7
1726826094778 150.0 7
1726826094897 160.0 7
1726826095016 170.0 7
1726826095140 180.0 7
1726826095262 190.0 7
1726826095384 200.0 14
1726826095502 210.0 14
1726826095618 220.0 14
1726826095733 230.0 14
1726826095844 240.0 14
1726826095957 250.0 14
1726826096069 260.0 14
1726826096180 270.0 14
1726826096294 280.0 14
1726826096411 290.0 14
1726826096527 300.0 21
1726826096646 310.0 21
1726826096765 320.0 21
1726826096885 330.0 21
1726826097006 340.0 21
1726826097122 350.0 21
1726826097234 360.0 21
1726826097345 370.0 21
1726826097456 380.0 21
1726826097568 390.0 21
1726826097679 400.0 28
1726826097790 410.0 28
1726826097901 420.0 28
1726826098008 430.0 28
1726826098130 440.0 28
1726826098245 450.0 28
1726826098356 460.0 28
1726826098469 470.0 28
1726826101079 0.0 0
1726826101199 10.0 0
1726826101314 20.0 0
1726826101425 30.0 0
1726826101536 40.0 0
1726826101644 50.0 0
1726826101754 60.0 0
1726826101864 70.0 0
1726826101973 80.0 0
1726826102083 90.0 0
1726826102196 100.0 8
1726826102306 110.0 8
1726826102423 120.0 8
1726826102535 130.0 8
1726826102647 140.0 8
1726826102765 150.0 8
1726826102887 160.0 8
1726826103000 170.0 8
1726826103111 180.0 8
1726826103222 190.0 8
1726826103334 200.0 16
1726826103444 210.0 16
1726826103552 220.0 16
1726826103674 230.0 16
1726826103784 240.0 16
1726826103893 250.0 16
1726826104005 260.0 16
1726826104115 270.0 16
1726826104229 280.0 16
1726826104340 290.0 16
1726826104453 300.0 24
1726826104571 310.0 24
1726826104687 320.0 24
1726826104805 330.0 24
1726826104929 340.0 24
1726826105042 350.0 24
1726826105153 360.0 24
1726826105263 370.0 24
1726826105373 380.0 24
1726826105483 390.0 24
1726826105592 400.0 32
1726826105703 410.0 32
1726826105816 420.0 32
1726826105929 430.0 32
1726826106039 440.0 32
1726826106153 450.0 32
1726826106269 460.0 32
1726826106392 470.0 32
1726826109046 0.0 0
1726826109157 10.0 0
1726826109266 20.0 0
1726826109375 30.0 0
1726826109486 40.0 0
1726826109597 50.0 0
1726826109707 60.0 0
1726826109820 70.0 0
1726826109932 80.0 0
1726826110048 90.0 0
1726826110178 100.0 9
1726826110295 110.0 9
1726826110410 120.0 9
1726826110522 130.0 9
1726826110632 140.0 9
1726826110744 150.0 9
1726826110855 160.0 9
1726826110969 170.0 9
1726826111082 180.0 9
1726826111196 190.0 9
1726826111312 200.0 18
1726826111431 210.0 18
1726826111553 220.0 18
1726826111674 230.0 18
1726826111791 240.0 18
1726826111904 250.0 18
1726826112017 260.0 18
1726826112131 270.0 18
1726826112244 280.0 18
1726826112357 290.0 18
1726826112466 300.0 27
1726826112579 310.0 27
1726826112689 320.0 27
1726826112802 330.0 27
1726826112919 340.0 27
1726826113042 350.0 27
1726826113166 360.0 27
1726826113279 370.0 27
1726826113391 380.0 27
1726826113500 390.0 27
1726826113612 400.0 36
1726826113739 410.0 36
1726826113854 420.0 36
1726826113965 430.0 36
1726826114074 440.0 36
1726826114185 450.0 36
1726826114296 460.0 36
1726826114407 470.0 36
1726826116952 0.0 0
1726826117060 10.0 0
1726826117163 20.0 0
1726826117280 30.0 0
1726826117390 40.0 0
1726826117492 50.0 0
1726826117613 60.0 0
1726826117732 70.0 0
1726826117836 80.0 0
1726826117948 90.0 0
1726826118056 100.0 10
1726826118159 110.0 10
1726826118268 120.0 10
1726826118378 130.0 10
1726826118489 140.0 10
1726826118601 150.0 10
1726826118718 160.0 10
1726826118836 170.0 10
1726826118960 180.0 10
1726826119076 190.0 10
1726826119189 200.0 20
1726826119300 210.0 20
1726826119411 220.0 20
1726826119517 230.0 20
1726826119626 240.0 20
1726826119736 250.0 20
1726826119848 260.0 20
1726826119956 270.0 20
1726826120065 280.0 20
1726826120182 290.0 20
1726826120293 300.0 30
1726826120402 310.0 30
1726826120513 320.0 30
1726826120625 330.0 30
1726826120738 340.0 30
1726826120852 350.0 30
1726826120966 360.0 30
1726826121080 370.0 30
1726826121201 380.0 30
1726826121319 390.0 30
1726826121429 400.0 40
1726826121542 410.0 40
1726826121652 420.0 40
1726826121763 430.0 40
1726826121871 440.0 40
1726826121986 450.0 40
1726826122106 460.0 40
1726826122222 470.0 40
