1726850985594 0.0 0
1726850985767 10.0 0
1726850985930 20.0 0
1726850986089 30.0 0
1726850986239 40.0 0
1726850986386 50.0 0
1726850986530 60.0 0
1726850986672 70.0 0
1726850986810 80.0 0
1726850986947 90.0 0
1726850987084 100.0 1
1726850988561 0.0 0
1726850988742 10.0 0
1726850988910 20.0 0
1726850989064 30.0 0
1726850989208 40.0 0
1726850989348 50.0 0
1726850989487 60.0 0
1726850989624 70.0 0
1726850989763 80.0 0
1726850989906 90.0 0
1726850990057 100.0 2
1726850991956 0.0 0
1726850992148 10.0 0
1726850992334 20.0 0
1726850992502 30.0 0
1726850992652 40.0 0
1726850992796 50.0 0
1726850992936 60.0 0
1726850993074 70.0 0
1726850993214 80.0 0
1726850993353 90.0 0
1726850993492 100.0 3
1726850995176 0.0 0
1726850995365 10.0 0
1726850995539 20.0 0
1726850995698 30.0 0
1726850995849 40.0 0
1726850995995 50.0 0
1726850996138 60.0 0
1726850996282 70.0 0
1726850996430 80.0 0
1726850996582 90.0 0
1726850996729 100.0 4
1726850998193 0.0 0
1726850998368 10.0 0
1726850998531 20.0 0
1726850998688 30.0 0
1726850998835 40.0 0
1726850998976 50.0 0
1726850999115 60.0 0
1726850999276 70.0 0
1726850999434 80.0 0
1726850999593 90.0 0
1726850999749 100.0 5
1726851001458 0.0 0
1726851001652 10.0 0
1726851001827 20.0 0
1726851001994 30.0 0
1726851002153 40.0 0
1726851002302 50.0 0
1726851002448 60.0 0
1726851002594 70.0 0
1726851002743 80.0 0
1726851002893 90.0 0
1726851003041 100.0 6
1726851004891 0.0 0
1726851005085 10.0 0
1726851005257 20.0 0
1726851005416 30.0 0
1726851005563 40.0 0
1726851005708 50.0 0
1726851005848 60.0 0
1726851005985 70.0 0
1726851006121 80.0 0
1726851006256 90.0 0
1726851006391 100.0 7
1726851008192 0.0 0
1726851008383 10.0 0
1726851008552 20.0 0
1726851008713 30.0 0
1726851008871 40.0 0
1726851009025 50.0 0
1726851009176 60.0 0
1726851009323 70.0 0
1726851009467 80.0 0
1726851009609 90.0 0
1726851009751 100.0 8
1726851011161 0.0 0
1726851011335 10.0 0
1726851011492 20.0 0
1726851011636 30.0 0
1726851011774 40.0 0
1726851011910 50.0 0
1726851012046 60.0 0
1726851012187 70.0 0
1726851012329 80.0 0
1726851012472 90.0 0
1726851012616 100.0 9
