1726800886061 5.456717 0
1726800886164 27.941345 0
1726800886267 5.612309 0
1726800886368 9.68972 0
1726800886466 6.045921 0
1726800886564 4.692322 0
1726800886662 8.790372 0
1726800886762 3.111362 0
1726800886869 5.761938 0
1726800886967 22.205921 0
1726800887068 1.625937 1
1726800887175 1.550861 1
1726800887277 1.311146 1
1726800887376 0.804434 1
1726800887475 1.235483 1
1726800887573 668.873535 1
1726800887672 2.463995 1
1726800887768 11.39737 1
1726800888661 2.187863 0
1726800888769 1.537848 0
1726800888867 1.11998 0
1726800888966 21.737196 0
1726800889064 2.506875 0
1726800889171 3.849719 0
1726800889276 10.795988 0
1726800889379 2.203932 0
1726800889482 1.171765 0
1726800889581 2.61109 0
1726800889681 2.940276 2
1726800889779 1.542903 2
1726800889877 0.762479 2
1726800889979 2.140745 2
1726800890079 0.705606 2
1726800890177 0.699224 2
1726800890276 0.880928 2
1726800890374 13.018833 2
1726800891301 5.118892 0
1726800891410 3.688412 0
1726800891510 1.025833 0
1726800891608 2.017725 0
1726800891706 2.572984 0
1726800891809 0.829926 0
1726800891909 4.243781 0
1726800892008 2.963378 0
1726800892106 1.706859 0
1726800892208 1.984877 0
1726800892308 1.829157 3
1726800892406 2.895675 3
1726800892504 0.704357 3
1726800892603 1.292399 3
1726800892701 0.666999 3
1726800892799 0.605587 3
1726800892897 0.890272 3
1726800892995 14.574886 3
1726800893942 71.416214 0
1726800894054 1.492512 0
1726800894153 1.478317 0
1726800894256 1.949197 0
1726800894356 1.830336 0
1726800894454 6.723613 0
1726800894553 3.378009 0
1726800894651 2.198493 0
1726800894749 3.158571 0
1726800894847 1.680488 0
1726800894945 1.59794 4
1726800895043 3.535276 4
1726800895142 0.861464 4
1726800895241 0.851661 4
1726800895348 0.685939 4
1726800895450 0.611257 4
1726800895548 0.83728 4
1726800895650 19.813341 4
1726800896555 3.29353 0
1726800896655 9.773075 0
1726800896753 1.500658 0
1726800896850 5.449552 0
1726800896950 2.779838 0
1726800897048 0.667196 0
1726800897146 3.292643 0
1726800897245 2.315563 0
1726800897351 1.172636 0
1726800897451 1.623657 0
1726800897549 1.958997 5
1726800897650 1.41501 5
1726800897748 0.813495 5
1726800897846 1.833781 5
1726800897944 0.664367 5
1726800898045 0.622823 5
1726800898147 1.797061 5
1726800898247 11.454592 5
1726800899211 2.135142 0
1726800899322 2.59553 0
1726800899429 1.134897 0
1726800899528 2.661225 0
1726800899630 8.970182 0
1726800899732 1.39992 0
1726800899831 14.245546 0
1726800899930 1.68184 0
1726800900029 1.662366 0
1726800900127 2.127151 0
1726800900226 1.631246 6
1726800900324 6.16599 6
1726800900425 1.166723 6
1726800900527 0.962825 6
1726800900630 2.901042 6
1726800900735 0.508451 6
1726800900833 1.039373 6
1726800900931 14.866708 6
1726800901885 6.049405 0
1726800901988 5.883574 0
1726800902086 1.102706 0
1726800902185 3.684973 0
1726800902287 5.362171 0
1726800902387 1.845359 0
1726800902485 4.70546 0
1726800902587 3.486982 0
1726800902686 3.251753 0
1726800902784 1.843928 0
1726800902882 1.238763 7
1726800902981 2.285729 7
1726800903079 0.955641 7
1726800903178 0.948025 7
1726800903276 0.678774 7
1726800903379 0.519299 7
1726800903487 0.922187 7
1726800903587 9.411106 7
