1726907906157 27.133808 0
1726907906298 6.212574 0
1726907906439 2.655153 0
1726907906580 2.305843 0
1726907906721 1.921343 0
1726907906863 2.194813 0
1726907907004 1.153337 0
1726907907149 1.062668 0
1726907907293 0.91295 0
1726907907441 1.052303 0
1726907907582 2.279986 1
1726907907723 3.121882 1
1726907907863 1.069133 1
1726907908004 1.876974 1
1726907908148 3.852258 1
1726907908292 1.155709 1
1726907908433 1.493024 1
1726907908574 0.788124 1
1726907908715 1.125396 1
1726907908856 0.694699 1
1726907908996 0.602267 2
1726907909138 1.601097 2
1726907909376 0.640717 2
1726907909523 0.225014 2
1726907909665 0.390709 2
1726907909808 0.313479 2
1726907911707 1.826407 0
1726907911848 1.189294 0
1726907911988 3.978787 0
1726907912130 2.175029 0
1726907912271 1.414049 0
1726907912412 1.495979 0
1726907912555 7.995823 0
1726907912698 1.653353 0
1726907912838 1.039625 0
1726907912980 0.708628 0
1726907913121 2.675122 2
1726907913267 9.286732 2
1726907913410 1.853779 2
1726907913552 3.411463 2
1726907913693 1.420494 2
1726907913834 0.975676 2
1726907913975 45.689487 2
1726907914115 1.432719 2
1726907914256 9.561663 2
1726907914398 1.755895 2
1726907914539 0.690479 4
1726907914679 6.988549 4
1726907914820 0.909219 4
1726907914961 0.559783 4
1726907915102 0.447708 4
1726907915244 0.251534 4
1726907917010 1.112386 0
1726907917155 0.871352 0
1726907917296 1.058543 0
1726907917440 3.878086 0
1726907917582 1.223583 0
1726907917723 2.122044 0
1726907917864 1.348361 0
1726907918006 0.858267 0
1726907918148 1.544657 0
1726907918289 0.557893 0
1726907918430 1.46803 3
1726907918571 0.653489 3
1726907918713 1.568435 3
1726907918854 6.185583 3
1726907918994 2.803555 3
1726907919134 0.537587 3
1726907919276 0.813438 3
1726907919420 0.613883 3
1726907919562 1.602538 3
1726907919703 0.663415 3
1726907919843 0.966468 6
1726907919984 2.247724 6
1726907920126 0.484013 6
1726907920267 0.886272 6
1726907920408 0.65655 6
1726907920551 0.307635 6
1726907922311 5.205243 0
1726907922454 0.58841 0
1726907922595 3.408192 0
1726907922737 4.013922 0
1726907922879 1.003759 0
1726907923020 1.514509 0
1726907923163 1.051986 0
1726907923305 0.618343 0
1726907923447 0.925244 0
1726907923593 0.664468 0
1726907923734 3.294478 4
1726907923874 3.271855 4
1726907924016 0.820068 4
1726907924159 3.492842 4
1726907924300 4.19908 4
1726907924441 1.08767 4
1726907924624 1.747101 4
1726907924766 0.711408 4
1726907924907 1.932044 4
1726907925049 1.079762 4
1726907925200 1.133789 8
1726907925341 1.214528 8
1726907925482 1.083056 8
1726907925627 0.372843 8
1726907925769 0.621859 8
1726907925911 0.307693 8
1726907927674 1.20591 0
1726907927817 1.32585 0
1726907927959 0.968308 0
1726907928101 2.089208 0
1726907928242 1.121989 0
1726907928382 1.903633 0
1726907928523 0.828614 0
1726907928666 0.889359 0
1726907928809 0.811741 0
1726907928951 0.611587 0
1726907929092 2.921625 5
1726907929235 2.02581 5
1726907929375 1.093923 5
1726907929516 2.59973 5
1726907929661 3.683149 5
1726907929802 0.47575 5
1726907929944 0.475876 5
1726907930088 1.067558 5
1726907930230 2.634928 5
1726907930372 0.987127 5
1726907930513 0.607234 10
1726907930655 0.738836 10
1726907930797 1.518175 10
1726907930939 1.954686 10
1726907931089 1.861043 10
1726907931235 0.474739 10
1726907932996 3.647769 0
1726907933142 0.933316 0
1726907933283 0.624725 0
1726907933424 2.515907 0
1726907933564 3.241135 0
1726907933709 5.323623 0
1726907933854 46.149666 0
1726907933994 2.672946 0
1726907934137 0.58927 0
1726907934279 1.35264 0
1726907934420 0.536187 6
1726907934561 0.723689 6
1726907934702 10.141722 6
1726907934844 2.568932 6
1726907934985 2.462943 6
1726907935125 1.801127 6
1726907935268 0.973161 6
1726907935409 0.658214 6
1726907935550 1.338717 6
1726907935690 0.606915 6
1726907935834 0.50961 12
1726907935976 0.607579 12
1726907936117 0.634884 12
1726907936259 1.061154 12
1726907936402 0.424731 12
1726907936542 0.410595 12
1726907938298 2.298255 0
1726907938440 3.729359 0
1726907938582 0.563663 0
1726907938723 3.818268 0
1726907938865 0.846673 0
1726907939006 2.000302 0
1726907939148 2.229106 0
1726907939290 0.722711 0
1726907939440 1.17924 0
1726907939583 0.833771 0
1726907939725 5.442748 7
1726907939869 4.378112 7
1726907940013 0.824578 7
1726907940154 4.306576 7
1726907940297 2.514919 7
1726907940440 8.343486 7
1726907940582 1.589632 7
1726907940724 0.510232 7
1726907940866 3.634045 7
1726907941007 0.587015 7
1726907941151 0.564999 14
1726907941293 1.307185 14
1726907941435 10.70612 14
1726907941577 0.215314 14
1726907941718 0.686487 14
1726907941860 0.285836 14
