1726812225543 4.560506 0
1726812225643 2.884984 0
1726812225742 0.657824 0
1726812225842 0.386267 0
1726812225943 0.407157 0
1726812226042 0.640905 0
1726812226140 0.610041 0
1726812226244 0.80783 0
1726812226348 0.297361 0
1726812226449 0.362312 0
1726812226553 0.670992 1
1726812226653 0.18071 1
1726812226759 1.25599 1
1726812226859 0.589367 1
1726812226958 2.271896 1
1726812227057 1.29347 1
1726812227158 0.989234 1
1726812227260 0.499509 1
1726812227359 0.070888 1
1726812227457 0.917336 1
1726812227556 0.274446 2
1726812227656 0.208827 2
1726812227756 0.222457 2
1726812227856 0.322819 2
1726812227961 0.295453 2
1726812228063 0.684258 2
1726812228166 0.431648 2
1726812228267 0.245471 2
1726812228368 0.042532 2
1726812228468 0.2435 2
1726812228567 0.298293 3
1726812228665 0.072066 3
1726812228768 0.686066 3
1726812230274 0.682528 0
1726812230374 0.731875 0
1726812230474 0.572126 0
1726812230576 0.104788 0
1726812230677 0.403139 0
1726812230777 0.251926 0
1726812230885 0.799126 0
1726812230984 0.404685 0
1726812231084 0.519345 0
1726812231182 0.484178 0
1726812231293 0.818678 2
1726812231402 0.117956 2
1726812231509 1.119273 2
1726812231611 0.509085 2
1726812231713 1.420798 2
1726812231814 1.333697 2
1726812231915 0.521662 2
1726812232015 0.443729 2
1726812232115 0.080631 2
1726812232215 0.90663 2
1726812232317 0.139083 4
1726812232415 0.204596 4
1726812232514 0.199973 4
1726812232614 0.192835 4
1726812232716 0.262796 4
1726812232816 0.695299 4
1726812232924 0.473277 4
1726812233025 0.07123 4
1726812233128 0.042511 4
1726812233228 0.261593 4
1726812233328 0.282176 6
1726812233427 0.038492 6
1726812233526 0.816122 6
1726812235108 1.015543 0
1726812235215 0.851677 0
1726812235315 0.567185 0
1726812235415 0.088943 0
1726812235514 0.297877 0
1726812235615 0.236593 0
1726812235716 0.702533 0
1726812235815 0.388988 0
1726812235915 0.553521 0
1726812236014 0.481772 0
1726812236113 0.887851 3
1726812236212 0.114108 3
1726812236311 1.015557 3
1726812236410 0.524659 3
1726812236511 1.282058 3
1726812236616 1.310257 3
1726812236718 0.498231 3
1726812236818 0.431753 3
1726812236917 0.066145 3
1726812237024 0.79817 3
1726812237128 0.136216 6
1726812237229 0.203266 6
1726812237329 0.195591 6
1726812237427 0.191281 6
1726812237527 0.25411 6
1726812237626 0.740771 6
1726812237726 0.471848 6
1726812237825 0.087326 6
1726812237924 0.030521 6
1726812238024 0.251124 6
1726812238126 0.231472 9
1726812238227 0.052626 9
1726812238325 0.72896 9
1726812239900 0.842631 0
1726812240000 0.8269 0
1726812240098 0.565181 0
1726812240196 0.09785 0
1726812240298 0.274487 0
1726812240398 0.224081 0
1726812240501 0.66353 0
1726812240600 0.421431 0
1726812240699 0.495832 0
1726812240798 0.459569 0
1726812240897 0.866677 4
1726812240997 0.151049 4
1726812241105 1.042542 4
1726812241206 0.557445 4
1726812241309 1.085812 4
1726812241409 1.326579 4
1726812241508 0.464616 4
1726812241611 0.438997 4
1726812241710 0.063602 4
1726812241813 0.767905 4
1726812241916 0.157073 8
1726812242016 0.214747 8
1726812242115 0.202891 8
1726812242215 0.193815 8
1726812242315 0.273331 8
1726812242415 0.763646 8
1726812242516 0.463104 8
1726812242616 0.052228 8
1726812242715 0.02514 8
1726812242815 0.281249 8
1726812242915 0.28762 12
1726812243016 0.041585 12
1726812243124 0.708644 12
1726812244639 0.803622 0
1726812244741 0.838229 0
1726812244840 0.543301 0
1726812244939 0.104604 0
1726812245039 0.271427 0
1726812245147 0.203138 0
1726812245248 0.675642 0
1726812245347 0.391226 0
1726812245446 0.493322 0
1726812245545 0.448162 0
1726812245644 0.870856 5
1726812245743 0.123075 5
1726812245846 0.986638 5
1726812245947 0.539061 5
1726812246047 1.100306 5
1726812246148 1.405011 5
1726812246249 0.454551 5
1726812246349 0.411239 5
1726812246449 0.06553 5
1726812246553 0.721951 5
1726812246653 0.128016 10
1726812246753 0.209008 10
1726812246851 0.217244 10
1726812246952 0.207663 10
1726812247051 0.257139 10
1726812247150 0.736386 10
1726812247261 0.476034 10
1726812247364 0.059025 10
1726812247465 0.021444 10
1726812247565 0.301809 10
1726812247668 0.266788 15
1726812247768 0.035447 15
1726812247868 0.770594 15
1726812249455 0.853486 0
1726812249565 0.899651 0
1726812249665 0.548766 0
1726812249764 0.100018 0
1726812249863 0.240858 0
1726812249963 0.202201 0
1726812250063 0.649075 0
1726812250162 0.389585 0
1726812250265 0.431875 0
1726812250366 0.377805 0
1726812250465 0.886216 6
1726812250567 0.119166 6
1726812250670 1.020402 6
1726812250773 0.512029 6
1726812250874 0.945619 6
1726812250973 1.426924 6
1726812251073 0.453926 6
1726812251176 0.436591 6
1726812251283 0.058555 6
1726812251382 0.672057 6
1726812251481 0.137536 12
1726812251585 0.223855 12
1726812251684 0.220532 12
1726812251782 0.185962 12
1726812251881 0.256534 12
1726812251982 0.736362 12
1726812252080 0.475716 12
1726812252181 0.056856 12
1726812252282 0.041507 12
1726812252382 0.308224 12
1726812252484 0.244032 18
1726812252585 0.052361 18
1726812252684 0.717893 18
1726812254238 0.666831 0
1726812254339 0.751004 0
1726812254440 0.554075 0
1726812254539 0.125141 0
1726812254641 0.248998 0
1726812254740 0.185241 0
1726812254842 0.692837 0
1726812254942 0.366542 0
1726812255042 0.413835 0
1726812255142 0.386055 0
1726812255241 0.818393 7
1726812255346 0.109577 7
1726812255448 1.051553 7
1726812255549 0.522437 7
1726812255652 0.956637 7
1726812255753 1.432066 7
1726812255853 0.46487 7
1726812255953 0.434408 7
1726812256057 0.06012 7
1726812256160 0.657892 7
1726812256261 0.11452 14
1726812256361 0.226126 14
1726812256460 0.199832 14
1726812256563 0.192338 14
1726812256663 0.253206 14
1726812256763 0.721387 14
1726812256863 0.461569 14
1726812256962 0.03743 14
1726812257063 0.023075 14
1726812257163 0.315837 14
1726812257263 0.267276 21
1726812257362 0.034084 21
1726812257470 0.774706 21
