1726769856458 3.536726 0
1726769856549 0.841982 0
1726769856639 0.556169 0
1726769856729 0.767556 0
1726769856821 1.527076 0
1726769856914 3.996993 0
1726769857004 6.760945 0
1726769857095 237.722794 0
1726769857186 1.73208 0
1726769857275 2.049544 0
1726769857365 11.199851 1
1726769857458 1.811555 1
1726769857550 0.292979 1
1726769857639 27.153507 1
1726769857729 0.344959 1
1726769857819 3.469923 1
1726769857906 1.837554 1
1726769857996 4.289914 1
1726769858085 1.726219 1
1726769858184 2.106583 1
1726769858274 2.33499 2
1726769858363 5.668343 2
1726769858452 0.114172 2
1726769858540 1.005035 2
1726769858631 0.727604 2
1726769858721 0.359207 2
1726769858810 1.853226 2
1726769858897 6.638472 2
1726769858987 0.601921 2
1726769859076 0.972603 2
1726769859164 0.687166 3
1726769859258 2.077994 3
1726769859348 2.798685 3
1726769859438 7.076694 3
1726769859528 1.448803 3
1726769859618 5.795796 3
1726769859706 1.856329 3
1726769859796 2.219625 3
1726769859886 0.775986 3
1726769859974 0.522947 3
1726769860063 0.99874 4
1726769860154 0.401813 4
1726769860250 0.867075 4
1726769860339 1.187135 4
1726769860428 2.183512 4
1726769860518 0.791979 4
1726769860606 0.674357 4
1726769860694 4.668356 4
1726769860784 3.707977 4
1726769860872 7.926924 4
1726769860961 0.896639 5
1726769861050 19.967119 5
1726769861139 5.65221 5
1726769861227 1.73394 5
1726769861316 9.348761 5
1726769861405 1.894619 5
1726769861494 3.379358 5
1726769861583 1.478351 5
1726769861673 0.806557 5
1726769861764 1.960295 5
1726769861855 0.837413 6
1726769861945 1.344189 6
1726769862035 0.847327 6
1726769862124 0.608114 6
1726769862218 0.535702 6
1726769862311 4.202524 6
1726769862401 1.093646 6
1726769862497 4.027186 6
1726769862588 1.667884 6
1726769862678 0.925955 6
1726769862767 1.927411 7
1726769862855 0.933813 7
1726769862945 6.504354 7
1726769863037 1.257402 7
1726769863132 2.142761 7
1726769863223 0.973336 7
1726769863313 0.678922 7
1726769863403 0.546453 7
1726769863491 2.391557 7
1726769863579 1.257982 7
1726769866929 2.110368 0
1726769867023 3.442173 0
1726769867114 0.692605 0
1726769867202 0.378359 0
1726769867291 8.131564 0
1726769867381 2.448833 0
1726769867470 1.661575 0
1726769867561 6.435295 0
1726769867650 3.609429 0
1726769867739 4.046323 0
1726769867828 2.51188 2
1726769867918 4.797584 2
1726769868013 0.326845 2
1726769868103 11.358616 2
1726769868194 0.44849 2
1726769868284 4.610099 2
1726769868381 1.660093 2
1726769868472 2.307032 2
1726769868564 3.56563 2
1726769868653 2.425658 2
1726769868744 12.62433 4
1726769868836 2.239373 4
1726769868927 0.135111 4
1726769869018 0.920399 4
1726769869109 0.768281 4
1726769869198 0.336098 4
1726769869289 1.945996 4
1726769869380 23.580647 4
1726769869470 3.437057 4
1726769869567 0.797119 4
1726769869658 0.693867 6
1726769869749 1.567759 6
1726769869840 14.997316 6
1726769869930 7.245924 6
1726769870020 1.532887 6
1726769870111 3.499938 6
1726769870200 3.148465 6
1726769870290 7.326969 6
1726769870386 1.594988 6
1726769870481 0.777806 6
1726769870572 0.764752 8
1726769870665 0.665774 8
1726769870759 0.747634 8
1726769870852 1.098886 8
1726769870942 4.113998 8
1726769871031 0.889196 8
1726769871121 0.993391 8
1726769871214 2.286627 8
1726769871305 2.089181 8
1726769871400 2.012886 8
1726769871503 0.897561 10
1726769871595 5.483287 10
1726769871688 4.44045 10
1726769871779 1.08603 10
1726769871872 2.517013 10
1726769871963 1.338361 10
1726769872056 21.26334 10
1726769872147 14.624784 10
1726769872239 0.714862 10
1726769872330 1.042163 10
1726769872424 1.347799 12
1726769872522 2.004729 12
1726769872614 0.637897 12
1726769872705 0.670808 12
1726769872796 0.578375 12
1726769872888 2.354259 12
1726769872980 1.159603 12
1726769873070 3.490937 12
1726769873161 3.82934 12
1726769873252 1.325805 12
1726769873342 1.105374 14
1726769873435 0.831088 14
1726769873526 3.60024 14
1726769873615 1.348777 14
1726769873706 3.294623 14
1726769873796 2.22403 14
1726769873886 0.562679 14
1726769873980 0.447184 14
1726769874075 1.334672 14
1726769874168 2.150917 14
1726769877510 4.758183 0
1726769877604 5.756105 0
1726769877695 0.925875 0
1726769877786 0.467479 0
1726769877876 3.312395 0
1726769877966 2.088397 0
1726769878057 2.639999 0
1726769878147 2.595491 0
1726769878239 7.489296 0
1726769878329 1.81236 0
1726769878421 164.955963 3
1726769878512 10.761786 3
1726769878615 0.886532 3
1726769878705 9.120138 3
1726769878796 0.613251 3
1726769878888 2.564634 3
1726769878982 1.840192 3
1726769879074 2.402099 3
1726769879166 2.418981 3
1726769879257 14.776322 3
1726769879349 4.256706 6
1726769879439 4.121716 6
1726769879531 0.124582 6
1726769879622 1.726903 6
1726769879714 1.2471 6
1726769879805 0.33674 6
1726769879896 1.741495 6
1726769879991 10.004538 6
1726769880085 0.737133 6
1726769880175 1.756268 6
1726769880264 0.474579 9
1726769880354 1.489388 9
1726769880443 3.503911 9
1726769880533 1.4271 9
1726769880629 15.778726 9
1726769880722 1.759214 9
1726769880812 1.73516 9
1726769880903 2.571543 9
1726769880994 1.068661 9
1726769881084 0.695203 9
1726769881173 1.15568 12
1726769881263 0.41619 12
1726769881353 0.476166 12
1726769881443 1.443325 12
1726769881533 1.398752 12
1726769881622 1.258558 12
1726769881711 0.978686 12
1726769881800 2.83734 12
1726769881889 1.999084 12
1726769881983 1.85501 12
1726769882073 0.820132 15
1726769882162 3.6346 15
1726769882254 6.710681 15
1726769882344 1.693865 15
1726769882433 1.821798 15
1726769882525 5.645016 15
1726769882614 2.682182 15
1726769882713 0.946616 15
1726769882804 0.744397 15
1726769882896 3.614764 15
1726769882986 0.791277 18
1726769883078 1.172644 18
1726769883167 0.857753 18
1726769883257 0.514419 18
1726769883348 0.826522 18
1726769883439 2.354044 18
1726769883528 0.994581 18
1726769883620 2.750018 18
1726769883715 4.966559 18
1726769883806 1.081054 18
1726769883897 1.025529 21
1726769883986 1.152829 21
1726769884077 6.023118 21
1726769884168 2.63042 21
1726769884259 2.079572 21
1726769884349 0.602394 21
1726769884438 0.771461 21
1726769884527 0.439213 21
1726769884617 1.108224 21
1726769884713 2.601837 21
1726769887968 9.627017 0
1726769888060 1.964112 0
1726769888149 1.30561 0
1726769888239 0.30983 0
1726769888328 8.395339 0
1726769888419 1.907732 0
1726769888511 1.12149 0
1726769888601 1.884242 0
1726769888692 5.759199 0
1726769888785 2.06981 0
1726769888880 31.374825 4
1726769888973 14.18651 4
1726769889067 3.637041 4
1726769889157 8.700767 4
1726769889247 0.642282 4
1726769889338 5.744866 4
1726769889429 1.894447 4
1726769889521 3.276544 4
1726769889614 2.290907 4
1726769889709 32.009888 4
1726769889801 14.399223 8
1726769889894 3.179614 8
1726769889988 0.150495 8
1726769890079 2.064714 8
1726769890171 1.451726 8
1726769890263 0.367958 8
1726769890354 0.935768 8
1726769890447 3.110811 8
1726769890539 2.772969 8
1726769890631 0.971793 8
1726769890723 0.501916 12
1726769890813 4.723656 12
1726769890912 2.190264 12
1726769891004 1.153491 12
1726769891099 2.224515 12
1726769891191 2.197019 12
1726769891281 1.425109 12
1726769891371 4.574492 12
1726769891463 1.272911 12
1726769891554 0.548194 12
1726769891647 1.546439 16
1726769891741 0.367819 16
1726769891835 0.603462 16
1726769891926 0.710121 16
1726769892016 2.33267 16
1726769892107 1.269449 16
1726769892197 0.664483 16
1726769892287 0.966138 16
1726769892378 1.314259 16
1726769892467 2.204612 16
1726769892557 0.832797 20
1726769892648 2.784167 20
1726769892741 6.547643 20
1726769892831 3.111204 20
1726769892930 2.002117 20
1726769893022 1.556723 20
1726769893113 4.846897 20
1726769893203 1.041215 20
1726769893294 0.656077 20
1726769893385 1.934514 20
1726769893476 6.365116 24
1726769893565 1.847987 24
1726769893656 0.732572 24
1726769893746 0.505021 24
1726769893839 0.484291 24
1726769893933 1.755333 24
1726769894024 0.950056 24
1726769894117 10.494222 24
1726769894209 2.828819 24
1726769894303 1.237181 24
1726769894396 1.088881 28
1726769894487 0.721192 28
1726769894578 3.846915 28
1726769894669 2.7305 28
1726769894760 2.182121 28
1726769894852 0.679945 28
1726769894949 0.671626 28
1726769895044 0.492833 28
1726769895135 1.158375 28
1726769895224 2.711764 28
1726769898487 6.028497 0
1726769898587 130.873581 0
1726769898674 0.67603 0
1726769898766 0.382666 0
1726769898856 3.487411 0
1726769898948 1.325908 0
1726769899049 1.225306 0
1726769899141 2.800667 0
1726769899232 2.335246 0
1726769899322 1.955979 0
1726769899413 3.511283 5
1726769899504 3.485185 5
1726769899597 9.873782 5
1726769899687 1.800168 5
1726769899777 0.354137 5
1726769899865 10.304266 5
1726769899953 2.032692 5
1726769900049 7.549492 5
1726769900142 5.753694 5
1726769900232 3.341011 5
1726769900323 3.952808 10
1726769900412 3.818438 10
1726769900501 0.191448 10
1726769900592 2.473108 10
1726769900682 1.727358 10
1726769900775 0.352676 10
1726769900867 1.118857 10
1726769900957 4.029096 10
1726769901048 1.280423 10
1726769901144 1.078282 10
1726769901235 0.447607 15
1726769901326 3.83618 15
1726769901417 1.872277 15
1726769901506 1.299145 15
1726769901597 0.803206 15
1726769901687 1.393559 15
1726769901776 1.872713 15
1726769901867 21.587828 15
1726769901956 1.300091 15
1726769902046 0.597203 15
1726769902145 1.067124 20
1726769902240 0.305797 20
1726769902329 0.527419 20
1726769902418 1.348146 20
1726769902507 1.063038 20
1726769902594 1.45711 20
1726769902683 0.780523 20
1726769902772 1.448666 20
1726769902861 1.138454 20
1726769902950 3.118257 20
1726769903039 0.847238 25
1726769903137 5.078869 25
1726769903233 3.574688 25
1726769903325 1.314377 25
1726769903414 5.102985 25
1726769903504 5.617624 25
1726769903593 3.09222 25
1726769903683 0.994858 25
1726769903773 1.130752 25
1726769903862 1.060778 25
1726769903953 0.802592 30
1726769904045 1.277538 30
1726769904136 0.703516 30
1726769904226 0.432296 30
1726769904315 0.458001 30
1726769904405 1.670894 30
1726769904493 1.078707 30
1726769904584 10.714723 30
1726769904678 3.233613 30
1726769904769 0.823711 30
1726769904859 4.719024 35
1726769904949 0.982144 35
1726769905039 2.408409 35
1726769905128 2.974008 35
1726769905226 2.541523 35
1726769905317 1.0808 35
1726769905407 0.660271 35
1726769905496 0.520886 35
1726769905585 0.855566 35
1726769905675 4.071598 35
