1727111036482 18.531631 0
1727111036608 34.044472 0
1727111036740 81.579971 0
1727111036865 35.243584 0
1727111036994 9.940352 0
1727111037127 3.462373 0
1727111037261 3.222951 0
1727111037393 6.969954 0
1727111037526 3.005376 0
1727111037659 9.724899 0
1727111037790 8.281501 1
1727111037923 1.455305 1
1727111038058 63.15736 1
1727111038190 2.091168 1
1727111038322 2.66814 1
1727111038454 23.347668 1
1727111038590 0.695376 1
1727111038724 0.709091 1
1727111038856 0.266892 1
1727111038990 11.733217 1
1727111039121 65.080688 2
1727111039255 2.627996 2
1727111039389 8.713753 2
1727111039528 0.593507 2
1727111039665 0.921326 2
1727111039797 0.853695 2
1727111039929 0.118128 2
1727111040064 1.127101 2
1727111040198 0.521916 2
1727111040334 0.748707 2
1727111040467 1.227508 3
1727111040583 0.469997 3
1727111040715 1.100121 3
1727111040848 0.119755 3
1727111040981 0.999047 3
1727111041112 1.205497 3
1727111041243 0.931294 3
1727111041376 13.167944 3
1727111041507 0.120235 3
1727111041640 2.816331 3
1727111041772 0.517819 4
1727111041905 0.571477 4
1727111042041 2.102347 4
1727111042175 1.37346 4
1727111042308 0.178959 4
1727111042439 0.211763 4
1727111042573 8.237355 4
1727111042705 0.157189 4
1727111042838 7.813011 4
1727111042969 9.508575 4
1727111043080 9.682152 5
1727111043208 2.994147 5
1727111043340 0.857508 5
1727111043471 0.71982 5
1727111043583 1.785368 5
1727111043716 0.388852 5
1727111043848 2.191435 5
1727111043984 7.868594 5
1727111044117 0.428553 5
1727111044250 2.585549 5
1727111044381 1.445941 6
1727111044513 0.546814 6
1727111044643 4.696974 6
1727111044777 1.033243 6
1727111047382 2.668965 0
1727111047509 0.47246 0
1727111047637 0.195082 0
1727111047773 0.181813 0
1727111047908 0.17238 0
1727111048040 1.130186 0
1727111048174 0.190489 0
1727111048306 0.893951 0
1727111048439 0.24228 0
1727111048573 0.869739 0
1727111048705 1.090005 2
1727111048836 0.159707 2
1727111048966 1.399355 2
1727111049078 2.092438 2
1727111049209 0.445015 2
1727111049340 1.668856 2
1727111049472 0.354537 2
1727111049585 0.335614 2
1727111049714 0.154681 2
1727111049846 3.18608 2
1727111049977 2.584866 4
1727111050108 1.342277 4
1727111050240 4.760313 4
1727111050374 0.162597 4
1727111050507 0.776884 4
1727111050641 0.803251 4
1727111050774 0.146144 4
1727111050907 1.098538 4
1727111051040 0.694299 4
1727111051173 1.166244 4
1727111051307 1.611883 6
1727111051440 1.346546 6
1727111051575 0.340452 6
1727111051706 0.144041 6
1727111051839 1.036285 6
1727111051973 1.192346 6
1727111052105 0.246326 6
1727111052238 0.754711 6
1727111052369 0.097579 6
1727111052480 2.378191 6
1727111052611 0.456162 8
1727111052744 1.254412 8
1727111052874 1.49751 8
1727111053006 1.677824 8
1727111053151 0.22698 8
1727111053288 0.173103 8
1727111053420 1.012534 8
1727111053555 0.113382 8
1727111053688 0.956935 8
1727111053818 10.058766 8
1727111053949 5.419724 10
1727111054082 0.967838 10
1727111054214 1.355267 10
1727111054342 1.077272 10
1727111054475 5.323847 10
1727111054606 0.541114 10
1727111054740 15.929523 10
1727111054871 1.718574 10
1727111055003 1.465515 10
1727111055135 1.274625 10
1727111055267 2.630973 12
1727111055397 2.010501 12
1727111055531 10.613507 12
1727111055664 1.038055 12
1727111058280 1.720973 0
1727111058394 0.444653 0
1727111058533 0.216528 0
1727111058665 0.311738 0
1727111058798 0.204493 0
1727111058931 0.594859 0
1727111059065 0.171072 0
1727111059196 0.949766 0
1727111059328 0.261078 0
1727111059460 1.173287 0
1727111059580 1.524089 3
1727111059714 0.155994 3
1727111059847 1.414729 3
1727111059979 1.721746 3
1727111060113 0.801824 3
1727111060249 1.379298 3
1727111060382 0.54771 3
1727111060517 0.163721 3
1727111060648 0.139127 3
1727111060785 2.365438 3
1727111060924 3.820936 6
1727111061060 0.445626 6
1727111061191 4.183727 6
1727111061323 0.148706 6
1727111061455 0.538313 6
1727111061590 0.700521 6
1727111061723 0.11984 6
1727111061855 1.218309 6
1727111061987 0.252419 6
1727111062122 9.358886 6
1727111062263 5.247334 9
1727111062374 0.534254 9
1727111062496 0.43866 9
1727111062630 0.131056 9
1727111062766 1.152362 9
1727111062898 1.405459 9
1727111063031 0.190599 9
1727111063164 0.898763 9
1727111063298 0.120445 9
1727111063430 2.506121 9
1727111063565 0.434352 12
1727111063697 0.387143 12
1727111063830 1.390401 12
1727111063960 1.187423 12
1727111064078 0.219851 12
1727111064211 0.159363 12
1727111064341 3.344859 12
1727111064473 0.116696 12
1727111064605 19.539169 12
1727111064740 1.497444 12
1727111064873 5.587732 15
1727111065004 0.739253 15
1727111065138 3.337949 15
1727111065270 0.766766 15
1727111065399 2.136917 15
1727111065531 0.47446 15
1727111065665 1.335178 15
1727111065797 4.899302 15
1727111065930 0.600547 15
1727111066061 1.241959 15
1727111066195 0.939229 18
1727111066326 0.560709 18
1727111066457 1.318138 18
1727111066590 0.972981 18
1727111069187 4.071793 0
1727111069314 0.397408 0
1727111069439 0.145272 0
1727111069574 0.223593 0
1727111069706 0.140095 0
1727111069839 0.65894 0
1727111069973 0.156648 0
1727111070107 1.105888 0
1727111070242 0.251202 0
1727111070373 1.119499 0
1727111070506 1.541523 4
1727111070641 0.144407 4
1727111070774 1.286223 4
1727111070912 1.348206 4
1727111071046 3.279552 4
1727111071180 5.772945 4
1727111071311 0.359945 4
1727111071443 0.352094 4
1727111071571 0.211571 4
1727111071700 1.047412 4
1727111071831 1.721401 8
1727111071965 1.220829 8
1727111072098 1.743792 8
1727111072235 0.146912 8
1727111072366 2.776783 8
1727111072498 0.718916 8
1727111072631 0.118677 8
1727111072766 0.770172 8
1727111072898 0.805549 8
1727111073031 1.626096 8
1727111073164 2.085799 12
1727111073296 0.460206 12
1727111073404 0.5051 12
1727111073531 0.132318 12
1727111073661 2.410834 12
1727111073793 1.608257 12
1727111073923 0.232596 12
1727111074057 0.88785 12
1727111074255 0.092212 12
1727111074390 1.62551 12
1727111074525 0.42171 16
1727111074656 0.327034 16
1727111074789 1.260628 16
1727111074923 2.215716 16
1727111075056 0.139676 16
1727111075187 0.207796 16
1727111075319 2.447467 16
1727111075448 0.083773 16
1727111075582 1.119905 16
1727111075715 3.870414 16
1727111075847 11.899978 20
1727111075981 0.583383 20
1727111076094 0.423039 20
1727111076225 1.061352 20
1727111076358 3.56128 20
1727111076491 0.434959 20
1727111076615 22.642811 20
1727111076746 2.365538 20
1727111076877 0.36672 20
1727111077009 0.745668 20
1727111077141 0.759064 24
1727111077274 0.383306 24
1727111077405 1.549337 24
1727111077538 1.433032 24
1727111080141 0.672305 0
1727111080269 0.38918 0
1727111080395 0.164766 0
1727111080524 0.274734 0
1727111080657 0.170632 0
1727111080790 0.625006 0
1727111080919 0.17699 0
1727111081055 0.4522 0
1727111081187 0.248389 0
1727111081319 4.500433 0
1727111081451 1.145052 5
1727111081582 0.1452 5
1727111081714 2.402984 5
1727111081842 2.027309 5
1727111081974 0.613614 5
1727111082106 1.211969 5
1727111082240 0.317165 5
1727111082371 0.338361 5
1727111082504 0.343854 5
1727111082617 1.412136 5
1727111082748 1.47816 10
1727111082882 0.610272 10
1727111083015 2.094073 10
1727111083149 0.182828 10
1727111083281 0.855066 10
1727111083413 0.71889 10
1727111083546 0.092995 10
1727111083678 0.832919 10
1727111083809 0.785023 10
1727111083940 4.753362 10
1727111084074 1.801382 15
1727111084207 0.656251 15
1727111084340 0.458745 15
1727111084473 0.113298 15
1727111084585 0.667455 15
1727111084714 1.665771 15
1727111084846 0.192623 15
1727111084979 1.049481 15
1727111085097 0.085782 15
1727111085229 1.713348 15
1727111085360 0.445796 20
1727111085491 0.533148 20
1727111085623 1.227996 20
1727111085757 0.817575 20
1727111085889 0.125976 20
1727111086022 0.193156 20
1727111086156 1.011251 20
1727111086289 0.109005 20
1727111086416 1.551049 20
1727111086548 1.526278 20
1727111086682 2.894907 25
1727111086814 0.326935 25
1727111086948 1.172933 25
1727111087084 3.465239 25
1727111087216 2.774327 25
1727111087347 0.393936 25
1727111087481 1.262661 25
1727111087615 1.397614 25
1727111087748 0.34304 25
1727111087881 2.688011 25
1727111088014 6.079493 30
1727111088147 0.274507 30
1727111088279 2.167082 30
1727111088410 0.655364 30
