1727111036466 0.372387 0
1727111036593 0.611137 0
1727111036725 0.622254 0
1727111036850 0.497053 0
1727111036977 0.437458 0
1727111037112 0.161711 0
1727111037245 0.326972 0
1727111037378 0.35582 0
1727111037511 0.258236 0
1727111037643 0.323906 0
1727111037775 0.156738 1
1727111037908 0.205564 1
1727111038043 1.416822 1
1727111038175 0.190285 1
1727111038307 0.133528 1
1727111038439 1.481518 1
1727111038575 0.091022 1
1727111038709 0.075514 1
1727111038841 0.027703 1
1727111038974 0.953574 1
1727111039106 3.9609 2
1727111039240 0.085591 2
1727111039374 0.273107 2
1727111039508 0.028105 2
1727111039650 0.293111 2
1727111039782 0.1112 2
1727111039913 0.011207 2
1727111040049 1.267673 2
1727111040183 0.046811 2
1727111040319 0.346865 2
1727111040452 1.320472 3
1727111040568 0.20684 3
1727111040700 0.05113 3
1727111040833 0.013041 3
1727111040965 0.094526 3
1727111041098 0.453831 3
1727111041228 0.032334 3
1727111041361 0.070895 3
1727111041492 0.017823 3
1727111041625 0.908491 3
1727111041757 0.097964 4
1727111041890 0.0871 4
1727111042026 0.165314 4
1727111042160 0.108741 4
1727111042292 0.022296 4
1727111042425 0.025319 4
1727111042558 0.257269 4
1727111042690 0.017802 4
1727111042823 0.108231 4
1727111042954 0.271483 4
1727111043066 2.113492 5
1727111043192 0.327287 5
1727111043325 0.035682 5
1727111043456 0.021277 5
1727111043568 0.264171 5
1727111043701 0.064034 5
1727111043833 0.142859 5
1727111043968 0.116296 5
1727111044102 0.120975 5
1727111044235 0.273262 5
1727111044366 0.202819 6
1727111044498 0.040005 6
1727111044629 0.286197 6
1727111044762 0.042713 6
1727111047367 0.703115 0
1727111047493 0.338783 0
1727111047621 0.055728 0
1727111047758 0.015123 0
1727111047893 0.015405 0
1727111048025 0.116764 0
1727111048159 0.038791 0
1727111048291 0.059856 0
1727111048424 0.035042 0
1727111048558 0.09297 0
1727111048690 0.42643 2
1727111048821 0.033337 2
1727111048951 0.523099 2
1727111049063 0.16966 2
1727111049194 0.032766 2
1727111049325 0.681618 2
1727111049457 0.0235 2
1727111049570 0.032255 2
1727111049699 0.011166 2
1727111049831 0.610469 2
1727111049962 2.332241 4
1727111050093 0.038166 4
1727111050225 0.219535 4
1727111050359 0.012368 4
1727111050492 0.172276 4
1727111050626 0.225507 4
1727111050758 0.020249 4
1727111050892 0.822869 4
1727111051025 0.023237 4
1727111051158 0.374577 4
1727111051292 1.149724 6
1727111051425 0.19117 6
1727111051560 0.02042 6
1727111051691 0.015334 6
1727111051824 0.111816 6
1727111051958 0.373009 6
1727111052090 0.020809 6
1727111052223 0.052684 6
1727111052354 0.00911 6
1727111052465 0.795094 6
1727111052596 0.040582 8
1727111052729 0.07813 8
1727111052859 0.171664 8
1727111052992 0.219447 8
1727111053135 0.022085 8
1727111053273 0.026084 8
1727111053404 0.2406 8
1727111053540 0.011229 8
1727111053673 0.1076 8
1727111053803 0.230344 8
1727111053933 1.864182 10
1727111054067 0.232438 10
1727111054199 0.049879 10
1727111054328 0.042394 10
1727111054459 0.240805 10
1727111054591 0.030701 10
1727111054725 0.147733 10
1727111054856 0.07377 10
1727111054988 0.117683 10
1727111055120 0.171743 10
1727111055253 0.160456 12
1727111055382 0.045488 12
1727111055516 0.211985 12
1727111055649 0.029326 12
1727111058264 0.325095 0
1727111058379 0.30961 0
1727111058518 0.061943 0
1727111058650 0.013019 0
1727111058783 0.01584 0
1727111058916 0.084303 0
1727111059050 0.026812 0
1727111059182 0.065298 0
1727111059313 0.037026 0
1727111059445 0.085 0
1727111059565 0.477771 3
1727111059699 0.039044 3
1727111059832 0.512749 3
1727111059963 0.162978 3
1727111060099 0.039567 3
1727111060234 0.671143 3
1727111060367 0.036455 3
1727111060501 0.018406 3
1727111060633 0.011455 3
1727111060767 0.56865 3
1727111060909 2.147363 6
1727111061045 0.02227 6
1727111061176 0.251039 6
1727111061309 0.014188 6
1727111061441 0.185243 6
1727111061575 0.270387 6
1727111061708 0.01388 6
1727111061841 0.715416 6
1727111061971 0.018198 6
1727111062107 0.424084 6
1727111062248 1.131235 9
1727111062359 0.128071 9
1727111062481 0.020238 9
1727111062614 0.021631 9
1727111062751 0.082553 9
1727111062883 0.316253 9
1727111063016 0.015686 9
1727111063150 0.053084 9
1727111063283 0.012854 9
1727111063416 0.812538 9
1727111063550 0.059175 12
1727111063683 0.075803 12
1727111063815 0.139391 12
1727111063945 0.195739 12
1727111064063 0.023118 12
1727111064196 0.019114 12
1727111064326 0.210676 12
1727111064458 0.010418 12
1727111064589 0.103438 12
1727111064725 0.246771 12
1727111064858 1.715168 15
1727111064989 0.192491 15
1727111065123 0.039529 15
1727111065255 0.031499 15
1727111065385 0.216428 15
1727111065516 0.046084 15
1727111065650 0.102019 15
1727111065782 0.080355 15
1727111065915 0.116778 15
1727111066046 0.151388 15
1727111066180 0.126721 18
1727111066311 0.05513 18
1727111066442 0.189282 18
1727111066575 0.031861 18
1727111069172 0.233272 0
1727111069299 0.208885 0
1727111069424 0.026239 0
1727111069560 0.010997 0
1727111069692 0.010932 0
1727111069824 0.08022 0
1727111069957 0.029877 0
1727111070092 0.054363 0
1727111070227 0.026204 0
1727111070358 0.065413 0
1727111070491 0.545567 4
1727111070625 0.036467 4
1727111070759 0.444958 4
1727111070897 0.133845 4
1727111071031 0.03478 4
1727111071165 0.566395 4
1727111071296 0.032844 4
1727111071428 0.027581 4
1727111071555 0.018999 4
1727111071685 0.401813 4
1727111071816 1.652042 8
1727111071950 0.050565 8
1727111072083 0.380413 8
1727111072219 0.012659 8
1727111072351 0.150103 8
1727111072483 0.228747 8
1727111072616 0.015701 8
1727111072751 0.557112 8
1727111072883 0.019573 8
1727111073017 0.424985 8
1727111073149 1.030066 12
1727111073281 0.108362 12
1727111073389 0.021726 12
1727111073517 0.023466 12
1727111073646 0.095368 12
1727111073778 0.339987 12
1727111073908 0.011676 12
1727111074042 0.046871 12
1727111074237 0.009909 12
1727111074375 0.752221 12
1727111074510 0.054488 16
1727111074641 0.078173 16
1727111074774 0.109346 16
1727111074908 0.177597 16
1727111075041 0.019779 16
1727111075173 0.027784 16
1727111075304 0.256167 16
1727111075433 0.008902 16
1727111075568 0.122355 16
1727111075700 0.226917 16
1727111075833 1.478302 20
1727111075965 0.15151 20
1727111076079 0.022814 20
1727111076210 0.028685 20
1727111076343 0.223438 20
1727111076476 0.071916 20
1727111076600 0.073771 20
1727111076731 0.092128 20
1727111076861 0.091443 20
1727111076995 0.149319 20
1727111077125 0.123713 24
1727111077258 0.038196 24
1727111077390 0.204294 24
1727111077523 0.039441 24
1727111080126 0.105825 0
1727111080253 0.194715 0
1727111080380 0.023535 0
1727111080509 0.016478 0
1727111080642 0.012816 0
1727111080775 0.040918 0
1727111080904 0.031181 0
1727111081040 0.036119 0
1727111081172 0.028473 0
1727111081304 0.040306 0
1727111081436 0.372318 5
1727111081567 0.028751 5
1727111081700 0.52588 5
1727111081827 0.103266 5
1727111081958 0.044618 5
1727111082091 0.509173 5
1727111082225 0.043487 5
1727111082356 0.029564 5
1727111082489 0.034483 5
1727111082602 0.343597 5
1727111082734 1.393881 10
1727111082867 0.11237 10
1727111083000 0.51306 10
1727111083134 0.017617 10
1727111083266 0.147443 10
1727111083398 0.316014 10
1727111083531 0.010453 10
1727111083663 0.552936 10
1727111083795 0.022935 10
1727111083925 0.391223 10
1727111084058 1.118353 15
1727111084192 0.106829 15
1727111084325 0.018813 15
1727111084457 0.019247 15
1727111084571 0.101565 15
1727111084700 0.316878 15
1727111084831 0.013967 15
1727111084963 0.046712 15
1727111085082 0.007869 15
1727111085214 0.753564 15
1727111085345 0.055389 20
1727111085476 0.078835 20
1727111085608 0.102524 20
1727111085742 0.175638 20
1727111085874 0.015547 20
1727111086008 0.030837 20
1727111086141 0.216622 20
1727111086274 0.013427 20
1727111086401 0.12338 20
1727111086534 0.186051 20
1727111086666 1.308788 25
1727111086799 0.083982 25
1727111086932 0.035925 25
1727111087069 0.018364 25
1727111087201 0.248998 25
1727111087332 0.063261 25
1727111087466 0.095003 25
1727111087600 0.068885 25
1727111087733 0.088284 25
1727111087866 0.145513 25
1727111088000 0.108519 30
1727111088132 0.024428 30
1727111088264 0.18584 30
1727111088395 0.031082 30
