1726847008618 18.285818 0
1726847008801 54.21627 0
1726847008989 96.518829 0
1726847009177 131.493042 0
1726847009375 15.319897 0
1726847009555 10.54026 0
1726847009739 9.431063 0
1726847009922 11.902576 0
1726847010110 20.081059 0
1726847010292 7.756937 0
1726847010461 3.076355 1
1726847012432 3.162437 0
1726847012606 6.287152 0
1726847012782 5.835991 0
1726847012974 17.164492 0
1726847013158 4.154084 0
1726847013339 2.598471 0
1726847013528 2.431834 0
1726847013726 10.950355 0
1726847013926 2.589187 0
1726847014101 2.520404 0
1726847014273 2.178275 2
1726847016213 1.79548 0
1726847016405 37.907097 0
1726847016609 3.368412 0
1726847016807 1.22105 0
1726847016967 3.243518 0
1726847017114 2.579021 0
1726847017254 2.957011 0
1726847017390 10.603736 0
1726847017523 2.681511 0
1726847017654 3.01301 0
1726847017791 0.815952 3
1726847019656 13.749711 0
1726847019838 7.431271 0
1726847020018 4.711063 0
1726847020186 1.01745 0
1726847020357 2.55307 0
1726847020529 4.128893 0
1726847020689 2.630707 0
1726847020841 3.845631 0
1726847020988 1.970038 0
1726847021139 2.875376 0
1726847021284 0.838473 4
1726847022918 3.238369 0
1726847023099 12.487271 0
1726847023269 3.716779 0
1726847023426 1.463811 0
1726847023575 1.954675 0
1726847023722 2.441151 0
1726847023866 2.703088 0
1726847024007 10.422964 0
1726847024146 1.883787 0
1726847024284 1.946572 0
1726847024421 1.660814 5
1726847025802 5.840002 0
1726847025988 3.765952 0
1726847026171 3.545168 0
1726847026343 0.727951 0
1726847026500 2.362918 0
1726847026652 3.308816 0
1726847026803 8.85853 0
1726847026950 3.216274 0
1726847027093 2.301494 0
1726847027231 2.163927 0
1726847027366 1.009206 6
1726847029052 3.165364 0
1726847029240 3.431836 0
1726847029424 9.312592 0
1726847029599 0.745227 0
1726847029755 2.87708 0
1726847029898 2.620575 0
1726847030042 4.465329 0
1726847030184 3.436529 0
1726847030326 1.23392 0
1726847030465 1.568411 0
1726847030602 1.144366 7
1726847032206 1.661468 0
1726847032416 13.10535 0
1726847032600 5.612247 0
1726847032768 0.694211 0
1726847032924 2.301054 0
1726847033072 2.684603 0
1726847033217 5.97516 0
1726847033359 5.53634 0
1726847033498 1.385516 0
1726847033636 1.855387 0
1726847033774 0.968824 8
1726847035205 3.35191 0
1726847035421 7.466327 0
1726847035602 5.18265 0
1726847035761 0.692951 0
1726847035907 1.889521 0
1726847036045 2.414414 0
1726847036184 27.841784 0
1726847036322 10.782752 0
1726847036458 1.496583 0
1726847036594 2.465228 0
1726847036734 1.096786 9
