1726816048891 3.557148 0
1726816048996 0.481185 0
1726816049101 0.803623 0
1726816049204 1.32815 0
1726816049311 0.578366 0
1726816049414 0.3063 0
1726816049520 2.338518 0
1726816049622 2.691708 0
1726816049726 0.858563 0
1726816049830 0.289532 0
1726816049933 0.583907 1
1726816050034 0.219013 1
1726816050134 0.613872 1
1726816050235 0.259976 1
1726816050342 0.024698 1
1726816050450 0.213252 1
1726816050554 0.169271 1
1726816050654 0.175911 1
1726816050759 0.901984 1
1726816050861 0.276285 1
1726816051955 0.710517 0
1726816052068 0.364649 0
1726816052170 0.44044 0
1726816052274 0.976127 0
1726816052378 0.548195 0
1726816052486 0.323449 0
1726816052588 2.554053 0
1726816052691 2.582313 0
1726816052796 0.785342 0
1726816052900 0.28075 0
1726816053007 0.641358 2
1726816053112 0.212135 2
1726816053215 0.61551 2
1726816053322 0.261596 2
1726816053430 0.033484 2
1726816053537 0.208935 2
1726816053641 0.233497 2
1726816053742 0.121128 2
1726816053844 0.935998 2
1726816053945 0.293683 2
1726816055067 0.743496 0
1726816055171 0.322896 0
1726816055274 0.410946 0
1726816055385 0.861777 0
1726816055493 0.572475 0
1726816055597 0.386953 0
1726816055699 2.169281 0
1726816055802 2.606664 0
1726816055905 0.824931 0
1726816056008 0.265696 0
1726816056110 0.616674 3
1726816056214 0.204525 3
1726816056329 0.582464 3
1726816056433 0.327099 3
1726816056538 0.104139 3
1726816056640 0.188172 3
1726816056742 0.14468 3
1726816056846 0.163285 3
1726816056951 0.940857 3
1726816057052 0.29221 3
1726816058172 0.778708 0
1726816058284 0.424033 0
1726816058389 0.388197 0
1726816058491 0.879243 0
1726816058593 0.552035 0
1726816058698 0.250395 0
1726816058799 2.398671 0
1726816058901 2.593169 0
1726816059004 0.649222 0
1726816059107 0.274662 0
1726816059208 0.667148 4
1726816059310 0.237251 4
1726816059412 0.754323 4
1726816059524 0.244679 4
1726816059629 0.038936 4
1726816059731 0.184557 4
1726816059835 0.150392 4
1726816059946 0.140174 4
1726816060049 0.911122 4
1726816060149 0.274922 4
