1726909582020 10.493881 0
1726909582163 4.885518 0
1726909582304 12.155217 0
1726909582446 13.532945 0
1726909582587 51.736946 0
1726909582730 12.645153 0
1726909582875 12.30377 0
1726909583020 6.408572 0
1726909583166 5.781766 0
1726909583307 9.626707 0
1726909583450 1.652618 1
1726909583593 2.760812 1
1726909583735 3.625516 1
1726909583876 3.47621 1
1726909584885 6.233992 0
1726909585034 0.367405 0
1726909585180 0.226483 0
1726909585322 3.137046 0
1726909585464 2.852006 0
1726909585605 2.375427 0
1726909585748 1.290891 0
1726909585889 1.021869 0
1726909586033 2.652643 0
1726909586175 15.134224 0
1726909586316 1.595381 2
1726909586458 0.813392 2
1726909586599 2.033354 2
1726909586740 6.617599 2
1726909587772 0.437787 0
1726909587915 0.265619 0
1726909588058 0.21626 0
1726909588199 4.418237 0
1726909588341 1.788713 0
1726909588483 1.685251 0
1726909588624 3.804183 0
1726909588767 0.953287 0
1726909588911 1.930167 0
1726909589053 1.988186 0
1726909589194 1.200766 3
1726909589341 0.657267 3
1726909589483 2.330624 3
1726909589624 3.598857 3
1726909590644 0.496198 0
1726909590789 0.238606 0
1726909590931 0.220921 0
1726909591075 7.465552 0
1726909591227 1.972597 0
1726909591373 1.443654 0
1726909591517 2.654001 0
1726909591661 0.802429 0
1726909591803 1.150442 0
1726909591946 2.575727 0
1726909592089 1.011642 4
1726909592232 0.704394 4
1726909592374 6.859086 4
1726909592515 3.355044 4
1726909593549 1.252856 0
1726909593692 0.256113 0
1726909593835 0.235049 0
1726909593977 5.289781 0
1726909594119 2.004918 0
1726909594260 4.138824 0
1726909594402 2.948803 0
1726909594543 0.92095 0
1726909594685 1.230162 0
1726909594826 1.96467 0
1726909594968 1.043204 5
1726909595111 0.749451 5
1726909595252 119.789619 5
1726909595398 39.739758 5
1726909596419 0.427513 0
1726909596564 0.202379 0
1726909596705 0.248373 0
1726909596846 5.637593 0
1726909596987 2.585299 0
1726909597136 2.093261 0
1726909597282 3.031064 0
1726909597427 1.039993 0
1726909597573 1.432492 0
1726909597716 2.49449 0
1726909597859 0.974808 6
1726909598001 18.471294 6
1726909598143 4.605637 6
1726909598286 102.611214 6
1726909599311 0.418547 0
1726909599456 0.200631 0
1726909599601 0.220758 0
1726909599743 3.494848 0
1726909599914 3.222199 0
1726909600056 2.059391 0
1726909600198 3.35069 0
1726909600340 1.053374 0
1726909600481 1.446816 0
1726909600622 3.257897 0
1726909600764 0.958637 7
1726909600906 1.578882 7
1726909601047 3.115812 7
1726909601189 14.401861 7
1726909602210 0.458873 0
1726909602356 0.209201 0
1726909602497 0.222814 0
1726909602639 3.932118 0
1726909602783 1.511226 0
1726909602925 9.406066 0
1726909603068 4.259323 0
1726909603211 1.832874 0
1726909603354 1.019477 0
1726909603496 18.678244 0
1726909603640 1.218279 8
1726909603782 0.922033 8
1726909603923 4.191257 8
1726909604065 0.637474 8
