1726778309860 105.188271 0
1726778309954 0.852311 0
1726778310047 5.873854 0
1726778310137 1.008256 0
1726778310229 3.347243 0
1726778310320 2.099993 0
1726778310411 4.377893 0
1726778310501 1.835864 0
1726778310591 1.620848 0
1726778310681 2.88316 0
1726778310771 0.686377 1
1726778310863 4.760889 1
1726778310959 1.033764 1
1726778311051 0.304269 1
1726778311146 0.488159 1
1726778311239 52.749199 1
1726778311331 1.20157 1
1726778311421 3.089606 1
1726778311515 1.048465 1
1726778311612 1.24227 1
1726778311705 1.408634 2
1726778311798 2.946615 2
1726778311893 0.835177 2
1726778311984 1.65433 2
1726778312075 2.230268 2
1726778312166 3.804077 2
1726778312258 1.806654 2
1726778312348 0.629839 2
1726778312439 0.462659 2
1726778312531 6.083817 2
1726778312621 5.94178 3
1726778312715 7.376817 3
1726778312806 7.237609 3
1726778314279 2.370299 0
1726778314378 1.549571 0
1726778314468 14.279357 0
1726778314559 2.89375 0
1726778314649 3.763788 0
1726778314739 1.863551 0
1726778314831 3.201179 0
1726778314922 1.275588 0
1726778315014 0.555323 0
1726778315115 1.39402 0
1726778315211 0.995126 2
1726778315306 6.376073 2
1726778315398 2.227688 2
1726778315492 0.294746 2
1726778315585 0.526556 2
1726778315677 12.070523 2
1726778315769 1.246453 2
1726778315866 1.701392 2
1726778315959 0.875046 2
1726778316053 1.349538 2
1726778316148 1.529102 4
1726778316240 3.080398 4
1726778316333 1.444816 4
1726778316427 1.495402 4
1726778316520 8.937346 4
1726778316617 1.393458 4
1726778316710 2.044128 4
1726778316802 0.649137 4
1726778316894 0.372797 4
1726778316984 2.50304 4
1726778317079 10.545963 6
1726778317174 1.534675 6
1726778317265 1.559863 6
1726778318681 1.219827 0
1726778318773 1.438669 0
1726778318866 2.509456 0
1726778318957 2.434901 0
1726778319048 13.912549 0
1726778319146 0.679238 0
1726778319239 6.985822 0
1726778319337 1.458385 0
1726778319428 0.506041 0
1726778319521 1.389342 0
1726778319613 0.87925 3
1726778319704 2.564542 3
1726778319795 2.919262 3
1726778319895 0.370691 3
1726778319990 0.563063 3
1726778320084 39.446056 3
1726778320177 1.375365 3
1726778320269 2.452383 3
1726778320361 0.965213 3
1726778320451 1.392697 3
1726778320544 2.557262 6
1726778320636 3.813119 6
1726778320728 7.793017 6
1726778320819 1.632061 6
1726778320910 1.658838 6
1726778321000 1.21015 6
1726778321090 1.052085 6
1726778321188 0.706252 6
1726778321282 0.403063 6
1726778321375 3.355888 6
1726778321466 6.534013 9
1726778321558 1.37325 9
1726778321652 1.732942 9
1726778323048 7.065577 0
1726778323148 1.883417 0
1726778323246 9.12336 0
1726778323338 1.602435 0
1726778323432 22.60758 0
1726778323524 3.653026 0
1726778323617 3.38674 0
1726778323709 3.295687 0
1726778323800 0.561341 0
1726778323890 1.797535 0
1726778323981 0.913159 4
1726778324072 8.777033 4
1726778324167 2.311144 4
1726778324258 0.2849 4
1726778324350 0.510814 4
1726778324441 60.930309 4
1726778324534 1.209256 4
1726778324624 1.885234 4
1726778324717 1.422005 4
1726778324808 1.303319 4
1726778324901 1.272689 8
1726778324992 4.868062 8
1726778325081 0.941344 8
1726778325178 1.518601 8
1726778325276 12.099161 8
1726778325371 1.726408 8
1726778325462 1.724032 8
1726778325553 1.25577 8
1726778325649 0.516663 8
1726778325743 2.014292 8
1726778325835 2.885292 12
1726778325931 1.69021 12
1726778326023 2.105102 12
1726778327524 4.899425 0
1726778327623 1.474479 0
1726778327715 7.77773 0
1726778327807 1.571299 0
1726778327900 2.340405 0
1726778327995 3.193659 0
1726778328088 6.281489 0
1726778328182 11.200762 0
1726778328273 0.652989 0
1726778328366 2.074329 0
1726778328457 0.796222 5
1726778328548 4.164241 5
1726778328640 2.621557 5
1726778328732 0.291207 5
1726778328827 0.874894 5
1726778328920 1.917642 5
1726778329013 1.595153 5
1726778329106 2.66588 5
1726778329201 1.321322 5
1726778329294 1.555242 5
1726778329393 2.052686 10
1726778329486 4.300787 10
1726778329581 1.365509 10
1726778329674 1.015962 10
1726778329767 2.485876 10
1726778329857 0.833745 10
1726778329949 2.504069 10
1726778330039 0.90468 10
1726778330133 0.655346 10
1726778330225 1.579675 10
1726778330316 3.649062 15
1726778330407 2.190673 15
1726778330501 3.02266 15
1726778332036 6.380337 0
1726778332140 2.526918 0
1726778332231 5.885085 0
1726778332322 1.706693 0
1726778332414 2.305106 0
1726778332504 2.08714 0
1726778332602 7.429857 0
1726778332696 2.856863 0
1726778332788 1.804515 0
1726778332881 2.070429 0
1726778332972 0.780425 6
1726778333064 7.013935 6
1726778333156 1.343608 6
1726778333247 0.304312 6
1726778333339 9.958339 6
1726778333431 10.834623 6
1726778333532 1.504689 6
1726778333626 3.773188 6
1726778333717 1.826626 6
1726778333808 1.608706 6
1726778333900 1.722982 12
1726778333992 2.181422 12
1726778334083 1.533028 12
1726778334174 1.450729 12
1726778334265 14.565035 12
1726778334356 1.714378 12
1726778334446 2.38897 12
1726778334537 0.842017 12
1726778334629 0.428028 12
1726778334723 1.286825 12
1726778334814 1.66107 18
1726778334907 2.157501 18
1726778334999 1.280734 18
