1726911482875 0.0 0
1726911483019 10.0 0
1726911483162 20.0 0
1726911483307 30.0 0
1726911483825 0.0 0
1726911483967 10.0 0
1726911484109 20.0 0
1726911484251 30.0 0
1726911484682 0.0 0
1726911484826 10.0 0
1726911484967 20.0 0
1726911485109 30.0 0
1726911485540 0.0 0
1726911485684 10.0 0
1726911485827 20.0 0
1726911485972 30.0 0
1726911486409 0.0 0
1726911486553 10.0 0
1726911486695 20.0 0
1726911486837 30.0 0
1726911487281 0.0 0
1726911487427 10.0 0
1726911487569 20.0 0
1726911487711 30.0 0
1726911488149 0.0 0
1726911488292 10.0 0
1726911488433 20.0 0
1726911488575 30.0 0
1726911489017 0.0 0
1726911489162 10.0 0
1726911489303 20.0 0
1726911489444 30.0 0
1726911489867 0.0 0
1726911490015 10.0 0
1726911490159 20.0 0
1726911490300 30.0 0
1726911490725 0.0 0
1726911490869 10.0 0
1726911491010 20.0 0
1726911491152 30.0 0
