1726784277522 198.952347 0
1726784277622 8.204899 0
1726784277717 2.177045 0
1726784277814 4.279289 0
1726784277917 0.926981 0
1726784278012 5.652186 0
1726784278110 1.965517 0
1726784278216 4.85876 0
1726784278314 2.29529 0
1726784278409 3.572735 0
1726784278509 1.740721 1
1726784278606 2.409894 1
1726784278702 1.138412 1
1726784278798 0.435264 1
1726784278893 4.144097 1
1726784278988 1.177467 1
1726784279085 0.689824 1
1726784279183 0.968315 1
1726784279282 0.483633 1
1726784279381 1.308534 1
1726784279478 1.380809 2
1726784279577 1.394648 2
1726784279675 2.170668 2
1726784279770 1.412642 2
1726784279866 1.541355 2
1726784279960 1.685831 2
1726784280055 3.726433 2
1726784280153 2.556605 2
1726784280257 1.643123 2
1726784280357 5.08966 2
1726784280454 1.652679 3
1726784280551 1.042549 3
1726784280648 0.993284 3
1726784280744 0.957642 3
1726784280839 4.957047 3
1726784280935 1.17033 3
1726784281030 0.885241 3
1726784281125 1.761238 3
1726784281220 1.301215 3
1726784281314 1.014287 3
1726784281411 1.444813 4
1726784281505 1.562827 4
1726784281599 1.205321 4
1726784283732 2.592519 0
1726784283828 0.694066 0
1726784283921 5.558953 0
1726784284015 1.287786 0
1726784284109 0.941002 0
1726784284207 3.698226 0
1726784284308 3.440817 0
1726784284407 2.045607 0
1726784284501 1.141618 0
1726784284594 2.339101 0
1726784284687 3.763707 2
1726784284783 0.397191 2
1726784284877 0.92401 2
1726784284971 0.600867 2
1726784285066 2.819805 2
1726784285160 1.317168 2
1726784285254 0.505659 2
1726784285351 1.147449 2
1726784285448 0.439667 2
1726784285544 1.463085 2
1726784285638 0.990264 4
1726784285734 3.948479 4
1726784285829 1.050838 4
1726784285923 3.360427 4
1726784286018 3.950418 4
1726784286112 2.212085 4
1726784286206 4.867718 4
1726784286300 17.965765 4
1726784286403 1.645148 4
1726784286497 2.244301 4
1726784286593 1.70741 6
1726784286690 0.886312 6
1726784286785 1.009807 6
1726784286881 1.475455 6
1726784286975 1.707007 6
1726784287069 0.798593 6
1726784287182 1.266982 6
1726784287295 1.133365 6
1726784287392 1.104378 6
1726784287487 0.633054 6
1726784287582 232.794174 8
1726784287677 1.540115 8
1726784287772 0.932739 8
1726784289975 1.414413 0
1726784290079 12.331304 0
1726784290177 6.77747 0
1726784290274 1.208036 0
1726784290372 0.659003 0
1726784290476 4.336241 0
1726784290572 0.888461 0
1726784290668 5.624081 0
1726784290764 1.111066 0
1726784290860 2.234521 0
1726784290956 3.641413 3
1726784291052 0.511685 3
1726784291152 0.672524 3
1726784291248 0.602316 3
1726784291345 0.834455 3
1726784291441 1.603805 3
1726784291537 0.561894 3
1726784291631 6.980627 3
1726784291729 0.561119 3
1726784291827 10.40757 3
1726784291925 2.864368 6
1726784292021 7.429348 6
1726784292118 1.859856 6
1726784292214 4.115353 6
1726784292311 1.029639 6
1726784292408 1.715293 6
1726784292514 5.635108 6
1726784292611 2.74222 6
1726784292708 0.952624 6
1726784292806 2.309799 6
1726784292902 3.818024 9
1726784292998 1.151232 9
1726784293093 1.687678 9
1726784293189 2.710404 9
1726784293285 1.542374 9
1726784293379 2.179397 9
1726784293474 1.066715 9
1726784293572 1.595894 9
1726784293670 0.964187 9
1726784293766 0.550183 9
1726784293861 1.675429 12
1726784293957 1.05486 12
1726784294052 2.659351 12
1726784296208 1.682543 0
1726784296315 2.334186 0
1726784296415 5.035243 0
1726784296511 13.218492 0
1726784296616 0.747165 0
1726784296712 18.497864 0
1726784296809 1.001752 0
1726784296905 2.381551 0
1726784297000 1.33708 0
1726784297096 1.920385 0
1726784297195 4.328148 4
1726784297289 0.468587 4
1726784297385 0.518772 4
1726784297480 0.443755 4
1726784297574 0.607763 4
1726784297670 2.270065 4
1726784297764 0.501571 4
1726784297858 1.585137 4
1726784297954 0.882958 4
1726784298048 1.330592 4
1726784298145 1.809414 8
1726784298239 1.124757 8
1726784298335 3.79728 8
1726784298431 6.388718 8
1726784298530 1.729201 8
1726784298633 2.578281 8
1726784298733 7.17015 8
1726784298828 3.203913 8
1726784298923 1.92782 8
1726784299018 3.159541 8
1726784299112 2.176139 12
1726784299209 0.946864 12
1726784299304 1.045144 12
1726784299399 1.362562 12
1726784299497 2.012421 12
1726784299594 1.138257 12
1726784299691 0.951162 12
1726784299788 55.908951 12
1726784299887 1.376056 12
1726784299983 0.562661 12
1726784300078 1.34605 16
1726784300173 0.971436 16
1726784300269 2.308876 16
1726784302416 1.722918 0
1726784302517 2.179466 0
1726784302613 2.675375 0
1726784302712 1.710638 0
1726784302812 0.894887 0
1726784302907 10.864043 0
1726784303003 0.963595 0
1726784303102 1.527442 0
1726784303198 3.723903 0
1726784303294 1.613896 0
1726784303395 2.138092 5
1726784303491 0.417307 5
1726784303591 0.520121 5
1726784303691 0.571297 5
1726784303789 26.22357 5
1726784303889 3.193912 5
1726784303987 1.063394 5
1726784304082 1.619469 5
1726784304179 0.604881 5
1726784304273 4.30658 5
1726784304370 1.5923 10
1726784304466 1.030799 10
1726784304561 1.304606 10
1726784304658 2.368851 10
1726784304760 1.672292 10
1726784304858 3.563513 10
1726784304955 5.740204 10
1726784305051 3.076665 10
1726784305149 0.84875 10
1726784305248 5.635564 10
1726784305345 1.289682 15
1726784305445 0.985844 15
1726784305541 0.783568 15
1726784305640 1.156454 15
1726784305736 0.880294 15
1726784305833 1.11653 15
1726784305929 1.008537 15
1726784306024 1.06593 15
1726784306120 1.893556 15
1726784306216 5.211689 15
1726784306312 0.973965 20
1726784306409 0.967273 20
1726784306504 1.033825 20
