1726778336524 71.463638 0
1726778336622 0.962297 0
1726778336713 6.304026 0
1726778336806 4.297354 0
1726778336898 67.419159 0
1726778336992 2.768648 0
1726778337083 1.548312 0
1726778337175 4.240315 0
1726778337265 0.754622 0
1726778337355 1.100991 0
1726778337445 153.630005 1
1726778337541 1.578066 1
1726778337634 3.462844 1
1726778337726 1.053309 1
1726778337818 1.938399 1
1726778337907 15.773644 1
1726778337998 1.019737 1
1726778338090 1.817762 1
1726778338181 18.626417 1
1726778338273 1.959929 1
1726778338364 2.767608 2
1726778338454 2.226326 2
1726778338546 1.905422 2
1726778338637 1.072397 2
1726778338730 2.818754 2
1726778338824 1.238381 2
1726778338915 9.659971 2
1726778339006 3.97121 2
1726778339100 1.36945 2
1726778339191 0.858273 2
1726778339284 1.805341 3
1726778339375 1.681324 3
1726778339469 0.419068 3
1726778339570 4.248732 3
1726778339668 1.389837 3
1726778339761 0.464783 3
1726778339852 0.758502 3
1726778339944 0.970864 3
1726778340036 64.292244 3
1726778340132 2.802412 3
1726778340225 1.042132 4
1726778340320 6.864319 4
1726778340412 6.12536 4
1726778340504 18.489061 4
1726778340595 2.187178 4
1726778340691 1.194737 4
1726778342694 6.789525 0
1726778342786 5.364563 0
1726778342880 1.688512 0
1726778342972 11.699224 0
1726778343063 1.780817 0
1726778343155 2.314542 0
1726778343247 3.207551 0
1726778343338 2.826961 0
1726778343430 0.932245 0
1726778343522 0.588646 0
1726778343614 5.094579 2
1726778343715 0.932566 2
1726778343809 1.299649 2
1726778343900 1.011234 2
1726778343991 0.575519 2
1726778344082 2.380913 2
1726778344174 1.190889 2
1726778344267 0.740401 2
1726778344358 1.256358 2
1726778344450 8.704671 2
1726778344542 1.07596 4
1726778344633 2.456142 4
1726778344725 2.946724 4
1726778344816 0.76687 4
1726778344907 2.952591 4
1726778344998 0.88418 4
1726778345089 3.494608 4
1726778345184 142.912857 4
1726778345278 1.990632 4
1726778345370 0.647635 4
1726778345461 4.392331 6
1726778345554 2.487331 6
1726778345647 1.379219 6
1726778345747 1.987581 6
1726778345841 5.021839 6
1726778345932 1.196402 6
1726778346023 1.217433 6
1726778346115 1.007881 6
1726778346207 1.522582 6
1726778346298 4.138973 6
1726778346391 1.064855 8
1726778346488 2.494087 8
1726778346582 9.664623 8
1726778346678 11.914558 8
1726778346769 1.731697 8
1726778346862 1.18272 8
1726778348838 4.184503 0
1726778348936 2.130396 0
1726778349026 2.468684 0
1726778349116 4.346507 0
1726778349206 1.792421 0
1726778349296 1.15412 0
1726778349387 1.590213 0
1726778349477 1.636291 0
1726778349568 0.774176 0
1726778349659 0.558658 0
1726778349749 6.270396 3
1726778349848 2.506215 3
1726778349940 0.71343 3
1726778350032 1.394913 3
1726778350123 0.580686 3
1726778350215 1.690575 3
1726778350306 4.067521 3
1726778350397 0.558236 3
1726778350487 6.887042 3
1726778350578 5.507218 3
1726778350670 8.908672 6
1726778350761 3.142538 6
1726778350853 5.491783 6
1726778350945 0.836742 6
1726778351036 3.504687 6
1726778351127 0.893842 6
1726778351219 2.579062 6
1726778351310 2.942732 6
1726778351401 7.352337 6
1726778351491 1.054166 6
1726778351582 7.370912 9
1726778351677 0.963036 9
1726778351770 1.167699 9
1726778351867 1.52699 9
1726778351962 1.995534 9
1726778352053 0.863215 9
1726778352145 0.958205 9
1726778352240 7.82337 9
1726778352332 3.084236 9
1726778352425 4.102612 9
1726778352516 0.74562 12
1726778352606 3.106014 12
1726778352698 3.722905 12
1726778352790 4.06761 12
1726778352880 5.130132 12
1726778352974 1.076106 12
1726778355063 11.036274 0
1726778355161 1.320989 0
1726778355257 2.025545 0
1726778355352 1.692043 0
1726778355447 2.256892 0
1726778355540 1.592261 0
1726778355633 3.593928 0
1726778355725 2.394181 0
1726778355816 0.979594 0
1726778355908 1.893188 0
1726778356010 3.516259 4
1726778356104 1.899219 4
1726778356198 0.694201 4
1726778356290 1.596566 4
1726778356381 0.506463 4
1726778356472 2.143093 4
1726778356566 1.321285 4
1726778356664 0.795389 4
1726778356756 1.789795 4
1726778356851 3.176321 4
1726778356943 1.635151 8
1726778357036 4.069553 8
1726778357130 1.313848 8
1726778357224 0.945399 8
1726778357315 2.619295 8
1726778357407 1.000173 8
1726778357506 5.989023 8
1726778357601 3.327027 8
1726778357693 1.81325 8
1726778357787 0.976591 8
1726778357882 3.505435 12
1726778357976 1.085056 12
1726778358078 1.027766 12
1726778358172 1.088613 12
1726778358264 1.570416 12
1726778358357 1.141817 12
1726778358449 2.394245 12
1726778358540 1.61797 12
1726778358636 1.864555 12
1726778358731 6.823826 12
1726778358823 3.939326 16
1726778358914 6.08347 16
1726778359006 4.013613 16
1726778359100 20.974121 16
1726778359193 2.013369 16
1726778359285 0.954101 16
1726778361212 4.241292 0
1726778361313 1.395026 0
1726778361407 1.56341 0
1726778361498 5.353588 0
1726778361588 1.972594 0
1726778361682 1.047534 0
1726778361774 5.185658 0
1726778361866 1.14613 0
1726778361957 0.858756 0
1726778362050 0.784036 0
1726778362151 1.798208 5
1726778362248 2.746546 5
1726778362342 0.588404 5
1726778362435 1.348211 5
1726778362526 0.561159 5
1726778362620 3.396176 5
1726778362712 1.039582 5
1726778362805 0.623444 5
1726778362897 2.322905 5
1726778362989 4.218309 5
1726778363081 1.07805 10
1726778363173 2.160605 10
1726778363265 1.557738 10
1726778363357 1.05426 10
1726778363448 2.391808 10
1726778363539 1.043412 10
1726778363630 2.1525 10
1726778363723 5.74465 10
1726778363814 1.364894 10
1726778363906 0.961859 10
1726778363997 18.185833 15
1726778364087 1.091605 15
1726778364187 0.942759 15
1726778364281 1.191546 15
1726778364373 2.154125 15
1726778364464 1.097712 15
1726778364557 0.806193 15
1726778364651 3.911956 15
1726778364746 1.22643 15
1726778364838 3.748581 15
1726778364930 1.568833 20
1726778365024 9.396316 20
1726778365116 2.229418 20
1726778365207 4.938072 20
1726778365299 2.494949 20
1726778365390 1.070411 20
1726778367349 10.084421 0
1726778367442 28.651165 0
1726778367535 1.427848 0
1726778367628 4.134397 0
1726778367721 1.563345 0
1726778367813 1.05015 0
1726778367908 2.199145 0
1726778368000 4.287626 0
1726778368093 0.865585 0
1726778368185 0.919834 0
1726778368284 1.031549 6
1726778368382 2.667887 6
1726778368478 1.292196 6
1726778368570 1.038835 6
1726778368666 0.54476 6
1726778368761 4.378929 6
1726778368854 0.801206 6
1726778368946 0.7683 6
1726778369042 1.766123 6
1726778369140 5.099558 6
1726778369234 1.220002 12
1726778369326 4.222396 12
1726778369417 1.415547 12
1726778369509 0.981549 12
1726778369601 1.990947 12
1726778369693 1.665265 12
1726778369786 7.033246 12
1726778369881 4.024322 12
1726778369973 2.248823 12
1726778370065 0.945713 12
1726778370158 1.090278 18
1726778370252 0.818915 18
1726778370355 1.043209 18
1726778370448 1.149543 18
1726778370542 0.99086 18
1726778370633 1.737352 18
1726778370726 0.761083 18
1726778370818 1.83542 18
1726778370910 0.81536 18
1726778371002 7.483442 18
1726778371093 1.634224 24
1726778371185 3.403353 24
1726778371276 5.415618 24
1726778371366 10.181782 24
1726778371458 2.793539 24
1726778371550 1.048242 24
