1727117943593 1.0 0
1727117943738 1.0 0
1727117943883 1.0 0
1727117944025 1.0 0
1727117944172 1.0 0
1727117944316 1.0 0
1727117944460 1.0 0
1727117944602 1.0 0
1727117944746 1.0 0
1727117944888 1.0 0
1727117945036 1.0 1
1727117945180 1.0 1
1727117946109 1.0 0
1727117946255 1.0 0
1727117946397 1.0 0
1727117946542 1.0 0
1727117946683 1.0 0
1727117946824 1.0 0
1727117946974 1.0 0
1727117947116 1.0 0
1727117947261 1.0 0
1727117947405 1.0 0
1727117947549 1.0 2
1727117947690 1.0 2
1727117948477 1.0 0
1727117948623 1.0 0
1727117948768 1.0 0
1727117948913 1.0 0
1727117949066 1.0 0
1727117949212 1.0 0
1727117949358 1.0 0
1727117949501 1.0 0
1727117949646 1.0 0
1727117949790 1.0 0
1727117949934 1.0 3
1727117950078 1.0 3
1727117950846 1.0 0
1727117950991 1.0 0
1727117951142 1.0 0
1727117951286 1.0 0
1727117951430 1.0 0
1727117951573 1.0 0
1727117951718 1.0 0
1727117951859 1.0 0
1727117952005 1.0 0
1727117952148 1.0 0
1727117952292 1.0 4
1727117952434 1.0 4
1727117953235 1.0 0
1727117953384 1.0 0
1727117953528 1.0 0
1727117953670 1.0 0
1727117953813 1.0 0
1727117953956 1.0 0
1727117954104 1.0 0
1727117954247 1.0 0
1727117954389 1.0 0
1727117954529 1.0 0
1727117954674 1.0 5
1727117954818 1.0 5
