1727117943561 0.0 0
1727117943706 10.0 0
1727117943852 20.0 0
1727117943993 30.0 0
1727117944140 40.0 0
1727117944284 50.0 0
1727117944428 60.0 0
1727117944571 70.0 0
1727117944714 80.0 0
1727117944856 90.0 0
1727117945002 100.0 1
1727117945147 110.0 1
1727117946077 0.0 0
1727117946223 10.0 0
1727117946365 20.0 0
1727117946510 30.0 0
1727117946651 40.0 0
1727117946793 50.0 0
1727117946940 60.0 0
1727117947085 70.0 0
1727117947229 80.0 0
1727117947373 90.0 0
1727117947516 100.0 2
1727117947659 110.0 2
1727117948445 0.0 0
1727117948591 10.0 0
1727117948736 20.0 0
1727117948880 30.0 0
1727117949034 40.0 0
1727117949180 50.0 0
1727117949326 60.0 0
1727117949469 70.0 0
1727117949613 80.0 0
1727117949758 90.0 0
1727117949903 100.0 3
1727117950046 110.0 3
1727117950814 0.0 0
1727117950957 10.0 0
1727117951110 20.0 0
1727117951253 30.0 0
1727117951398 40.0 0
1727117951541 50.0 0
1727117951687 60.0 0
1727117951828 70.0 0
1727117951973 80.0 0
1727117952116 90.0 0
1727117952259 100.0 4
1727117952402 110.0 4
1727117953203 0.0 0
1727117953353 10.0 0
1727117953495 20.0 0
1727117953638 30.0 0
1727117953780 40.0 0
1727117953924 50.0 0
1727117954072 60.0 0
1727117954215 70.0 0
1727117954357 80.0 0
1727117954497 90.0 0
1727117954642 100.0 5
1727117954787 110.0 5
