1726765163034 39.539162 0
1726765163149 2.413389 0
1726765163264 1.179504 0
1726765163379 1.435491 0
1726765163493 0.814357 0
1726765163608 4.199069 0
1726765163723 4.835752 0
1726765163837 3.845971 0
1726765163951 3.28734 0
1726765164066 0.540483 0
1726765164180 5.510964 1
1726765164295 9.033251 1
1726765165077 21.693277 0
1726765165191 5.608126 0
1726765165305 0.951029 0
1726765165420 1.10103 0
1726765165535 1.441736 0
1726765165649 9.733602 0
1726765165764 3.279505 0
1726765165883 22.932106 0
1726765165997 0.62031 0
1726765166112 0.763205 0
1726765166226 4.855225 2
1726765166341 2.828004 2
1726765167102 9.490296 0
1726765167217 8.896971 0
1726765167332 1.167807 0
1726765167447 0.726547 0
1726765167567 3.324316 0
1726765167682 1.489953 0
1726765167796 68.985542 0
1726765167910 20.102579 0
1726765168025 1.203338 0
1726765168141 0.581113 0
1726765168256 2.437353 3
1726765168370 9.274452 3
1726765169138 2.813424 0
1726765169253 3.592552 0
1726765169368 0.924997 0
1726765169482 1.220892 0
1726765169597 1.193347 0
1726765169711 1.068021 0
1726765169826 4.512576 0
1726765169940 3.488348 0
1726765170055 1.654232 0
1726765170170 3.864463 0
1726765170285 1.775204 4
1726765170400 1.720011 4
1726765171169 1.88458 0
1726765171284 1.363416 0
1726765171399 0.671948 0
1726765171513 1.250824 0
1726765171628 3.756752 0
1726765171742 1.185226 0
1726765171858 27.805214 0
1726765171973 1.718749 0
1726765172088 1.285307 0
1726765172203 3.898108 0
1726765172318 5.122325 5
1726765172434 4.303687 5
1726765173199 0.664064 0
1726765173314 2.97664 0
1726765173430 1.977366 0
1726765173546 0.847818 0
1726765173661 1.127429 0
1726765173776 3.512516 0
1726765173892 2.680871 0
1726765174007 1.442328 0
1726765174122 1.273974 0
1726765174238 2.30085 0
1726765174354 1.865355 6
1726765174469 1.577197 6
1726765175240 0.982148 0
1726765175355 4.110292 0
1726765175470 1.448395 0
1726765175585 1.355875 0
1726765175701 2.359734 0
1726765175816 2.099691 0
1726765175933 5.901227 0
1726765176048 1.604797 0
1726765176163 0.635282 0
1726765176278 0.812035 0
1726765176395 6.171214 7
1726765176510 1.656096 7
1726765177281 1.04276 0
1726765177396 4.168415 0
1726765177511 1.094756 0
1726765177626 1.1476 0
1726765177742 1.311576 0
1726765177856 2.291704 0
1726765177972 2.157396 0
1726765178087 1.524543 0
1726765178202 0.676062 0
1726765178318 0.877661 0
1726765178433 2.33467 8
1726765178548 1.721713 8
1726765179321 0.961814 0
1726765179436 2.760493 0
1726765179551 0.877573 0
1726765179666 0.929517 0
1726765179781 1.497583 0
1726765179896 1.614962 0
1726765180011 3.650991 0
1726765180127 1.343042 0
1726765180242 0.659911 0
1726765180358 1.133487 0
1726765180473 4.319792 9
1726765180588 2.794104 9
1726765181355 0.841406 0
1726765181469 3.995251 0
1726765181584 0.861495 0
1726765181699 0.947372 0
1726765181815 1.929066 0
1726765181929 17.057932 0
1726765182044 4.786612 0
1726765182159 1.514287 0
1726765182273 0.679605 0
1726765182389 1.015496 0
1726765182503 2.670751 10
1726765182618 1.686003 10
