1726880922663 30.609922 0
1726880922803 12.049236 0
1726880922939 12.679873 0
1726880923075 9.962945 0
1726880923211 3.780336 0
1726880923347 1.378923 0
1726880923483 1.347023 0
1726880923621 205.200745 0
1726880923760 0.765113 0
1726880924475 1.509535 0
1726880924612 5.485837 0
1726880924748 6.010689 0
1726880924884 2.964582 0
1726880925020 1.513175 0
1726880925155 0.957985 0
1726880925292 0.858794 0
1726880925427 1.267303 0
1726880925563 1.538736 0
1726880926282 1.837492 0
1726880926418 5.249515 0
1726880926554 3.340366 0
1726880926689 2.536378 0
1726880926829 5.681921 0
1726880926965 1.289606 0
1726880927102 0.568794 0
1726880927245 1.260133 0
1726880927381 3.986749 0
1726880928099 7.512836 0
1726880928236 5.823963 0
1726880928372 6.303999 0
1726880928509 2.977242 0
1726880928645 4.517088 0
1726880928781 1.210952 0
1726880928918 0.689967 0
1726880929054 1.043525 0
1726880929190 2.026745 0
1726880929914 2.00401 0
1726880930052 4.079061 0
1726880930188 7.694973 0
1726880930324 4.307984 0
1726880930460 6.543193 0
1726880930596 1.245055 0
1726880930732 0.759093 0
1726880930868 0.933023 0
1726880931004 1.526469 0
1726880931718 2.116388 0
1726880931857 2.529923 0
1726880931994 4.139847 0
1726880932130 3.057052 0
1726880932266 1.767167 0
1726880932403 1.369665 0
1726880932539 1.786353 0
1726880932674 14.651619 0
1726880932809 2.387882 0
1726880933526 22.446241 0
1726880933665 6.347853 0
1726880933801 5.519738 0
1726880933940 6.301851 0
1726880934078 2.923955 0
1726880934214 1.420687 0
1726880934350 0.581078 0
1726880934486 1.214211 0
1726880934623 1.009587 0
1726880935337 2.230326 0
1726880935476 3.747018 0
1726880935612 3.69528 0
1726880935748 20.218067 0
1726880935885 1.814288 0
1726880936024 2.57505 0
1726880936162 0.582922 0
1726880936298 1.222588 0
1726880936434 2.2167 0
1726880937151 1.644699 0
1726880937289 4.029185 0
1726880937425 12.708975 0
1726880937561 26.162769 0
1726880937697 3.455604 0
1726880937833 1.425156 0
1726880937972 1.2213 0
1726880938110 0.937476 0
1726880938246 1.119758 0
