1726876297209 0.881219 0
1726876297367 0.637521 0
1726876297513 0.271135 0
1726876297668 0.444096 0
1726876297820 0.867229 0
1726876297975 0.26832 0
1726876298128 0.754866 0
1726876298279 0.37108 0
1726876298433 0.247377 0
1726876298586 0.12399 0
1726876298738 0.279101 1
1726876298900 0.220899 1
1726876299050 0.189537 1
1726876299204 0.185568 1
1726876299360 0.128913 1
1726876299516 0.208016 1
1726876300865 0.350707 0
1726876301018 0.09689 0
1726876301172 0.240832 0
1726876301323 0.185489 0
1726876301475 0.41399 0
1726876301628 0.143569 0
1726876301781 0.440381 0
1726876301935 0.163957 0
1726876302083 0.235044 0
1726876302237 0.091229 0
1726876302391 0.329684 2
1726876302542 0.156734 2
1726876302696 0.179026 2
1726876302847 0.116625 2
1726876303001 0.099171 2
1726876303156 0.189924 2
1726876304435 0.224433 0
1726876304593 0.099853 0
1726876304744 0.195532 0
1726876304895 0.176636 0
1726876305048 0.329295 0
1726876305200 0.136696 0
1726876305353 0.411072 0
1726876305507 0.167563 0
1726876305658 0.211678 0
1726876305809 0.097346 0
1726876305961 0.202084 3
1726876306113 0.12954 3
1726876306266 0.155861 3
1726876306419 0.112472 3
1726876306571 0.080041 3
1726876306721 0.173183 3
1726876308054 0.206318 0
1726876308210 0.114301 0
1726876308364 0.120566 0
1726876308516 0.177807 0
1726876308669 0.311298 0
1726876308822 0.154553 0
1726876308975 0.412662 0
1726876309127 0.157143 0
1726876309280 0.237 0
1726876309433 0.104797 0
1726876309589 0.190442 4
1726876309744 0.109901 4
1726876309897 0.156128 4
1726876310047 0.104394 4
1726876310198 0.065138 4
1726876310348 0.170632 4
1726876311632 0.212125 0
1726876311785 0.115245 0
1726876311937 0.103557 0
1726876312087 0.177769 0
1726876312238 0.300088 0
1726876312387 0.124239 0
1726876312541 0.395154 0
1726876312697 0.174065 0
1726876312848 0.204041 0
1726876313000 0.097372 0
1726876313147 0.173307 5
1726876313297 0.118969 5
1726876313445 0.157471 5
1726876313596 0.093203 5
1726876313747 0.072114 5
1726876313901 0.169633 5
1726876315199 0.190914 0
1726876315352 0.104276 0
1726876315500 0.104835 0
1726876315653 0.172329 0
1726876315804 0.299096 0
1726876315957 0.127643 0
1726876316110 0.395041 0
1726876316265 0.180724 0
1726876316417 0.1962 0
1726876316575 0.088821 0
1726876316727 0.133948 6
1726876316883 0.116785 6
1726876317034 0.1515 6
1726876317190 0.096168 6
1726876317343 0.058734 6
1726876317497 0.164601 6
1726876318816 0.187663 0
1726876318972 0.103145 0
1726876319126 0.092535 0
1726876319279 0.173089 0
1726876319429 0.299445 0
1726876319583 0.129108 0
1726876319735 0.389652 0
1726876319887 0.154802 0
1726876320042 0.204017 0
1726876320197 0.085645 0
1726876320353 0.137715 7
1726876320508 0.108059 7
1726876320659 0.154501 7
1726876320810 0.096151 7
1726876320962 0.061227 7
1726876321114 0.164182 7
1726876322427 0.188231 0
1726876322586 0.104613 0
1726876322736 0.094909 0
1726876322886 0.172794 0
1726876323039 0.288343 0
1726876323192 0.117167 0
1726876323346 0.368541 0
1726876323497 0.158241 0
1726876323652 0.201011 0
1726876323805 0.088389 0
1726876323955 0.127176 8
1726876324109 0.113443 8
1726876324263 0.14754 8
1726876324412 0.092601 8
1726876324566 0.06058 8
1726876324717 0.168435 8
1726876326007 0.183986 0
1726876326160 0.097931 0
1726876326318 0.089842 0
1726876326466 0.164859 0
1726876326620 0.293221 0
1726876326773 0.117978 0
1726876326926 0.36411 0
1726876327075 0.157169 0
1726876327229 0.199116 0
1726876327386 0.086024 0
1726876327536 0.122687 9
1726876327688 0.111527 9
1726876327839 0.148508 9
1726876327996 0.089824 9
1726876328146 0.057353 9
1726876328301 0.164745 9
1726876329542 0.193676 0
1726876329697 0.09732 0
1726876329850 0.085795 0
1726876330005 0.165401 0
1726876330156 0.283684 0
1726876330321 0.112157 0
1726876330475 0.350226 0
1726876330627 0.149771 0
1726876330783 0.199067 0
1726876330938 0.08736 0
1726876331085 0.120223 10
1726876331238 0.111083 10
1726876331390 0.145305 10
1726876331539 0.089952 10
1726876331689 0.059969 10
1726876331846 0.164163 10
