1726867107359 0.321368 0
1726867107494 0.191607 0
1726867107629 1.162099 0
1726867107763 1.348116 0
1726867107899 0.912857 0
1726867108033 0.81404 0
1726867108166 0.28404 0
1726867108299 0.476474 0
1726867108434 0.292796 0
1726867108569 0.123095 0
1726867108703 0.288927 1
1726867109579 0.660695 0
1726867109714 0.15777 0
1726867109848 0.623753 0
1726867109982 1.091118 0
1726867110117 0.658134 0
1726867110252 0.704416 0
1726867110386 0.286768 0
1726867110523 0.295961 0
1726867110662 0.324071 0
1726867110797 0.244379 0
1726867110933 0.280825 2
1726867111770 0.238478 0
1726867111905 0.185078 0
1726867112041 0.827056 0
1726867112175 0.99394 0
1726867112311 0.820906 0
1726867112446 0.649217 0
1726867112580 0.50855 0
1726867112713 0.234717 0
1726867112849 0.437522 0
1726867112983 0.108601 0
1726867113117 0.283292 3
1726867113964 0.106812 0
1726867114099 0.130497 0
1726867114235 0.583806 0
1726867114369 1.152615 0
1726867114504 0.670902 0
1726867114637 1.206288 0
1726867114771 0.294196 0
1726867114906 0.379704 0
1726867115041 0.481974 0
1726867115176 0.123359 0
1726867115312 0.298546 4
1726867116141 0.146155 0
1726867116277 0.208308 0
1726867116412 0.537537 0
1726867116547 0.915217 0
1726867116681 0.647667 0
1726867116815 0.735656 0
1726867116950 0.307145 0
1726867117084 0.236169 0
1726867117219 0.253775 0
1726867117356 0.080762 0
1726867117490 0.276293 5
1726867118320 0.070201 0
1726867118454 0.124104 0
1726867118588 0.519843 0
1726867118721 0.96974 0
1726867118855 0.654468 0
1726867118990 0.708113 0
1726867119127 0.270105 0
1726867119260 0.240619 0
1726867119396 0.231369 0
1726867119531 0.084928 0
1726867119664 0.266239 6
1726867120493 0.066274 0
1726867120628 0.121549 0
1726867120763 0.507863 0
1726867120905 0.895413 0
1726867121041 0.651593 0
1726867121175 0.659202 0
1726867121309 0.274626 0
1726867121446 0.279218 0
1726867121580 0.177423 0
1726867121714 0.080969 0
1726867121849 0.270359 7
1726867122679 0.074249 0
1726867122817 0.118653 0
1726867122952 0.50649 0
1726867123087 0.913447 0
1726867123220 0.644135 0
1726867123354 0.637532 0
1726867123490 0.268771 0
1726867123625 0.260856 0
1726867123763 0.185498 0
1726867123898 0.083105 0
1726867124032 0.26078 8
