1726790837307 0.807468 0
1726790837404 0.270288 0
1726790837502 0.385628 0
1726790837597 0.673605 0
1726790837694 0.39924 0
1726790837793 0.248706 0
1726790837895 0.16556 0
1726790837994 0.451132 0
1726790838092 0.378886 0
1726790838196 0.250869 0
1726790838294 0.129792 1
1726790838403 0.10754 1
1726790838505 0.08323 1
1726790838602 0.209191 1
1726790838700 0.099281 1
1726790838802 0.12051 1
1726790838899 0.084768 1
1726790838997 0.258341 1
1726790839094 0.139867 1
1726790839195 0.146666 1
1726790839295 0.308536 2
1726790839390 0.423759 2
1726790839489 0.071075 2
1726790839585 0.267206 2
1726790839681 0.21047 2
1726790839778 0.138166 2
1726790839877 0.19612 2
1726790839975 0.112255 2
1726790840071 0.150403 2
1726790840168 0.159357 2
1726790840274 0.095435 3
1726790841885 0.247506 0
1726790841986 0.182983 0
1726790842082 0.195218 0
1726790842179 0.313911 0
1726790842284 0.305431 0
1726790842383 0.278604 0
1726790842482 0.151367 0
1726790842580 0.359044 0
1726790842679 0.376645 0
1726790842777 0.202068 0
1726790842874 0.120905 2
1726790842972 0.094408 2
1726790843069 0.079168 2
1726790843166 0.189386 2
1726790843263 0.085752 2
1726790843363 0.116261 2
1726790843459 0.072186 2
1726790843556 0.316432 2
1726790843654 0.192358 2
1726790843752 0.17133 2
1726790843849 0.315628 4
1726790843946 0.436852 4
1726790844042 0.074468 4
1726790844138 0.288147 4
1726790844237 0.190974 4
1726790844343 0.12155 4
1726790844441 0.20843 4
1726790844541 0.1039 4
1726790844641 0.109191 4
1726790844739 0.140282 4
1726790844837 0.092026 6
1726790846349 0.30832 0
1726790846455 0.176056 0
1726790846552 0.171555 0
1726790846649 0.280073 0
1726790846752 0.272577 0
1726790846849 0.288214 0
1726790846948 0.153222 0
1726790847048 0.337601 0
1726790847146 0.343316 0
1726790847245 0.199287 0
1726790847345 0.115664 3
1726790847444 0.082889 3
1726790847545 0.076655 3
1726790847644 0.250592 3
1726790847742 0.096427 3
1726790847839 0.100297 3
1726790847936 0.161775 3
1726790848033 0.189427 3
1726790848132 0.108709 3
1726790848232 0.12609 3
1726790848331 0.300867 6
1726790848436 0.375168 6
1726790848535 0.08496 6
1726790848631 0.271239 6
1726790848728 0.178896 6
1726790848824 0.112876 6
1726790848920 0.211648 6
1726790849020 0.126874 6
1726790849120 0.068193 6
1726790849234 0.165866 6
1726790849332 0.089241 9
1726790850881 0.253899 0
1726790850980 0.132042 0
1726790851077 0.184053 0
1726790851173 0.269969 0
1726790851272 0.292439 0
1726790851372 0.253739 0
1726790851472 0.115084 0
1726790851569 0.32609 0
1726790851665 0.356416 0
1726790851766 0.169798 0
1726790851864 0.09709 4
1726790851961 0.081633 4
1726790852057 0.075468 4
1726790852155 0.212074 4
1726790852253 0.076467 4
1726790852360 0.099109 4
1726790852458 0.067187 4
1726790852566 0.256338 4
1726790852666 0.124489 4
1726790852764 0.122611 4
1726790852861 0.30375 8
1726790852958 0.370228 8
1726790853055 0.07781 8
1726790853151 0.287775 8
1726790853247 0.169043 8
1726790853343 0.135126 8
1726790853440 0.163297 8
1726790853537 0.095519 8
1726790853636 0.113195 8
1726790853734 0.133407 8
1726790853830 0.094062 12
1726790855425 0.287454 0
1726790855534 0.158534 0
1726790855630 0.19207 0
1726790855728 0.375849 0
1726790855827 0.289938 0
1726790855924 0.261316 0
1726790856021 0.145113 0
1726790856118 0.293862 0
1726790856215 0.369827 0
1726790856310 0.163286 0
1726790856405 0.118338 5
1726790856501 0.093303 5
1726790856604 0.110718 5
1726790856706 0.211057 5
1726790856805 0.075971 5
1726790856904 0.104287 5
1726790857004 0.105584 5
1726790857100 0.302343 5
1726790857199 0.100181 5
1726790857297 0.140158 5
1726790857396 0.309986 10
1726790857496 0.392262 10
1726790857594 0.070035 10
1726790857691 0.244752 10
1726790857790 0.169487 10
1726790857886 0.131577 10
1726790857984 0.17159 10
1726790858080 0.120526 10
1726790858177 0.054031 10
1726790858276 0.154284 10
1726790858372 0.083915 15
1726790859934 0.207694 0
1726790860044 0.164908 0
1726790860140 0.195228 0
1726790860239 0.256384 0
1726790860335 0.270937 0
1726790860431 0.242731 0
1726790860527 0.11319 0
1726790860624 0.292605 0
1726790860728 0.336728 0
1726790860826 0.17021 0
1726790860928 0.105171 6
1726790861026 0.075706 6
1726790861127 0.089377 6
1726790861224 0.219766 6
1726790861324 0.07423 6
1726790861422 0.103604 6
1726790861519 0.088791 6
1726790861615 0.15894 6
1726790861716 0.118979 6
1726790861814 0.127755 6
1726790861914 0.294825 12
1726790862013 0.379196 12
1726790862109 0.066776 12
1726790862206 0.255327 12
1726790862303 0.165126 12
1726790862400 0.114717 12
1726790862498 0.157721 12
1726790862595 0.091973 12
1726790862694 0.108962 12
1726790862802 0.122436 12
1726790862900 0.08769 18
1726790864492 0.43272 0
1726790864589 0.194472 0
1726790864688 0.162929 0
1726790864793 0.246686 0
1726790864893 0.263528 0
1726790864990 0.23317 0
1726790865086 0.116186 0
1726790865182 0.314983 0
1726790865281 0.352446 0
1726790865379 0.16274 0
1726790865478 0.117049 7
1726790865575 0.075367 7
1726790865672 0.091345 7
1726790865767 0.156538 7
1726790865863 0.088181 7
1726790865959 0.095784 7
1726790866055 0.062466 7
1726790866156 0.171988 7
1726790866255 0.120228 7
1726790866353 0.122383 7
1726790866449 0.283913 14
1726790866548 0.390226 14
1726790866644 0.063813 14
1726790866746 0.253107 14
1726790866852 0.152067 14
1726790866950 0.112657 14
1726790867051 0.156229 14
1726790867147 0.091912 14
1726790867243 0.069199 14
1726790867339 0.132096 14
1726790867435 0.085682 21
1726790868988 0.266705 0
1726790869096 0.14092 0
1726790869198 0.173951 0
1726790869297 0.240742 0
1726790869396 0.262249 0
1726790869495 0.239041 0
1726790869592 0.11045 0
1726790869689 0.313798 0
1726790869790 0.350507 0
1726790869890 0.158189 0
1726790869987 0.131805 8
1726790870086 0.077098 8
1726790870181 0.075885 8
1726790870278 0.175785 8
1726790870374 0.078369 8
1726790870471 0.094845 8
1726790870566 0.060973 8
1726790870664 0.168242 8
1726790870760 0.108914 8
1726790870857 0.12338 8
1726790870963 0.28752 16
1726790871060 0.379092 16
1726790871158 0.062597 16
1726790871255 0.257197 16
1726790871352 0.155631 16
1726790871450 0.111892 16
1726790871548 0.158316 16
1726790871644 0.086836 16
1726790871746 0.074129 16
1726790871843 0.136649 16
1726790871939 0.083836 24
