1726899776041 5.616938 0
1726899776191 17.556614 0
1726899776334 11.837688 0
1726899776476 2.597999 0
1726899776615 5.620455 0
1726899776754 5.89855 0
1726899776894 14.068036 0
1726899777034 23.195976 0
1726899777177 5.140768 0
1726899777317 18.877314 0
1726899777457 0.686872 1
1726899777597 0.905987 1
1726899777736 1.978458 1
1726899778894 1.39071 0
1726899779036 1.84321 0
1726899779176 6.355449 0
1726899779316 5.174715 0
1726899779456 7.339802 0
1726899779596 1.894838 0
1726899779735 13.426201 0
1726899779875 3.764958 0
1726899780018 2.439711 0
1726899780165 0.922663 0
1726899780309 0.417469 2
1726899780450 49.255974 2
1726899780591 1.115848 2
1726899781520 1.304588 0
1726899781661 1.926064 0
1726899781801 3.473041 0
1726899781941 1.71678 0
1726899782081 5.837955 0
1726899782222 0.792802 0
1726899782365 5.569375 0
1726899782506 1.63432 0
1726899782645 1.497459 0
1726899782785 0.786058 0
1726899782925 0.449005 3
1726899783065 1.450058 3
1726899783204 1.380587 3
1726899784376 1.662436 0
1726899784519 1.745293 0
1726899784659 3.211338 0
1726899784799 4.323478 0
1726899784939 8.399763 0
1726899785082 1.355807 0
1726899785222 3.211303 0
1726899785363 0.713124 0
1726899785505 1.222734 0
1726899785645 1.179004 0
1726899785785 0.476009 4
1726899785925 1.341721 4
1726899786064 1.292312 4
1726899786987 2.028982 0
1726899787129 14.252707 0
1726899787268 3.787752 0
1726899787408 1.511571 0
1726899787547 2.94655 0
1726899787687 0.651516 0
1726899787827 6.444486 0
1726899787966 0.628793 0
1726899788106 1.450925 0
1726899788247 4.152586 0
1726899788389 0.452216 5
1726899788529 1.147651 5
1726899788669 1.253798 5
1726899789592 7.449305 0
1726899789734 1.841713 0
1726899789873 3.174079 0
1726899790013 1.278563 0
1726899790153 3.11327 0
1726899790293 0.805849 0
1726899790436 3.563637 0
1726899790577 0.62891 0
1726899790717 1.150581 0
1726899790859 0.810241 0
1726899791000 0.733817 6
1726899791140 1.614393 6
1726899791281 1.162423 6
