1726917717952 143.02417 0
1726917718110 35.714966 0
1726917718266 10.185814 0
1726917718416 10.764414 0
1726917718570 20.10681 0
1726917718724 4.659863 0
1726917718876 6.003649 0
1726917719031 2.863998 0
1726917719184 2.751522 0
1726917719335 3.16514 0
1726917720324 4.899592 0
1726917720481 8430.675781 0
1726917720633 2.214221 0
1726917720789 0.496637 0
1726917720939 4.013274 0
1726917721096 2.84211 0
1726917721249 2.241071 0
1726917721400 4.201471 0
1726917721551 4.897797 0
1726917721704 9.816657 0
1726917722595 1.942828 0
1726917722749 8.689625 0
1726917722902 2.174159 0
1726917723056 0.572126 0
1726917723213 6.004191 0
1726917723365 1.50224 0
1726917723516 1.574283 0
1726917723669 1.014249 0
1726917723821 3.740571 0
1726917723972 3.588588 0
1726917724863 0.877535 0
1726917725016 28.127626 0
1726917725171 1.7463 0
1726917725325 0.490393 0
1726917725488 6.72661 0
1726917725641 2.766186 0
1726917725794 0.872669 0
1726917725945 1.174677 0
1726917726097 664.385254 0
1726917726252 2.95843 0
1726917727142 0.827106 0
1726917727299 2.213928 0
1726917727451 1.29851 0
1726917727603 0.63098 0
1726917727757 4.998175 0
1726917727910 1.177578 0
1726917728064 0.572203 0
1726917728217 0.916643 0
1726917728369 6.158152 0
1726917728532 8.471719 0
1726917729432 0.772527 0
1726917729586 4.813145 0
1726917729739 1.178774 0
1726917729891 0.789667 0
1726917730042 12.592719 0
1726917730195 2.361921 0
1726917730349 0.584297 0
1726917730502 0.796151 0
1726917730654 2.242084 0
1726917730807 2.132545 0
1726917731697 0.873828 0
1726917731850 5.365792 0
1726917732001 1.459888 0
1726917732153 0.79353 0
1726917732306 5.320856 0
1726917732459 1.161007 0
1726917732611 0.595425 0
1726917732765 0.779811 0
1726917732918 1.905504 0
1726917733071 1.671193 0
1726917733970 0.773194 0
1726917734122 6.283607 0
1726917734275 5.4593 0
1726917734429 0.693917 0
1726917734582 3.464641 0
1726917734738 1.370509 0
1726917734889 0.635063 0
1726917735039 0.742032 0
1726917735193 2.021909 0
1726917735347 1.713501 0
1726917736233 1.118518 0
1726917736388 6.918847 0
1726917736541 1.177508 0
1726917736693 0.642745 0
1726917736847 15.806602 0
1726917737000 1.965088 0
1726917737153 0.948232 0
1726917737307 0.75357 0
1726917737460 2.222804 0
1726917737615 4.960006 0
