1726917717926 0.0 0
1726917718084 10.0 0
1726917718240 20.0 0
1726917718390 30.0 0
1726917718544 40.0 0
1726917718698 50.0 0
1726917718850 60.0 0
1726917719004 70.0 0
1726917719158 80.0 0
1726917719310 90.0 0
1726917720298 0.0 0
1726917720456 10.0 0
1726917720606 20.0 0
1726917720763 30.0 0
1726917720914 40.0 0
1726917721068 50.0 0
1726917721222 60.0 0
1726917721373 70.0 0
1726917721525 80.0 0
1726917721678 90.0 0
1726917722569 0.0 0
1726917722723 10.0 0
1726917722877 20.0 0
1726917723029 30.0 0
1726917723186 40.0 0
1726917723339 50.0 0
1726917723490 60.0 0
1726917723642 70.0 0
1726917723795 80.0 0
1726917723946 90.0 0
1726917724837 0.0 0
1726917724990 10.0 0
1726917725144 20.0 0
1726917725298 30.0 0
1726917725461 40.0 0
1726917725614 50.0 0
1726917725767 60.0 0
1726917725920 70.0 0
1726917726071 80.0 0
1726917726225 90.0 0
1726917727115 0.0 0
1726917727272 10.0 0
1726917727424 20.0 0
1726917727577 30.0 0
1726917727730 40.0 0
1726917727882 50.0 0
1726917728037 60.0 0
1726917728190 70.0 0
1726917728344 80.0 0
1726917728503 90.0 0
1726917729406 0.0 0
1726917729560 10.0 0
1726917729712 20.0 0
1726917729865 30.0 0
1726917730016 40.0 0
1726917730168 50.0 0
1726917730322 60.0 0
1726917730475 70.0 0
1726917730628 80.0 0
1726917730781 90.0 0
1726917731671 0.0 0
1726917731824 10.0 0
1726917731975 20.0 0
1726917732127 30.0 0
1726917732280 40.0 0
1726917732433 50.0 0
1726917732584 60.0 0
1726917732738 70.0 0
1726917732892 80.0 0
1726917733045 90.0 0
1726917733944 0.0 0
1726917734097 10.0 0
1726917734248 20.0 0
1726917734402 30.0 0
1726917734556 40.0 0
1726917734712 50.0 0
1726917734863 60.0 0
1726917735013 70.0 0
1726917735166 80.0 0
1726917735320 90.0 0
1726917736207 0.0 0
1726917736361 10.0 0
1726917736515 20.0 0
1726917736667 30.0 0
1726917736820 40.0 0
1726917736974 50.0 0
1726917737126 60.0 0
1726917737281 70.0 0
1726917737434 80.0 0
1726917737587 90.0 0
