1727270963600 0.0 0
1727270963742 10.0 0
1727270963900 20.0 0
1727270964039 30.0 0
1727270964159 40.0 0
1727270964296 50.0 0
1727270964430 60.0 0
1727270964571 70.0 0
1727270964709 80.0 0
1727270964846 90.0 0
1727270964980 100.0 1
1727270965116 110.0 1
1727270965262 120.0 1
1727270965409 130.0 1
1727270965541 140.0 1
1727270965680 150.0 1
1727270965817 160.0 1
1727270965967 170.0 1
1727270966109 180.0 1
1727270966243 190.0 1
1727270966387 200.0 2
1727270966522 210.0 2
1727270966653 220.0 2
1727270966782 230.0 2
1727270967859 0.0 0
1727270967997 10.0 0
1727270968136 20.0 0
1727270968281 30.0 0
1727270968425 40.0 0
1727270968569 50.0 0
1727270968714 60.0 0
1727270968858 70.0 0
1727270969001 80.0 0
1727270969138 90.0 0
1727270969281 100.0 2
1727270969408 110.0 2
1727270969550 120.0 2
1727270969678 130.0 2
1727270969810 140.0 2
1727270969937 150.0 2
1727270970066 160.0 2
1727270970191 170.0 2
1727270970319 180.0 2
1727270970467 190.0 2
1727270970598 200.0 4
1727270970727 210.0 4
1727270970859 220.0 4
1727270970986 230.0 4
1727270971974 0.0 0
1727270972100 10.0 0
1727270972224 20.0 0
1727270972355 30.0 0
1727270972484 40.0 0
1727270972618 50.0 0
1727270972747 60.0 0
1727270972876 70.0 0
1727270972998 80.0 0
1727270973126 90.0 0
1727270973255 100.0 3
1727270973383 110.0 3
1727270973510 120.0 3
1727270973638 130.0 3
1727270973777 140.0 3
1727270973910 150.0 3
1727270974043 160.0 3
1727270974157 170.0 3
1727270974270 180.0 3
1727270974398 190.0 3
1727270974530 200.0 6
1727270974655 210.0 6
1727270974780 220.0 6
1727270974903 230.0 6
1727270975936 0.0 0
1727270976079 10.0 0
1727270976206 20.0 0
1727270976343 30.0 0
1727270976477 40.0 0
1727270976606 50.0 0
1727270976736 60.0 0
1727270976880 70.0 0
1727270977007 80.0 0
1727270977137 90.0 0
1727270977281 100.0 4
1727270977415 110.0 4
1727270977563 120.0 4
1727270977711 130.0 4
1727270977859 140.0 4
1727270977995 150.0 4
1727270978130 160.0 4
1727270978265 170.0 4
1727270978401 180.0 4
1727270978541 190.0 4
1727270978670 200.0 8
1727270978800 210.0 8
1727270978931 220.0 8
1727270979072 230.0 8
1727270980097 0.0 0
1727270980230 10.0 0
1727270980370 20.0 0
1727270980514 30.0 0
1727270980651 40.0 0
1727270980790 50.0 0
1727270980918 60.0 0
1727270981062 70.0 0
1727270981182 80.0 0
1727270981303 90.0 0
1727270981434 100.0 5
1727270981569 110.0 5
1727270981709 120.0 5
1727270981852 130.0 5
1727270981998 140.0 5
1727270982142 150.0 5
1727270982285 160.0 5
1727270982429 170.0 5
1727270982560 180.0 5
1727270982687 190.0 5
1727270982823 200.0 10
1727270982959 210.0 10
1727270983097 220.0 10
1727270983234 230.0 10
1727270984242 0.0 0
1727270984382 10.0 0
1727270984525 20.0 0
1727270984663 30.0 0
1727270984804 40.0 0
1727270984950 50.0 0
1727270985098 60.0 0
1727270985250 70.0 0
1727270985408 80.0 0
1727270985558 90.0 0
1727270985705 100.0 6
1727270985844 110.0 6
1727270985979 120.0 6
1727270986117 130.0 6
1727270986246 140.0 6
1727270986375 150.0 6
1727270986509 160.0 6
1727270986630 170.0 6
1727270986754 180.0 6
1727270986881 190.0 6
1727270987014 200.0 12
1727270987148 210.0 12
1727270987288 220.0 12
1727270987425 230.0 12
1727270988460 0.0 0
1727270988574 10.0 0
1727270988706 20.0 0
1727270988834 30.0 0
1727270988960 40.0 0
1727270989096 50.0 0
1727270989229 60.0 0
1727270989353 70.0 0
1727270989487 80.0 0
1727270989613 90.0 0
1727270989741 100.0 7
1727270989865 110.0 7
1727270989997 120.0 7
1727270990140 130.0 7
1727270990277 140.0 7
1727270990416 150.0 7
1727270990547 160.0 7
1727270990664 170.0 7
1727270990780 180.0 7
1727270990908 190.0 7
1727270991037 200.0 14
1727270991159 210.0 14
1727270991296 220.0 14
1727270991433 230.0 14
1727270992515 0.0 0
1727270992656 10.0 0
1727270992790 20.0 0
1727270992924 30.0 0
1727270993048 40.0 0
1727270993171 50.0 0
1727270993302 60.0 0
1727270993432 70.0 0
1727270993562 80.0 0
1727270993687 90.0 0
1727270993806 100.0 8
1727270993937 110.0 8
1727270994082 120.0 8
1727270994229 130.0 8
1727270994361 140.0 8
1727270994499 150.0 8
1727270994629 160.0 8
1727270994757 170.0 8
1727270994899 180.0 8
1727270995038 190.0 8
1727270995167 200.0 16
1727270995309 210.0 16
1727270995449 220.0 16
1727270995579 230.0 16
1727270996634 0.0 0
1727270996777 10.0 0
1727270996906 20.0 0
1727270997044 30.0 0
1727270997185 40.0 0
1727270997328 50.0 0
1727270997469 60.0 0
1727270997620 70.0 0
1727270997760 80.0 0
1727270997894 90.0 0
1727270998037 100.0 9
1727270998174 110.0 9
1727270998318 120.0 9
1727270998457 130.0 9
1727270998599 140.0 9
1727270998738 150.0 9
1727270998879 160.0 9
1727270999024 170.0 9
1727270999172 180.0 9
1727270999313 190.0 9
1727270999459 200.0 18
1727270999609 210.0 18
1727270999747 220.0 18
1727270999869 230.0 18
1727271000939 0.0 0
1727271001057 10.0 0
1727271001176 20.0 0
1727271001304 30.0 0
1727271001434 40.0 0
1727271001562 50.0 0
1727271001687 60.0 0
1727271001818 70.0 0
1727271001944 80.0 0
1727271002075 90.0 0
1727271002206 100.0 10
1727271002344 110.0 10
1727271002479 120.0 10
1727271002623 130.0 10
1727271002760 140.0 10
1727271002899 150.0 10
1727271003039 160.0 10
1727271003175 170.0 10
1727271003319 180.0 10
1727271003459 190.0 10
1727271003588 200.0 20
1727271003737 210.0 20
1727271003867 220.0 20
1727271004000 230.0 20
