1726765219253 2.750068 0
1726765219367 0.364695 0
1726765219482 0.63642 0
1726765219595 0.083485 0
1726765219711 0.1946 0
1726765219826 0.220086 0
1726765219940 0.967158 0
1726765220056 1.087677 0
1726765220171 1.752591 0
1726765220287 0.290594 0
1726765220991 1.490879 0
1726765221105 0.381491 0
1726765221220 0.615408 0
1726765221335 0.098024 0
1726765221449 0.18355 0
1726765221564 0.238655 0
1726765221679 1.083685 0
1726765221794 0.961504 0
1726765221908 1.805439 0
1726765222023 0.313741 0
1726765222718 1.162028 0
1726765222833 0.397495 0
1726765222948 0.844299 0
1726765223063 0.145601 0
1726765223177 0.20791 0
1726765223292 0.268305 0
1726765223407 1.497987 0
1726765223521 1.425973 0
1726765223636 1.808469 0
1726765223751 0.260949 0
1726765224440 1.431688 0
1726765224553 0.434923 0
1726765224668 0.749769 0
1726765224783 0.09527 0
1726765224898 0.326412 0
1726765225012 0.231785 0
1726765225126 1.42596 0
1726765225241 1.298261 0
1726765225356 1.756363 0
1726765225471 0.398081 0
1726765226164 0.785852 0
1726765226279 0.401822 0
1726765226395 0.577253 0
1726765226560 0.082987 0
1726765226675 0.227798 0
1726765226790 0.210178 0
1726765226905 1.07779 0
1726765227020 1.000908 0
1726765227134 1.801609 0
1726765227249 0.282003 0
1726765227952 0.819861 0
1726765228067 0.37458 0
1726765228182 0.602523 0
1726765228298 0.081376 0
1726765228415 0.209431 0
1726765228530 0.214267 0
1726765228644 0.998065 0
1726765228760 0.945956 0
1726765228875 1.751467 0
1726765228990 0.284665 0
1726765229682 0.805335 0
1726765229796 0.385451 0
1726765229911 0.572551 0
1726765230026 0.088289 0
1726765230141 0.183306 0
1726765230256 0.210936 0
1726765230371 0.966251 0
1726765230486 0.884872 0
1726765230601 1.728084 0
1726765230716 0.28096 0
