1726765219250 0.0 0
1726765219364 10.0 0
1726765219478 20.0 0
1726765219592 30.0 0
1726765219708 40.0 0
1726765219823 50.0 0
1726765219937 60.0 0
1726765220052 70.0 0
1726765220168 80.0 0
1726765220284 90.0 0
1726765220988 0.0 0
1726765221102 10.0 0
1726765221216 20.0 0
1726765221331 30.0 0
1726765221446 40.0 0
1726765221561 50.0 0
1726765221676 60.0 0
1726765221790 70.0 0
1726765221904 80.0 0
1726765222019 90.0 0
1726765222715 0.0 0
1726765222829 10.0 0
1726765222945 20.0 0
1726765223060 30.0 0
1726765223174 40.0 0
1726765223288 50.0 0
1726765223403 60.0 0
1726765223518 70.0 0
1726765223633 80.0 0
1726765223748 90.0 0
1726765224437 0.0 0
1726765224550 10.0 0
1726765224665 20.0 0
1726765224779 30.0 0
1726765224894 40.0 0
1726765225009 50.0 0
1726765225123 60.0 0
1726765225237 70.0 0
1726765225352 80.0 0
1726765225467 90.0 0
1726765226161 0.0 0
1726765226275 10.0 0
1726765226392 20.0 0
1726765226556 30.0 0
1726765226672 40.0 0
1726765226787 50.0 0
1726765226901 60.0 0
1726765227016 70.0 0
1726765227130 80.0 0
1726765227245 90.0 0
1726765227948 0.0 0
1726765228064 10.0 0
1726765228179 20.0 0
1726765228294 30.0 0
1726765228412 40.0 0
1726765228527 50.0 0
1726765228641 60.0 0
1726765228757 70.0 0
1726765228871 80.0 0
1726765228986 90.0 0
1726765229679 0.0 0
1726765229793 10.0 0
1726765229908 20.0 0
1726765230023 30.0 0
1726765230137 40.0 0
1726765230253 50.0 0
1726765230367 60.0 0
1726765230483 70.0 0
1726765230598 80.0 0
1726765230712 90.0 0
