1726762881713 0.0 0
1726762881806 10.0 0
1726762881895 20.0 0
1726762881987 30.0 0
1726762882078 40.0 0
1726762882170 50.0 0
1726762882265 60.0 0
1726762882356 70.0 0
1726762882445 80.0 0
1726762882536 90.0 0
1726762882625 100.0 1
1726762882721 110.0 1
1726762882812 120.0 1
1726762882901 130.0 1
1726762882992 140.0 1
1726762883083 150.0 1
1726762883173 160.0 1
1726762883266 170.0 1
1726762883357 180.0 1
1726762883453 190.0 1
1726762883546 200.0 2
1726762884650 0.0 0
1726762884748 10.0 0
1726762884839 20.0 0
1726762884931 30.0 0
1726762885021 40.0 0
1726762885111 50.0 0
1726762885199 60.0 0
1726762885290 70.0 0
1726762885383 80.0 0
1726762885476 90.0 0
1726762885572 100.0 2
1726762885663 110.0 2
1726762885752 120.0 2
1726762885842 130.0 2
1726762885931 140.0 2
1726762886021 150.0 2
1726762886111 160.0 2
1726762886200 170.0 2
1726762886290 180.0 2
1726762886382 190.0 2
1726762886471 200.0 4
1726762887574 0.0 0
1726762887665 10.0 0
1726762887764 20.0 0
1726762887865 30.0 0
1726762887955 40.0 0
1726762888048 50.0 0
1726762888136 60.0 0
1726762888227 70.0 0
1726762888316 80.0 0
1726762888405 90.0 0
1726762888494 100.0 3
1726762888582 110.0 3
1726762888670 120.0 3
1726762888758 130.0 3
1726762888846 140.0 3
1726762888934 150.0 3
1726762889025 160.0 3
1726762889113 170.0 3
1726762889201 180.0 3
1726762889296 190.0 3
1726762889387 200.0 6
1726762890503 0.0 0
1726762890598 10.0 0
1726762890688 20.0 0
1726762890777 30.0 0
1726762890865 40.0 0
1726762890953 50.0 0
1726762891043 60.0 0
1726762891131 70.0 0
1726762891220 80.0 0
1726762891308 90.0 0
1726762891396 100.0 4
1726762891487 110.0 4
1726762891577 120.0 4
1726762891676 130.0 4
1726762891766 140.0 4
1726762891857 150.0 4
1726762891945 160.0 4
1726762892034 170.0 4
1726762892122 180.0 4
1726762892209 190.0 4
1726762892297 200.0 8
