1726834251716 0.596454 0
1726834251844 0.245691 0
1726834251971 0.755481 0
1726834252098 0.503598 0
1726834252225 0.600132 0
1726834252352 0.657565 0
1726834252479 0.178757 0
1726834252607 0.613182 0
1726834252734 1.407459 0
1726834252861 0.329143 0
1726834253658 0.969359 0
1726834253786 0.164169 0
1726834253913 1.048509 0
1726834254040 0.7719 0
1726834254167 0.422842 0
1726834254294 0.190955 0
1726834254445 0.175621 0
1726834254576 0.325996 0
1726834254704 2.510553 0
1726834254831 0.342432 0
1726834255591 0.190087 0
1726834255718 0.149058 0
1726834255845 0.809354 0
1726834255972 0.75568 0
1726834256100 0.262277 0
1726834256227 0.226428 0
1726834256354 0.221415 0
1726834256482 0.967551 0
1726834256609 2.033916 0
1726834256737 0.233339 0
1726834257499 0.430701 0
1726834257627 0.150322 0
1726834257754 0.470196 0
1726834257881 0.519711 0
1726834258008 0.397153 0
1726834258136 0.277007 0
1726834258263 0.207676 0
1726834258390 0.572134 0
1726834258517 1.38486 0
1726834258644 0.254939 0
