1726840871581 0.617959 0
1726840871715 0.499469 0
1726840871845 0.30335 0
1726840871975 0.336207 0
1726840872107 0.223853 0
1726840872237 0.238818 0
1726840872371 0.390675 0
1726840872515 0.292332 0
1726840872659 0.295938 0
1726840872790 0.163333 0
1726840872923 0.400999 1
1726840873057 0.16765 1
1726840873190 0.244841 1
1726840873322 0.229166 1
1726840873454 0.769204 1
1726840873585 1.003953 1
1726840873716 0.991644 1
1726840873848 1.02019 1
1726840873980 0.957841 1
1726840874115 0.301331 1
1726840874253 0.29743 2
1726840874395 0.802221 2
1726840875950 0.602567 0
1726840876083 0.325073 0
1726840876222 0.110197 0
1726840876364 0.260869 0
1726840876499 0.190213 0
1726840876634 0.098772 0
1726840876770 0.129576 0
1726840876902 0.15941 0
1726840877035 0.151135 0
1726840877166 0.120733 0
1726840877297 0.229606 2
1726840877434 0.172326 2
1726840877569 0.302427 2
1726840877706 0.245553 2
1726840877839 0.409377 2
1726840877970 0.471348 2
1726840878101 0.479355 2
1726840878233 0.559928 2
1726840878367 0.879888 2
1726840878511 0.426812 2
1726840878644 0.320042 4
1726840878775 0.758274 4
1726840880312 0.55584 0
1726840880448 0.295762 0
1726840880581 0.096372 0
1726840880712 0.230547 0
1726840880844 0.161028 0
1726840880975 0.169754 0
1726840881107 0.108527 0
1726840881239 0.206997 0
1726840881371 0.141624 0
1726840881509 0.134023 0
1726840881644 0.232332 3
1726840881776 0.136128 3
1726840881907 0.256622 3
1726840882038 0.190105 3
1726840882170 0.401635 3
1726840882303 0.458131 3
1726840882434 0.399601 3
1726840882565 0.520001 3
1726840882699 0.813072 3
1726840882838 0.305162 3
1726840882972 0.326565 6
1726840883103 0.78698 6
1726840884590 0.238505 0
1726840884722 0.216379 0
1726840884854 0.109883 0
1726840884984 0.223224 0
1726840885115 0.155067 0
1726840885250 0.110832 0
1726840885383 0.166468 0
1726840885523 0.181221 0
1726840885655 0.154263 0
1726840885787 0.127244 0
1726840885918 0.207848 4
1726840886049 0.144349 4
1726840886186 0.270429 4
1726840886322 0.190831 4
1726840886456 0.379231 4
1726840886591 0.45986 4
1726840886723 0.400987 4
1726840886855 0.491659 4
1726840886992 0.802773 4
1726840887124 0.311863 4
1726840887255 0.318617 8
1726840887387 0.768744 8
1726840888845 0.230611 0
1726840888979 0.20848 0
1726840889113 0.098443 0
1726840889248 0.222045 0
1726840889384 0.145338 0
1726840889515 0.096687 0
1726840889647 0.114773 0
1726840889778 0.166997 0
1726840889909 0.141486 0
1726840890039 0.126332 0
1726840890169 0.206595 5
1726840890301 0.138254 5
1726840890433 0.259626 5
1726840890575 0.189829 5
1726840890710 0.354082 5
1726840890844 0.434017 5
1726840890976 0.377601 5
1726840891107 0.454511 5
1726840891238 0.799551 5
1726840891372 0.320745 5
1726840891504 0.322742 10
1726840891635 0.771924 10
1726840893105 0.278755 0
1726840893244 0.216374 0
1726840893377 0.09611 0
1726840893513 0.210598 0
1726840893645 0.134678 0
1726840893776 0.114331 0
1726840893909 0.110837 0
1726840894041 0.164688 0
1726840894173 0.139266 0
1726840894305 0.130502 0
1726840894435 0.198587 6
1726840894568 0.132862 6
1726840894699 0.248142 6
1726840894830 0.186203 6
1726840894964 0.365932 6
1726840895095 0.436207 6
1726840895227 0.365185 6
1726840895362 0.441676 6
1726840895494 0.803186 6
1726840895626 0.304347 6
1726840895759 0.305882 12
1726840895890 0.785696 12
1726840897370 0.232758 0
1726840897513 0.208692 0
1726840897647 0.097399 0
1726840897781 0.212406 0
1726840897917 0.134895 0
1726840898051 0.101121 0
1726840898187 0.11846 0
1726840898317 0.164734 0
1726840898451 0.134951 0
1726840898585 0.12871 0
1726840898716 0.193524 7
1726840898847 0.136821 7
1726840898978 0.252077 7
1726840899112 0.187219 7
1726840899244 0.348642 7
1726840899376 0.431378 7
1726840899515 0.370134 7
1726840899648 0.425054 7
1726840899784 0.792759 7
1726840899917 0.300841 7
1726840900049 0.306045 14
1726840900180 0.762309 14
1726840901645 0.240857 0
1726840901781 0.204297 0
1726840901912 0.097776 0
1726840902044 0.205034 0
1726840902175 0.12887 0
1726840902305 0.097876 0
1726840902436 0.107549 0
1726840902566 0.161659 0
1726840902698 0.132971 0
1726840902829 0.125792 0
1726840902960 0.1937 8
1726840903092 0.131492 8
1726840903223 0.240295 8
1726840903353 0.182934 8
1726840903486 0.334379 8
1726840903620 0.432685 8
1726840903752 0.377201 8
1726840903886 0.414829 8
1726840904017 0.802773 8
1726840904154 0.294175 8
1726840904288 0.308928 16
1726840904433 0.762702 16
1726840905973 0.245013 0
1726840906104 0.202973 0
1726840906235 0.100307 0
1726840906365 0.199668 0
1726840906495 0.123307 0
1726840906625 0.10242 0
1726840906754 0.117805 0
1726840906885 0.158377 0
1726840907016 0.130795 0
1726840907148 0.122526 0
1726840907279 0.195185 9
1726840907411 0.138418 9
1726840907542 0.235642 9
1726840907674 0.179481 9
1726840907805 0.339321 9
1726840907938 0.443896 9
1726840908072 0.377827 9
1726840908205 0.411785 9
1726840908338 0.781795 9
1726840908470 0.284298 9
1726840908608 0.304081 18
1726840908742 0.758475 18
1726840910230 0.235789 0
1726840910368 0.198436 0
1726840910504 0.097575 0
1726840910640 0.19613 0
1726840910773 0.128215 0
1726840910905 0.0995 0
1726840911036 0.112033 0
1726840911168 0.154937 0
1726840911302 0.134995 0
1726840911437 0.117967 0
1726840911569 0.187755 10
1726840911701 0.143957 10
1726840911833 0.230264 10
1726840911965 0.175421 10
1726840912096 0.334628 10
1726840912231 0.445707 10
1726840912364 0.371391 10
1726840912496 0.39978 10
1726840912627 0.775057 10
1726840912759 0.276002 10
1726840912892 0.297547 20
1726840913028 0.744707 20
