1726830673186 11.877421 0
1726830673320 20.701738 0
1726830673450 12.919497 0
1726830673581 2.756263 0
1726830673711 6.253073 0
1726830673841 6.965703 0
1726830673971 1.665366 0
1726830674100 1.974427 0
1726830674233 1.66611 0
1726830674367 1.362592 0
1726830674502 1.683638 1
1726830675340 2.97964 0
1726830675468 1.534442 0
1726830675597 2.369679 0
1726830675726 2.195812 0
1726830675854 2.940813 0
1726830675981 0.932859 0
1726830676111 9.207074 0
1726830676244 1.512764 0
1726830676375 0.930704 0
1726830676510 2.316163 0
1726830676642 1.277602 2
1726830677476 9.209322 0
1726830677612 1.456874 0
1726830677744 9.401466 0
1726830677873 4.151716 0
1726830678000 3.563533 0
1726830678129 6.611487 0
1726830678258 3.521698 0
1726830678387 1.098823 0
1726830678519 7.804842 0
1726830678664 0.626556 0
1726830678795 1.01062 3
1726830679601 3.572957 0
1726830679728 1.553116 0
1726830679857 2.386368 0
1726830679985 4.37002 0
1726830680113 3.007082 0
1726830680241 2.695788 0
1726830680369 4.133859 0
1726830680500 1.494812 0
1726830680633 0.86258 0
1726830680767 0.615528 0
1726830680896 0.903861 4
1726830681704 0.491352 0
1726830681834 3.436063 0
1726830681970 2.643477 0
1726830682100 2.284009 0
1726830682232 9.351186 0
1726830682362 2.699013 0
1726830682493 1.984114 0
1726830682624 2.772213 0
1726830682752 0.84924 0
1726830682880 1.336091 0
1726830683009 0.899126 5
1726830683814 2.621323 0
1726830683945 0.936782 0
1726830684075 2.397592 0
1726830684203 2.50112 0
1726830684334 1.606241 0
1726830684467 3.635888 0
1726830684601 18.475594 0
1726830684731 2.339214 0
1726830684860 1.523654 0
1726830684989 1.257942 0
1726830685119 0.802882 6
1726830685943 8.454073 0
1726830686075 1.716746 0
1726830686205 3.176114 0
1726830686334 13.256176 0
1726830686462 1.418694 0
1726830686591 1.028173 0
1726830686725 2.361455 0
1726830686861 5.539347 0
1726830686993 0.84148 0
1726830687123 0.802204 0
1726830687254 0.975973 7
1726830688064 24.557674 0
1726830688192 198.990036 0
1726830688322 4.390213 0
1726830688450 1.365659 0
1726830688579 2.499991 0
1726830688715 38.478539 0
1726830688852 3.907671 0
1726830688985 1.409714 0
1726830689118 2.837183 0
1726830689248 0.592398 0
1726830689381 4.233971 8
1726830690216 2.1131 0
1726830690346 0.869906 0
1726830690478 1.14718 0
1726830690609 2.590079 0
1726830690741 1.894909 0
1726830690871 1.688152 0
1726830691001 2.018212 0
1726830691130 2.676145 0
1726830691278 1.888957 0
1726830691415 0.62602 0
1726830691551 0.610204 9
