1726920686055 76.249832 0
1726920686204 20.035648 0
1726920686350 274.067993 0
1726920686500 9.287847 0
1726920687023 5.172919 0
1726920687172 127.859161 0
1726920687322 98.307541 0
1726920687472 9.546789 0
1726920687914 3.054113 0
1726920688066 40.77866 0
1726920688235 18.712563 0
1726920688383 11.542017 0
1726920688831 2.188211 0
1726920688980 27.942493 0
1726920689125 11.840734 0
1726920689275 7.02635 0
1726920689716 1.745141 0
1726920689864 11.839326 0
1726920690012 7.341995 0
1726920690159 7.424631 0
1726920690599 1.495553 0
1726920690748 10.676621 0
1726920690901 5.292703 0
1726920691051 8.617724 0
1726920691493 1.324895 0
1726920691643 8.932643 0
1726920691791 6.80689 0
1726920691940 16.34864 0
1726920692380 1.187616 0
1726920692536 6.449059 0
1726920692682 4.243835 0
1726920692836 5.20563 0
1726920693281 1.100895 0
1726920693429 3.967528 0
1726920693577 3.618281 0
1726920693760 3.013986 0
1726920694199 1.071876 0
1726920694347 15.947693 0
1726920694495 5.579051 0
1726920694641 3.869595 0
