1726856583451 0.0 0
1726856583611 10.0 0
1726856583769 20.0 0
1726856583919 30.0 0
1726856584062 40.0 0
1726856584201 50.0 0
1726856584338 60.0 0
1726856585237 0.0 0
1726856585415 10.0 0
1726856585585 20.0 0
1726856585742 30.0 0
1726856585896 40.0 0
1726856586047 50.0 0
1726856586195 60.0 0
1726856587151 0.0 0
1726856587318 10.0 0
1726856587480 20.0 0
1726856587631 30.0 0
1726856587773 40.0 0
1726856587913 50.0 0
1726856588053 60.0 0
1726856588874 0.0 0
1726856589056 10.0 0
1726856589240 20.0 0
1726856589416 30.0 0
1726856589576 40.0 0
1726856589728 50.0 0
1726856589875 60.0 0
1726856590749 0.0 0
1726856590920 10.0 0
1726856591084 20.0 0
1726856591248 30.0 0
1726856591403 40.0 0
1726856591553 50.0 0
1726856591702 60.0 0
