1727272718192 25.09444 0
1727272718397 2.475445 0
1727272718601 1.177262 0
1727272718813 9.009172 0
1727272719021 1.530426 0
1727272719228 4.960389 0
1727272719442 1.022179 0
1727272719647 1.363917 0
1727272719845 0.405518 0
1727272720052 0.83115 0
1727272720256 2.953885 1
1727272720464 0.818645 1
1727272720675 1.840566 1
1727272720885 2.714038 1
1727272721093 0.276538 1
1727272721301 1.005817 1
1727272721506 0.518871 1
1727272721707 1.454336 1
1727272723722 2.34582 0
1727272723945 0.974292 0
1727272724203 6.498326 0
1727272724423 2.770093 0
1727272724636 0.749937 0
1727272724856 5.66725 0
1727272725061 2.972929 0
1727272725258 1.719156 0
1727272725453 0.411593 0
1727272725659 1.466737 0
1727272725867 1.190874 2
1727272726091 0.924983 2
1727272726300 1.584982 2
1727272726507 1.704188 2
1727272726717 0.533659 2
1727272726918 1.771383 2
1727272727124 1.98951 2
1727272727328 0.64565 2
1727272729291 1.059103 0
1727272729515 0.690685 0
1727272729726 0.689364 0
1727272729942 2.071478 0
1727272730157 0.7029 0
1727272730375 5.040332 0
1727272730584 0.731918 0
1727272730789 1.853318 0
1727272730992 0.33528 0
1727272731194 1.867376 0
1727272731403 0.947247 3
1727272731607 0.535878 3
1727272731808 0.724384 3
1727272732010 2.18077 3
1727272732224 4.99419 3
1727272732440 1.771819 3
1727272732651 0.400599 3
1727272732865 0.646509 3
1727272734586 1.642131 0
1727272734784 0.580509 0
1727272734982 1.150042 0
1727272735180 1.062786 0
1727272735381 1.181551 0
1727272735579 2.460151 0
1727272735776 1.148498 0
1727272735971 2.634744 0
1727272736168 0.482495 0
1727272736376 0.746548 0
1727272736593 1.648894 4
1727272736805 0.785423 4
1727272737016 0.811037 4
1727272737218 1.081356 4
1727272737420 0.370435 4
1727272737624 3.685343 4
1727272737827 0.315195 4
1727272738026 1.749133 4
1727272739895 0.948177 0
1727272740107 0.745512 0
1727272740311 3.825119 0
1727272740522 1.848964 0
1727272740737 2.291134 0
1727272740960 2.865383 0
1727272741170 0.957261 0
1727272741388 1.946801 0
1727272741600 0.376835 0
1727272741804 1.482921 0
1727272742007 0.911321 5
1727272742225 0.887706 5
1727272742431 1.796612 5
1727272742644 4.830035 5
1727272742856 0.21668 5
1727272743068 1.688637 5
1727272743276 1.164634 5
1727272743492 0.776852 5
1727272745388 3.826704 0
1727272745586 0.67802 0
1727272745796 1.612296 0
1727272745993 1.594401 0
1727272746190 1.841052 0
1727272746396 2.529537 0
1727272746598 1.081748 0
1727272746799 2.815101 0
1727272746996 0.491435 0
1727272747198 1.261511 0
1727272747429 2.064715 6
1727272747636 1.263695 6
1727272747833 1.642839 6
1727272748030 0.703276 6
1727272748233 0.226644 6
1727272748432 1.918141 6
1727272748634 0.699109 6
1727272748832 0.700562 6
1727272750721 4.318523 0
1727272750920 0.559641 0
1727272751120 1.204616 0
1727272751318 1.920853 0
1727272751516 0.569848 0
1727272751725 1.090472 0
1727272751934 1.989797 0
1727272752153 0.866934 0
1727272752375 0.878884 0
1727272752581 1.149307 0
1727272752789 0.820621 7
1727272752995 0.439878 7
1727272753201 0.86696 7
1727272753405 1.410773 7
1727272753618 0.341937 7
1727272753825 2.541089 7
1727272754035 0.790266 7
1727272754251 0.641598 7
