1727104836247 0.0 0
1727104836410 10.0 0
1727104836571 20.0 0
1727104836740 30.0 0
1727104836998 40.0 0
1727104837488 0.0 0
1727104837651 10.0 0
1727104837809 20.0 0
1727104837968 30.0 0
1727104838130 40.0 0
1727104838596 0.0 0
1727104838770 10.0 0
1727104838932 20.0 0
1727104839092 30.0 0
1727104839258 40.0 0
1727104839686 0.0 0
1727104839852 10.0 0
1727104840011 20.0 0
1727104840171 30.0 0
1727104840334 40.0 0
1727104840802 0.0 0
1727104840966 10.0 0
1727104841126 20.0 0
1727104841285 30.0 0
1727104841444 40.0 0
1727104841862 0.0 0
1727104842022 10.0 0
1727104842183 20.0 0
1727104842348 30.0 0
1727104842516 40.0 0
1727104842995 0.0 0
1727104843155 10.0 0
1727104843318 20.0 0
1727104843480 30.0 0
1727104843639 40.0 0
1727104844063 0.0 0
1727104844225 10.0 0
1727104844389 20.0 0
1727104844550 30.0 0
1727104844712 40.0 0
1727104845205 0.0 0
1727104845365 10.0 0
1727104845524 20.0 0
1727104845684 30.0 0
1727104845846 40.0 0
1727104846338 0.0 0
1727104846505 10.0 0
1727104846662 20.0 0
1727104846820 30.0 0
1727104846994 40.0 0
