1726802596630 0.521324 0
1726802596733 0.252925 0
1726802596833 0.539292 0
1726802596933 0.495497 0
1726802597037 0.580749 0
1726802597136 0.34848 0
1726802597235 1.826758 0
1726802597334 0.595821 0
1726802597432 0.342807 0
1726802597531 2.320907 0
1726802598151 0.273698 0
1726802598261 0.133502 0
1726802598364 0.431798 0
1726802598463 0.347992 0
1726802598561 0.424085 0
1726802598661 0.303639 0
1726802598761 1.297053 0
1726802598859 0.465591 0
1726802598958 0.415244 0
1726802599071 1.497286 0
1726802599688 0.241897 0
1726802599796 0.110396 0
1726802599895 0.394217 0
1726802599993 0.297131 0
1726802600091 0.372179 0
1726802600190 0.27265 0
1726802600291 1.087692 0
1726802600390 0.481468 0
1726802600488 0.55492 0
1726802600586 1.16599 0
1726802601271 0.211897 0
1726802601382 0.102434 0
1726802601482 0.377264 0
1726802601582 0.295217 0
1726802601683 0.364977 0
1726802601784 0.230666 0
1726802601883 1.013275 0
1726802601982 0.500766 0
1726802602082 0.656197 0
1726802602183 1.071894 0
