1727261646149 0.0 0
1727261646314 10.0 0
1727261646463 20.0 0
1727261646614 30.0 0
1727261646768 40.0 0
1727261646923 50.0 0
1727261647085 60.0 0
1727261647226 70.0 0
1727261647383 80.0 0
1727261647534 90.0 0
1727261647685 100.0 1
1727261648531 0.0 0
1727261648695 10.0 0
1727261648852 20.0 0
1727261649014 30.0 0
1727261649192 40.0 0
1727261649343 50.0 0
1727261649485 60.0 0
1727261649635 70.0 0
1727261649889 80.0 0
1727261650037 90.0 0
1727261650181 100.0 2
1727261651162 0.0 0
1727261651306 10.0 0
1727261651457 20.0 0
1727261651611 30.0 0
1727261651767 40.0 0
1727261651926 50.0 0
1727261652074 60.0 0
1727261652219 70.0 0
1727261652365 80.0 0
1727261652531 90.0 0
1727261652680 100.0 3
1727261653507 0.0 0
1727261653664 10.0 0
1727261653813 20.0 0
1727261653972 30.0 0
1727261654124 40.0 0
1727261654272 50.0 0
1727261654414 60.0 0
1727261654562 70.0 0
1727261654707 80.0 0
1727261654865 90.0 0
1727261655017 100.0 4
1727261655794 0.0 0
1727261655953 10.0 0
1727261656106 20.0 0
1727261656254 30.0 0
1727261656402 40.0 0
1727261656552 50.0 0
1727261656700 60.0 0
1727261656848 70.0 0
1727261656997 80.0 0
1727261657142 90.0 0
1727261657290 100.0 5
1727261658085 0.0 0
1727261658232 10.0 0
1727261658380 20.0 0
1727261658546 30.0 0
1727261658695 40.0 0
1727261658852 50.0 0
1727261659021 60.0 0
1727261659177 70.0 0
1727261659331 80.0 0
1727261659487 90.0 0
1727261659646 100.0 6
1727261660419 0.0 0
1727261660582 10.0 0
1727261660727 20.0 0
1727261660869 30.0 0
1727261661018 40.0 0
1727261661161 50.0 0
1727261661303 60.0 0
1727261661460 70.0 0
1727261661625 80.0 0
1727261661765 90.0 0
1727261661909 100.0 7
1727261662717 0.0 0
1727261662893 10.0 0
1727261663054 20.0 0
1727261663217 30.0 0
1727261663358 40.0 0
1727261663495 50.0 0
1727261663641 60.0 0
1727261663786 70.0 0
1727261663930 80.0 0
1727261664078 90.0 0
1727261664227 100.0 8
1727261665018 0.0 0
1727261665168 10.0 0
1727261665330 20.0 0
1727261665474 30.0 0
1727261665631 40.0 0
1727261665795 50.0 0
1727261665964 60.0 0
1727261666120 70.0 0
1727261666279 80.0 0
1727261666451 90.0 0
1727261666605 100.0 9
1727261667637 0.0 0
1727261667790 10.0 0
1727261667932 20.0 0
1727261668083 30.0 0
1727261668235 40.0 0
1727261668408 50.0 0
1727261668583 60.0 0
1727261668748 70.0 0
1727261668893 80.0 0
1727261669045 90.0 0
1727261669201 100.0 10
