1726812610664 0.0 0
1726812610767 10.0 0
1726812610868 20.0 0
1726812610968 30.0 0
1726812611067 40.0 0
1726812611174 50.0 0
1726812611274 60.0 0
1726812611386 70.0 0
1726812611487 80.0 0
1726812611591 90.0 0
1726812611694 100.0 1
1726812611794 110.0 1
1726812611894 120.0 1
1726812611993 130.0 1
1726812612092 140.0 1
1726812612191 150.0 1
1726812612289 160.0 1
1726812612389 170.0 1
1726812612488 180.0 1
1726812612589 190.0 1
1726812612688 200.0 2
1726812612787 210.0 2
1726812612886 220.0 2
1726812612986 230.0 2
1726812613085 240.0 2
1726812613195 250.0 2
1726812613295 260.0 2
1726812613396 270.0 2
1726812613496 280.0 2
1726812613596 290.0 2
1726812613697 300.0 3
1726812613798 310.0 3
1726812613897 320.0 3
1726812614000 330.0 3
1726812614101 340.0 3
1726812614202 350.0 3
1726812614303 360.0 3
1726812614407 370.0 3
1726812614511 380.0 3
1726812614614 390.0 3
1726812614714 400.0 4
1726812614813 410.0 4
1726812614913 420.0 4
1726812615013 430.0 4
1726812615113 440.0 4
1726812615220 450.0 4
1726812615323 460.0 4
1726812615424 470.0 4
1726812615523 480.0 4
1726812615622 490.0 4
1726812615722 500.0 5
1726812615821 510.0 5
1726812615922 520.0 5
1726812616022 530.0 5
1726812616122 540.0 5
1726812616221 550.0 5
1726812616327 560.0 5
1726812616428 570.0 5
1726812616528 580.0 5
1726812616630 590.0 5
1726812616732 600.0 6
1726812619455 0.0 0
1726812619563 10.0 0
1726812619663 20.0 0
1726812619763 30.0 0
1726812619863 40.0 0
1726812619963 50.0 0
1726812620063 60.0 0
1726812620163 70.0 0
1726812620263 80.0 0
1726812620365 90.0 0
1726812620464 100.0 2
1726812620565 110.0 2
1726812620664 120.0 2
1726812620762 130.0 2
1726812620864 140.0 2
1726812620964 150.0 2
1726812621063 160.0 2
1726812621164 170.0 2
1726812621262 180.0 2
1726812621384 190.0 2
1726812621484 200.0 4
1726812621583 210.0 4
1726812621688 220.0 4
1726812621788 230.0 4
1726812621888 240.0 4
1726812621988 250.0 4
1726812622087 260.0 4
1726812622190 270.0 4
1726812622289 280.0 4
1726812622388 290.0 4
1726812622492 300.0 6
1726812622590 310.0 6
1726812622690 320.0 6
1726812622789 330.0 6
1726812622891 340.0 6
1726812622994 350.0 6
1726812623096 360.0 6
1726812623199 370.0 6
1726812623302 380.0 6
1726812623409 390.0 6
1726812623510 400.0 8
1726812623609 410.0 8
1726812623709 420.0 8
1726812623806 430.0 8
1726812623905 440.0 8
1726812624004 450.0 8
1726812624101 460.0 8
1726812624203 470.0 8
1726812624303 480.0 8
1726812624403 490.0 8
1726812624506 500.0 10
1726812624606 510.0 10
1726812624705 520.0 10
1726812624804 530.0 10
1726812624904 540.0 10
1726812625003 550.0 10
1726812625103 560.0 10
1726812625200 570.0 10
1726812625303 580.0 10
1726812625405 590.0 10
1726812625511 600.0 12
1726812628183 0.0 0
1726812628283 10.0 0
1726812628384 20.0 0
1726812628485 30.0 0
1726812628588 40.0 0
1726812628690 50.0 0
1726812628792 60.0 0
1726812628893 70.0 0
1726812628994 80.0 0
1726812629098 90.0 0
1726812629201 100.0 3
1726812629302 110.0 3
1726812629401 120.0 3
1726812629503 130.0 3
1726812629606 140.0 3
1726812629705 150.0 3
1726812629806 160.0 3
1726812629905 170.0 3
1726812630006 180.0 3
1726812630108 190.0 3
1726812630210 200.0 6
1726812630310 210.0 6
1726812630412 220.0 6
1726812630513 230.0 6
1726812630613 240.0 6
1726812630713 250.0 6
1726812630814 260.0 6
1726812630914 270.0 6
1726812631013 280.0 6
1726812631114 290.0 6
1726812631214 300.0 9
1726812631317 310.0 9
1726812631422 320.0 9
1726812631523 330.0 9
1726812631630 340.0 9
1726812631730 350.0 9
1726812631830 360.0 9
1726812631930 370.0 9
1726812632030 380.0 9
1726812632130 390.0 9
1726812632231 400.0 12
1726812632333 410.0 12
1726812632433 420.0 12
1726812632533 430.0 12
1726812632632 440.0 12
1726812632732 450.0 12
1726812632832 460.0 12
1726812632935 470.0 12
1726812633036 480.0 12
1726812633137 490.0 12
1726812633236 500.0 15
1726812633337 510.0 15
1726812633439 520.0 15
1726812633538 530.0 15
1726812633647 540.0 15
1726812633748 550.0 15
1726812633849 560.0 15
1726812633949 570.0 15
1726812634050 580.0 15
1726812634151 590.0 15
1726812634251 600.0 18
1726812636933 0.0 0
1726812637036 10.0 0
1726812637139 20.0 0
1726812637240 30.0 0
1726812637341 40.0 0
1726812637440 50.0 0
1726812637543 60.0 0
1726812637644 70.0 0
1726812637753 80.0 0
1726812637855 90.0 0
1726812637957 100.0 4
1726812638059 110.0 4
1726812638160 120.0 4
1726812638260 130.0 4
1726812638361 140.0 4
1726812638463 150.0 4
1726812638563 160.0 4
1726812638666 170.0 4
1726812638767 180.0 4
1726812638869 190.0 4
1726812638968 200.0 8
1726812639068 210.0 8
1726812639167 220.0 8
1726812639266 230.0 8
1726812639378 240.0 8
1726812639478 250.0 8
1726812639579 260.0 8
1726812639680 270.0 8
1726812639788 280.0 8
1726812639888 290.0 8
1726812639988 300.0 12
1726812640088 310.0 12
1726812640189 320.0 12
1726812640289 330.0 12
1726812640388 340.0 12
1726812640488 350.0 12
1726812640586 360.0 12
1726812640684 370.0 12
1726812640783 380.0 12
1726812640881 390.0 12
1726812640979 400.0 16
1726812641080 410.0 16
1726812641180 420.0 16
1726812641279 430.0 16
1726812641380 440.0 16
1726812641480 450.0 16
1726812641579 460.0 16
1726812641678 470.0 16
1726812641777 480.0 16
1726812641883 490.0 16
1726812641984 500.0 20
1726812642084 510.0 20
1726812642184 520.0 20
1726812642283 530.0 20
1726812642383 540.0 20
1726812642481 550.0 20
1726812642580 560.0 20
1726812642679 570.0 20
1726812642780 580.0 20
1726812642879 590.0 20
1726812642978 600.0 24
1726812645688 0.0 0
1726812645789 10.0 0
1726812645894 20.0 0
1726812645997 30.0 0
1726812646099 40.0 0
1726812646200 50.0 0
1726812646300 60.0 0
1726812646407 70.0 0
1726812646507 80.0 0
1726812646607 90.0 0
1726812646710 100.0 5
1726812646811 110.0 5
1726812646911 120.0 5
1726812647012 130.0 5
1726812647115 140.0 5
1726812647214 150.0 5
1726812647315 160.0 5
1726812647417 170.0 5
1726812647518 180.0 5
1726812647618 190.0 5
1726812647717 200.0 10
1726812647817 210.0 10
1726812647921 220.0 10
1726812648023 230.0 10
1726812648123 240.0 10
1726812648223 250.0 10
1726812648322 260.0 10
1726812648422 270.0 10
1726812648521 280.0 10
1726812648621 290.0 10
1726812648721 300.0 15
1726812648822 310.0 15
1726812648922 320.0 15
1726812649022 330.0 15
1726812649122 340.0 15
1726812649222 350.0 15
1726812649323 360.0 15
1726812649423 370.0 15
1726812649523 380.0 15
1726812649624 390.0 15
1726812649723 400.0 20
1726812649822 410.0 20
1726812649921 420.0 20
1726812650029 430.0 20
1726812650131 440.0 20
1726812650232 450.0 20
1726812650335 460.0 20
1726812650437 470.0 20
1726812650541 480.0 20
1726812650645 490.0 20
1726812650747 500.0 25
1726812650846 510.0 25
1726812650947 520.0 25
1726812651047 530.0 25
1726812651146 540.0 25
1726812651246 550.0 25
1726812651360 560.0 25
1726812651460 570.0 25
1726812651559 580.0 25
1726812651658 590.0 25
1726812651756 600.0 30
