1726897385748 0.471391 0
1726897385888 0.248852 0
1726897386026 0.33856 0
1726897386165 0.207906 0
1726897386304 0.598749 0
1726897386444 0.354932 0
1726897386587 2.557507 0
1726897386729 1.697651 0
1726897386868 2.182465 0
1726897387007 1.172132 0
1726897387147 2.111912 1
1726897387289 0.815617 1
1726897387428 0.378715 1
1726897387568 0.143631 1
1726897388580 1.11769 0
1726897388723 0.064523 0
1726897388862 0.047115 0
1726897389000 0.136142 0
1726897389140 0.500436 0
1726897389279 0.551554 0
1726897389418 0.935218 0
1726897389558 0.796125 0
1726897389697 0.949358 0
1726897389835 0.552863 0
1726897389975 1.28353 2
1726897390115 0.415888 2
1726897390255 0.265541 2
1726897390396 0.086155 2
1726897391400 0.092099 0
1726897391542 0.053234 0
1726897391683 0.043365 0
1726897391824 0.107073 0
1726897391965 0.446149 0
1726897392105 0.334089 0
1726897392243 0.891421 0
1726897392382 0.766833 0
1726897392523 0.81644 0
1726897392663 0.498821 0
1726897392805 1.19299 3
1726897392946 0.381476 3
1726897393086 0.238985 3
1726897393225 0.116698 3
1726897394220 0.070226 0
1726897394359 0.038434 0
1726897394500 0.041197 0
1726897394642 0.103051 0
1726897394782 0.433842 0
1726897394924 0.346615 0
1726897395063 0.86102 0
1726897395202 0.77533 0
1726897395341 0.783827 0
1726897395481 0.495929 0
1726897395622 1.170247 4
1726897395763 0.381624 4
1726897395902 0.237431 4
1726897396040 0.069213 4
1726897397037 0.063048 0
1726897397178 0.035191 0
1726897397317 0.041664 0
1726897397456 0.113703 0
1726897397595 0.43395 0
1726897397734 0.335539 0
1726897397872 0.839422 0
1726897398019 0.775367 0
1726897398160 0.767982 0
1726897398299 0.491224 0
1726897398438 1.132706 5
1726897398577 0.357289 5
1726897398721 0.22666 5
1726897398864 0.057988 5
1726897400090 0.05702 0
1726897400232 0.033266 0
1726897400371 0.042973 0
1726897400509 0.108866 0
1726897400647 0.434955 0
1726897400790 0.31981 0
1726897400929 0.844032 0
1726897401071 0.76906 0
1726897401211 0.747524 0
1726897401350 0.478213 0
1726897401491 1.135422 6
1726897401633 0.350319 6
1726897401771 0.222269 6
1726897401910 0.057661 6
1726897402926 0.051809 0
1726897403070 0.029728 0
1726897403209 0.041244 0
1726897403348 0.108705 0
1726897403486 0.436991 0
1726897403625 0.319228 0
1726897403764 0.804271 0
1726897403905 0.769557 0
1726897404043 0.732068 0
1726897404182 0.491121 0
1726897404321 1.12474 7
1726897404459 0.341111 7
1726897404597 0.226703 7
1726897404738 0.05182 7
1726897405736 0.050953 0
1726897405877 0.029437 0
1726897406016 0.039993 0
1726897406156 0.107051 0
1726897406299 0.43774 0
1726897406439 0.308 0
1726897406579 0.798206 0
1726897406718 0.765166 0
1726897406859 0.737515 0
1726897407001 0.480485 0
1726897407143 1.124299 8
1726897407283 0.34874 8
1726897407423 0.218064 8
1726897407562 0.051201 8
1726897408554 0.049032 0
1726897408692 0.029851 0
1726897408831 0.03909 0
1726897408972 0.103448 0
1726897409114 0.438468 0
1726897409255 0.307227 0
1726897409394 0.773689 0
1726897409532 0.77204 0
1726897409672 0.719976 0
1726897409811 0.487362 0
1726897409950 1.105678 9
1726897410089 0.331055 9
1726897410229 0.217166 9
1726897410367 0.050558 9
1726897411361 0.046634 0
1726897411503 0.028298 0
1726897411642 0.039356 0
1726897411782 0.101283 0
1726897411922 0.43829 0
1726897412062 0.299932 0
1726897412202 0.76187 0
1726897412341 0.770369 0
1726897412486 0.725381 0
1726897412625 0.477924 0
1726897412764 1.093134 10
1726897412904 0.323146 10
1726897413047 0.218294 10
1726897413191 0.051758 10
