1726897385736 0.0 0
1726897385876 10.0 0
1726897386014 20.0 0
1726897386153 30.0 0
1726897386293 40.0 0
1726897386432 50.0 0
1726897386576 60.0 0
1726897386718 70.0 0
1726897386856 80.0 0
1726897386995 90.0 0
1726897387135 100.0 1
1726897387277 110.0 1
1726897387417 120.0 1
1726897387556 130.0 1
1726897388568 0.0 0
1726897388712 10.0 0
1726897388850 20.0 0
1726897388989 30.0 0
1726897389128 40.0 0
1726897389268 50.0 0
1726897389406 60.0 0
1726897389546 70.0 0
1726897389685 80.0 0
1726897389824 90.0 0
1726897389964 100.0 2
1726897390103 110.0 2
1726897390244 120.0 2
1726897390384 130.0 2
1726897391388 0.0 0
1726897391531 10.0 0
1726897391671 20.0 0
1726897391812 30.0 0
1726897391953 40.0 0
1726897392093 50.0 0
1726897392232 60.0 0
1726897392371 70.0 0
1726897392511 80.0 0
1726897392652 90.0 0
1726897392793 100.0 3
1726897392934 110.0 3
1726897393074 120.0 3
1726897393212 130.0 3
1726897394209 0.0 0
1726897394348 10.0 0
1726897394488 20.0 0
1726897394629 30.0 0
1726897394771 40.0 0
1726897394912 50.0 0
1726897395052 60.0 0
1726897395191 70.0 0
1726897395330 80.0 0
1726897395469 90.0 0
1726897395609 100.0 4
1726897395751 110.0 4
1726897395890 120.0 4
1726897396028 130.0 4
1726897397025 0.0 0
1726897397166 10.0 0
1726897397305 20.0 0
1726897397445 30.0 0
1726897397583 40.0 0
1726897397722 50.0 0
1726897397860 60.0 0
1726897398007 70.0 0
1726897398148 80.0 0
1726897398288 90.0 0
1726897398427 100.0 5
1726897398566 110.0 5
1726897398709 120.0 5
1726897398852 130.0 5
1726897400077 0.0 0
1726897400220 10.0 0
1726897400359 20.0 0
1726897400497 30.0 0
1726897400636 40.0 0
1726897400778 50.0 0
1726897400917 60.0 0
1726897401060 70.0 0
1726897401199 80.0 0
1726897401338 90.0 0
1726897401480 100.0 6
1726897401620 110.0 6
1726897401759 120.0 6
1726897401898 130.0 6
1726897402914 0.0 0
1726897403058 10.0 0
1726897403197 20.0 0
1726897403337 30.0 0
1726897403475 40.0 0
1726897403613 50.0 0
1726897403753 60.0 0
1726897403893 70.0 0
1726897404032 80.0 0
1726897404170 90.0 0
1726897404309 100.0 7
1726897404447 110.0 7
1726897404586 120.0 7
1726897404726 130.0 7
1726897405724 0.0 0
1726897405865 10.0 0
1726897406005 20.0 0
1726897406145 30.0 0
1726897406286 40.0 0
1726897406427 50.0 0
1726897406567 60.0 0
1726897406706 70.0 0
1726897406847 80.0 0
1726897406989 90.0 0
1726897407132 100.0 8
1726897407272 110.0 8
1726897407411 120.0 8
1726897407551 130.0 8
1726897408542 0.0 0
1726897408681 10.0 0
1726897408820 20.0 0
1726897408960 30.0 0
1726897409101 40.0 0
1726897409243 50.0 0
1726897409382 60.0 0
1726897409521 70.0 0
1726897409660 80.0 0
1726897409799 90.0 0
1726897409938 100.0 9
1726897410078 110.0 9
1726897410217 120.0 9
1726897410355 130.0 9
1726897411349 0.0 0
1726897411490 10.0 0
1726897411631 20.0 0
1726897411771 30.0 0
1726897411911 40.0 0
1726897412050 50.0 0
1726897412191 60.0 0
1726897412330 70.0 0
1726897412474 80.0 0
1726897412613 90.0 0
1726897412753 100.0 10
1726897412893 110.0 10
1726897413034 120.0 10
1726897413179 130.0 10
