1726763250612 9.008783 0
1726763250726 10.069889 0
1726763250840 15.407611 0
1726763251151 31.598064 0
1726763251266 12.365498 0
1726763251380 6.999181 0
1726763251668 15.36736 0
1726763251782 39.007191 0
1726763251896 11.934192 0
1726763252180 11.648666 0
1726763252295 10.048424 0
1726763252409 5.536404 0
1726763252693 23.244116 0
1726763252807 31.208166 0
1726763252921 8.336249 0
1726763253205 8.019932 0
1726763253319 7.11551 0
1726763253434 4.405546 0
1726763253721 8.320379 0
1726763253837 4.732851 0
1726763253952 3.636695 0
1726763254235 5.563153 0
1726763254349 24.596529 0
1726763254463 6.394971 0
1726763254748 7.338759 0
1726763254862 13.462417 0
1726763254977 6.702489 0
1726763255261 9.510305 0
1726763255375 9.375399 0
1726763255495 19.794195 0
