1726826998906 0.0 0
1726826999034 10.0 0
1726826999153 20.0 0
1726826999271 30.0 0
1726826999390 40.0 0
1726826999515 50.0 0
1726826999634 60.0 0
1726826999755 70.0 0
1726826999875 80.0 0
1726826999999 90.0 0
1726827000122 100.0 1
1726827000245 110.0 1
1726827000379 120.0 1
1726827000507 130.0 1
1726827000631 140.0 1
1726827000762 150.0 1
1726827000897 160.0 1
1726827001024 170.0 1
1726827001151 180.0 1
1726827001280 190.0 1
1726827001410 200.0 2
1726827001535 210.0 2
1726827001659 220.0 2
1726827003096 0.0 0
1726827003214 10.0 0
1726827003331 20.0 0
1726827003453 30.0 0
1726827003573 40.0 0
1726827003688 50.0 0
1726827003806 60.0 0
1726827003929 70.0 0
1726827004049 80.0 0
1726827004169 90.0 0
1726827004289 100.0 2
1726827004413 110.0 2
1726827004533 120.0 2
1726827004653 130.0 2
1726827004778 140.0 2
1726827004899 150.0 2
1726827005021 160.0 2
1726827005145 170.0 2
1726827005270 180.0 2
1726827005396 190.0 2
1726827005515 200.0 4
1726827005636 210.0 4
1726827005754 220.0 4
1726827007126 0.0 0
1726827007249 10.0 0
1726827007369 20.0 0
1726827007487 30.0 0
1726827007608 40.0 0
1726827007728 50.0 0
1726827007848 60.0 0
1726827007971 70.0 0
1726827008091 80.0 0
1726827008209 90.0 0
1726827008328 100.0 3
1726827008452 110.0 3
1726827008573 120.0 3
1726827008694 130.0 3
1726827008817 140.0 3
1726827008940 150.0 3
1726827009068 160.0 3
1726827009185 170.0 3
1726827009302 180.0 3
1726827009425 190.0 3
1726827009546 200.0 6
1726827009664 210.0 6
1726827009782 220.0 6
1726827011132 0.0 0
1726827011250 10.0 0
1726827011370 20.0 0
1726827011488 30.0 0
1726827011605 40.0 0
1726827011726 50.0 0
1726827011844 60.0 0
1726827011967 70.0 0
1726827012091 80.0 0
1726827012213 90.0 0
1726827012333 100.0 4
1726827012453 110.0 4
1726827012573 120.0 4
1726827012694 130.0 4
1726827012812 140.0 4
1726827012932 150.0 4
1726827013051 160.0 4
1726827013166 170.0 4
1726827013284 180.0 4
1726827013406 190.0 4
1726827013526 200.0 8
1726827013644 210.0 8
1726827013764 220.0 8
1726827015128 0.0 0
1726827015248 10.0 0
1726827015367 20.0 0
1726827015487 30.0 0
1726827015605 40.0 0
1726827015727 50.0 0
1726827015846 60.0 0
1726827015967 70.0 0
1726827016088 80.0 0
1726827016209 90.0 0
1726827016328 100.0 5
1726827016448 110.0 5
1726827016567 120.0 5
1726827016683 130.0 5
1726827016804 140.0 5
1726827016927 150.0 5
1726827017050 160.0 5
1726827017178 170.0 5
1726827017306 180.0 5
1726827017435 190.0 5
1726827017562 200.0 10
1726827017685 210.0 10
1726827017806 220.0 10
1726827019150 0.0 0
1726827019274 10.0 0
1726827019398 20.0 0
1726827019520 30.0 0
1726827019640 40.0 0
1726827019760 50.0 0
1726827019880 60.0 0
1726827020000 70.0 0
1726827020118 80.0 0
1726827020249 90.0 0
1726827020367 100.0 6
1726827020487 110.0 6
1726827020605 120.0 6
1726827020725 130.0 6
1726827020844 140.0 6
1726827020966 150.0 6
1726827021089 160.0 6
1726827021212 170.0 6
1726827021338 180.0 6
1726827021461 190.0 6
1726827021580 200.0 12
1726827021698 210.0 12
1726827021815 220.0 12
1726827023191 0.0 0
1726827023311 10.0 0
1726827023435 20.0 0
1726827023561 30.0 0
1726827023676 40.0 0
1726827023801 50.0 0
1726827023927 60.0 0
1726827024051 70.0 0
1726827024175 80.0 0
1726827024297 90.0 0
1726827024423 100.0 7
1726827024546 110.0 7
1726827024664 120.0 7
1726827024780 130.0 7
1726827024902 140.0 7
1726827025021 150.0 7
1726827025140 160.0 7
1726827025259 170.0 7
1726827025381 180.0 7
1726827025500 190.0 7
1726827025619 200.0 14
1726827025738 210.0 14
1726827025860 220.0 14
