1727095618128 0.0 0
1727095618245 10.0 0
1727095618362 20.0 0
1727095618476 30.0 0
1727095618589 40.0 0
1727095618705 50.0 0
1727095618819 60.0 0
1727095618936 70.0 0
1727095619061 80.0 0
1727095619180 90.0 0
1727095619299 100.0 1
1727095619419 110.0 1
1727095619535 120.0 1
1727095619651 130.0 1
1727095619770 140.0 1
1727095619884 150.0 1
1727095620002 160.0 1
1727095620126 170.0 1
1727095620244 180.0 1
1727095620363 190.0 1
1727095620480 200.0 2
1727095620595 210.0 2
1727095620712 220.0 2
1727095620828 230.0 2
1727095620942 240.0 2
1727095621056 250.0 2
1727095621174 260.0 2
1727095621289 270.0 2
1727095621406 280.0 2
1727095621523 290.0 2
1727095621642 300.0 3
1727095621761 310.0 3
1727095621885 320.0 3
1727095622006 330.0 3
1727095622126 340.0 3
1727095622240 350.0 3
1727095622353 360.0 3
1727095622474 370.0 3
1727095622589 380.0 3
1727095622705 390.0 3
1727095622828 400.0 4
1727095622942 410.0 4
1727095623055 420.0 4
1727095623175 430.0 4
1727095623293 440.0 4
1727095623407 450.0 4
1727095623520 460.0 4
1727095623641 470.0 4
1727095623765 480.0 4
1727095623881 490.0 4
1727095623999 500.0 5
1727095624121 510.0 5
1727095624235 520.0 5
1727095624349 530.0 5
1727095624468 540.0 5
1727095624588 550.0 5
1727095624701 560.0 5
1727095624820 570.0 5
1727095624936 580.0 5
1727095625052 590.0 5
1727095625173 600.0 6
1727095627404 0.0 0
1727095627525 10.0 0
1727095627641 20.0 0
1727095627760 30.0 0
1727095627877 40.0 0
1727095627991 50.0 0
1727095628105 60.0 0
1727095628222 70.0 0
1727095628340 80.0 0
1727095628454 90.0 0
1727095628568 100.0 2
1727095628684 110.0 2
1727095628802 120.0 2
1727095628917 130.0 2
1727095629036 140.0 2
1727095629151 150.0 2
1727095629273 160.0 2
1727095629387 170.0 2
1727095629502 180.0 2
1727095629619 190.0 2
1727095629736 200.0 4
1727095629853 210.0 4
1727095629967 220.0 4
1727095630094 230.0 4
1727095630216 240.0 4
1727095630331 250.0 4
1727095630446 260.0 4
1727095630562 270.0 4
1727095630680 280.0 4
1727095630800 290.0 4
1727095630913 300.0 6
1727095631026 310.0 6
1727095631144 320.0 6
1727095631267 330.0 6
1727095631385 340.0 6
1727095631504 350.0 6
1727095631620 360.0 6
1727095631735 370.0 6
1727095631851 380.0 6
1727095631964 390.0 6
1727095632082 400.0 8
1727095632198 410.0 8
1727095632315 420.0 8
1727095632428 430.0 8
1727095632542 440.0 8
1727095632655 450.0 8
1727095632770 460.0 8
1727095632887 470.0 8
1727095633005 480.0 8
1727095633121 490.0 8
1727095633234 500.0 10
1727095633354 510.0 10
1727095633470 520.0 10
1727095633585 530.0 10
1727095633702 540.0 10
1727095633817 550.0 10
1727095633931 560.0 10
1727095634044 570.0 10
1727095634161 580.0 10
1727095634280 590.0 10
1727095634394 600.0 12
1727095636644 0.0 0
1727095636765 10.0 0
1727095636881 20.0 0
1727095636994 30.0 0
1727095637109 40.0 0
1727095637221 50.0 0
1727095637336 60.0 0
1727095637459 70.0 0
1727095637581 80.0 0
1727095637703 90.0 0
1727095637825 100.0 3
1727095637940 110.0 3
1727095638054 120.0 3
1727095638171 130.0 3
1727095638286 140.0 3
1727095638405 150.0 3
1727095638519 160.0 3
1727095638636 170.0 3
1727095638746 180.0 3
1727095638857 190.0 3
1727095638976 200.0 6
1727095639090 210.0 6
1727095639204 220.0 6
1727095639319 230.0 6
1727095639433 240.0 6
1727095639553 250.0 6
1727095639668 260.0 6
1727095639783 270.0 6
1727095639897 280.0 6
1727095640011 290.0 6
1727095640127 300.0 9
1727095640244 310.0 9
1727095640358 320.0 9
1727095640474 330.0 9
1727095640589 340.0 9
1727095640710 350.0 9
1727095640827 360.0 9
1727095640944 370.0 9
1727095641060 380.0 9
1727095641175 390.0 9
1727095641288 400.0 12
1727095641401 410.0 12
1727095641520 420.0 12
1727095641636 430.0 12
1727095641750 440.0 12
1727095641867 450.0 12
1727095641986 460.0 12
1727095642102 470.0 12
1727095642219 480.0 12
1727095642334 490.0 12
1727095642454 500.0 15
1727095642569 510.0 15
1727095642684 520.0 15
1727095642800 530.0 15
1727095642917 540.0 15
1727095643032 550.0 15
1727095643145 560.0 15
1727095643260 570.0 15
1727095643374 580.0 15
1727095643486 590.0 15
1727095643611 600.0 18
1727095645854 0.0 0
1727095645967 10.0 0
1727095646082 20.0 0
1727095646197 30.0 0
1727095646312 40.0 0
1727095646434 50.0 0
1727095646552 60.0 0
1727095646664 70.0 0
1727095646781 80.0 0
1727095646902 90.0 0
1727095647015 100.0 4
1727095647128 110.0 4
1727095647243 120.0 4
1727095647359 130.0 4
1727095647475 140.0 4
1727095647591 150.0 4
1727095647707 160.0 4
1727095647822 170.0 4
1727095647935 180.0 4
1727095648049 190.0 4
1727095648166 200.0 8
1727095648279 210.0 8
1727095648395 220.0 8
1727095648507 230.0 8
1727095648628 240.0 8
1727095648749 250.0 8
1727095648864 260.0 8
1727095648980 270.0 8
1727095649095 280.0 8
1727095649210 290.0 8
1727095649325 300.0 12
1727095649439 310.0 12
1727095649557 320.0 12
1727095649676 330.0 12
1727095649792 340.0 12
1727095649906 350.0 12
1727095650023 360.0 12
1727095650141 370.0 12
1727095650254 380.0 12
1727095650367 390.0 12
1727095650482 400.0 16
1727095650599 410.0 16
1727095650714 420.0 16
1727095650832 430.0 16
1727095650947 440.0 16
1727095651064 450.0 16
1727095651182 460.0 16
1727095651296 470.0 16
1727095651409 480.0 16
1727095651523 490.0 16
1727095651638 500.0 20
1727095651767 510.0 20
1727095651882 520.0 20
1727095652000 530.0 20
1727095652115 540.0 20
1727095652228 550.0 20
1727095652345 560.0 20
1727095652461 570.0 20
1727095652573 580.0 20
1727095652695 590.0 20
1727095652809 600.0 24
