1727270705128 0.0 0
1727270705286 10.0 0
1727270705451 20.0 0
1727270705601 30.0 0
1727270705751 40.0 0
1727270705909 50.0 0
1727270706471 0.0 0
1727270706637 10.0 0
1727270706789 20.0 0
1727270706964 30.0 0
1727270707120 40.0 0
1727270707278 50.0 0
1727270707808 0.0 0
1727270707963 10.0 0
1727270708122 20.0 0
1727270708280 30.0 0
1727270708431 40.0 0
1727270708581 50.0 0
1727270709103 0.0 0
1727270709248 10.0 0
1727270709395 20.0 0
1727270709545 30.0 0
1727270709703 40.0 0
1727270709847 50.0 0
1727270710353 0.0 0
1727270710508 10.0 0
1727270710660 20.0 0
1727270710809 30.0 0
1727270710957 40.0 0
1727270711116 50.0 0
1727270711611 0.0 0
1727270711755 10.0 0
1727270711918 20.0 0
1727270712069 30.0 0
1727270712216 40.0 0
1727270712371 50.0 0
1727270712919 0.0 0
1727270713083 10.0 0
1727270713240 20.0 0
1727270713399 30.0 0
1727270713563 40.0 0
1727270713720 50.0 0
1727270714224 0.0 0
1727270714377 10.0 0
1727270714532 20.0 0
1727270714679 30.0 0
1727270714827 40.0 0
1727270714979 50.0 0
1727270715481 0.0 0
1727270715631 10.0 0
1727270715782 20.0 0
1727270715933 30.0 0
1727270716091 40.0 0
1727270716248 50.0 0
1727270716782 0.0 0
1727270716944 10.0 0
1727270717101 20.0 0
1727270717258 30.0 0
1727270717410 40.0 0
1727270717568 50.0 0
