1726830640138 52.351562 0
1726830640266 17.743736 0
1726830640393 14.42281 0
1726830640527 0.68401 0
1726830640666 16.579967 0
1726830640798 4.423394 0
1726830640926 6.318733 0
1726830641055 2.793689 0
1726830641183 1.990419 0
1726830641311 0.852516 0
1726830641439 0.852076 1
1726830642335 8.606082 0
1726830642462 7.888993 0
1726830642589 8.863324 0
1726830642716 0.140696 0
1726830642861 3.954292 0
1726830642989 3.861251 0
1726830643117 3.692753 0
1726830643243 1.990961 0
1726830643373 1.903473 0
1726830643504 0.718788 0
1726830643633 0.69031 2
1726830644507 3.485251 0
1726830644634 6.138903 0
1726830644763 3.926974 0
1726830644890 0.108193 0
1726830645018 2.24327 0
1726830645152 7.915173 0
1726830645288 3.778898 0
1726830645416 0.74512 0
1726830645545 2.134834 0
1726830645673 0.561165 0
1726830645805 2.844159 3
1726830646678 7.453915 0
1726830646807 3.018368 0
1726830646936 4.102578 0
1726830647064 0.210979 0
1726830647194 2.733848 0
1726830647322 3.329822 0
1726830647490 3.220977 0
1726830647625 0.785361 0
1726830647755 1.285593 0
1726830647885 0.545927 0
1726830648017 1.096549 4
1726830648913 3.351463 0
1726830649041 3.245568 0
1726830649169 3.130479 0
1726830649297 0.121899 0
1726830649426 2.013333 0
1726830649554 1.530872 0
1726830649682 2.777631 0
1726830649811 1.888419 0
1726830649941 0.702182 0
1726830650069 0.520612 0
1726830650197 5.24772 5
1726830651095 1.962285 0
1726830651223 2.185002 0
1726830651351 6.803521 0
1726830651484 0.138767 0
1726830651616 10.921846 0
1726830651746 4.450238 0
1726830651885 5.805026 0
1726830652027 4.978426 0
1726830652163 1.376474 0
1726830652296 0.452033 0
1726830652425 0.943876 6
1726830653348 3.017373 0
1726830653477 3.431239 0
1726830653612 7.747044 0
1726830653743 0.2277 0
1726830653876 4.906096 0
1726830654006 2.220147 0
1726830654136 2.029378 0
1726830654266 0.879322 0
1726830654396 1.330098 0
1726830654527 0.522243 0
1726830654660 0.709279 7
1726830655558 3.02485 0
1726830655686 39.163399 0
1726830655815 20.763971 0
1726830655945 0.11653 0
1726830656075 4.808898 0
1726830656209 5.584861 0
1726830656338 10.263588 0
1726830656467 1.223654 0
1726830656596 1.348629 0
1726830656727 0.428122 0
1726830656855 1.00926 8
1726830657749 3.247149 0
1726830657885 2.91808 0
1726830658023 11.634193 0
1726830658152 0.238312 0
1726830658282 4.307131 0
1726830658410 2.52897 0
1726830658538 3.424734 0
1726830658666 1.254152 0
1726830658795 2.249259 0
1726830658924 0.673276 0
1726830659052 0.815308 9
