1726854420757 0.0 0
1726854420923 10.0 0
1726854421086 20.0 0
1726854421236 30.0 0
1726854421380 40.0 0
1726854421519 50.0 0
1726854421655 60.0 0
1726854421790 70.0 0
1726854421923 80.0 0
1726854422909 0.0 0
1726854423089 10.0 0
1726854423258 20.0 0
1726854423424 30.0 0
1726854423585 40.0 0
1726854423740 50.0 0
1726854423889 60.0 0
1726854424033 70.0 0
1726854424176 80.0 0
1726854425312 0.0 0
1726854425488 10.0 0
1726854425654 20.0 0
1726854425808 30.0 0
1726854425956 40.0 0
1726854426102 50.0 0
1726854426241 60.0 0
1726854426378 70.0 0
1726854426514 80.0 0
1726854427475 0.0 0
1726854427661 10.0 0
1726854427839 20.0 0
1726854428007 30.0 0
1726854428165 40.0 0
1726854428316 50.0 0
1726854428461 60.0 0
1726854428604 70.0 0
1726854428747 80.0 0
1726854429859 0.0 0
1726854430035 10.0 0
1726854430199 20.0 0
1726854430359 30.0 0
1726854430512 40.0 0
1726854430668 50.0 0
1726854430825 60.0 0
1726854430981 70.0 0
1726854431129 80.0 0
1726854432293 0.0 0
1726854432468 10.0 0
1726854432630 20.0 0
1726854432785 30.0 0
1726854432934 40.0 0
1726854433076 50.0 0
1726854433219 60.0 0
1726854433356 70.0 0
1726854433492 80.0 0
1726854434524 0.0 0
1726854434685 10.0 0
1726854434839 20.0 0
1726854434985 30.0 0
1726854435124 40.0 0
1726854435264 50.0 0
1726854435401 60.0 0
1726854435537 70.0 0
1726854435672 80.0 0
1726854436757 0.0 0
1726854436945 10.0 0
1726854437116 20.0 0
1726854437271 30.0 0
1726854437417 40.0 0
1726854437558 50.0 0
1726854437698 60.0 0
1726854437835 70.0 0
1726854437971 80.0 0
1726854439207 0.0 0
1726854439407 10.0 0
1726854439592 20.0 0
1726854439773 30.0 0
1726854439942 40.0 0
1726854440105 50.0 0
1726854440265 60.0 0
1726854440417 70.0 0
1726854440562 80.0 0
