1726816270187 0.001016 0
1726816270299 0.007803 0
1726816270412 0.001495 0
1726816270515 0.000224 0
1726816270617 0.000348 0
1726816270721 0.00028 0
1726816270823 0.000426 0
1726816270925 0.000253 0
1726816271026 0.000269 0
1726816271127 0.000255 0
1726816271227 0.000273 1
1726816271331 0.000199 1
1726816272909 0.002666 0
1726816273012 0.000737 0
1726816273118 0.000557 0
1726816273222 0.000201 0
1726816273324 0.000253 0
1726816273427 0.000246 0
1726816273526 0.000177 0
1726816273624 0.000131 0
1726816273722 0.000138 0
1726816273826 0.00024 0
1726816273929 0.000228 2
1726816274036 0.000233 2
1726816274763 0.006013 0
1726816274871 0.000682 0
1726816274973 0.000156 0
1726816275077 0.000266 0
1726816275187 0.000206 0
1726816275287 0.000154 0
1726816275394 0.000169 0
1726816275496 0.000117 0
1726816275599 0.000124 0
1726816275701 0.000201 0
1726816275803 0.000184 3
1726816275905 0.000134 3
1726816276588 0.000903 0
1726816276698 0.000185 0
1726816276803 0.000209 0
1726816276905 0.000175 0
1726816277007 0.00013 0
1726816277106 0.000157 0
1726816277211 0.000202 0
1726816277313 0.000187 0
1726816277418 0.000189 0
1726816277520 0.000185 0
1726816277622 0.000177 4
1726816277725 0.000158 4
