1727114626878 0.851375 0
1727114626983 1.259458 0
1727114627091 0.612752 0
1727114627201 0.153129 0
1727114627314 0.152488 0
1727114627425 0.2244 0
1727114627533 0.988598 0
1727114627646 0.205896 0
1727114627757 0.156589 0
1727114627867 0.381716 0
1727114627979 0.791575 1
1727114628554 0.776552 0
1727114628665 0.842565 0
1727114628773 0.477682 0
1727114628881 0.108125 0
1727114628990 0.142127 0
1727114629104 0.179195 0
1727114629214 0.928625 0
1727114629323 0.139966 0
1727114629439 0.164954 0
1727114629549 0.294468 0
1727114629656 0.700076 2
1727114630231 0.71068 0
1727114630342 0.771737 0
1727114630456 0.462992 0
1727114630564 0.107887 0
1727114630669 0.158358 0
1727114630781 0.17423 0
1727114630893 0.919031 0
1727114631000 0.095374 0
1727114631111 0.115066 0
1727114631220 0.358216 0
1727114631330 0.646398 3
1727114631925 0.681215 0
1727114632042 0.852159 0
1727114632151 0.513555 0
1727114632260 0.118358 0
1727114632375 0.159509 0
1727114632492 0.193494 0
1727114632600 0.844315 0
1727114632712 0.098122 0
1727114632819 0.117707 0
1727114632930 0.397511 0
1727114633039 0.63976 4
1727114633618 0.737438 0
1727114633737 0.761029 0
1727114633852 0.517411 0
1727114633964 0.132061 0
1727114634073 0.141553 0
1727114634185 0.178326 0
1727114634295 0.783934 0
1727114634406 0.115366 0
1727114634519 0.150615 0
1727114634633 0.314733 0
1727114634744 0.631391 5
1727114635319 0.839131 0
1727114635428 0.862119 0
1727114635536 0.468393 0
1727114635644 0.136642 0
1727114635746 0.13647 0
1727114635856 0.170734 0
1727114635962 0.819214 0
1727114636067 0.105576 0
1727114636178 0.118286 0
1727114636287 0.315106 0
1727114636398 0.573924 6
1727114636992 0.712282 0
1727114637104 0.801638 0
1727114637208 0.44518 0
1727114637312 0.136104 0
1727114637425 0.162476 0
1727114637536 0.188387 0
1727114637645 0.822032 0
1727114637751 0.100888 0
1727114637860 0.090286 0
1727114637968 0.379035 0
1727114638076 0.769337 7
