1726762966830 100.469368 0
1726762966922 0.539566 0
1726762967013 0.947566 0
1726762967105 5.174517 0
1726762967196 4.530241 0
1726762967288 5.348167 0
1726762967385 20.027081 0
1726762967475 1.405436 0
1726762967565 5.427078 0
1726762967657 3.460479 0
1726762967746 1.495567 1
1726762967836 1.088619 1
1726762967930 2.650074 1
1726762968024 5.820588 1
1726762968723 0.635431 0
1726762968819 0.650373 0
1726762968912 0.86206 0
1726762969004 1.725306 0
1726762969094 0.94053 0
1726762969184 8.08017 0
1726762969272 3.480455 0
1726762969369 3.864798 0
1726762969465 4.646247 0
1726762969557 13.222424 0
1726762969650 4.014387 2
1726762969740 1.442995 2
1726762969829 6.146292 2
1726762969918 3.749411 2
1726762970633 0.622861 0
1726762970730 0.699729 0
1726762970820 19.215704 0
1726762970909 0.954375 0
1726762970998 0.47232 0
1726762971088 2.855361 0
1726762971178 2.604658 0
1726762971267 1.055453 0
1726762971355 10.293224 0
1726762971457 3.017319 0
1726762971548 0.79535 3
1726762971638 1.945087 3
1726762971728 6.478552 3
1726762971819 9.218529 3
1726762972513 1.065778 0
1726762972611 0.565472 0
1726762972700 1.104179 0
1726762972792 0.998909 0
1726762972888 3.679945 0
1726762972979 3.038376 0
1726762973072 28.171696 0
1726762973162 48.755733 0
1726762973252 3.652367 0
1726762973340 12.845906 0
1726762973432 1.619276 4
1726762973529 2.942445 4
1726762973618 2.475911 4
1726762973707 3.477458 4
1726762974409 0.558766 0
1726762974503 0.448555 0
1726762974593 0.729345 0
1726762974681 4.658506 0
1726762974770 0.49182 0
1726762974858 4.255037 0
1726762974946 3.541142 0
1726762975036 2.78082 0
1726762975124 7.097441 0
1726762975211 4.688656 0
1726762975299 1.499887 5
1726762975387 8.200619 5
1726762975475 4.923434 5
1726762975572 10.625429 5
