1726756241109 0.0 0
1726756241210 10.0 0
1726756241299 20.0 0
1726756241389 30.0 0
1726756241477 40.0 0
1726756241565 50.0 0
1726756241652 60.0 0
1726756241739 70.0 0
1726756241828 80.0 0
1726756241914 90.0 0
1726756242002 100.0 1
1726756242088 110.0 1
1726756242186 120.0 1
1726756242272 130.0 1
1726756242359 140.0 1
1726756242445 150.0 1
1726756242536 160.0 1
1726756242623 170.0 1
1726756242712 180.0 1
1726756242801 190.0 1
1726756242888 200.0 2
1726756242987 210.0 2
1726756243078 220.0 2
1726756244258 0.0 0
1726756244349 10.0 0
1726756244436 20.0 0
1726756244522 30.0 0
1726756244609 40.0 0
1726756244695 50.0 0
1726756244780 60.0 0
1726756244866 70.0 0
1726756244951 80.0 0
1726756245039 90.0 0
1726756245128 100.0 2
1726756245213 110.0 2
1726756245300 120.0 2
1726756245388 130.0 2
1726756245477 140.0 2
1726756245564 150.0 2
1726756245651 160.0 2
1726756245744 170.0 2
1726756245831 180.0 2
1726756245915 190.0 2
1726756246002 200.0 4
1726756246087 210.0 4
1726756246174 220.0 4
1726756247287 0.0 0
1726756247376 10.0 0
1726756247464 20.0 0
1726756247554 30.0 0
1726756247640 40.0 0
1726756247727 50.0 0
1726756247812 60.0 0
1726756247898 70.0 0
1726756247985 80.0 0
1726756248071 90.0 0
1726756248156 100.0 3
1726756248243 110.0 3
1726756248342 120.0 3
1726756248430 130.0 3
1726756248519 140.0 3
1726756248603 150.0 3
1726756248690 160.0 3
1726756248776 170.0 3
1726756248861 180.0 3
1726756248948 190.0 3
1726756249035 200.0 6
1726756249121 210.0 6
1726756249206 220.0 6
1726756250308 0.0 0
1726756250399 10.0 0
1726756250486 20.0 0
1726756250574 30.0 0
1726756250665 40.0 0
1726756250761 50.0 0
1726756250850 60.0 0
1726756250938 70.0 0
1726756251029 80.0 0
1726756251118 90.0 0
1726756251207 100.0 4
1726756251295 110.0 4
1726756251382 120.0 4
1726756251470 130.0 4
1726756251557 140.0 4
1726756251645 150.0 4
1726756251730 160.0 4
1726756251817 170.0 4
1726756251903 180.0 4
1726756251989 190.0 4
1726756252076 200.0 8
1726756252163 210.0 8
1726756252252 220.0 8
