1726786277760 46.610352 0
1726786277860 24.846867 0
1726786277956 251.109818 0
1726786278054 24.602472 0
1726786278150 29.557533 0
1726786278247 32.793762 0
1726786278342 10.347441 0
1726786278438 3.263066 0
1726786278535 19.392748 0
1726786278631 11.927908 0
1726786278740 12.669684 1
1726786278838 4.297617 1
1726786278933 4.97578 1
1726786279029 50.244774 1
1726786279125 3.274517 1
1726786279221 3.486319 1
1726786279316 1.236732 1
1726786279412 0.569419 1
1726786279509 1.670158 1
1726786279605 2.455224 1
1726786279701 2.263512 2
1726786279798 0.481344 2
1726786279895 0.932073 2
1726786279992 3.8926 2
1726786280091 3.392115 2
1726786280188 1.236749 2
1726786280285 3.94694 2
1726786280381 0.612214 2
1726786280476 1.900708 2
1726786280572 0.990276 2
1726786280666 79.858055 3
1726786280771 0.919482 3
1726786280868 2.050913 3
1726786280967 1.544744 3
1726786281064 1.313616 3
1726786281164 1.129478 3
1726786281269 8.398249 3
1726786281366 0.599441 3
1726786281462 0.653881 3
1726786281558 0.733462 3
1726786281654 0.504167 4
1726786281749 1.853845 4
1726786281845 0.638367 4
1726786281941 1.12467 4
1726786282038 0.352418 4
1726786282135 0.337981 4
1726786282232 0.212992 4
1726786282331 0.340418 4
1726786282429 0.312851 4
1726786282525 0.254899 4
1726786282621 1.473736 5
1726786285351 1.264421 0
1726786285453 0.553012 0
1726786285548 1.275752 0
1726786285644 0.30842 0
1726786285739 0.887737 0
1726786285833 3.500403 0
1726786285929 1.828436 0
1726786286023 0.415184 0
1726786286119 1.158445 0
1726786286215 0.718761 0
1726786286313 1.404722 2
1726786286409 2.398969 2
1726786286505 1.20929 2
1726786286641 1.895932 2
1726786286736 1.07294 2
1726786286833 0.790917 2
1726786286938 0.740212 2
1726786287034 0.853746 2
1726786287129 1.106804 2
1726786287226 0.701583 2
1726786287321 5.071951 4
1726786287417 0.297154 4
1726786287511 1.592597 4
1726786287604 11.512827 4
1726786287699 1.281114 4
1726786287795 1.438699 4
1726786287889 2.480715 4
1726786287984 0.624422 4
1726786288079 1.943933 4
1726786288174 2.895662 4
1726786288271 0.723161 6
1726786288367 0.955296 6
1726786288463 1.922557 6
1726786288557 5.805788 6
1726786288655 0.586923 6
1726786288755 0.43474 6
1726786288853 0.993407 6
1726786288959 0.512482 6
1726786289063 0.599822 6
1726786289158 2.400748 6
1726786289255 0.591564 8
1726786289352 15.795256 8
1726786289452 0.562196 8
1726786289548 1.088799 8
1726786289643 0.314417 8
1726786289740 0.384309 8
1726786289834 0.250691 8
1726786289929 1.00465 8
1726786290023 0.242091 8
1726786290116 0.235133 8
1726786290213 0.321667 10
1726786292777 2.658953 0
1726786292873 0.69123 0
1726786292969 18.174059 0
1726786293072 0.287154 0
1726786293169 1.072712 0
1726786293266 3.818462 0
1726786293361 1.923186 0
1726786293457 0.483394 0
1726786293552 16.641672 0
1726786293646 0.699296 0
1726786293742 1.04181 3
1726786293845 17.193247 3
1726786293940 1.184233 3
1726786294034 1.807383 3
1726786294129 1.746821 3
1726786294225 0.454505 3
1726786294321 52.904873 3
1726786294418 1.327494 3
1726786294513 0.795 3
1726786294612 0.810512 3
1726786294708 1.930712 6
1726786294803 0.305313 6
1726786294900 1.305117 6
1726786294996 1.289431 6
1726786295101 2.071432 6
1726786295196 1.575643 6
1726786295293 5.565382 6
1726786295388 0.654652 6
1726786295485 4.709708 6
1726786295581 1.811186 6
1726786295676 0.674143 9
1726786295772 0.646767 9
1726786295868 1.62344 9
1726786295964 1.487277 9
1726786296058 0.52474 9
1726786296155 1.895326 9
1726786296250 1.243037 9
1726786296348 0.847244 9
1726786296445 0.667237 9
1726786296540 1.247311 9
1726786296637 0.913107 12
1726786296733 2.242101 12
1726786296828 0.433306 12
1726786296924 0.583714 12
1726786297020 0.3344 12
1726786297126 0.430825 12
1726786297222 0.245393 12
1726786297318 1.062953 12
1726786297415 0.201845 12
1726786297512 0.235519 12
1726786297614 0.9597 15
1726786300123 2.965803 0
1726786300229 0.875231 0
1726786300328 0.714455 0
1726786300425 0.258448 0
1726786300521 0.775292 0
1726786300616 0.949212 0
1726786300712 2.734999 0
1726786300807 0.383129 0
1726786300904 1.961745 0
1726786301002 0.588079 0
1726786301101 0.899121 4
1726786301209 4.269275 4
1726786301305 0.908772 4
1726786301401 4.454615 4
1726786301499 1.816457 4
1726786301596 0.392263 4
1726786301692 0.60936 4
1726786301788 0.580537 4
1726786301885 0.538017 4
1726786301979 0.718892 4
1726786302077 5.907043 8
1726786302174 0.31286 8
1726786302271 2.559257 8
1726786302367 4.777244 8
1726786302463 0.951151 8
1726786302559 0.839365 8
1726786302655 2.263808 8
1726786302750 0.603058 8
1726786302846 3.697182 8
1726786302940 1.445249 8
1726786303035 0.61128 12
1726786303127 2.076734 12
1726786303234 1.072034 12
1726786303333 0.879646 12
1726786303429 0.344454 12
1726786303525 0.376923 12
1726786303621 1.786664 12
1726786303716 0.442407 12
1726786303811 0.597134 12
1726786303906 0.872418 12
1726786304002 0.579541 16
1726786304098 4.160285 16
1726786304193 0.325645 16
1726786304289 0.636701 16
1726786304385 0.30838 16
1726786304484 0.389948 16
1726786304582 0.233835 16
1726786304679 0.422423 16
1726786304774 0.178431 16
1726786304872 0.225541 16
1726786304970 0.369521 20
1726786307602 3.029207 0
1726786307706 2.018563 0
1726786307802 0.783836 0
1726786307898 0.57928 0
1726786307994 0.634992 0
1726786308089 1.014335 0
1726786308184 3.909929 0
1726786308279 0.370293 0
1726786308374 2.818558 0
1726786308469 0.576002 0
1726786308564 1.206966 5
1726786308665 3.547951 5
1726786308762 0.988476 5
1726786308860 14.444933 5
1726786308967 2.653489 5
1726786309064 0.388088 5
1726786309159 0.737834 5
1726786309255 0.635159 5
1726786309355 0.662473 5
1726786309453 0.727593 5
1726786309548 2.929164 10
1726786309644 0.451353 10
1726786309739 2.106939 10
1726786309838 1.789763 10
1726786309937 0.933597 10
1726786310034 1.549481 10
1726786310132 5.774839 10
1726786310229 0.552092 10
1726786310327 1.972552 10
1726786310426 5.682482 10
1726786310523 1.392228 15
1726786310622 3.50708 15
1726786310719 0.849686 15
1726786310815 1.674174 15
1726786310909 0.357056 15
1726786311004 0.267514 15
1726786311100 7.912383 15
1726786311196 0.441203 15
1726786311291 0.477938 15
1726786311392 0.588516 15
1726786311492 0.543908 20
1726786311589 14.490658 20
1726786311683 0.29862 20
1726786311779 1.791847 20
1726786311874 0.352622 20
1726786311970 0.680308 20
1726786312070 0.247075 20
1726786312169 0.551285 20
1726786312268 0.201297 20
1726786312367 0.236674 20
1726786312466 0.707071 25
1726786314993 2.206655 0
1726786315093 0.737982 0
1726786315192 0.571586 0
1726786315291 0.362847 0
1726786315392 0.736592 0
1726786315496 0.963345 0
1726786315594 7.446548 0
1726786315693 0.360906 0
1726786315791 1.071955 0
1726786315891 0.646497 0
1726786315990 1.128081 6
1726786316089 4.818445 6
1726786316190 1.967031 6
1726786316288 3.080841 6
1726786316388 2.718327 6
1726786316484 0.388284 6
1726786316580 1.693285 6
1726786316675 0.668444 6
1726786316771 2.096234 6
1726786316867 1.089657 6
1726786316965 5.39173 12
1726786317068 0.234934 12
1726786317164 1.100533 12
1726786317261 1.272132 12
1726786317356 2.728955 12
1726786317451 0.877724 12
1726786317556 3.58078 12
1726786317652 0.600431 12
1726786317747 1.498051 12
1726786317843 3.199742 12
1726786317938 0.420204 18
1726786318035 1.826025 18
1726786318130 1.034231 18
1726786318230 0.909635 18
1726786318329 0.627525 18
1726786318428 0.297573 18
1726786318529 2.074312 18
1726786318625 0.57131 18
1726786318721 0.464711 18
1726786318820 1.00763 18
1726786318921 0.516537 24
1726786319021 3.220298 24
1726786319118 0.258987 24
1726786319214 0.959972 24
1726786319312 0.387978 24
1726786319409 0.394018 24
1726786319505 0.235882 24
1726786319610 0.592075 24
1726786319706 0.195808 24
1726786319805 0.244176 24
1726786319902 0.388421 30
1726786322426 1.788284 0
1726786322527 0.591031 0
1726786322623 0.566612 0
1726786322720 0.758901 0
1726786322819 0.578201 0
1726786322917 1.521387 0
1726786323013 10.48794 0
1726786323110 0.357119 0
1726786323206 1.578542 0
1726786323302 0.617194 0
1726786323398 1.252466 7
1726786323500 6.929065 7
1726786323596 1.680061 7
1726786323702 3.341849 7
1726786323800 1.239062 7
1726786323896 0.360427 7
1726786323994 0.586223 7
1726786324089 0.561849 7
1726786324189 0.602976 7
1726786324285 0.782639 7
1726786324381 9.738075 14
1726786324477 0.953048 14
1726786324573 1.22928 14
1726786324668 14.030615 14
1726786324762 2.273098 14
1726786324858 1.77035 14
1726786324954 2.245824 14
1726786325050 0.620619 14
1726786325146 2.395242 14
1726786325243 1.331516 14
1726786325338 0.733108 21
1726786325433 0.853141 21
1726786325528 1.296352 21
1726786325626 69.132446 21
1726786325731 0.385827 21
1726786325828 0.318236 21
1726786325926 1.472508 21
1726786326023 0.354959 21
1726786326118 0.444732 21
1726786326216 2.23279 21
1726786326314 0.776096 28
1726786326416 3.726035 28
1726786326515 0.274971 28
1726786326616 0.463474 28
1726786326713 0.391918 28
1726786326810 0.573931 28
1726786326910 0.232784 28
1726786327006 0.505612 28
1726786327104 0.204507 28
1726786327202 0.246141 28
1726786327298 27.515072 35
