1727117675745 0.0 0
1727117675849 10.0 0
1727117675950 20.0 0
1727117676050 30.0 0
1727117676150 40.0 0
1727117676250 50.0 0
1727117676348 60.0 0
1727117676448 70.0 0
1727117676547 80.0 0
1727117676646 90.0 0
1727117676746 100.0 1
1727117676845 110.0 1
1727117676943 120.0 1
1727117677043 130.0 1
1727117677143 140.0 1
1727117677245 150.0 1
1727117677344 160.0 1
1727117678073 0.0 0
1727117678172 10.0 0
1727117678270 20.0 0
1727117678373 30.0 0
1727117678471 40.0 0
1727117678570 50.0 0
1727117678669 60.0 0
1727117678770 70.0 0
1727117678870 80.0 0
1727117678969 90.0 0
1727117679070 100.0 2
1727117679170 110.0 2
1727117679267 120.0 2
1727117679366 130.0 2
1727117679464 140.0 2
1727117679563 150.0 2
1727117679666 160.0 2
1727117680366 0.0 0
1727117680464 10.0 0
1727117680564 20.0 0
1727117680663 30.0 0
1727117680761 40.0 0
1727117680862 50.0 0
1727117680961 60.0 0
1727117681060 70.0 0
1727117681161 80.0 0
1727117681261 90.0 0
1727117681360 100.0 3
1727117681459 110.0 3
1727117681558 120.0 3
1727117681657 130.0 3
1727117681759 140.0 3
1727117681862 150.0 3
1727117681967 160.0 3
1727117682664 0.0 0
1727117682767 10.0 0
1727117682867 20.0 0
1727117682965 30.0 0
1727117683068 40.0 0
1727117683168 50.0 0
1727117683267 60.0 0
1727117683367 70.0 0
1727117683465 80.0 0
1727117683562 90.0 0
1727117683661 100.0 4
1727117683764 110.0 4
1727117683864 120.0 4
1727117683966 130.0 4
1727117684065 140.0 4
1727117684162 150.0 4
1727117684261 160.0 4
