1726825571379 104.845871 0
1726825571492 33.478909 0
1726825571606 13.667858 0
1726825572914 3.479466 0
1726825573030 8.683291 0
1726825573140 49.937401 0
1726825573407 3.961006 0
1726825573525 8.118181 0
1726825573639 10.258221 0
1726825573896 17.733961 0
1726825574021 10.831499 0
1726825574148 17.127365 0
1726825574417 6.420756 0
1726825574539 7.55627 0
1726825574675 21.593285 0
1726825574967 4.542182 0
1726825575093 4.360559 0
1726825575224 10.126716 0
1726825575506 13.974737 0
1726825575625 203.330704 0
1726825575745 7.044965 0
1726825576026 4.515728 0
1726825576154 5.312701 0
1726825576281 10.072739 0
1726825576568 4.966746 0
1726825576690 4.488123 0
1726825576813 7.018503 0
1726825577083 6.052174 0
1726825577200 4.153095 0
1726825577321 10.875708 0
