1727112596080 0.0 0
1727112596211 10.0 0
1727112596344 20.0 0
1727112596477 30.0 0
1727112596608 40.0 0
1727112596743 50.0 0
1727112596884 60.0 0
1727112597011 70.0 0
1727112597141 80.0 0
1727112597272 90.0 0
1727112597402 100.0 1
1727112597535 110.0 1
1727112597666 120.0 1
1727112597794 130.0 1
1727112597924 140.0 1
1727112598057 150.0 1
1727112598188 160.0 1
1727112598320 170.0 1
1727112598451 180.0 1
1727112598583 190.0 1
1727112598709 200.0 2
1727112598838 210.0 2
1727112598970 220.0 2
1727112599103 230.0 2
1727112599232 240.0 2
1727112599351 250.0 2
1727112599467 260.0 2
1727112599585 270.0 2
1727112599719 280.0 2
1727112601066 0.0 0
1727112601192 10.0 0
1727112601317 20.0 0
1727112601449 30.0 0
1727112601566 40.0 0
1727112601683 50.0 0
1727112601796 60.0 0
1727112601932 70.0 0
1727112602066 80.0 0
1727112602180 90.0 0
1727112602314 100.0 2
1727112602438 110.0 2
1727112602558 120.0 2
1727112602695 130.0 2
1727112602829 140.0 2
1727112602973 150.0 2
1727112603106 160.0 2
1727112603240 170.0 2
1727112603372 180.0 2
1727112603483 190.0 2
1727112603609 200.0 4
1727112603741 210.0 4
1727112603876 220.0 4
1727112604009 230.0 4
1727112604141 240.0 4
1727112604336 250.0 4
1727112604455 260.0 4
1727112604582 270.0 4
1727112604693 280.0 4
1727112606000 0.0 0
1727112606132 10.0 0
1727112606268 20.0 0
1727112606403 30.0 0
1727112606516 40.0 0
1727112606649 50.0 0
1727112606774 60.0 0
1727112606904 70.0 0
1727112607032 80.0 0
1727112607150 90.0 0
1727112607264 100.0 3
1727112607397 110.0 3
1727112607530 120.0 3
1727112607659 130.0 3
1727112607791 140.0 3
1727112607926 150.0 3
1727112608056 160.0 3
1727112608188 170.0 3
1727112608322 180.0 3
1727112608453 190.0 3
1727112608585 200.0 6
1727112608717 210.0 6
1727112608851 220.0 6
1727112608978 230.0 6
1727112609099 240.0 6
1727112609227 250.0 6
1727112609355 260.0 6
1727112609479 270.0 6
1727112609609 280.0 6
1727112610917 0.0 0
1727112611050 10.0 0
1727112611182 20.0 0
1727112611315 30.0 0
1727112611429 40.0 0
1727112611559 50.0 0
1727112611689 60.0 0
1727112611819 70.0 0
1727112611963 80.0 0
1727112612090 90.0 0
1727112612217 100.0 4
1727112612351 110.0 4
1727112612479 120.0 4
1727112612610 130.0 4
1727112612741 140.0 4
1727112612853 150.0 4
1727112612975 160.0 4
1727112613090 170.0 4
1727112613216 180.0 4
1727112613331 190.0 4
1727112613463 200.0 8
1727112613601 210.0 8
1727112613745 220.0 8
1727112613891 230.0 8
1727112614031 240.0 8
1727112614170 250.0 8
1727112614316 260.0 8
1727112614455 270.0 8
1727112614598 280.0 8
1727112616350 0.0 0
1727112616488 10.0 0
1727112616629 20.0 0
1727112616772 30.0 0
1727112616920 40.0 0
1727112617057 50.0 0
1727112617195 60.0 0
1727112617331 70.0 0
1727112617463 80.0 0
1727112617596 90.0 0
1727112617737 100.0 5
1727112617884 110.0 5
1727112618027 120.0 5
1727112618168 130.0 5
1727112618308 140.0 5
1727112618443 150.0 5
1727112618582 160.0 5
1727112618727 170.0 5
1727112618870 180.0 5
1727112619006 190.0 5
1727112619145 200.0 10
1727112619285 210.0 10
1727112619423 220.0 10
1727112619560 230.0 10
1727112619695 240.0 10
1727112619835 250.0 10
1727112619971 260.0 10
1727112620105 270.0 10
1727112620242 280.0 10
