1726880159056 11.251015 0
1726880159192 1.871383 0
1726880159328 1.442587 0
1726880159464 5.739792 0
1726880159600 1.362664 0
1726880159736 4.099038 0
1726880159872 0.869523 0
1726880160009 1.083839 0
1726880160145 2.19328 0
1726880160282 1.435377 0
1726880160418 2.85331 1
1726880160555 4.05617 1
1726880160693 1.093624 1
1726880160829 40.974743 1
1726880160964 1.640266 1
1726880161100 3.54689 1
1726880161237 1.814328 1
1726880161375 1.09679 1
1726880161512 1.495338 1
1726880161648 1.138945 1
1726880161784 0.521047 2
1726880161919 1.362061 2
1726880162055 0.719904 2
1726880162192 0.550633 2
1726880162340 0.353339 2
1726880162475 0.532351 2
1726880164282 1.579431 0
1726880164422 0.868876 0
1726880164558 1.057304 0
1726880164695 2.028753 0
1726880164832 1.913005 0
1726880164968 2.326486 0
1726880165104 22.534981 0
1726880165240 2.224571 0
1726880165375 1.377589 0
1726880165512 0.681394 0
1726880165648 1.508946 2
1726880165784 2.20152 2
1726880165919 2.172696 2
1726880166055 9.94874 2
1726880166191 2.890078 2
1726880166327 0.725092 2
1726880166464 0.962462 2
1726880166601 0.714871 2
1726880166738 6.550926 2
1726880166875 0.667296 2
1726880167011 1.415673 4
1726880167147 5.237709 4
1726880167284 0.398578 4
1726880167420 0.373871 4
1726880167557 2.064342 4
1726880167694 0.475309 4
1726880169451 1.990429 0
1726880169589 0.802267 0
1726880169726 1.609771 0
1726880169863 4.981575 0
1726880169999 0.928219 0
1726880170135 2.716917 0
1726880170271 1.265812 0
1726880170407 0.58212 0
1726880170546 2.683485 0
1726880170682 0.879223 0
1726880170822 0.330746 3
1726880170959 0.722958 3
1726880171094 1.044688 3
1726880171230 4.090889 3
1726880171365 3.680499 3
1726880171502 0.780142 3
1726880171637 0.658632 3
1726880171774 1.221218 3
1726880171910 2.367859 3
1726880172046 0.565162 3
1726880172183 0.920134 6
1726880172319 1.48768 6
1726880172455 0.538839 6
1726880172592 1.456515 6
1726880172728 1.223837 6
1726880172866 0.359173 6
1726880174586 5.293601 0
1726880174725 1.106029 0
1726880174861 1.339437 0
1726880175000 2.229115 0
1726880175135 1.313335 0
1726880175270 2.047751 0
1726880175405 3.047007 0
1726880175540 1.444636 0
1726880175675 1.751683 0
1726880175811 1.002816 0
1726880175949 357.157501 4
1726880176087 2.168709 4
1726880176222 3.579087 4
1726880176358 2.31365 4
1726880176493 2.122988 4
1726880176629 3.326736 4
1726880176765 0.469232 4
1726880176901 14.337609 4
1726880177040 2.373752 4
1726880177176 7.483163 4
1726880177313 4.831136 8
1726880177449 1.316395 8
1726880177584 0.561831 8
1726880177721 1.960285 8
1726880177859 2.238245 8
1726880177995 0.374511 8
1726880179769 13.453972 0
1726880179909 1.265594 0
1726880180044 1.218948 0
1726880180180 1.974248 0
1726880180316 0.7407 0
1726880180452 2.044977 0
1726880180588 2.651238 0
1726880180725 1.122605 0
1726880180862 0.888538 0
1726880180998 0.575619 0
1726880181140 3.901716 5
1726880181277 5.253219 5
1726880181413 0.915992 5
1726880181549 14.931782 5
1726880181684 8.542679 5
1726880181820 0.478146 5
1726880181956 0.520867 5
1726880182091 0.747754 5
1726880182229 2.222057 5
1726880182375 3.492602 5
1726880182514 0.627694 10
1726880182650 1.041665 10
1726880182789 0.470219 10
1726880182925 1.2979 10
1726880183062 0.890314 10
1726880183200 0.555226 10
1726880184959 2.516937 0
1726880185097 2.23358 0
1726880185237 0.738059 0
1726880185372 2.310924 0
1726880185509 1.495931 0
1726880185645 1.631718 0
1726880185781 1.554358 0
1726880185917 0.98432 0
1726880186052 0.934912 0
1726880186187 0.87155 0
1726880186324 2.537598 6
1726880186462 2.116292 6
1726880186598 0.878544 6
1726880186734 1.340838 6
1726880186870 2.972353 6
1726880187006 0.718732 6
1726880187142 0.748514 6
1726880187280 0.851254 6
1726880187417 3.159418 6
1726880187553 0.634115 6
1726880187689 0.693468 12
1726880187825 0.817375 12
1726880187960 0.52851 12
1726880188098 5.844348 12
1726880188234 3.530794 12
1726880188369 0.41631 12
1726880190111 1.91203 0
1726880190250 24.371363 0
1726880190385 1.235244 0
1726880190521 2.786049 0
1726880190657 0.955586 0
1726880190794 2.152228 0
1726880190930 1.508765 0
1726880191066 1.382512 0
1726880191201 6.949205 0
1726880191339 1.270989 0
1726880191475 3.474329 7
1726880191612 2.084202 7
1726880191748 2.917298 7
1726880191895 1.81994 7
1726880192034 4.24621 7
1726880192171 0.513785 7
1726880192307 0.789516 7
1726880192443 1.109368 7
1726880192580 2.346727 7
1726880192719 0.630606 7
1726880192859 0.734858 14
1726880192996 0.858244 14
1726880193132 0.776289 14
1726880193267 0.347768 14
1726880193406 0.484787 14
1726880193542 0.348433 14
1726880195275 1.990116 0
1726880195414 3.578126 0
1726880195550 0.681401 0
1726880195687 1.763034 0
1726880195823 1.440015 0
1726880195959 2.425206 0
1726880196095 3.613513 0
1726880196232 1.898398 0
1726880196368 0.654431 0
1726880196504 0.843215 0
1726880196640 1.732277 8
1726880196775 1.642348 8
1726880196912 0.638358 8
1726880197049 1.435881 8
1726880197192 3.232786 8
1726880197329 0.681713 8
1726880197467 1.411766 8
1726880197603 1.051206 8
1726880197739 3.156356 8
1726880197876 0.845892 8
1726880198012 0.719726 16
1726880198148 0.915485 16
1726880198284 0.546992 16
1726880198419 0.589017 16
1726880198555 0.553087 16
1726880198691 0.351625 16
