1727129528327 110.092186 0
1727129528572 0.197176 0
1727129528812 27.151031 0
1727129529053 5.219123 0
1727129529295 14.430554 0
1727129529535 1.422688 0
1727129529775 1.53252 0
1727129530014 0.552414 0
1727129530252 0.737206 0
1727129530491 2.057472 0
1727129530731 0.485064 1
1727129530971 1.080187 1
1727129531211 0.614958 1
1727129531450 1.175731 1
1727129531689 1.506073 1
1727129531930 1.747082 1
1727129532168 6.986181 1
1727129535089 1.080966 0
1727129535347 0.16518 0
1727129535587 1.783993 0
1727129535827 0.403985 0
1727129536066 0.416833 0
1727129536305 0.638107 0
1727129536545 41.154808 0
1727129536785 0.761894 0
1727129537024 0.893513 0
1727129537265 0.716443 0
1727129537505 1.76914 2
1727129537745 1.130244 2
1727129537986 0.327328 2
1727129538225 0.886913 2
1727129538466 1.129527 2
1727129538705 1.400249 2
1727129538945 0.754443 2
1727129542063 0.450489 0
1727129542329 0.170763 0
1727129542567 1.707927 0
1727129542809 0.695567 0
1727129543050 0.645898 0
1727129543291 1.207355 0
1727129543531 1.718831 0
1727129543770 1.23002 0
1727129544010 0.80759 0
1727129544248 0.636465 0
1727129544488 0.541789 3
1727129544727 1.813186 3
1727129544968 0.407117 3
1727129545206 0.975972 3
1727129545447 1.147516 3
1727129545687 1.34838 3
1727129545928 1.629703 3
1727129548991 0.154777 0
1727129549258 0.118462 0
1727129549498 1.303644 0
1727129549737 1.10624 0
1727129549975 0.547537 0
1727129550214 1.07341 0
1727129550452 0.766145 0
1727129550691 0.339658 0
1727129550933 1.140306 0
1727129551173 0.792741 0
1727129551413 0.579804 4
1727129551653 3.170525 4
1727129551894 1.049908 4
1727129552134 0.399659 4
1727129552374 14.295123 4
1727129552616 0.51476 4
1727129552856 2.410016 4
1727129555634 0.403128 0
1727129555906 0.108401 0
1727129556145 1.229974 0
1727129556386 0.417649 0
1727129556624 0.589208 0
1727129556863 0.689586 0
1727129557103 3.85374 0
1727129557341 0.297086 0
1727129557581 1.734048 0
1727129557821 0.586111 0
1727129558062 0.45782 5
1727129558303 3.441378 5
1727129558543 0.416648 5
1727129558784 0.686647 5
1727129559025 9.415778 5
1727129559265 2.120712 5
1727129559506 1.363993 5
1727129562361 0.18719 0
1727129562644 0.131611 0
1727129562885 1.249591 0
1727129563126 0.322813 0
1727129563366 0.260407 0
1727129563608 1.068687 0
1727129563849 2.280799 0
1727129564089 0.277176 0
1727129564330 0.724264 0
1727129564570 1.066149 0
1727129564809 0.415535 6
1727129565048 12.548015 6
1727129565288 0.534107 6
1727129565527 0.624963 6
1727129565767 4.766373 6
1727129566007 2.174837 6
1727129566247 1.946857 6
1727129569117 0.560374 0
1727129569378 0.127448 0
1727129569619 1.108142 0
1727129569859 6.605039 0
1727129570099 0.584443 0
1727129570339 0.845368 0
1727129570579 0.730992 0
1727129570820 0.268198 0
1727129571061 0.885306 0
1727129571299 0.497195 0
1727129571537 0.470761 7
1727129571777 11.124572 7
1727129572017 0.352139 7
1727129572257 0.880418 7
1727129572498 1.435589 7
1727129572737 0.988068 7
1727129572976 1.770781 7
1727129575918 0.186664 0
1727129576180 0.173211 0
1727129576420 1.609005 0
1727129576660 0.625051 0
1727129576901 0.42492 0
1727129577141 0.798137 0
1727129577382 83.671265 0
1727129577622 0.343504 0
1727129577861 1.004833 0
1727129578102 0.43704 0
1727129578343 0.614808 8
1727129578583 5.694196 8
1727129578824 0.29115 8
1727129579063 2.415426 8
1727129579302 1.395617 8
1727129579542 1.413836 8
1727129579782 2.279068 8
1727129582599 0.166502 0
1727129582873 0.195192 0
1727129583114 2.784667 0
1727129583353 0.763612 0
1727129583593 3.024947 0
1727129583834 0.892968 0
1727129584075 0.929382 0
1727129584315 0.312128 0
1727129584556 0.749251 0
1727129584798 0.375079 0
1727129585038 0.845827 9
1727129585279 1.634565 9
1727129585519 0.358854 9
1727129585760 1.779809 9
1727129586000 0.664958 9
1727129586241 1.618321 9
1727129586481 2.105838 9
