1726800824958 0.701751 0
1726800825060 0.198444 0
1726800825159 0.132057 0
1726800825258 0.611656 0
1726800825356 6.022539 0
1726800825456 1.050209 0
1726800825556 0.578168 0
1726800825655 0.805665 0
1726800826132 0.304155 0
1726800826238 0.158948 0
1726800826341 0.270495 0
1726800826441 0.485874 0
1726800826540 3.316721 0
1726800826638 0.882731 0
1726800826735 0.387863 0
1726800826836 0.751328 0
1726800827277 0.210816 0
1726800827380 0.172199 0
1726800827478 0.212711 0
1726800827577 0.420782 0
1726800827674 2.001299 0
1726800827779 0.89872 0
1726800827878 0.174925 0
1726800827977 0.731344 0
1726800828414 0.18103 0
1726800828523 0.163766 0
1726800828621 0.136279 0
1726800828721 0.387512 0
1726800828820 1.513204 0
1726800828919 0.851639 0
1726800829019 0.144989 0
1726800829117 0.736547 0
1726800829571 0.168345 0
1726800829678 0.168025 0
1726800829778 0.108943 0
1726800829883 0.351108 0
1726800829980 1.448693 0
1726800830081 0.959692 0
1726800830182 0.137 0
1726800830282 0.741048 0
1726800830710 0.230591 0
1726800830819 0.159306 0
1726800830917 0.107998 0
1726800831014 0.353918 0
1726800831112 1.374235 0
1726800831211 0.910178 0
1726800831310 0.160839 0
1726800831410 0.723727 0
1726800831856 0.165029 0
1726800831961 0.166075 0
1726800832060 0.111071 0
1726800832158 0.351621 0
1726800832257 1.32977 0
1726800832359 0.849022 0
1726800832461 0.150293 0
1726800832561 0.701656 0
1726800833007 0.171903 0
1726800833116 0.162911 0
1726800833214 0.118304 0
1726800833311 0.339697 0
1726800833409 1.268221 0
1726800833507 0.833137 0
1726800833605 0.150835 0
1726800833703 0.714831 0
1726800834252 0.154813 0
1726800834363 0.161166 0
1726800834462 0.115724 0
1726800834560 0.331488 0
1726800834657 1.19586 0
1726800834759 0.842983 0
1726800834860 0.147011 0
1726800834958 0.707192 0
1726800835394 0.171051 0
1726800835493 0.161846 0
1726800835595 0.115595 0
1726800835696 0.320222 0
1726800835797 1.159754 0
1726800835895 0.826284 0
1726800836004 0.156413 0
1726800836104 0.692985 0
