1726847672833 0.781695 0
1726847672990 0.567456 0
1726847673148 0.385002 0
1726847673298 0.387378 0
1726847673441 0.455075 0
1726847673584 0.533831 0
1726847673732 0.563813 0
1726847674639 0.884205 0
1726847674815 0.604368 0
1726847674979 0.348582 0
1726847675130 0.346944 0
1726847675273 0.46584 0
1726847675418 0.514027 0
1726847675563 0.571737 0
1726847676516 0.796964 0
1726847676681 0.595041 0
1726847676841 0.395599 0
1726847676988 0.446092 0
1726847677129 0.440614 0
1726847677266 0.776249 0
1726847677400 0.610926 0
1726847678113 0.61187 0
1726847678298 0.605606 0
1726847678452 0.423434 0
1726847678602 0.381797 0
1726847678753 0.438819 0
1726847678900 0.513323 0
1726847679047 0.589791 0
1726847679982 0.627223 0
1726847680152 0.629484 0
1726847680305 0.345332 0
1726847680460 0.34709 0
1726847680608 0.429512 0
1726847680754 0.503033 0
1726847680898 0.553439 0
1726847681703 0.635961 0
1726847681868 0.625448 0
1726847682031 0.307038 0
1726847682190 0.349073 0
1726847682341 0.440587 0
1726847682489 0.499899 0
1726847682630 0.57473 0
