1727264502917 0.0 0
1727264503090 10.0 0
1727264503257 20.0 0
1727264503424 30.0 0
1727264503580 40.0 0
1727264503735 50.0 0
1727264503892 60.0 0
1727264504055 70.0 0
1727264504221 80.0 0
1727264504383 90.0 0
1727264504542 100.0 1
1727264504699 110.0 1
1727264504855 120.0 1
1727264505021 130.0 1
1727264505193 140.0 1
1727264505357 150.0 1
1727264505536 160.0 1
1727264505708 170.0 1
1727264505888 180.0 1
1727264506053 190.0 1
1727264507295 0.0 0
1727264507461 10.0 0
1727264507633 20.0 0
1727264507815 30.0 0
1727264507988 40.0 0
1727264508174 50.0 0
1727264508359 60.0 0
1727264508533 70.0 0
1727264508709 80.0 0
1727264508876 90.0 0
1727264509051 100.0 2
1727264509227 110.0 2
1727264509396 120.0 2
1727264509563 130.0 2
1727264509749 140.0 2
1727264509935 150.0 2
1727264510114 160.0 2
1727264510321 170.0 2
1727264510512 180.0 2
1727264510703 190.0 2
1727264512021 0.0 0
1727264512198 10.0 0
1727264512365 20.0 0
1727264512531 30.0 0
1727264512706 40.0 0
1727264512891 50.0 0
1727264513074 60.0 0
1727264513256 70.0 0
1727264513432 80.0 0
1727264513609 90.0 0
1727264513794 100.0 3
1727264513976 110.0 3
1727264514151 120.0 3
1727264514331 130.0 3
1727264514518 140.0 3
1727264514698 150.0 3
1727264514878 160.0 3
1727264515059 170.0 3
1727264515234 180.0 3
1727264515412 190.0 3
1727264516688 0.0 0
1727264516863 10.0 0
1727264517038 20.0 0
1727264517213 30.0 0
1727264517384 40.0 0
1727264517552 50.0 0
1727264517721 60.0 0
1727264517894 70.0 0
1727264518068 80.0 0
1727264518235 90.0 0
1727264518409 100.0 4
1727264518587 110.0 4
1727264518769 120.0 4
1727264518939 130.0 4
1727264519122 140.0 4
1727264519301 150.0 4
1727264519487 160.0 4
1727264519666 170.0 4
1727264519841 180.0 4
1727264520011 190.0 4
