1727097385998 11.746174 0
1727097386091 0.64878 0
1727097386183 4.880798 0
1727097386273 2.47872 0
1727097386364 5.825401 0
1727097386457 2.760411 0
1727097386550 1.365824 0
1727097386645 0.732237 0
1727097386741 0.838062 0
1727097386834 10.072656 0
1727097386929 2.482902 1
1727097387022 1.322166 1
1727097387115 4.789868 1
1727097387208 7.184719 1
1727097387301 1.467084 1
1727097387397 1.530529 1
1727097387494 3.416064 1
1727097387589 2.299765 1
1727097387682 3.174668 1
1727097387776 0.822177 1
1727097387872 46.751751 2
1727097387965 4.120973 2
1727097388059 6.760633 2
1727097388152 14.026454 2
1727097388244 4.55821 2
1727097388339 8.698643 2
1727097388433 5.935558 2
1727097388527 3.055219 2
1727097388622 2.806355 2
1727097388717 5.54327 2
1727097388813 1.466424 3
1727097388908 1.66385 3
1727097389000 0.612564 3
1727097389148 0.32309 3
1727097390287 1.246566 0
1727097390391 0.947415 0
1727097390487 2.977727 0
1727097390588 3.533948 0
1727097390681 28.302107 0
1727097390777 1.161842 0
1727097390873 1.285344 0
1727097390968 1.205374 0
1727097391062 1.397011 0
1727097391161 1.589735 0
1727097391257 1.523406 2
1727097391359 0.558135 2
1727097391465 2.657252 2
1727097391558 7.369355 2
1727097391653 2.633711 2
1727097391746 1.405381 2
1727097391838 4.46156 2
1727097391931 3.661653 2
1727097392025 1.261045 2
1727097392116 1.163388 2
1727097392205 4.55375 4
1727097392300 0.653556 4
1727097392394 0.784306 4
1727097392489 5.888541 4
1727097392582 4.166778 4
1727097392675 4.215271 4
1727097392767 42.208755 4
1727097392856 4.337108 4
1727097392950 2.924335 4
1727097393042 1.502887 4
1727097393133 1.590127 6
1727097393228 1.085859 6
1727097393323 0.514945 6
1727097393414 0.313585 6
1727097394517 2.355969 0
1727097394611 1.433675 0
1727097394705 1.226741 0
1727097394800 9.238772 0
1727097394895 3.023022 0
1727097394989 0.840317 0
1727097395084 1.266834 0
1727097395178 0.680359 0
1727097395272 1.06071 0
1727097395364 2.001476 0
1727097395458 1.657935 3
1727097395549 0.541818 3
1727097395643 3.012618 3
1727097395733 4.126714 3
1727097395828 1.403689 3
1727097395922 0.938159 3
1727097396027 2.754466 3
1727097396127 6.433968 3
1727097396219 8.41069 3
1727097396319 2.905767 3
1727097396411 5.713933 6
1727097396503 0.617924 6
1727097396597 0.819522 6
1727097396687 3.201875 6
1727097396781 9.404676 6
1727097396871 6.309972 6
1727097396963 6.420052 6
1727097397058 1.554589 6
1727097397158 3.261463 6
1727097397250 1.429318 6
1727097397345 1.719146 9
1727097397440 0.995155 9
1727097397531 0.531957 9
1727097397623 0.346355 9
1727097398752 1.489088 0
1727097398841 0.812768 0
1727097398934 0.621539 0
1727097399030 195.073044 0
1727097399121 21.612658 0
1727097399210 0.694197 0
1727097399305 1.283069 0
1727097399399 0.560141 0
1727097399492 1.068418 0
1727097399586 1.553787 0
1727097399675 1.469549 4
1727097399764 0.978946 4
1727097399860 3.458195 4
1727097399953 10.047159 4
1727097400043 1.355211 4
1727097400133 1.206165 4
1727097400221 1.854817 4
1727097400311 1.897707 4
1727097400401 1.023015 4
1727097400495 0.995902 4
1727097400589 4.970977 8
1727097400684 0.641105 8
1727097400778 0.911448 8
1727097400868 3.430792 8
1727097400959 2.454897 8
1727097401056 2.730334 8
1727097401148 7.364489 8
1727097401240 0.910363 8
1727097401333 2.198265 8
1727097401429 1.676497 8
1727097401527 1.340841 12
1727097401618 2.227177 12
1727097401711 0.60809 12
1727097401803 0.387024 12
