1726827077460 0.0 0
1726827077569 10.0 0
1726827077668 20.0 0
1726827077772 30.0 0
1726827077872 40.0 0
1726827077973 50.0 0
1726827078073 60.0 0
1726827078175 70.0 0
1726827078275 80.0 0
1726827078377 90.0 0
1726827078479 100.0 1
1726827078581 110.0 1
1726827079467 0.0 0
1726827079574 10.0 0
1726827079675 20.0 0
1726827079775 30.0 0
1726827079875 40.0 0
1726827079976 50.0 0
1726827080075 60.0 0
1726827080174 70.0 0
1726827080274 80.0 0
1726827080378 90.0 0
1726827080492 100.0 2
1726827080594 110.0 2
1726827081489 0.0 0
1726827081592 10.0 0
1726827081693 20.0 0
1726827081793 30.0 0
1726827081896 40.0 0
1726827081995 50.0 0
1726827082097 60.0 0
1726827082198 70.0 0
1726827082297 80.0 0
1726827082404 90.0 0
1726827082505 100.0 3
1726827082608 110.0 3
1726827083489 0.0 0
1726827083596 10.0 0
1726827083698 20.0 0
1726827083798 30.0 0
1726827083899 40.0 0
1726827083999 50.0 0
1726827084103 60.0 0
1726827084202 70.0 0
1726827084311 80.0 0
1726827084436 90.0 0
1726827084541 100.0 4
1726827084642 110.0 4
1726827085521 0.0 0
1726827085631 10.0 0
1726827085731 20.0 0
1726827085833 30.0 0
1726827085938 40.0 0
1726827086038 50.0 0
1726827086138 60.0 0
1726827086237 70.0 0
1726827086335 80.0 0
1726827086439 90.0 0
1726827086539 100.0 5
1726827086640 110.0 5
1726827087550 0.0 0
1726827087658 10.0 0
1726827087758 20.0 0
1726827087857 30.0 0
1726827087960 40.0 0
1726827088058 50.0 0
1726827088158 60.0 0
1726827088257 70.0 0
1726827088360 80.0 0
1726827088464 90.0 0
1726827088564 100.0 6
1726827088665 110.0 6
1726827089540 0.0 0
1726827089647 10.0 0
1726827089750 20.0 0
1726827089851 30.0 0
1726827089952 40.0 0
1726827090064 50.0 0
1726827090163 60.0 0
1726827090263 70.0 0
1726827090362 80.0 0
1726827090465 90.0 0
1726827090578 100.0 7
1726827090679 110.0 7
1726827091643 0.0 0
1726827091750 10.0 0
1726827091852 20.0 0
1726827091956 30.0 0
1726827092057 40.0 0
1726827092156 50.0 0
1726827092260 60.0 0
1726827092361 70.0 0
1726827092464 80.0 0
1726827092577 90.0 0
1726827092676 100.0 8
1726827092774 110.0 8
1726827093637 0.0 0
1726827093752 10.0 0
1726827093852 20.0 0
1726827093957 30.0 0
1726827094058 40.0 0
1726827094162 50.0 0
1726827094263 60.0 0
1726827094362 70.0 0
1726827094465 80.0 0
1726827094566 90.0 0
1726827094666 100.0 9
1726827094767 110.0 9
1726827095642 0.0 0
1726827095744 10.0 0
1726827095851 20.0 0
1726827095955 30.0 0
1726827096057 40.0 0
1726827096159 50.0 0
1726827096262 60.0 0
1726827096362 70.0 0
1726827096466 80.0 0
1726827096568 90.0 0
1726827096668 100.0 10
1726827096768 110.0 10
