1726776177433 0.0 0
1726776177551 10.0 0
1726776177669 20.0 0
1726776177786 30.0 0
1726776177903 40.0 0
1726776178020 50.0 0
1726776178137 60.0 0
1726776178254 70.0 0
1726776178371 80.0 0
1726776178489 90.0 0
1726776178606 100.0 1
1726776178723 110.0 1
1726776178841 120.0 1
1726776178958 130.0 1
1726776179074 140.0 1
1726776179191 150.0 1
1726776179308 160.0 1
1726776179425 170.0 1
1726776179542 180.0 1
1726776179660 190.0 1
1726776179778 200.0 2
1726776179895 210.0 2
1726776180012 220.0 2
1726776180129 230.0 2
1726776180246 240.0 2
1726776181976 0.0 0
1726776182096 10.0 0
1726776182213 20.0 0
1726776182330 30.0 0
1726776182448 40.0 0
1726776182566 50.0 0
1726776182682 60.0 0
1726776182800 70.0 0
1726776182917 80.0 0
1726776183034 90.0 0
1726776183151 100.0 2
1726776183269 110.0 2
1726776183386 120.0 2
1726776183503 130.0 2
1726776183620 140.0 2
1726776183737 150.0 2
1726776183856 160.0 2
1726776183973 170.0 2
1726776184090 180.0 2
1726776184207 190.0 2
1726776184323 200.0 4
1726776184440 210.0 4
1726776184557 220.0 4
1726776184674 230.0 4
1726776184791 240.0 4
1726776186478 0.0 0
1726776186595 10.0 0
1726776186712 20.0 0
1726776186829 30.0 0
1726776186945 40.0 0
1726776187062 50.0 0
1726776187179 60.0 0
1726776187296 70.0 0
1726776187413 80.0 0
1726776187529 90.0 0
1726776187647 100.0 3
1726776187763 110.0 3
1726776187883 120.0 3
1726776188000 130.0 3
1726776188117 140.0 3
1726776188234 150.0 3
1726776188350 160.0 3
1726776188467 170.0 3
1726776188585 180.0 3
1726776188702 190.0 3
1726776188819 200.0 6
1726776188935 210.0 6
1726776189052 220.0 6
1726776189170 230.0 6
1726776189286 240.0 6
1726776190978 0.0 0
1726776191094 10.0 0
1726776191213 20.0 0
1726776191331 30.0 0
1726776191449 40.0 0
1726776191565 50.0 0
1726776191682 60.0 0
1726776191799 70.0 0
1726776191917 80.0 0
1726776192035 90.0 0
1726776192153 100.0 4
1726776192271 110.0 4
1726776192388 120.0 4
1726776192504 130.0 4
1726776192621 140.0 4
1726776192739 150.0 4
1726776192856 160.0 4
1726776192973 170.0 4
1726776193091 180.0 4
1726776193214 190.0 4
1726776193332 200.0 8
1726776193450 210.0 8
1726776193567 220.0 8
1726776193685 230.0 8
1726776193803 240.0 8
1726776195484 0.0 0
1726776195602 10.0 0
1726776195719 20.0 0
1726776195837 30.0 0
1726776195955 40.0 0
1726776196075 50.0 0
1726776196193 60.0 0
1726776196311 70.0 0
1726776196428 80.0 0
1726776196545 90.0 0
1726776196663 100.0 5
1726776196780 110.0 5
1726776196898 120.0 5
1726776197016 130.0 5
1726776197133 140.0 5
1726776197251 150.0 5
1726776197369 160.0 5
1726776197486 170.0 5
1726776197604 180.0 5
1726776197722 190.0 5
1726776197839 200.0 10
1726776197957 210.0 10
1726776198076 220.0 10
1726776198194 230.0 10
1726776198311 240.0 10
1726776199997 0.0 0
1726776200116 10.0 0
1726776200234 20.0 0
1726776200352 30.0 0
1726776200470 40.0 0
1726776200588 50.0 0
1726776200706 60.0 0
1726776200823 70.0 0
1726776200941 80.0 0
1726776201059 90.0 0
1726776201177 100.0 6
1726776201294 110.0 6
1726776201412 120.0 6
1726776201529 130.0 6
1726776201647 140.0 6
1726776201764 150.0 6
1726776201882 160.0 6
1726776202000 170.0 6
1726776202118 180.0 6
1726776202238 190.0 6
1726776202355 200.0 12
1726776202473 210.0 12
1726776202591 220.0 12
1726776202708 230.0 12
1726776202826 240.0 12
