1727129185111 1.0457 0
1727129185386 0.155386 0
1727129185625 0.19819 0
1727129185864 0.069667 0
1727129186104 0.124424 0
1727129186343 0.282065 0
1727129186584 0.140583 0
1727129186824 0.30287 0
1727129187067 0.139085 0
1727129187308 1.239623 0
1727129187549 0.168899 1
1727129189311 0.147122 0
1727129189599 0.161303 0
1727129189839 0.268253 0
1727129190078 0.053111 0
1727129190319 0.444188 0
1727129190559 0.226509 0
1727129190801 0.191354 0
1727129191043 0.142167 0
1727129191284 0.258597 0
1727129191524 0.976892 0
1727129191765 0.176561 2
1727129193496 0.176492 0
1727129193737 0.150906 0
1727129193978 0.199852 0
1727129194219 0.055074 0
1727129194490 0.120493 0
1727129194733 0.342984 0
1727129194973 0.126936 0
1727129195212 0.216541 0
1727129195452 0.118628 0
1727129195691 0.971303 0
1727129195932 0.171875 3
1727129197764 0.097428 0
1727129198004 0.182757 0
1727129198246 0.192648 0
1727129198487 0.077856 0
1727129198727 0.127108 0
1727129198968 0.330877 0
1727129199208 0.113985 0
1727129199448 0.157594 0
1727129199688 0.122269 0
1727129199929 0.504482 0
1727129200169 0.155038 4
1727129201853 0.080204 0
1727129202122 0.142854 0
1727129202362 0.182193 0
1727129202602 0.057604 0
1727129202841 0.122527 0
1727129203082 0.257579 0
1727129203323 0.12042 0
1727129203562 0.176751 0
1727129203802 0.129179 0
1727129204042 0.445317 0
1727129204281 0.174724 5
1727129206106 0.076637 0
1727129206365 0.160299 0
1727129206607 0.215487 0
1727129206846 0.058398 0
1727129207086 0.136021 0
1727129207327 0.318899 0
1727129207567 0.114706 0
1727129207807 0.147508 0
1727129208048 0.136531 0
1727129208288 0.565485 0
1727129208527 0.151986 6
1727129210341 0.059239 0
1727129210605 0.181766 0
1727129210846 0.187223 0
1727129211089 0.058156 0
1727129211329 0.123357 0
1727129211569 0.222999 0
1727129211810 0.114007 0
1727129212050 0.11959 0
1727129212290 0.111484 0
1727129212531 0.501581 0
1727129212774 0.169884 7
1727129214444 0.065048 0
1727129214727 0.166541 0
1727129214966 0.234768 0
1727129215208 0.064317 0
1727129215449 0.102012 0
1727129215689 0.208125 0
1727129215930 0.108049 0
1727129216171 0.167155 0
1727129216410 0.104911 0
1727129216650 0.656548 0
1727129216890 0.156245 8
