1726904024720 24.479523 0
1726904024866 45.173706 0
1726904025007 152.630798 0
1726904025147 6.694153 0
1726904025287 23.267054 0
1726904025429 73.355362 0
1726904025572 12.175902 0
1726904025716 8.589167 0
1726904025858 22.927694 0
1726904025998 4.293769 0
1726904026138 3.185977 1
1726904027067 4.782742 0
1726904027211 5.472094 0
1726904027350 33.205997 0
1726904027492 0.46767 0
1726904027641 6.288891 0
1726904027786 4.117998 0
1726904027926 5.413528 0
1726904028066 1.299433 0
1726904028208 2.778182 0
1726904028349 1.125615 0
1726904028489 1.537469 2
1726904029419 2.689679 0
1726904029563 2.84579 0
1726904029702 14.644604 0
1726904029844 0.126206 0
1726904029984 12.304715 0
1726904030124 17.522566 0
1726904030265 2.576369 0
1726904030405 0.982082 0
1726904030546 0.92346 0
1726904030687 0.703163 0
1726904030829 2.167927 3
1726904031767 3.196473 0
1726904031913 4.377221 0
1726904032056 8.019244 0
1726904032198 0.126906 0
1726904032337 1.83892 0
1726904032480 9.924607 0
1726904032622 2.828081 0
1726904032764 1.39527 0
1726904032906 12.078252 0
1726904033046 0.740411 0
1726904033186 5.114655 4
1726904034127 2.94281 0
1726904034275 3.48445 0
1726904034415 13.19873 0
1726904034556 0.161477 0
1726904034696 2.44256 0
1726904034837 5.920269 0
1726904034978 4.436903 0
1726904035118 0.70606 0
1726904035258 2.044852 0
1726904035399 0.632883 0
1726904035539 1.108087 5
1726904036486 4.421691 0
1726904036632 5.415954 0
1726904036772 8.95272 0
1726904036913 0.173548 0
1726904037055 2.792059 0
1726904037196 3.455153 0
1726904037336 3.200756 0
1726904037476 0.756979 0
1726904037616 0.987964 0
1726904037757 0.508726 0
1726904037896 0.771957 6
1726904038819 4.885008 0
1726904038961 4.898994 0
1726904039103 8.583042 0
1726904039243 0.177941 0
1726904039382 20.900297 0
1726904039522 4.908633 0
1726904039662 8.137054 0
1726904039802 0.735439 0
1726904039943 1.925715 0
1726904040089 0.48429 0
1726904040230 1.159537 7
1726904041164 3.077143 0
1726904041305 4.028122 0
1726904041446 5.305284 0
1726904041586 0.179048 0
1726904041726 2.069364 0
1726904041867 3.413382 0
1726904042007 5.075518 0
1726904042152 0.889118 0
1726904042294 1.107246 0
1726904042434 0.593605 0
1726904042573 1.134513 8
1726904043508 3.822265 0
1726904043650 3.210745 0
1726904043790 6.670358 0
1726904043930 0.177415 0
1726904044072 2.666341 0
1726904044217 5.380301 0
1726904044357 5.015043 0
1726904044498 0.728094 0
1726904044638 1.935059 0
1726904044778 0.548089 0
1726904044917 4.967724 9
1726904045855 2.584424 0
1726904045997 2.670785 0
1726904046140 4.21772 0
1726904046284 0.167745 0
1726904046424 33.099854 0
1726904046564 6.236239 0
1726904046705 3.87311 0
1726904046849 0.864202 0
1726904046990 1.699279 0
1726904047131 0.515749 0
1726904047272 1.427503 10
