1726752424899 0.0 0
1726752425058 10.0 0
1726752425210 20.0 0
1726752425353 30.0 0
1726752425491 40.0 0
1726752425620 50.0 0
1726752425743 60.0 0
1726752425861 70.0 0
1726752425974 80.0 0
1726752426090 90.0 0
1726752426203 100.0 1
1726752427503 0.0 0
1726752427673 10.0 0
1726752427830 20.0 0
1726752427977 30.0 0
1726752428112 40.0 0
1726752428238 50.0 0
1726752428359 60.0 0
1726752428476 70.0 0
1726752428591 80.0 0
1726752428704 90.0 0
1726752428818 100.0 2
1726752430161 0.0 0
1726752430302 10.0 0
1726752430438 20.0 0
1726752430563 30.0 0
1726752430685 40.0 0
1726752430803 50.0 0
1726752430922 60.0 0
1726752431037 70.0 0
1726752431154 80.0 0
1726752431269 90.0 0
1726752431389 100.0 3
1726752432804 0.0 0
1726752432957 10.0 0
1726752433088 20.0 0
1726752433211 30.0 0
1726752433330 40.0 0
1726752433453 50.0 0
1726752433570 60.0 0
1726752433690 70.0 0
1726752433810 80.0 0
1726752433927 90.0 0
1726752434049 100.0 4
1726752435521 0.0 0
1726752435690 10.0 0
1726752435850 20.0 0
1726752436019 30.0 0
1726752436190 40.0 0
1726752436364 50.0 0
1726752436541 60.0 0
1726752436708 70.0 0
1726752436865 80.0 0
1726752437017 90.0 0
1726752437167 100.0 5
1726752438780 0.0 0
1726752438940 10.0 0
1726752439102 20.0 0
1726752439272 30.0 0
1726752439441 40.0 0
1726752439608 50.0 0
1726752439770 60.0 0
1726752439927 70.0 0
1726752440076 80.0 0
1726752440220 90.0 0
1726752440363 100.0 6
1726752441962 0.0 0
1726752442117 10.0 0
1726752442277 20.0 0
1726752442425 30.0 0
1726752442563 40.0 0
1726752442693 50.0 0
1726752442819 60.0 0
1726752442944 70.0 0
1726752443070 80.0 0
1726752443200 90.0 0
1726752443328 100.0 7
