1726913855133 72.167694 0
1726913855277 111.537621 0
1726913855421 17.664759 0
1726913855564 24.245411 0
1726913855711 15.670404 0
1726913855857 9.151112 0
1726913856632 4.868079 0
1726913856777 3.604577 0
1726913856919 17.471725 0
1726913857062 7.81555 0
1726913857205 7.35198 0
1726913857350 16.695518 0
1726913857981 4.074997 0
1726913858124 1.972913 0
1726913858268 10.350109 0
1726913858410 20.172724 0
1726913858553 2.827511 0
1726913858700 5.376959 0
1726913859326 1.186894 0
1726913859470 2.961774 0
1726913859614 3.685259 0
1726913859758 0.842903 0
1726913859901 22.88191 0
1726913860043 9.70942 0
