1726764109313 0.367428 0
1726764109428 0.209507 0
1726764109543 6.140455 0
1726764109658 0.341817 0
1726764109960 0.337658 0
1726764110075 0.258052 0
1726764110190 5.03458 0
1726764110304 0.357901 0
1726764110610 0.310488 0
1726764110725 0.236099 0
1726764110839 4.261872 0
1726764110954 0.322251 0
1726764111259 0.300894 0
1726764111373 0.221413 0
1726764111488 3.622391 0
1726764111603 0.273959 0
1726764111907 0.291821 0
1726764112022 0.20939 0
1726764112136 3.150785 0
1726764112252 0.230616 0
1726764112561 0.288278 0
1726764112675 0.188043 0
1726764112790 2.7547 0
1726764112904 0.198853 0
1726764113209 0.288985 0
1726764113324 0.173517 0
1726764113439 2.482117 0
1726764113554 0.179029 0
1726764113857 0.283313 0
1726764113970 0.159235 0
1726764114085 2.26842 0
1726764114200 0.166166 0
1726764114501 0.284441 0
1726764114615 0.153695 0
1726764114729 2.128696 0
1726764114844 0.160043 0
1726764115147 0.282994 0
1726764115263 0.149532 0
1726764115377 2.008659 0
1726764115492 0.155532 0
