1726833403222 0.5224 0
1726833403386 0.339509 0
1726833403565 0.115736 0
1726833403732 0.239968 0
1726833403896 0.15199 0
1726833404062 0.131374 0
1726833404232 0.180617 0
1726833404407 0.181262 0
1726833404577 0.131546 0
1726833404748 0.117963 0
1726833404909 0.209635 1
1726833405077 0.25028 1
1726833405239 0.24772 1
1726833405404 0.19416 1
1726833405577 0.392974 1
1726833405752 0.453541 1
1726833405922 0.455897 1
1726833406096 0.421805 1
1726833406265 0.869361 1
1726833406437 0.325844 1
1726833406609 0.317431 2
1726833406781 0.77912 2
1726833408692 0.284908 0
1726833408877 0.177952 0
1726833409059 0.098837 0
1726833409240 0.224757 0
1726833409417 0.129476 0
1726833409588 0.105216 0
1726833409759 0.114665 0
1726833409928 0.166932 0
1726833410084 0.126335 0
1726833410257 0.141689 0
1726833410427 0.18478 2
1726833410595 0.175497 2
1726833410765 0.295795 2
1726833410932 0.230741 2
1726833411102 0.354173 2
1726833411282 0.518742 2
1726833411460 0.433869 2
1726833411636 0.381731 2
1726833411813 0.890468 2
1726833411982 0.278469 2
1726833412149 0.363066 4
1726833412320 0.791748 4
1726833414163 0.371902 0
1726833414328 0.212795 0
1726833414489 0.175534 0
1726833414659 0.239075 0
1726833414827 0.170788 0
1726833414995 0.128542 0
1726833415163 0.165074 0
1726833415320 0.178081 0
1726833415482 0.129104 0
1726833415653 0.143518 0
1726833415828 0.1935 3
1726833416002 0.460181 3
1726833416173 0.418546 3
1726833416349 0.164546 3
1726833416519 0.331816 3
1726833416699 0.449329 3
1726833416872 0.419613 3
1726833417046 0.53282 3
1726833417218 0.822525 3
1726833417388 0.318817 3
1726833417557 0.412727 6
1726833417731 0.828477 6
1726833419381 0.550962 0
1726833419533 0.375481 0
1726833419690 0.097654 0
1726833419825 0.268789 0
1726833419992 0.153298 0
1726833420130 0.354024 0
1726833420272 0.15448 0
1726833420416 0.180871 0
1726833420557 0.134984 0
1726833420702 0.118388 0
1726833420845 0.201114 4
1726833420986 0.276977 4
1726833421135 0.273523 4
1726833421269 0.187194 4
1726833421403 0.370781 4
1726833421535 0.699449 4
1726833421688 0.469764 4
1726833421826 0.392999 4
1726833421975 0.947185 4
1726833422129 0.262937 4
1726833422298 0.418188 8
1726833422446 0.886994 8
