1726814889198 13.671957 0
1726814889324 1.927219 0
1726814889448 6.720132 0
1726814889573 0.233702 0
1726814889697 3.135645 0
1726814889820 3.013682 0
1726814889943 3.968549 0
1726814890066 1.08491 0
1726814890189 0.999447 0
1726814890312 0.411968 0
1726814890435 1.210229 1
1726814891285 1.054702 0
1726814891408 3.26374 0
1726814891532 56.23159 0
1726814891656 0.222182 0
1726814891779 7.839463 0
1726814891902 12.760404 0
1726814892025 3.166944 0
1726814892147 5.107943 0
1726814892270 44.708782 0
1726814892394 0.974813 0
1726814892517 1.298482 2
1726814893364 4.17391 0
1726814893487 1.341554 0
1726814893611 1.726974 0
1726814893734 0.134078 0
1726814893857 3.333913 0
1726814893980 9.36937 0
1726814894103 9.181849 0
1726814894227 1.992989 0
1726814894350 0.952292 0
1726814894473 0.614179 0
1726814894596 1.716491 3
1726814895444 4.828115 0
1726814895569 2.419449 0
1726814895695 8.519371 0
1726814895818 0.835725 0
1726814895941 6.787946 0
1726814896064 1.596791 0
1726814896187 9.938691 0
1726814896310 6.866881 0
1726814896440 4.775076 0
1726814896563 0.390889 0
1726814896686 0.917046 4
1726814897539 1.582866 0
1726814897663 3.572997 0
1726814897787 4.776714 0
1726814897910 0.306069 0
1726814898034 4.212662 0
1726814898157 8.460043 0
1726814898281 2.540627 0
1726814898404 1.546331 0
1726814898528 4.028057 0
1726814898651 0.416398 0
1726814898775 0.572425 5
1726814899625 7.59102 0
1726814899750 2.472988 0
1726814899873 4.139483 0
1726814899996 0.121076 0
1726814900119 2.035324 0
1726814900242 6.765699 0
1726814900366 5.02814 0
1726814900489 1.630712 0
1726814900611 1.363927 0
1726814900734 0.43949 0
1726814900857 1.223315 6
1726814901709 1.808858 0
1726814901833 2.440063 0
1726814901957 168.288788 0
1726814902080 0.105015 0
1726814902203 2.957248 0
1726814902327 2.913784 0
1726814902450 7.097922 0
1726814902572 0.915963 0
1726814902696 1.306905 0
1726814902819 0.549126 0
1726814902943 0.829232 7
1726814903799 7.421751 0
1726814903923 5.807638 0
1726814904047 3.44771 0
1726814904170 0.118249 0
1726814904293 2.855965 0
1726814904416 2.063802 0
1726814904539 4.286491 0
1726814904662 0.893396 0
1726814904784 3.314014 0
1726814904908 0.42288 0
1726814905031 1.153621 8
1726814905889 2.881588 0
1726814906012 3.516125 0
1726814906137 4.338479 0
1726814906261 0.111528 0
1726814906384 1.784429 0
1726814906508 2.485503 0
1726814906632 3.737006 0
1726814906755 1.472747 0
1726814906880 0.790327 0
1726814907003 0.470088 0
1726814907127 0.917274 9
1726814907980 2.26909 0
1726814908104 5.414824 0
1726814908226 2.888541 0
1726814908350 0.10769 0
1726814908473 3.06224 0
1726814908596 1.898683 0
1726814908719 3.709558 0
1726814908843 2.161062 0
1726814908966 0.825678 0
1726814909089 0.59391 0
1726814909213 6.591054 10
