1726898835797 70.580528 0
1726898835937 38.694061 0
1726898836076 12.360626 0
1726898836215 2.775379 0
1726898836355 41.76141 0
1726898836495 16.460308 0
1726898836634 5.839807 0
1726898836773 9.723665 0
1726898836914 41.509022 0
1726898837056 21.720219 0
1726898837196 7.644398 1
1726898837336 4.229373 1
1726898837475 4.617213 1
1726898837615 2.389452 1
1726898837754 4.823162 1
1726898837894 4.662612 1
1726898838034 2.045127 1
1726898838173 1.899985 1
1726898838313 10.752672 1
1726898838452 1.684658 1
1726898839994 5.072658 0
1726898840137 3.088613 0
1726898840276 3.822382 0
1726898840414 2.808871 0
1726898840553 13.070784 0
1726898840693 1.949899 0
1726898840832 9.649229 0
1726898840970 3.519619 0
1726898841112 2.292264 0
1726898841252 1.57195 0
1726898841392 3.137297 2
1726898841532 11.527132 2
1726898841672 2.325845 2
1726898841811 1.143661 2
1726898841950 2.887302 2
1726898842090 1.193326 2
1726898842230 10.974615 2
1726898842369 1.700464 2
1726898842508 1.495587 2
1726898842647 0.682887 2
1726898844136 4.557395 0
1726898844279 2.740791 0
1726898844420 3.115762 0
1726898844558 3.700047 0
1726898844698 5.359905 0
1726898844837 1.915286 0
1726898844976 4.067827 0
1726898845115 3.799257 0
1726898845257 2.954509 0
1726898845398 1.966132 0
1726898845538 1.349878 3
1726898845679 2.026864 3
1726898845821 2.551477 3
1726898845960 1.156432 3
1726898846100 3.51356 3
1726898846239 3.563491 3
1726898846378 1.694426 3
1726898846518 1.727754 3
1726898846657 5.454841 3
1726898846797 6.776147 3
1726898848271 7.656755 0
1726898848412 3.500324 0
1726898848551 7.0786 0
1726898848690 2.423607 0
1726898848828 3.902828 0
1726898848968 4.588867 0
1726898849108 2.110602 0
1726898849252 4.404605 0
1726898849393 9.690845 0
1726898849533 1.907905 0
1726898849682 1.476977 4
1726898849822 1.45463 4
1726898849963 1.97181 4
1726898850103 0.95948 4
1726898850243 7.79881 4
1726898850381 0.986738 4
1726898850521 2.661231 4
1726898850660 1.966962 4
1726898850799 2.184081 4
1726898850939 1.348998 4
1726898852409 5.842814 0
1726898852551 5.869919 0
1726898852690 12.690094 0
1726898852830 1.980954 0
1726898852969 3.010069 0
1726898853107 7.76703 0
1726898853247 2.168817 0
1726898853389 7.629423 0
1726898853529 2.676753 0
1726898853669 2.255351 0
1726898853808 1.013664 5
1726898853947 1.229517 5
1726898854086 1.544515 5
1726898854225 0.899602 5
1726898854364 8.276103 5
1726898854505 1.016788 5
1726898854646 2.391215 5
1726898854786 3.762074 5
1726898854925 1.622114 5
1726898855064 1.302835 5
1726898856542 7.941083 0
1726898856683 30.260462 0
1726898856823 3.773935 0
1726898856962 2.575173 0
1726898857102 7.418468 0
1726898857242 13.952344 0
1726898857382 2.189873 0
1726898857525 4.863841 0
1726898857665 5.684827 0
1726898857805 1.620699 0
1726898857944 1.876422 6
1726898858083 1.444875 6
1726898858223 1.398936 6
1726898858362 0.850507 6
1726898858501 6.465856 6
1726898858640 0.988742 6
1726898858780 2.16533 6
1726898858920 2.909287 6
1726898859059 6.744231 6
1726898859198 0.838205 6
1726898860670 61.340744 0
1726898860818 6.202758 0
1726898860957 2.951538 0
1726898861097 3.153656 0
1726898861238 26.287111 0
1726898861378 51.67408 0
1726898861520 1.984886 0
1726898861661 11.897547 0
1726898861802 7.026359 0
1726898861941 1.798818 0
1726898862081 1.070637 7
1726898862222 1.256153 7
1726898862361 1.20794 7
1726898862500 0.824495 7
1726898862639 46.254829 7
1726898862779 1.303606 7
1726898862919 6.743973 7
1726898863057 6.441947 7
1726898863198 2.655478 7
1726898863338 0.943915 7
1726898864945 4.356644 0
1726898865089 5.177316 0
1726898865229 26.89917 0
1726898865368 7.141902 0
1726898865511 14.637087 0
1726898865653 1.571992 0
1726898865793 2.987525 0
1726898865933 81.386673 0
1726898866071 6.517273 0
1726898866211 1.675522 0
1726898866350 1.251324 8
1726898866490 1.809388 8
1726898866631 1.221144 8
1726898866770 0.856714 8
1726898866909 4.578609 8
1726898867049 3.727017 8
1726898867188 2.153043 8
1726898867328 10.291998 8
1726898867468 2.363275 8
1726898867608 0.767525 8
1726898869090 21.172779 0
1726898869230 6.984782 0
1726898869369 6.378352 0
1726898869508 3.255333 0
1726898869648 6.251363 0
1726898869791 2.180093 0
1726898869932 2.636338 0
1726898870072 5.610713 0
1726898870212 3.353008 0
1726898870352 1.585377 0
1726898870491 4.230103 9
1726898870631 1.207263 9
1726898870771 1.284776 9
1726898870913 0.809719 9
1726898871054 4.358976 9
1726898871193 1.682139 9
1726898871332 3.58508 9
1726898871472 2.437094 9
1726898871612 2.102527 9
1726898871753 0.778801 9
1726898873223 5.121206 0
1726898873364 5.4198 0
1726898873504 3.229799 0
1726898873644 11.675643 0
1726898873786 8.292404 0
1726898873928 5.064324 0
1726898874070 3.366842 0
1726898874209 3.88885 0
1726898874349 9.318393 0
1726898874488 1.636108 0
1726898874628 1.073006 10
1726898874769 1.457382 10
1726898874908 1.255901 10
1726898875050 0.809426 10
1726898875340 23.030552 10
1726898875484 1.089228 10
1726898875623 11.052724 10
1726898875762 3.933324 10
1726898875905 1.816649 10
1726898876045 0.810169 10
