1726822402116 0.267103 0
1726822402251 0.09782 0
1726822402392 0.165978 0
1726822402547 0.093185 0
1726822402738 0.126266 0
1726822402902 0.047701 0
1726822403053 0.100957 0
1726822403207 0.247343 0
1726822403365 0.05536 0
1726822403505 0.13085 0
1726822403640 0.091117 1
1726822403777 0.049353 1
1726822403916 0.081057 1
1726822404064 0.196756 1
1726822404201 0.27549 1
1726822404334 0.335328 1
1726822404465 0.24987 1
1726822404603 0.279753 1
1726822404743 0.27215 1
1726822404883 0.593505 1
1726822405020 0.184643 2
1726822405160 0.18873 2
1726822405295 0.556056 2
1726822405432 0.43613 2
1726822405563 0.536823 2
1726822405697 0.215891 2
1726822405838 0.289731 2
1726822405991 0.25927 2
1726822406147 0.420061 2
1726822409956 0.151706 0
1726822410089 0.09439 0
1726822410216 0.063558 0
1726822410352 0.081997 0
1726822410483 0.11921 0
1726822410607 0.05323 0
1726822410723 0.074252 0
1726822410841 0.231949 0
1726822410963 0.053879 0
1726822411095 0.125271 0
1726822411233 0.099946 2
1726822411375 0.056672 2
1726822411507 0.088652 2
1726822411630 0.197237 2
1726822411748 0.169711 2
1726822411869 0.284944 2
1726822412006 0.187782 2
1726822412158 0.207278 2
1726822412423 0.221473 2
1726822412638 0.601895 2
1726822412769 0.175851 4
1726822412904 0.185111 4
1726822413068 0.545678 4
1726822413250 0.449506 4
1726822413432 0.503817 4
1726822413598 0.187555 4
1726822413755 0.286115 4
1726822413912 0.210897 4
1726822414057 0.405795 4
1726822417523 0.16634 0
1726822417650 0.08731 0
1726822417777 0.108295 0
1726822417904 0.07183 0
1726822418040 0.112952 0
1726822418178 0.062936 0
1726822418323 0.060155 0
1726822418479 0.208752 0
1726822418643 0.084164 0
1726822418795 0.112049 0
1726822418937 0.083173 3
1726822419077 0.053595 3
1726822419222 0.098674 3
1726822419366 0.22642 3
1726822419505 0.212425 3
1726822419641 0.254804 3
1726822419772 0.186383 3
1726822419901 0.194069 3
1726822420028 0.201802 3
1726822420160 0.584259 3
1726822420305 0.17816 6
1726822420450 0.150356 6
1726822420588 0.56433 6
1726822420714 0.369788 6
1726822420844 0.498148 6
1726822420979 0.191167 6
1726822421145 0.197913 6
1726822421311 0.235842 6
1726822421464 0.523725 6
1726822424825 0.864835 0
1726822424965 0.124331 0
1726822425135 0.048793 0
1726822425326 0.073116 0
1726822425480 0.141729 0
1726822425645 0.062537 0
1726822425802 0.139696 0
1726822425951 0.307898 0
1726822426092 0.055063 0
1726822426227 0.226239 0
1726822426367 0.086543 4
1726822426513 0.050002 4
1726822426673 0.084799 4
1726822426839 0.178567 4
1726822427020 0.203433 4
1726822427203 0.243341 4
1726822427386 0.202936 4
1726822427562 0.202769 4
1726822427713 0.214606 4
1726822427848 0.586612 4
1726822427985 0.176117 8
1726822428130 0.161974 8
1726822428277 0.485666 8
1726822428420 0.34655 8
1726822428574 0.449702 8
1726822428744 0.205701 8
1726822428930 0.159381 8
1726822429109 0.220516 8
1726822429255 0.39312 8
