1726809194857 0.0 0
1726809194959 10.0 0
1726809195060 20.0 0
1726809195164 30.0 0
1726809195275 40.0 0
1726809195376 50.0 0
1726809195479 60.0 0
1726809195579 70.0 0
1726809195678 80.0 0
1726809195779 90.0 0
1726809195879 100.0 1
1726809195977 110.0 1
1726809196772 0.0 0
1726809196876 10.0 0
1726809196976 20.0 0
1726809197076 30.0 0
1726809197175 40.0 0
1726809197282 50.0 0
1726809197388 60.0 0
1726809197497 70.0 0
1726809197603 80.0 0
1726809197706 90.0 0
1726809197808 100.0 2
1726809197909 110.0 2
1726809198666 0.0 0
1726809198769 10.0 0
1726809198871 20.0 0
1726809198970 30.0 0
1726809199070 40.0 0
1726809199171 50.0 0
1726809199275 60.0 0
1726809199386 70.0 0
1726809199489 80.0 0
1726809199592 90.0 0
1726809199694 100.0 3
1726809199797 110.0 3
1726809200609 0.0 0
1726809200720 10.0 0
1726809200820 20.0 0
1726809200921 30.0 0
1726809201021 40.0 0
1726809201120 50.0 0
1726809201220 60.0 0
1726809201323 70.0 0
1726809201433 80.0 0
1726809201533 90.0 0
1726809201633 100.0 4
1726809201732 110.0 4
