1726809194863 0.424345 0
1726809194965 0.620234 0
1726809195066 7.322819 0
1726809195170 0.651693 0
1726809195282 1.439807 0
1726809195382 0.555264 0
1726809195485 0.315448 0
1726809195585 0.189535 0
1726809195684 0.756652 0
1726809195785 1.784849 0
1726809195885 0.631375 1
1726809195983 0.204028 1
1726809196778 0.442686 0
1726809196883 0.470768 0
1726809196982 5.495232 0
1726809197082 0.56687 0
1726809197181 1.780339 0
1726809197288 0.305137 0
1726809197395 0.273638 0
1726809197503 0.150813 0
1726809197609 0.769639 0
1726809197712 1.838528 0
1726809197814 0.734268 2
1726809197915 0.196486 2
1726809198672 0.406137 0
1726809198776 0.464161 0
1726809198877 4.88699 0
1726809198976 0.59007 0
1726809199076 1.567187 0
1726809199177 0.420881 0
1726809199281 0.243513 0
1726809199393 0.18386 0
1726809199495 0.707054 0
1726809199599 1.895448 0
1726809199700 0.630923 3
1726809199803 0.175961 3
1726809200615 0.404465 0
1726809200726 0.465348 0
1726809200826 4.57739 0
1726809200927 0.627293 0
1726809201027 1.568275 0
1726809201126 0.230429 0
1726809201226 0.228862 0
1726809201329 0.162361 0
1726809201439 0.722472 0
1726809201540 1.970848 0
1726809201639 0.626226 4
1726809201739 0.193406 4
