1726867190478 0.0 0
1726867190629 10.0 0
1726867190771 20.0 0
1726867190916 30.0 0
1726867191061 40.0 0
1726867191204 50.0 0
1726867191351 60.0 0
1726867191504 70.0 0
1726867191656 80.0 0
1726867191807 90.0 0
1726867191962 100.0 1
1726867192998 0.0 0
1726867193153 10.0 0
1726867193307 20.0 0
1726867193497 30.0 0
1726867193653 40.0 0
1726867193803 50.0 0
1726867193955 60.0 0
1726867194110 70.0 0
1726867194266 80.0 0
1726867194421 90.0 0
1726867194573 100.0 2
1726867195557 0.0 0
1726867195713 10.0 0
1726867195874 20.0 0
1726867196027 30.0 0
1726867196181 40.0 0
1726867196336 50.0 0
1726867196491 60.0 0
1726867196652 70.0 0
1726867196809 80.0 0
1726867196963 90.0 0
1726867197113 100.0 3
1726867198104 0.0 0
1726867198259 10.0 0
1726867198412 20.0 0
1726867198566 30.0 0
1726867198720 40.0 0
1726867198873 50.0 0
1726867199029 60.0 0
1726867199175 70.0 0
1726867199321 80.0 0
1726867199471 90.0 0
1726867199620 100.0 4
1726867200572 0.0 0
1726867200727 10.0 0
1726867200881 20.0 0
1726867201035 30.0 0
1726867201189 40.0 0
1726867201346 50.0 0
1726867201498 60.0 0
1726867201653 70.0 0
1726867201805 80.0 0
1726867201959 90.0 0
1726867202110 100.0 5
1726867203090 0.0 0
1726867203250 10.0 0
1726867203393 20.0 0
1726867203548 30.0 0
1726867203726 40.0 0
1726867203875 50.0 0
1726867204021 60.0 0
1726867204166 70.0 0
1726867204311 80.0 0
1726867204453 90.0 0
1726867204598 100.0 6
1726867205590 0.0 0
1726867205741 10.0 0
1726867205889 20.0 0
1726867206037 30.0 0
1726867206187 40.0 0
1726867206337 50.0 0
1726867206476 60.0 0
1726867206612 70.0 0
1726867206749 80.0 0
1726867206884 90.0 0
1726867207020 100.0 7
1726867207867 0.0 0
1726867208009 10.0 0
1726867208144 20.0 0
1726867208279 30.0 0
1726867208415 40.0 0
1726867208554 50.0 0
1726867208690 60.0 0
1726867208842 70.0 0
1726867208995 80.0 0
1726867209142 90.0 0
1726867209288 100.0 8
1726867210165 0.0 0
1726867210300 10.0 0
1726867210436 20.0 0
1726867210569 30.0 0
1726867210705 40.0 0
1726867210841 50.0 0
1726867210977 60.0 0
1726867211114 70.0 0
1726867211255 80.0 0
1726867211392 90.0 0
1726867211528 100.0 9
1726867212412 0.0 0
1726867212555 10.0 0
1726867212692 20.0 0
1726867212853 30.0 0
1726867212998 40.0 0
1726867213135 50.0 0
1726867213274 60.0 0
1726867213423 70.0 0
1726867213570 80.0 0
1726867213715 90.0 0
1726867213858 100.0 10
