1726899262601 0.0 0
1726899262745 10.0 0
1726899262885 20.0 0
1726899263025 30.0 0
1726899263165 40.0 0
1726899263304 50.0 0
1726899263443 60.0 0
1726899263584 70.0 0
1726899263722 80.0 0
1726899264556 0.0 0
1726899264701 10.0 0
1726899264840 20.0 0
1726899264980 30.0 0
1726899265120 40.0 0
1726899265261 50.0 0
1726899265400 60.0 0
1726899265540 70.0 0
1726899265680 80.0 0
1726899266438 0.0 0
1726899266578 10.0 0
1726899266721 20.0 0
1726899266861 30.0 0
1726899267003 40.0 0
1726899267142 50.0 0
1726899267283 60.0 0
1726899267422 70.0 0
1726899267561 80.0 0
1726899268310 0.0 0
1726899268449 10.0 0
1726899268588 20.0 0
1726899268728 30.0 0
1726899268867 40.0 0
1726899269006 50.0 0
1726899269146 60.0 0
1726899269286 70.0 0
1726899269426 80.0 0
1726899270169 0.0 0
1726899270309 10.0 0
1726899270451 20.0 0
1726899270590 30.0 0
1726899270731 40.0 0
1726899270870 50.0 0
1726899271009 60.0 0
1726899271153 70.0 0
1726899271293 80.0 0
1726899272050 0.0 0
1726899272193 10.0 0
1726899272333 20.0 0
1726899272472 30.0 0
1726899272612 40.0 0
1726899272754 50.0 0
1726899272894 60.0 0
1726899273034 70.0 0
1726899273175 80.0 0
1726899273919 0.0 0
1726899274061 10.0 0
1726899274200 20.0 0
1726899274340 30.0 0
1726899274480 40.0 0
1726899274618 50.0 0
1726899274757 60.0 0
1726899274900 70.0 0
1726899275047 80.0 0
1726899275796 0.0 0
1726899275937 10.0 0
1726899276076 20.0 0
1726899276216 30.0 0
1726899276357 40.0 0
1726899276496 50.0 0
1726899276637 60.0 0
1726899276776 70.0 0
1726899276917 80.0 0
1726899277677 0.0 0
1726899277819 10.0 0
1726899277958 20.0 0
1726899278097 30.0 0
1726899278236 40.0 0
1726899278376 50.0 0
1726899278515 60.0 0
1726899278653 70.0 0
1726899278793 80.0 0
1726899279545 0.0 0
1726899279687 10.0 0
1726899279826 20.0 0
1726899279966 30.0 0
1726899280108 40.0 0
1726899280247 50.0 0
1726899280386 60.0 0
1726899280526 70.0 0
1726899280665 80.0 0
