1726675713748 0.286318 0
1726675713893 0.264389 0
1726675714023 1.272311 0
1726675714144 0.668058 0
1726675714258 0.326929 0
1726675714373 0.35307 0
1726675714484 4.056107 0
1726675714601 0.287258 0
1726675715618 0.221532 0
1726675715765 0.212581 0
1726675715885 1.153977 0
1726675715997 0.147258 0
1726675716107 0.344549 0
1726675716217 0.354991 0
1726675716327 2.371266 0
1726675716437 0.319808 0
1726675716944 0.212815 0
1726675717104 0.206415 0
1726675717241 1.286957 0
1726675717365 0.118722 0
1726675717479 0.316987 0
1726675717591 0.263956 0
1726675717701 1.814141 0
1726675717811 0.306423 0
1726675718307 0.234935 0
1726675718454 0.201891 0
1726675718585 1.452687 0
1726675718701 0.170566 0
1726675718811 0.265872 0
1726675718921 0.248564 0
1726675719033 1.600565 0
1726675719143 0.269632 0
1726675719644 0.133897 0
1726675719791 0.188195 0
1726675719920 1.028273 0
1726675720035 0.104321 0
1726675720147 0.272466 0
1726675720257 0.255095 0
1726675720368 1.733878 0
1726675720479 0.266923 0
1726675720983 0.325242 0
1726675721130 0.209819 0
1726675721255 1.225441 0
1726675721370 0.090833 0
1726675721481 0.330939 0
1726675721591 0.285785 0
1726675721701 1.509615 0
1726675721811 0.280526 0
1726675722320 0.280213 0
1726675722492 0.169842 0
1726675722648 1.023883 0
1726675722775 0.115288 0
1726675722891 0.292736 0
1726675723002 0.325083 0
1726675723112 1.387976 0
1726675723224 0.262896 0
1726675723731 0.409404 0
1726675723886 0.383778 0
1726675724019 1.150541 0
1726675724140 0.121557 0
1726675724251 0.292864 0
1726675724362 0.361658 0
1726675724474 1.562444 0
1726675724587 0.259125 0
1726675725181 0.365188 0
1726675725368 0.195158 0
1726675725501 1.163882 0
1726675725617 0.259592 0
1726675725731 0.36497 0
1726675725844 0.306286 0
1726675725955 1.350769 0
1726675726066 0.263392 0
1726675726595 0.164157 0
1726675726755 0.166643 0
1726675726891 0.914029 0
1726675727013 0.135153 0
1726675727124 0.316243 0
1726675727235 0.252161 0
1726675727350 1.380258 0
1726675727462 0.268164 0
