1727117589466 5.401437 0
1727117589572 0.64187 0
1727117589673 0.689656 0
1727117589772 10.171133 0
1727117589874 14.291048 0
1727117589974 7.10056 0
1727117590073 1.630144 0
1727117590172 0.338558 0
1727117590271 0.343297 0
1727117590373 7.664068 0
1727117590475 0.476755 1
1727117590573 0.845229 1
1727117590675 3.097108 1
1727117590774 5.36927 1
1727117590871 1.757829 1
1727117590970 0.968792 1
1727117591070 3.196263 1
1727117591169 2.344465 1
1727117591876 2.050185 0
1727117591979 10.632285 0
1727117592080 1.739643 0
1727117592184 1.755355 0
1727117592302 4.581884 0
1727117592409 3.361048 0
1727117592515 3.569175 0
1727117592614 1.362224 0
1727117592712 1.576989 0
1727117592813 4.103749 0
1727117592911 0.472558 2
1727117593011 0.609505 2
1727117593110 3.918403 2
1727117593208 4.338119 2
1727117593307 1.10804 2
1727117593406 1.402558 2
1727117593507 2.178287 2
1727117593607 2.294514 2
1727117594337 1.319271 0
1727117594441 1.916064 0
1727117594542 0.741625 0
1727117594643 4.127985 0
1727117594741 2.71781 0
1727117594840 4.569302 0
1727117594938 9.142843 0
1727117595042 0.257033 0
1727117595139 1.119687 0
1727117595239 2.67517 0
1727117595338 0.89491 3
1727117595436 0.800703 3
1727117595533 3.283201 3
1727117595633 1.261935 3
1727117595732 0.917883 3
1727117595831 1.157111 3
1727117595944 4.3243 3
1727117596054 1.450426 3
1727117596753 40.394176 0
1727117596858 83.739288 0
1727117596965 0.750794 0
1727117597066 6.02808 0
1727117597167 2.468145 0
1727117597266 9.217665 0
1727117597365 1.088752 0
1727117597467 0.244852 0
1727117597567 2.526342 0
1727117597666 1.02514 0
1727117597765 0.737241 4
1727117597864 1.199471 4
1727117597963 2.862064 4
1727117598070 1.184968 4
1727117598168 1.767784 4
1727117598270 1.925219 4
1727117598372 2.607794 4
1727117598475 2.548265 4
