1726808158550 18.156101 0
1726808158652 264.008331 0
1726808158809 18.361753 0
1726808158910 71.456696 0
1726808159071 22.047661 0
1726808159173 16.081703 0
1726808159330 20.517694 0
1726808159432 15.170801 0
1726808159590 17.562046 0
1726808159693 17.022835 0
1726808159850 190.012329 0
1726808159953 12.492183 0
1726808160112 13.748282 0
1726808160214 15.890622 0
1726808160374 25.615898 0
1726808160479 11.601655 0
1726808160637 9.290052 0
1726808160739 14.606485 0
1726808160896 13.387059 0
1726808160997 28.723524 0
