1727106339495 0.0 0
1727106339632 10.0 0
1727106339771 20.0 0
1727106339919 30.0 0
1727106340051 40.0 0
1727106340181 50.0 0
1727106340312 60.0 0
1727106340445 70.0 0
1727106340578 80.0 0
1727106340718 90.0 0
1727106340829 100.0 1
1727106340960 110.0 1
1727106341086 120.0 1
1727106341211 130.0 1
1727106341345 140.0 1
1727106341477 150.0 1
1727106341611 160.0 1
1727106341744 170.0 1
1727106341868 180.0 1
1727106341997 190.0 1
1727106342127 200.0 2
1727106342259 210.0 2
1727106342393 220.0 2
1727106342524 230.0 2
1727106342653 240.0 2
1727106342784 250.0 2
1727106342914 260.0 2
1727106343044 270.0 2
1727106344306 0.0 0
1727106344437 10.0 0
1727106344563 20.0 0
1727106344693 30.0 0
1727106344825 40.0 0
1727106344954 50.0 0
1727106345085 60.0 0
1727106345218 70.0 0
1727106345354 80.0 0
1727106345486 90.0 0
1727106345620 100.0 2
1727106345752 110.0 2
1727106345866 120.0 2
1727106345998 130.0 2
1727106346133 140.0 2
1727106346262 150.0 2
1727106346393 160.0 2
1727106346525 170.0 2
1727106346653 180.0 2
1727106346784 190.0 2
1727106346917 200.0 4
1727106347046 210.0 4
1727106347174 220.0 4
1727106347303 230.0 4
1727106347433 240.0 4
1727106347566 250.0 4
1727106347688 260.0 4
1727106347812 270.0 4
1727106349125 0.0 0
1727106349256 10.0 0
1727106349382 20.0 0
1727106349515 30.0 0
1727106349649 40.0 0
1727106349782 50.0 0
1727106349917 60.0 0
1727106350049 70.0 0
1727106350183 80.0 0
1727106350316 90.0 0
1727106350448 100.0 3
1727106350581 110.0 3
1727106350715 120.0 3
1727106350848 130.0 3
1727106350973 140.0 3
1727106351105 150.0 3
1727106351230 160.0 3
1727106351358 170.0 3
1727106351489 180.0 3
1727106351615 190.0 3
1727106351741 200.0 6
1727106351873 210.0 6
1727106351996 220.0 6
1727106352123 230.0 6
1727106352257 240.0 6
1727106352390 250.0 6
1727106352513 260.0 6
1727106352637 270.0 6
1727106353905 0.0 0
1727106354028 10.0 0
1727106354151 20.0 0
1727106354281 30.0 0
1727106354413 40.0 0
1727106354546 50.0 0
1727106354653 60.0 0
1727106354782 70.0 0
1727106354916 80.0 0
1727106355049 90.0 0
1727106355181 100.0 4
1727106355314 110.0 4
1727106355449 120.0 4
1727106355582 130.0 4
1727106355714 140.0 4
1727106355848 150.0 4
1727106355981 160.0 4
1727106356115 170.0 4
1727106356241 180.0 4
1727106356373 190.0 4
1727106356497 200.0 8
1727106356622 210.0 8
1727106356751 220.0 8
1727106356881 230.0 8
1727106357006 240.0 8
1727106357132 250.0 8
1727106357264 260.0 8
1727106357390 270.0 8
1727106358664 0.0 0
1727106358793 10.0 0
1727106358925 20.0 0
1727106359059 30.0 0
1727106359191 40.0 0
1727106359323 50.0 0
1727106359450 60.0 0
1727106359582 70.0 0
1727106359716 80.0 0
1727106359848 90.0 0
1727106359982 100.0 5
1727106360106 110.0 5
1727106360231 120.0 5
1727106360361 130.0 5
1727106360494 140.0 5
1727106360623 150.0 5
1727106360750 160.0 5
1727106360872 170.0 5
1727106361001 180.0 5
1727106361128 190.0 5
1727106361260 200.0 10
1727106361389 210.0 10
1727106361520 220.0 10
1727106361652 230.0 10
1727106361782 240.0 10
1727106361917 250.0 10
1727106362043 260.0 10
1727106362168 270.0 10
