1727109710615 0.0 0
1727109710728 10.0 0
1727109710852 20.0 0
1727109710981 30.0 0
1727109711110 40.0 0
1727109711239 50.0 0
1727109711368 60.0 0
1727109711499 70.0 0
1727109711633 80.0 0
1727109711766 90.0 0
1727109711905 100.0 1
1727109712034 110.0 1
1727109712171 120.0 1
1727109712301 130.0 1
1727109712430 140.0 1
1727109712563 150.0 1
1727109712692 160.0 1
1727109712822 170.0 1
1727109712951 180.0 1
1727109713083 190.0 1
1727109713216 200.0 2
1727109713344 210.0 2
1727109713477 220.0 2
1727109713610 230.0 2
1727109713741 240.0 2
1727109713871 250.0 2
1727109713999 260.0 2
1727109714127 270.0 2
1727109714259 280.0 2
1727109714394 290.0 2
1727109714506 300.0 3
1727109714635 310.0 3
1727109714767 320.0 3
1727109714874 330.0 3
1727109715002 340.0 3
1727109715112 350.0 3
1727109715245 360.0 3
1727109715375 370.0 3
1727109715507 380.0 3
1727109715642 390.0 3
1727109717288 0.0 0
1727109717416 10.0 0
1727109717545 20.0 0
1727109717660 30.0 0
1727109717785 40.0 0
1727109717915 50.0 0
1727109718031 60.0 0
1727109718162 70.0 0
1727109718292 80.0 0
1727109718423 90.0 0
1727109718553 100.0 2
1727109718684 110.0 2
1727109718818 120.0 2
1727109718949 130.0 2
1727109719081 140.0 2
1727109719219 150.0 2
1727109719348 160.0 2
1727109719477 170.0 2
1727109719607 180.0 2
1727109719739 190.0 2
1727109719871 200.0 4
1727109720000 210.0 4
1727109720134 220.0 4
1727109720245 230.0 4
1727109720373 240.0 4
1727109720503 250.0 4
1727109720632 260.0 4
1727109720764 270.0 4
1727109720895 280.0 4
1727109721025 290.0 4
1727109721158 300.0 6
1727109721289 310.0 6
1727109721417 320.0 6
1727109721549 330.0 6
1727109721681 340.0 6
1727109721814 350.0 6
1727109721943 360.0 6
1727109722075 370.0 6
1727109722205 380.0 6
1727109722335 390.0 6
1727109723987 0.0 0
1727109724115 10.0 0
1727109724274 20.0 0
1727109724407 30.0 0
1727109724539 40.0 0
1727109724668 50.0 0
1727109724773 60.0 0
1727109724889 70.0 0
1727109725019 80.0 0
1727109725148 90.0 0
1727109725276 100.0 3
1727109725406 110.0 3
1727109725534 120.0 3
1727109725664 130.0 3
1727109725780 140.0 3
1727109725906 150.0 3
1727109726034 160.0 3
1727109726167 170.0 3
1727109726297 180.0 3
1727109726423 190.0 3
1727109726556 200.0 6
1727109726692 210.0 6
1727109726823 220.0 6
1727109726953 230.0 6
1727109727083 240.0 6
1727109727215 250.0 6
1727109727351 260.0 6
1727109727485 270.0 6
1727109727617 280.0 6
1727109727747 290.0 6
1727109727878 300.0 9
1727109728005 310.0 9
1727109728135 320.0 9
1727109728266 330.0 9
1727109728399 340.0 9
1727109728531 350.0 9
1727109728661 360.0 9
1727109728792 370.0 9
1727109728925 380.0 9
1727109729036 390.0 9
1727109730682 0.0 0
1727109730809 10.0 0
1727109730932 20.0 0
1727109731065 30.0 0
1727109731198 40.0 0
1727109731330 50.0 0
1727109731459 60.0 0
1727109731591 70.0 0
1727109731719 80.0 0
1727109731849 90.0 0
1727109731983 100.0 4
1727109732111 110.0 4
1727109732241 120.0 4
1727109732374 130.0 4
1727109732508 140.0 4
1727109732640 150.0 4
1727109732769 160.0 4
1727109732901 170.0 4
1727109733033 180.0 4
1727109733168 190.0 4
1727109733299 200.0 8
1727109733431 210.0 8
1727109733563 220.0 8
1727109733693 230.0 8
1727109733802 240.0 8
1727109733921 250.0 8
1727109734033 260.0 8
1727109734162 270.0 8
1727109734293 280.0 8
1727109734423 290.0 8
1727109734536 300.0 12
1727109734668 310.0 12
1727109734798 320.0 12
1727109734926 330.0 12
1727109735037 340.0 12
1727109735166 350.0 12
1727109735296 360.0 12
1727109735426 370.0 12
1727109735536 380.0 12
1727109735666 390.0 12
1727109737454 0.0 0
1727109737576 10.0 0
1727109737699 20.0 0
1727109737823 30.0 0
1727109737954 40.0 0
1727109738090 50.0 0
1727109738223 60.0 0
1727109738349 70.0 0
1727109738481 80.0 0
1727109738608 90.0 0
1727109738739 100.0 5
1727109738866 110.0 5
1727109738996 120.0 5
1727109739124 130.0 5
1727109739255 140.0 5
1727109739382 150.0 5
1727109739510 160.0 5
1727109739643 170.0 5
1727109739773 180.0 5
1727109739902 190.0 5
1727109740035 200.0 10
1727109740168 210.0 10
1727109740299 220.0 10
1727109740430 230.0 10
1727109740560 240.0 10
1727109740690 250.0 10
1727109740827 260.0 10
1727109740961 270.0 10
1727109741092 280.0 10
1727109741222 290.0 10
1727109741334 300.0 15
1727109741464 310.0 15
1727109741594 320.0 15
1727109741722 330.0 15
1727109741850 340.0 15
1727109741983 350.0 15
1727109742115 360.0 15
1727109742243 370.0 15
1727109742376 380.0 15
1727109742511 390.0 15
1727109744161 0.0 0
1727109744293 10.0 0
1727109744404 20.0 0
1727109744528 30.0 0
1727109744658 40.0 0
1727109744789 50.0 0
1727109744916 60.0 0
1727109745036 70.0 0
1727109745166 80.0 0
1727109745299 90.0 0
1727109745430 100.0 6
1727109745561 110.0 6
1727109745694 120.0 6
1727109745824 130.0 6
1727109745952 140.0 6
1727109746083 150.0 6
1727109746217 160.0 6
1727109746348 170.0 6
1727109746481 180.0 6
1727109746609 190.0 6
1727109746739 200.0 12
1727109746866 210.0 12
1727109746994 220.0 12
1727109747124 230.0 12
1727109747252 240.0 12
1727109747384 250.0 12
1727109747516 260.0 12
1727109747649 270.0 12
1727109747782 280.0 12
1727109747913 290.0 12
1727109748044 300.0 18
1727109748176 310.0 18
1727109748308 320.0 18
1727109748436 330.0 18
1727109748565 340.0 18
1727109748695 350.0 18
1727109748833 360.0 18
1727109748968 370.0 18
1727109749099 380.0 18
1727109749230 390.0 18
1727109750960 0.0 0
1727109751083 10.0 0
1727109751208 20.0 0
1727109751336 30.0 0
1727109751469 40.0 0
1727109751602 50.0 0
1727109751734 60.0 0
1727109751866 70.0 0
1727109752000 80.0 0
1727109752133 90.0 0
1727109752264 100.0 7
1727109752393 110.0 7
1727109752523 120.0 7
1727109752651 130.0 7
1727109752780 140.0 7
1727109752909 150.0 7
1727109753018 160.0 7
1727109753147 170.0 7
1727109753272 180.0 7
1727109753397 190.0 7
1727109753529 200.0 14
1727109753657 210.0 14
1727109753785 220.0 14
1727109753914 230.0 14
1727109754024 240.0 14
1727109754152 250.0 14
1727109754282 260.0 14
1727109754416 270.0 14
1727109754527 280.0 14
1727109754655 290.0 14
1727109754786 300.0 21
1727109754915 310.0 21
1727109755049 320.0 21
1727109755181 330.0 21
1727109755308 340.0 21
1727109755438 350.0 21
1727109755571 360.0 21
1727109755702 370.0 21
1727109755833 380.0 21
1727109755963 390.0 21
1727109757600 0.0 0
1727109757724 10.0 0
1727109757848 20.0 0
1727109757972 30.0 0
1727109758099 40.0 0
1727109758230 50.0 0
1727109758359 60.0 0
1727109758494 70.0 0
1727109758624 80.0 0
1727109758757 90.0 0
1727109758889 100.0 8
1727109759019 110.0 8
1727109759152 120.0 8
1727109759285 130.0 8
1727109759417 140.0 8
1727109759528 150.0 8
1727109759659 160.0 8
1727109759789 170.0 8
1727109759925 180.0 8
1727109760060 190.0 8
1727109760193 200.0 16
1727109760327 210.0 16
1727109760462 220.0 16
1727109760593 230.0 16
1727109760725 240.0 16
1727109760856 250.0 16
1727109760984 260.0 16
1727109761118 270.0 16
1727109761248 280.0 16
1727109761377 290.0 16
1727109761510 300.0 24
1727109761643 310.0 24
1727109761779 320.0 24
1727109761918 330.0 24
1727109762029 340.0 24
1727109762160 350.0 24
1727109762288 360.0 24
1727109762417 370.0 24
1727109762549 380.0 24
1727109762679 390.0 24
1727109764329 0.0 0
1727109764457 10.0 0
1727109764590 20.0 0
1727109764717 30.0 0
1727109764846 40.0 0
1727109764977 50.0 0
1727109765108 60.0 0
1727109765238 70.0 0
1727109765371 80.0 0
1727109765502 90.0 0
1727109765632 100.0 9
1727109765743 110.0 9
1727109765869 120.0 9
1727109765998 130.0 9
1727109766128 140.0 9
1727109766261 150.0 9
1727109766391 160.0 9
1727109766522 170.0 9
1727109766653 180.0 9
1727109766783 190.0 9
1727109766912 200.0 18
1727109767024 210.0 18
1727109767152 220.0 18
1727109767284 230.0 18
1727109767413 240.0 18
1727109767523 250.0 18
1727109767653 260.0 18
1727109767783 270.0 18
1727109767911 280.0 18
1727109768042 290.0 18
1727109768156 300.0 27
1727109768285 310.0 27
1727109768417 320.0 27
1727109768528 330.0 27
1727109768660 340.0 27
1727109768789 350.0 27
1727109768919 360.0 27
1727109769050 370.0 27
1727109769184 380.0 27
1727109769315 390.0 27
