1727123338155 0.21816 0
1727123338290 0.161175 0
1727123338418 0.187245 0
1727123338545 0.217319 0
1727123338676 0.217536 0
1727123338790 0.121222 0
1727123338918 0.073925 0
1727123339028 0.426371 0
1727123339159 0.261893 0
1727123339295 0.696178 0
1727123339429 0.455426 1
1727123339562 0.209284 1
1727123339695 0.201515 1
1727123339828 0.063993 1
1727123340569 0.07387 0
1727123340692 0.088547 0
1727123340820 0.02212 0
1727123340955 0.023071 0
1727123341088 0.020359 0
1727123341221 0.058711 0
1727123341357 0.136669 0
1727123341489 0.264495 0
1727123341625 0.132763 0
1727123341759 0.385972 0
1727123341894 0.229284 2
1727123342029 0.189083 2
1727123342163 0.192009 2
1727123342296 0.061782 2
1727123343020 0.082589 0
1727123343152 0.082199 0
1727123343285 0.020256 0
1727123343418 0.045993 0
1727123343551 0.025983 0
1727123343681 0.021427 0
1727123343816 0.061689 0
1727123343951 0.292641 0
1727123344084 0.135397 0
1727123344220 0.286267 0
1727123344356 0.141513 3
1727123344489 0.172044 3
1727123344627 0.197566 3
1727123344760 0.063929 3
1727123345484 0.0924 0
1727123345613 0.069856 0
1727123345745 0.030101 0
1727123345879 0.025806 0
1727123346013 0.019351 0
1727123346146 0.013954 0
1727123346281 0.101703 0
1727123346413 0.315541 0
1727123346545 0.100067 0
1727123346676 0.375301 0
1727123346809 0.15967 4
1727123346943 0.245564 4
1727123347077 0.238632 4
1727123347210 0.062897 4
1727123347961 0.057086 0
1727123348092 0.057617 0
1727123348220 0.018371 0
1727123348358 0.026279 0
1727123348493 0.017706 0
1727123348629 0.019107 0
1727123348763 0.050738 0
1727123348895 0.317104 0
1727123349028 0.16331 0
1727123349159 0.352584 0
1727123349292 0.281328 5
1727123349427 0.121558 5
1727123349558 0.22781 5
1727123349691 0.064243 5
1727123350435 0.072302 0
1727123350563 0.061944 0
1727123350693 0.018614 0
1727123350826 0.026968 0
1727123350959 0.017998 0
1727123351093 0.018027 0
1727123351226 0.083012 0
1727123351360 0.302462 0
1727123351496 0.140968 0
1727123351630 0.243778 0
1727123351756 0.151559 6
1727123351883 0.128609 6
1727123352018 0.159838 6
1727123352152 0.048424 6
1727123352892 0.064618 0
1727123353021 0.063499 0
1727123353151 0.02045 0
1727123353283 0.030153 0
1727123353416 0.024821 0
1727123353550 0.00973 0
1727123353682 0.063067 0
1727123353817 0.31631 0
1727123353951 0.15103 0
1727123354084 0.240833 0
1727123354218 0.132002 7
1727123354351 0.178457 7
1727123354486 0.131303 7
1727123354619 0.052644 7
