1726796950428 0.281465 0
1726796950524 0.183722 0
1726796950622 0.047985 0
1726796950721 0.183536 0
1726796950820 0.0746 0
1726796950916 0.143576 0
1726796951016 0.384404 0
1726796951115 0.484978 0
1726796951212 0.199437 0
1726796951311 0.214203 0
1726796951412 0.167201 1
1726796951511 0.129731 1
1726796951606 0.165043 1
1726796951702 0.083856 1
1726796951797 0.192264 1
1726796951892 0.120237 1
1726796951987 0.138347 1
1726796952084 0.058919 1
1726796952188 0.033295 1
1726796952288 0.118725 1
1726796952384 0.136355 2
1726796952479 0.203501 2
1726796952578 0.208276 2
1726796952674 0.094738 2
1726796952768 0.159099 2
1726796952863 0.478563 2
1726796952958 0.373113 2
1726796953052 0.198212 2
1726796953147 0.098318 2
1726796953242 0.070307 2
1726796953339 0.065767 3
1726796953434 0.139168 3
1726796953529 0.245647 3
1726796953626 0.181704 3
1726796953725 0.351255 3
1726796953821 0.526242 3
1726796953916 0.107833 3
1726796954012 0.201707 3
1726796954114 0.072624 3
1726796954219 0.235872 3
1726796954315 0.488692 4
1726796954417 0.397809 4
1726796954516 0.18953 4
1726796954615 0.456327 4
1726796954712 0.315917 4
1726796954809 0.127011 4
1726796954905 0.136444 4
1726796955000 0.123906 4
1726796955096 0.16906 4
1726796955191 0.124248 4
1726796955287 0.202394 5
1726796955384 0.178017 5
1726796955488 0.155449 5
1726796955587 0.334496 5
1726796955683 0.319637 5
1726796955778 0.363938 5
1726796955875 0.520348 5
1726796955971 0.230742 5
1726796956066 0.250955 5
1726796956162 0.453928 5
1726796956264 0.241423 6
1726796956366 0.369797 6
1726796956469 0.216623 6
1726796956566 0.650249 6
1726796956664 0.519832 6
1726796956760 0.294817 6
1726796956857 1.002634 6
1726796956954 0.147576 6
1726796957049 1.02957 6
1726796957144 0.558558 6
1726796957241 0.676315 7
1726796957337 0.337853 7
1726796957432 0.232889 7
1726796957528 0.184399 7
1726796957624 0.136329 7
1726796957720 0.162341 7
1726796957818 0.173474 7
1726796957914 0.071461 7
1726796958011 0.511442 7
1726796958109 0.980312 7
1726796958208 0.213165 8
1726796958313 0.280811 8
1726796958412 0.239015 8
1726796958512 0.159354 8
1726796958609 1.006653 8
1726796958706 0.069156 8
1726796958804 0.468393 8
1726796962440 0.363513 0
1726796962539 0.093441 0
1726796962635 0.036454 0
1726796962732 0.080198 0
1726796962827 0.058782 0
1726796962923 0.125807 0
1726796963018 0.349961 0
1726796963114 0.468215 0
1726796963208 0.171579 0
1726796963304 0.232297 0
1726796963398 0.135014 2
1726796963498 0.134487 2
1726796963593 0.058587 2
1726796963688 0.078518 2
1726796963785 0.225269 2
1726796963884 0.154467 2
1726796963980 0.134657 2
1726796964075 0.065862 2
1726796964170 0.032988 2
1726796964265 0.106044 2
1726796964360 0.066745 4
1726796964463 0.268272 4
1726796964562 0.159908 4
1726796964658 0.091382 4
1726796964756 0.203914 4
1726796964852 0.129301 4
1726796964949 0.234736 4
1726796965046 0.187811 4
1726796965141 0.088637 4
1726796965238 0.071755 4
1726796965337 0.064783 6
1726796965434 0.144467 6
1726796965529 0.26377 6
1726796965626 0.090188 6
1726796965723 0.195115 6
1726796965818 0.497275 6
1726796965913 0.107085 6
1726796966007 0.183659 6
1726796966101 0.085657 6
1726796966196 0.135868 6
1726796966291 0.375864 8
1726796966386 0.213915 8
1726796966489 0.150833 8
1726796966591 0.380526 8
1726796966687 0.25244 8
1726796966786 0.097091 8
1726796966883 0.126255 8
1726796966979 0.127563 8
1726796967074 0.15756 8
1726796967169 0.122846 8
1726796967282 0.231444 10
1726796967383 0.170243 10
1726796967482 0.164305 10
1726796967578 0.328317 10
1726796967676 0.305222 10
1726796967783 0.277899 10
1726796967882 0.564311 10
1726796967980 0.286043 10
1726796968078 0.222907 10
1726796968175 0.422524 10
1726796968274 0.221877 12
1726796968376 0.251176 12
1726796968474 0.210292 12
1726796968581 0.672501 12
1726796968680 0.4937 12
1726796968777 0.275318 12
1726796968876 0.898331 12
1726796968973 0.151487 12
1726796969073 1.020547 12
1726796969170 0.474956 12
1726796969267 0.636492 14
1726796969363 0.349521 14
1726796969457 0.223266 14
1726796969554 0.192246 14
1726796969648 0.104916 14
1726796969744 0.155178 14
1726796969841 0.163116 14
1726796969937 0.050215 14
1726796970034 0.465349 14
1726796970129 1.145603 14
1726796970225 0.238359 16
1726796970324 0.299154 16
1726796970421 0.262737 16
1726796970516 0.171975 16
1726796970620 0.894129 16
1726796970716 0.081214 16
1726796970820 0.543075 16
1726796974436 0.156534 0
1726796974533 0.05456 0
1726796974633 0.045956 0
1726796974733 0.078688 0
1726796974830 0.06071 0
1726796974927 0.116568 0
1726796975028 0.34792 0
1726796975125 0.468084 0
1726796975224 0.180309 0
1726796975321 0.230383 0
1726796975419 0.131788 3
1726796975522 0.130518 3
1726796975618 0.053587 3
1726796975719 0.081381 3
1726796975820 0.255988 3
1726796975918 0.152465 3
1726796976018 0.129527 3
1726796976116 0.077222 3
1726796976212 0.040945 3
1726796976309 0.101626 3
1726796976409 0.069376 6
1726796976508 0.298854 6
1726796976604 0.152142 6
1726796976709 0.085786 6
1726796976807 0.192347 6
1726796976903 0.143292 6
1726796976999 0.235687 6
1726796977095 0.193358 6
1726796977190 0.091263 6
1726796977286 0.076608 6
1726796977384 0.068253 9
1726796977483 0.142425 9
1726796977579 0.264489 9
1726796977678 0.098267 9
1726796977779 0.222085 9
1726796977878 0.462701 9
1726796977976 0.103974 9
1726796978073 0.178756 9
1726796978170 0.087013 9
1726796978269 0.114625 9
1726796978367 0.359505 12
1726796978464 0.229164 12
1726796978560 0.165682 12
1726796978656 0.365623 12
1726796978760 0.246432 12
1726796978858 0.093039 12
1726796978957 0.128155 12
1726796979054 0.124957 12
1726796979150 0.17585 12
1726796979248 0.116184 12
1726796979348 0.214841 15
1726796979446 0.156147 15
1726796979543 0.159779 15
1726796979641 0.315299 15
1726796979737 0.331641 15
1726796979835 0.264495 15
1726796979934 0.559145 15
1726796980030 0.227352 15
1726796980127 0.228423 15
1726796980223 0.415691 15
1726796980327 0.193723 18
1726796980426 0.225842 18
1726796980523 0.230139 18
1726796980627 0.532061 18
1726796980726 0.580971 18
1726796980831 0.249033 18
1726796980928 0.8237 18
1726796981024 0.15455 18
1726796981124 0.968618 18
1726796981221 0.364792 18
1726796981317 0.648311 21
1726796981415 0.339976 21
1726796981510 0.209449 21
1726796981609 0.195577 21
1726796981707 0.153656 21
1726796981803 0.140807 21
1726796981899 0.169593 21
1726796981994 0.068436 21
1726796982092 0.501385 21
1726796982190 0.933393 21
1726796982286 0.211017 24
1726796982384 0.276269 24
1726796982481 0.240538 24
1726796982575 0.164673 24
1726796982671 0.897328 24
1726796982769 0.084709 24
1726796982875 0.544163 24
1726796986478 0.175326 0
1726796986575 0.053087 0
1726796986670 0.040644 0
1726796986766 0.070726 0
1726796986862 0.057334 0
1726796986967 0.110138 0
1726796987067 0.345078 0
1726796987166 0.456952 0
1726796987264 0.163685 0
1726796987361 0.223241 0
1726796987460 0.123626 4
1726796987561 0.121984 4
1726796987658 0.058936 4
1726796987754 0.080885 4
1726796987848 0.244689 4
1726796987944 0.133849 4
1726796988039 0.125057 4
1726796988142 0.074847 4
1726796988240 0.032644 4
1726796988339 0.08901 4
1726796988436 0.06405 8
1726796988534 0.297422 8
1726796988631 0.141474 8
1726796988726 0.074678 8
1726796988824 0.202705 8
1726796988920 0.119655 8
1726796989027 0.224196 8
1726796989128 0.179523 8
1726796989227 0.090777 8
1726796989327 0.074988 8
1726796989425 0.073144 12
1726796989524 0.129974 12
1726796989625 0.273743 12
1726796989722 0.099647 12
1726796989818 0.213764 12
1726796989915 0.460654 12
1726796990010 0.0932 12
1726796990105 0.169159 12
1726796990200 0.080208 12
1726796990296 0.120594 12
1726796990391 0.34056 16
1726796990486 0.219946 16
1726796990581 0.160411 16
1726796990681 0.341214 16
1726796990777 0.25049 16
1726796990874 0.094772 16
1726796990970 0.129725 16
1726796991076 0.121363 16
1726796991178 0.18891 16
1726796991277 0.109662 16
1726796991373 0.20497 20
1726796991472 0.166439 20
1726796991568 0.153818 20
1726796991665 0.294703 20
1726796991761 0.316081 20
1726796991857 0.264641 20
1726796991953 0.509166 20
1726796992049 0.231891 20
1726796992144 0.234557 20
1726796992240 0.36978 20
1726796992335 0.193504 24
1726796992432 0.232661 24
1726796992527 0.217321 24
1726796992623 0.552972 24
1726796992725 0.602633 24
1726796992822 0.240969 24
1726796992924 0.800732 24
1726796993024 0.160371 24
1726796993130 1.004848 24
1726796993229 0.404035 24
1726796993329 0.692835 28
1726796993426 0.322839 28
1726796993522 0.202967 28
1726796993619 0.209546 28
1726796993717 0.212731 28
1726796993814 0.153761 28
1726796993910 0.163277 28
1726796994005 0.083878 28
1726796994100 0.492358 28
1726796994194 0.997701 28
1726796994291 0.203546 32
1726796994387 0.259272 32
1726796994488 0.219825 32
1726796994597 0.160611 32
1726796994696 0.910161 32
1726796994792 0.092509 32
1726796994887 0.525627 32
1726796998520 0.189543 0
1726796998621 0.086119 0
1726796998716 0.038489 0
1726796998813 0.068143 0
1726796998910 0.062657 0
1726796999011 0.107525 0
1726796999108 0.354691 0
1726796999212 0.478839 0
1726796999309 0.164567 0
1726796999406 0.218154 0
1726796999502 0.104257 5
1726796999606 0.119183 5
1726796999704 0.044373 5
1726796999803 0.073479 5
1726796999900 0.213571 5
1726796999996 0.098155 5
1726797000091 0.108311 5
1726797000187 0.072063 5
1726797000284 0.031099 5
1726797000381 0.087433 5
1726797000480 0.063181 10
1726797000576 0.280464 10
1726797000674 0.146293 10
1726797000774 0.083755 10
1726797000871 0.182819 10
1726797000968 0.085078 10
1726797001064 0.221582 10
1726797001162 0.174364 10
1726797001267 0.093381 10
1726797001369 0.079541 10
1726797001467 0.05894 15
1726797001565 0.140921 15
1726797001661 0.277708 15
1726797001757 0.099971 15
1726797001853 0.207001 15
1726797001950 0.436812 15
1726797002046 0.100173 15
1726797002141 0.171773 15
1726797002238 0.108685 15
1726797002336 0.084235 15
1726797002436 0.380506 20
1726797002533 0.226008 20
1726797002630 0.153604 20
1726797002726 0.325395 20
1726797002822 0.273637 20
1726797002917 0.102281 20
1726797003015 0.136294 20
1726797003112 0.120431 20
1726797003208 0.208815 20
1726797003311 0.105234 20
1726797003408 0.20385 25
1726797003504 0.155045 25
1726797003599 0.156883 25
1726797003695 0.292743 25
1726797003792 0.275549 25
1726797003889 0.29098 25
1726797003985 0.492488 25
1726797004083 0.181394 25
1726797004181 0.190298 25
1726797004280 0.416257 25
1726797004378 0.196908 30
1726797004475 0.244286 30
1726797004574 0.20302 30
1726797004670 0.45998 30
1726797004766 0.578134 30
1726797004865 0.25148 30
1726797004964 0.754175 30
1726797005068 0.162194 30
1726797005166 0.926658 30
1726797005275 0.416712 30
1726797005381 0.687037 35
1726797005477 0.288631 35
1726797005577 0.196777 35
1726797005675 0.18443 35
1726797005775 0.380275 35
1726797005875 0.136957 35
1726797005971 0.150234 35
1726797006069 0.085395 35
1726797006168 0.642479 35
1726797006265 0.680673 35
1726797006361 0.190634 40
1726797006457 0.242436 40
1726797006554 0.215835 40
1726797006653 0.148046 40
1726797006749 0.823008 40
1726797006845 0.07191 40
1726797006941 0.520993 40
1726797010602 0.21653 0
1726797010701 0.068465 0
1726797010799 0.031588 0
1726797010896 0.064421 0
1726797010992 0.069809 0
1726797011089 0.097988 0
1726797011186 0.322438 0
1726797011283 0.468753 0
1726797011383 0.154102 0
1726797011490 0.198003 0
1726797011589 0.098489 6
1726797011690 0.121302 6
1726797011788 0.049933 6
1726797011887 0.062111 6
1726797011984 0.21659 6
1726797012082 0.090529 6
1726797012181 0.096838 6
1726797012281 0.079309 6
1726797012377 0.030763 6
1726797012477 0.078785 6
1726797012575 0.062259 12
1726797012673 0.285893 12
1726797012770 0.150527 12
1726797012867 0.081532 12
1726797012964 0.174711 12
1726797013060 0.098214 12
1726797013157 0.212066 12
1726797013256 0.161846 12
1726797013354 0.08018 12
1726797013453 0.078323 12
1726797013558 0.060015 18
1726797013657 0.135675 18
1726797013753 0.281824 18
1726797013850 0.095591 18
1726797013949 0.206514 18
1726797014046 0.44645 18
1726797014142 0.092372 18
1726797014241 0.167956 18
1726797014341 0.108105 18
1726797014439 0.098974 18
1726797014538 0.352456 24
1726797014635 0.219681 24
1726797014733 0.156806 24
1726797014830 0.315865 24
1726797014926 0.254801 24
1726797015022 0.095612 24
1726797015120 0.134607 24
1726797015222 0.11946 24
1726797015321 0.224113 24
1726797015417 0.10383 24
1726797015511 0.21282 30
1726797015615 0.149019 30
1726797015716 0.157112 30
1726797015813 0.292421 30
1726797015911 0.282671 30
1726797016008 0.286392 30
1726797016102 0.457257 30
1726797016198 0.191745 30
1726797016294 0.194046 30
1726797016390 0.387705 30
1726797016485 0.19092 36
1726797016582 0.230089 36
1726797016681 0.194849 36
1726797016778 0.419542 36
1726797016875 0.562338 36
1726797016971 0.24255 36
1726797017066 0.731775 36
1726797017162 0.161637 36
1726797017259 0.914329 36
1726797017354 0.406719 36
1726797017449 0.619823 42
1726797017544 0.260783 42
1726797017649 0.191648 42
1726797017745 0.171619 42
1726797017842 0.441214 42
1726797017941 0.138779 42
1726797018037 0.15012 42
1726797018132 0.088913 42
1726797018230 0.704593 42
1726797018325 0.601246 42
1726797018422 0.199029 48
1726797018522 0.244015 48
1726797018622 0.208433 48
1726797018723 0.148022 48
1726797018820 0.764545 48
1726797018915 0.07443 48
1726797019011 0.510308 48
1726797022686 0.231706 0
1726797022783 0.069154 0
1726797022880 0.022432 0
1726797022977 0.066344 0
1726797023075 0.062722 0
1726797023175 0.092963 0
1726797023275 0.335064 0
1726797023371 0.460062 0
1726797023468 0.149019 0
1726797023567 0.195394 0
1726797023663 0.101272 7
1726797023773 0.12139 7
1726797023870 0.04503 7
1726797023966 0.060441 7
1726797024062 0.225186 7
1726797024157 0.08083 7
1726797024253 0.101476 7
1726797024349 0.074064 7
1726797024445 0.028096 7
1726797024541 0.086105 7
1726797024636 0.061758 14
1726797024733 0.267685 14
1726797024829 0.145167 14
1726797024925 0.082349 14
1726797025023 0.174154 14
1726797025121 0.079983 14
1726797025225 0.208484 14
1726797025330 0.170945 14
1726797025430 0.089092 14
1726797025527 0.076144 14
1726797025624 0.065039 21
1726797025720 0.135434 21
1726797025826 0.278683 21
1726797025926 0.098333 21
1726797026024 0.199922 21
1726797026120 0.472472 21
1726797026219 0.098955 21
1726797026316 0.163133 21
1726797026413 0.097616 21
1726797026512 0.089684 21
1726797026609 0.277513 28
1726797026707 0.229547 28
1726797026804 0.153702 28
1726797026900 0.324565 28
1726797026996 0.270052 28
1726797027095 0.094847 28
1726797027192 0.147091 28
1726797027294 0.123228 28
1726797027392 0.198961 28
1726797027491 0.097976 28
1726797027586 0.204499 35
1726797027683 0.143654 35
1726797027781 0.159019 35
1726797027885 0.26381 35
1726797027983 0.33411 35
1726797028080 0.299329 35
1726797028175 0.445426 35
1726797028275 0.20081 35
1726797028373 0.20056 35
1726797028470 0.399771 35
1726797028566 0.192386 42
1726797028664 0.23271 42
1726797028761 0.194229 42
1726797028860 0.366698 42
1726797028958 0.557253 42
1726797029066 0.239963 42
1726797029165 0.719995 42
1726797029263 0.163561 42
1726797029360 0.866665 42
1726797029460 0.419026 42
1726797029558 0.636488 49
1726797029653 0.268945 49
1726797029749 0.194418 49
1726797029845 0.171775 49
1726797029960 0.386839 49
1726797030058 0.126757 49
1726797030157 0.171851 49
1726797030254 0.0831 49
1726797030349 0.636554 49
1726797030446 0.721589 49
1726797030541 0.187446 56
1726797030638 0.230081 56
1726797030735 0.214357 56
1726797030831 0.152418 56
1726797030926 0.707699 56
1726797031021 0.076239 56
1726797031116 0.527373 56
1726797034781 0.17811 0
1726797034884 0.074254 0
1726797034980 0.026098 0
1726797035077 0.064769 0
1726797035177 0.058676 0
1726797035277 0.095135 0
1726797035374 0.297298 0
1726797035471 0.459535 0
1726797035568 0.141844 0
1726797035664 0.19546 0
1726797035763 0.097468 8
1726797035867 0.122064 8
1726797035969 0.045853 8
1726797036075 0.05729 8
1726797036177 0.241452 8
1726797036278 0.075163 8
1726797036375 0.101203 8
1726797036471 0.07114 8
1726797036566 0.028748 8
1726797036663 0.077837 8
1726797036761 0.061827 16
1726797036860 0.240972 16
1726797036958 0.137954 16
1726797037055 0.079923 16
1726797037153 0.181439 16
1726797037253 0.082154 16
1726797037352 0.206477 16
1726797037451 0.169623 16
1726797037551 0.090135 16
1726797037649 0.077895 16
1726797037745 0.064114 24
1726797037841 0.137502 24
1726797037939 0.275128 24
1726797038037 0.093067 24
1726797038139 0.204769 24
1726797038239 0.470791 24
1726797038337 0.102548 24
1726797038436 0.167897 24
1726797038535 0.091013 24
1726797038633 0.09074 24
1726797038732 0.312244 32
1726797038829 0.213746 32
1726797038930 0.157384 32
1726797039028 0.321044 32
1726797039124 0.262847 32
1726797039222 0.093697 32
1726797039322 0.141494 32
1726797039433 0.122609 32
1726797039532 0.201149 32
1726797039628 0.090714 32
1726797039725 0.198221 40
1726797039821 0.14779 40
1726797039919 0.158823 40
1726797040016 0.275051 40
1726797040120 0.288974 40
1726797040222 0.333311 40
1726797040321 0.413906 40
1726797040418 0.18778 40
1726797040519 0.194404 40
1726797040617 0.403986 40
1726797040715 0.204339 48
1726797040811 0.232584 48
1726797040911 0.186966 48
1726797041009 0.369848 48
1726797041106 0.515041 48
1726797041204 0.238118 48
1726797041299 0.705348 48
1726797041396 0.157422 48
1726797041494 0.870412 48
1726797041591 0.407084 48
1726797041691 0.64387 56
1726797041792 0.271075 56
1726797041890 0.174742 56
1726797041991 0.18058 56
1726797042087 0.440096 56
1726797042192 0.131138 56
1726797042291 0.159738 56
1726797042390 0.094673 56
1726797042487 0.595808 56
1726797042582 0.73012 56
1726797042680 0.201682 64
1726797042775 0.238251 64
1726797042871 0.212958 64
1726797042966 0.151856 64
1726797043062 0.674955 64
1726797043161 0.067059 64
1726797043265 0.562331 64
1726797046882 0.160082 0
1726797046980 0.07212 0
1726797047079 0.022237 0
1726797047176 0.062494 0
1726797047279 0.063182 0
1726797047376 0.097085 0
1726797047473 0.340302 0
1726797047570 0.453414 0
1726797047668 0.161055 0
1726797047765 0.198359 0
1726797047864 0.099651 9
1726797047966 0.117199 9
1726797048065 0.048994 9
1726797048164 0.058697 9
1726797048261 0.211501 9
1726797048363 0.076763 9
1726797048461 0.088804 9
1726797048557 0.069105 9
1726797048656 0.027322 9
1726797048753 0.067139 9
1726797048850 0.06827 18
1726797048946 0.221541 18
1726797049042 0.140901 18
1726797049136 0.078595 18
1726797049238 0.16873 18
1726797049336 0.043549 18
1726797049433 0.203536 18
1726797049530 0.162163 18
1726797049626 0.091572 18
1726797049725 0.070967 18
1726797049823 0.065216 27
1726797049918 0.128634 27
1726797050017 0.275314 27
1726797050114 0.098692 27
1726797050211 0.197746 27
1726797050313 0.447241 27
1726797050412 0.1137 27
1726797050508 0.194533 27
1726797050605 0.063795 27
1726797050706 0.083631 27
1726797050803 0.327893 36
1726797050900 0.16713 36
1726797050996 0.142417 36
1726797051094 0.301148 36
1726797051194 0.214263 36
1726797051290 0.093699 36
1726797051385 0.142035 36
1726797051481 0.123917 36
1726797051575 0.188219 36
1726797051670 0.090706 36
1726797051766 0.186263 45
1726797051862 0.141709 45
1726797051959 0.16406 45
1726797052056 0.245519 45
1726797052153 0.300507 45
1726797052253 0.318353 45
1726797052351 0.414233 45
1726797052452 0.227899 45
1726797052549 0.186815 45
1726797052647 0.410766 45
1726797052744 0.188965 54
1726797052841 0.228504 54
1726797052937 0.146255 54
1726797053033 0.357306 54
1726797053129 0.503742 54
1726797053226 0.248902 54
1726797053324 0.678658 54
1726797053419 0.145115 54
1726797053515 0.820777 54
1726797053611 0.314629 54
1726797053719 0.6319 63
1726797053821 0.238092 63
1726797053920 0.178553 63
1726797054016 0.164219 63
1726797054112 0.386813 63
1726797054208 0.13599 63
1726797054307 0.149108 63
1726797054407 0.102254 63
1726797054508 0.636463 63
1726797054604 0.525472 63
1726797054703 0.195222 72
1726797054801 0.224998 72
1726797054898 0.202981 72
1726797054995 0.149494 72
1726797055092 0.609628 72
1726797055189 0.055646 72
1726797055289 0.515518 72
1726797059090 0.115019 0
1726797059196 0.059701 0
1726797059294 0.02538 0
1726797059394 0.054994 0
1726797059491 0.060857 0
1726797059587 0.096731 0
1726797059683 0.297837 0
1726797059780 0.452925 0
1726797059876 0.152063 0
1726797059973 0.184102 0
1726797060069 0.096497 10
1726797060171 0.122086 10
1726797060272 0.042986 10
1726797060372 0.058306 10
1726797060469 0.222141 10
1726797060575 0.066253 10
1726797060673 0.099293 10
1726797060773 0.07128 10
1726797060871 0.029501 10
1726797060969 0.074046 10
1726797061066 0.065956 20
1726797061163 0.214923 20
1726797061259 0.129056 20
1726797061356 0.078997 20
1726797061451 0.171216 20
1726797061548 0.047872 20
1726797061647 0.201332 20
1726797061744 0.158468 20
1726797061840 0.092569 20
1726797061938 0.080829 20
1726797062034 0.064831 30
1726797062133 0.130914 30
1726797062233 0.265621 30
1726797062332 0.110505 30
1726797062428 0.187065 30
1726797062527 0.454594 30
1726797062633 0.100985 30
1726797062733 0.191517 30
1726797062831 0.058665 30
1726797062927 0.073376 30
1726797063027 0.312985 40
1726797063129 0.157448 40
1726797063226 0.125526 40
1726797063325 0.296376 40
1726797063424 0.238716 40
1726797063523 0.08768 40
1726797063620 0.152654 40
1726797063717 0.13057 40
1726797063815 0.204298 40
1726797063912 0.081014 40
1726797064008 0.205745 50
1726797064108 0.132602 50
1726797064204 0.160504 50
1726797064300 0.239797 50
1726797064396 0.286099 50
1726797064491 0.28163 50
1726797064587 0.389362 50
1726797064692 0.192171 50
1726797064792 0.175783 50
1726797064889 0.40391 50
1726797064985 0.188869 60
1726797065085 0.215224 60
1726797065183 0.142797 60
1726797065283 0.345575 60
1726797065380 0.462715 60
1726797065476 0.252125 60
1726797065576 0.666268 60
1726797065674 0.14291 60
1726797065770 0.775106 60
1726797065866 0.332862 60
1726797065963 0.677606 70
1726797066058 0.21992 70
1726797066153 0.188013 70
1726797066252 0.164513 70
1726797066349 0.396872 70
1726797066445 0.142804 70
1726797066540 0.142943 70
1726797066637 0.101561 70
1726797066744 0.567694 70
1726797066845 0.554481 70
1726797066942 0.196392 80
1726797067042 0.211676 80
1726797067139 0.191762 80
1726797067236 0.14454 80
1726797067332 0.583224 80
1726797067428 0.059946 80
1726797067525 0.499989 80
