1726851033376 14.002895 0
1726851033550 4.022131 0
1726851033714 1.194279 0
1726851033877 9.534744 0
1726851034033 4.63919 0
1726851034178 1.769438 0
1726851034322 11.205669 0
1726851034463 2.553719 0
1726851034604 2.989184 0
1726851034743 5.701707 0
1726851034879 1.134501 1
1726851036295 12.787595 0
1726851036473 1.525981 0
1726851036637 3.495984 0
1726851036784 0.730369 0
1726851036923 1.488808 0
1726851037059 1.520789 0
1726851037195 4.393053 0
1726851037338 6.426076 0
1726851037488 1.348273 0
1726851037644 15.25746 0
1726851037801 1.399155 2
1726851039732 4.298189 0
1726851039915 3.094524 0
1726851040085 0.704456 0
1726851040239 3.505622 0
1726851040382 4.88014 0
1726851040522 5.188748 0
1726851040657 2.006851 0
1726851040790 1.138372 0
1726851040922 1.521894 0
1726851041054 16.889217 0
1726851041190 0.774446 3
1726851042977 3.508453 0
1726851043165 1.862819 0
1726851043342 5.713331 0
1726851043509 2.642799 0
1726851043681 11.459445 0
1726851043838 1.157795 0
1726851043987 1.178954 0
1726851044134 1.163218 0
1726851044277 0.935232 0
1726851044418 1.023248 0
1726851044560 0.722624 4
1726851046145 0.636579 0
1726851046332 1.446678 0
1726851046513 2.391046 0
1726851046687 2.049982 0
1726851046845 2.736818 0
1726851046995 1.576743 0
1726851047143 1.103297 0
1726851047287 1.016983 0
1726851047424 0.846503 0
1726851047560 0.583588 0
1726851047695 1.928009 5
1726851049528 2.032088 0
1726851049719 1.343165 0
1726851049888 1.88082 0
1726851050042 1.998241 0
1726851050191 3.823037 0
1726851050335 2.463535 0
1726851050479 2.286769 0
1726851050623 1.789532 0
1726851050768 1.120807 0
1726851050912 0.930375 0
1726851051057 0.605759 6
1726851052558 4.894351 0
1726851052755 1.01307 0
1726851052928 0.81388 0
1726851053086 1.967966 0
1726851053232 2.266296 0
1726851053374 1.577912 0
1726851053512 4.205042 0
1726851053651 2.518603 0
1726851053797 0.879504 0
1726851053946 10.296207 0
1726851054097 0.629174 7
