1726772527031 1.418799 0
1726772527127 0.56431 0
1726772527220 0.653761 0
1726772527311 0.495232 0
1726772527404 0.42178 0
1726772527506 0.376095 0
1726772527600 0.231933 0
1726772527693 0.260015 0
1726772527786 0.291208 0
1726772527876 0.439433 0
1726772527968 0.499308 1
1726772528062 0.50439 1
1726772528154 0.163376 1
1726772528245 0.655418 1
1726772528338 0.267291 1
1726772528433 0.522775 1
1726772528529 0.298685 1
1726772528623 0.301236 1
1726772529565 0.627999 0
1726772529658 0.242768 0
1726772529752 0.345715 0
1726772529843 0.30822 0
1726772529934 0.225162 0
1726772530027 0.181304 0
1726772530121 0.225346 0
1726772530214 0.207492 0
1726772530312 0.177084 0
1726772530403 0.352691 0
1726772530494 0.470223 2
1726772530585 0.457902 2
1726772530675 0.153278 2
1726772530765 0.423662 2
1726772530862 0.25179 2
1726772530955 0.42411 2
1726772531045 0.266153 2
1726772531136 0.29682 2
1726772532061 0.589793 0
1726772532161 0.212771 0
1726772532257 0.365545 0
1726772532348 0.313604 0
1726772532439 0.209833 0
1726772532529 0.09558 0
1726772532620 0.244343 0
1726772532709 0.204695 0
1726772532799 0.159504 0
1726772532890 0.367774 0
1726772532979 0.533973 3
1726772533069 0.431828 3
1726772533160 0.151072 3
1726772533250 0.482221 3
1726772533341 0.222458 3
1726772533430 0.396665 3
1726772533520 0.279625 3
1726772533618 0.299185 3
1726772534520 0.552714 0
1726772534618 0.190416 0
1726772534708 0.38228 0
1726772534798 0.355566 0
1726772534888 0.26336 0
1726772534978 0.138611 0
1726772535068 0.212921 0
1726772535161 0.200708 0
1726772535254 0.15704 0
1726772535353 0.365407 0
1726772535446 0.531285 4
1726772535540 0.432833 4
1726772535638 0.146464 4
1726772535734 0.461236 4
1726772535826 0.223134 4
1726772535922 0.385322 4
1726772536015 0.287996 4
1726772536107 0.306181 4
1726772537032 0.640365 0
1726772537133 0.197051 0
1726772537231 0.387999 0
1726772537325 0.324921 0
1726772537417 0.251606 0
1726772537509 0.108474 0
1726772537605 0.201949 0
1726772537706 0.183405 0
1726772537803 0.158896 0
1726772537899 0.354068 0
1726772537992 0.558664 5
1726772538087 0.388231 5
1726772538180 0.163978 5
1726772538274 0.438982 5
1726772538368 0.217074 5
1726772538461 0.377092 5
1726772538553 0.280226 5
1726772538644 0.299851 5
1726772539565 0.604239 0
1726772539665 0.18768 0
1726772539766 0.386815 0
1726772539857 0.327099 0
1726772539951 0.211476 0
1726772540043 0.094654 0
1726772540139 0.206906 0
1726772540234 0.197192 0
1726772540336 0.165908 0
1726772540430 0.313913 0
1726772540522 0.53055 6
1726772540614 0.384418 6
1726772540708 0.163892 6
1726772540803 0.451208 6
1726772540896 0.223374 6
1726772540988 0.394608 6
1726772541080 0.291191 6
1726772541171 0.286081 6
1726772542124 0.553815 0
1726772542226 0.181057 0
1726772542322 0.393739 0
1726772542419 0.33946 0
1726772542511 0.229652 0
1726772542606 0.121698 0
1726772542698 0.193696 0
1726772542791 0.195954 0
1726772542888 0.16573 0
1726772542980 0.309116 0
1726772543072 0.531101 7
1726772543162 0.392938 7
1726772543254 0.161683 7
1726772543344 0.455345 7
1726772543435 0.225041 7
1726772543526 0.378651 7
1726772543617 0.289934 7
1726772543708 0.298981 7
