1726833111071 0.473499 0
1726833111249 1.02511 0
1726833111426 0.284595 0
1726833111609 0.291565 0
1726833111782 0.521104 0
1726833111963 0.456332 0
1726833112822 0.522844 0
1726833112996 0.482541 0
1726833113167 0.150133 0
1726833113333 0.575055 0
1726833113498 0.329531 0
1726833113667 0.700315 0
1726833114392 0.322027 0
1726833114559 0.416039 0
1726833114726 0.238848 0
1726833114894 0.59585 0
1726833115052 0.410534 0
1726833115206 0.851871 0
1726833115933 0.705089 0
1726833116107 0.504379 0
1726833116277 0.396443 0
1726833116448 0.309366 0
1726833116614 0.302857 0
1726833116782 0.354178 0
1726833117468 0.465029 0
1726833117637 1.154378 0
1726833117806 0.236369 0
1726833117976 0.226318 0
1726833118148 0.323445 0
1726833118315 0.452588 0
1726833119045 0.173416 0
1726833119226 0.515787 0
1726833119392 0.126033 0
1726833119548 0.24609 0
1726833119701 0.395399 0
1726833119871 0.36987 0
1726833120609 0.14459 0
1726833120777 0.422638 0
1726833120949 0.121319 0
1726833121117 0.232205 0
1726833121286 0.307936 0
1726833121454 0.364127 0
1726833122166 0.144469 0
1726833122330 0.407409 0
1726833122495 0.114049 0
1726833122665 0.222603 0
1726833122837 0.310026 0
1726833123005 0.353504 0
1726833123736 0.138841 0
1726833123901 0.398278 0
1726833124056 0.115256 0
1726833124206 0.216086 0
1726833124370 0.303035 0
1726833124535 0.350589 0
1726833125256 0.139926 0
1726833125429 0.400152 0
1726833125604 0.112134 0
1726833125772 0.209597 0
1726833125943 0.293761 0
1726833126114 0.351799 0
