1726922275728 32.561783 0
1726922275875 18.664978 0
1726922276022 7.000228 0
1726922276170 7.823963 0
1726922276319 14.438568 0
1726922276469 6.323214 0
1726922276621 7.859493 0
1726922276773 27.100382 0
1726922276919 9.491173 0
1726922277068 16.09866 0
1726922277218 3.080629 1
1726922278208 7.956961 0
1726922278355 1.316272 0
1726922278501 3.394451 0
1726922278651 12.547199 0
1726922278798 8.920385 0
1726922278944 3.099947 0
1726922279090 4.69647 0
1726922279237 3.79078 0
1726922279388 3.807697 0
1726922279536 1.339857 0
1726922279687 2.74861 2
1726922280599 0.659661 0
1726922280757 2.072162 0
1726922280905 1.966293 0
1726922281054 3.878809 0
1726922281202 3.14069 0
1726922281355 3.441983 0
1726922281503 2.857435 0
1726922281650 4.905643 0
1726922281799 1.959357 0
1726922281947 1.685698 0
1726922282094 2.143731 3
1726922282980 6.445803 0
1726922283129 0.937701 0
1726922283276 3.283649 0
1726922283423 3.446422 0
1726922283569 7.364164 0
1726922283722 2.676425 0
1726922283911 7.361363 0
1726922284058 1.387921 0
1726922284205 1.176813 0
1726922284352 1.00026 0
1726922284500 0.805755 4
1726922285385 1.257421 0
1726922285534 1.136965 0
1726922285681 1.657846 0
1726922285826 12.601435 0
1726922285973 2.334491 0
1726922286118 6.527132 0
1726922286265 79.813446 0
1726922286413 2.373368 0
1726922286560 0.593512 0
1726922286710 1.862456 0
1726922286862 0.843669 5
1726922287770 1.34656 0
1726922287915 1.252983 0
1726922288062 2.745976 0
1726922288208 5.23283 0
1726922288354 8.262548 0
1726922288501 2.742616 0
1726922288647 4.155785 0
1726922288797 3.369209 0
1726922288945 2.227985 0
1726922289092 1.013544 0
1726922289241 0.897588 6
1726922290128 1.285379 0
1726922290276 1.455777 0
1726922290425 2.259466 0
1726922290574 4.503095 0
1726922290721 4.057915 0
1726922290871 2.368647 0
1726922291017 2.389568 0
1726922291164 20.559374 0
1726922291312 1.06807 0
1726922291458 1.136422 0
1726922291607 0.950389 7
1726922292537 1.032127 0
1726922292686 1.15196 0
1726922292835 1.633947 0
1726922292987 5.949765 0
1726922293137 3.400728 0
1726922293285 3.006195 0
1726922293432 2.447882 0
1726922293581 1.855962 0
1726922293728 5.660919 0
1726922293876 1.010317 0
1726922294024 0.761279 8
1726922294899 4.926183 0
1726922295045 13.087977 0
1726922295192 1.889557 0
1726922295337 4.553327 0
1726922295484 2.335882 0
1726922295629 2.572635 0
1726922295776 1.750528 0
1726922295922 2.658988 0
1726922296069 1.019892 0
1726922296217 1.348291 0
1726922296362 0.797901 9
1726922297241 2.25693 0
1726922297385 1.014686 0
1726922297532 2.622309 0
1726922297678 8.563841 0
1726922297825 2.439104 0
1726922297972 172.491196 0
1726922298118 2.623151 0
1726922298264 4.777589 0
1726922298410 1.40937 0
1726922298556 0.96879 0
1726922298704 0.729038 10
