1726842738824 0.311487 0
1726842738962 0.391974 0
1726842739113 0.642895 0
1726842739278 0.536083 0
1726842739430 0.313477 0
1726842739581 0.220497 0
1726842739730 0.379802 0
1726842739880 1.477073 0
1726842740034 0.934522 0
1726842740183 2.236101 0
1726842740334 0.525112 1
1726842740483 0.232162 1
1726842740632 0.589437 1
1726842740775 0.155272 1
1726842740920 0.191031 1
1726842741065 0.113107 1
1726842741209 0.151422 1
1726842741355 0.24636 1
1726842741500 0.219547 1
1726842741644 0.291825 1
1726842741790 0.332378 2
1726842741940 0.321449 2
1726842742087 0.263309 2
1726842742233 0.017892 2
1726842744089 0.449289 0
1726842744234 0.247826 0
1726842744378 0.067224 0
1726842744526 0.288372 0
1726842744667 0.069865 0
1726842744806 0.056717 0
1726842744947 0.11007 0
1726842745086 0.599319 0
1726842745223 0.323399 0
1726842745364 0.631582 0
1726842745503 0.131068 2
1726842745646 0.241865 2
1726842745793 0.14061 2
1726842745935 0.096351 2
1726842746073 0.12771 2
1726842746211 0.106396 2
1726842746356 0.117406 2
1726842746495 0.221676 2
1726842746633 0.139508 2
1726842746773 0.197248 2
1726842746917 0.330718 4
1726842747056 0.256849 4
1726842747196 0.227391 4
1726842747333 0.02013 4
1726842749086 0.238357 0
1726842749219 0.175317 0
1726842749350 0.05743 0
1726842749483 0.281296 0
1726842749615 0.072648 0
1726842749748 0.072141 0
1726842749881 0.092972 0
1726842750015 0.4531 0
1726842750146 0.308914 0
1726842750277 0.569754 0
1726842750411 0.103556 3
1726842750544 0.148906 3
1726842750678 0.107002 3
1726842750809 0.084316 3
1726842750940 0.133991 3
1726842751072 0.111826 3
1726842751204 0.105182 3
1726842751336 0.240945 3
1726842751471 0.123185 3
1726842751602 0.201079 3
1726842751734 0.324539 6
1726842751865 0.263767 6
1726842751999 0.209768 6
1726842752128 0.01703 6
1726842753738 0.170878 0
1726842753874 0.120912 0
1726842754006 0.056006 0
1726842754138 0.246071 0
1726842754271 0.069092 0
1726842754404 0.069478 0
1726842754538 0.093614 0
1726842754669 0.389495 0
1726842754803 0.277368 0
1726842754933 0.596407 0
1726842755065 0.098634 4
1726842755197 0.125126 4
1726842755327 0.089044 4
1726842755460 0.077144 4
1726842755592 0.118224 4
1726842755725 0.109243 4
1726842755856 0.094056 4
1726842755989 0.241341 4
1726842756120 0.113883 4
1726842756251 0.218121 4
1726842756383 0.31895 8
1726842756515 0.249687 8
1726842756650 0.207588 8
1726842756781 0.005383 8
1726842758362 0.140916 0
1726842758498 0.104944 0
1726842758631 0.053721 0
1726842758763 0.244399 0
1726842758896 0.067045 0
1726842759033 0.068186 0
1726842759167 0.091015 0
1726842759299 0.356834 0
1726842759432 0.280835 0
1726842759581 0.57348 0
1726842759715 0.101998 5
1726842759846 0.104057 5
1726842759977 0.077471 5
1726842760112 0.074021 5
1726842760246 0.118643 5
1726842760390 0.104882 5
1726842760534 0.085608 5
1726842760694 0.231855 5
1726842760853 0.111234 5
1726842761006 0.208252 5
1726842761162 0.314303 10
1726842761322 0.234748 10
1726842761466 0.19478 10
1726842761610 0.004504 10
1726842763198 0.132184 0
1726842763333 0.090663 0
1726842763465 0.052173 0
1726842763607 0.239909 0
1726842763745 0.061014 0
1726842763879 0.066176 0
1726842764011 0.093365 0
1726842764143 0.319027 0
1726842764279 0.267928 0
1726842764411 0.580114 0
1726842764543 0.107453 6
1726842764676 0.088171 6
1726842764809 0.078735 6
1726842764941 0.071142 6
1726842765073 0.109647 6
1726842765205 0.108492 6
1726842765336 0.080294 6
1726842765468 0.232067 6
1726842765606 0.109595 6
1726842765740 0.20239 6
1726842765874 0.327678 12
1726842766007 0.240854 12
1726842766144 0.191668 12
1726842766275 0.003828 12
1726842767864 0.121885 0
1726842767997 0.089914 0
1726842768129 0.052219 0
1726842768265 0.235896 0
1726842768398 0.065598 0
1726842768535 0.067133 0
1726842768672 0.092228 0
1726842768808 0.33046 0
1726842768940 0.279419 0
1726842769076 0.560276 0
1726842769215 0.098556 7
1726842769352 0.080083 7
1726842769492 0.078468 7
1726842769628 0.065605 7
1726842769764 0.106322 7
1726842769897 0.099413 7
1726842770031 0.07891 7
1726842770163 0.238726 7
1726842770295 0.106641 7
1726842770428 0.204599 7
1726842770559 0.320083 14
1726842770691 0.232485 14
1726842770823 0.185717 14
1726842770952 0.006352 14
1726842772806 0.122555 0
1726842772948 0.087546 0
1726842773091 0.049195 0
1726842773226 0.236068 0
1726842773362 0.067051 0
1726842773494 0.066573 0
1726842773630 0.093264 0
1726842773766 0.316508 0
1726842773899 0.272868 0
1726842774032 0.568869 0
1726842774167 0.098817 8
1726842774304 0.076876 8
1726842774445 0.083924 8
1726842774578 0.069145 8
1726842774711 0.111479 8
1726842774846 0.098698 8
1726842774982 0.076612 8
1726842775120 0.239642 8
1726842775254 0.110445 8
1726842775389 0.199399 8
1726842775522 0.312058 16
1726842775654 0.23686 16
1726842775786 0.1758 16
1726842775925 0.006895 16
1726842777689 0.115712 0
1726842777837 0.084644 0
1726842777974 0.050643 0
1726842778106 0.231056 0
1726842778237 0.063317 0
1726842778370 0.065927 0
1726842778502 0.096007 0
1726842778634 0.296139 0
1726842778766 0.261059 0
1726842778898 0.519058 0
1726842779032 0.109385 9
1726842779165 0.070876 9
1726842779298 0.082036 9
1726842779429 0.06404 9
1726842779561 0.101817 9
1726842779693 0.096256 9
1726842779825 0.074968 9
1726842779975 0.235006 9
1726842780118 0.107076 9
1726842780250 0.208489 9
1726842780382 0.311328 18
1726842780514 0.228159 18
1726842780646 0.174468 18
1726842780776 0.006021 18
1726842782611 0.112789 0
1726842782746 0.084106 0
1726842782878 0.053544 0
1726842783010 0.234945 0
1726842783146 0.066619 0
1726842783294 0.063733 0
1726842783429 0.097307 0
1726842783563 0.30629 0
1726842783696 0.260635 0
1726842783828 0.530971 0
1726842783969 0.10261 10
1726842784106 0.070228 10
1726842784239 0.083601 10
1726842784373 0.061509 10
1726842784508 0.106781 10
1726842784643 0.092615 10
1726842784775 0.074279 10
1726842784908 0.241198 10
1726842785039 0.107821 10
1726842785172 0.182704 10
1726842785305 0.314469 20
1726842785442 0.240744 20
1726842785574 0.178026 20
1726842785706 0.004189 20
