1726816452970 0.403535 0
1726816453073 0.975805 0
1726816453173 0.165392 0
1726816453275 0.158834 0
1726816453378 0.596677 0
1726816453480 0.425569 0
1726816453581 0.352377 0
1726816453683 1.050588 0
1726816453787 0.174481 0
1726816453890 0.357775 0
1726816453991 0.219598 1
1726816454091 0.122712 1
1726816454192 0.134101 1
1726816454300 0.956283 1
1726816454408 0.207954 1
1726816454511 0.496983 1
1726816454616 0.740834 1
1726816454718 0.737367 1
1726816454820 0.389334 1
1726816454921 0.337304 1
1726816455023 0.229486 2
1726816455125 0.315982 2
1726816456426 0.259479 0
1726816456532 0.519511 0
1726816456635 0.208815 0
1726816456737 0.151513 0
1726816456838 0.463062 0
1726816456945 0.279184 0
1726816457048 0.334473 0
1726816457150 0.95973 0
1726816457251 0.200458 0
1726816457353 0.238279 0
1726816457456 0.207336 2
1726816457558 0.14326 2
1726816457659 0.136964 2
1726816457760 1.415835 2
1726816457862 0.1423 2
1726816457969 0.364581 2
1726816458072 0.623831 2
1726816458174 0.811624 2
1726816458275 0.471142 2
1726816458381 0.213924 2
1726816458486 0.232837 4
1726816458590 0.230545 4
1726816459835 0.212198 0
1726816459939 0.363111 0
1726816460041 0.212267 0
1726816460142 0.172867 0
1726816460244 0.684428 0
1726816460346 0.318312 0
1726816460457 0.334686 0
1726816460563 0.936322 0
1726816460666 0.157811 0
1726816460767 0.199687 0
1726816460868 0.205747 3
1726816460971 0.11948 3
1726816461076 0.135684 3
1726816461182 1.117777 3
1726816461285 0.139583 3
1726816461386 0.353394 3
1726816461491 0.653367 3
1726816461595 0.773179 3
1726816461698 0.39947 3
1726816461800 0.259873 3
1726816461900 0.249707 6
1726816462005 0.23662 6
1726816463253 0.189247 0
1726816463366 0.352956 0
1726816463474 0.171651 0
1726816463577 0.162796 0
1726816463681 0.460415 0
1726816463783 0.291668 0
1726816463886 0.329439 0
1726816463989 0.933743 0
1726816464093 0.143061 0
1726816464194 0.201181 0
1726816464297 0.197387 4
1726816464404 0.147246 4
1726816464508 0.148753 4
1726816464620 1.037798 4
1726816464721 0.136474 4
1726816464823 0.415324 4
1726816464925 0.694905 4
1726816465026 0.707486 4
1726816465127 0.373946 4
1726816465227 0.214608 4
1726816465339 0.225999 8
1726816465446 0.280397 8
