1726818915508 0.285731 0
1726818915639 0.151963 0
1726818915758 0.104437 0
1726818915875 0.312106 0
1726818915995 0.460283 0
1726818916111 0.24846 0
1726818916229 0.127543 0
1726818916346 0.165595 0
1726818916469 0.990711 0
1726818916597 0.267974 0
1726818916722 0.199021 1
1726818916853 0.656302 1
1726818916985 0.218886 1
1726818917110 0.422039 1
1726818917232 1.324595 1
1726818917355 0.259797 1
1726818917483 0.336542 1
1726818919543 0.222846 0
1726818919700 0.15199 0
1726818919818 0.112634 0
1726818919934 0.334603 0
1726818920050 0.579729 0
1726818920172 0.21398 0
1726818920299 0.23102 0
1726818920434 0.136587 0
1726818920571 1.566255 0
1726818920699 0.322048 0
1726818920826 0.182629 2
1726818920956 0.374368 2
1726818921078 0.21863 2
1726818921197 0.232702 2
1726818921314 1.131342 2
1726818921429 0.151676 2
1726818921549 0.297003 2
1726818923614 0.106033 0
1726818923744 0.111146 0
1726818923869 0.122959 0
1726818923994 0.280467 0
1726818924118 0.408083 0
1726818924239 0.217254 0
1726818924357 0.153396 0
1726818924474 0.136793 0
1726818924593 1.026195 0
1726818924709 0.253944 0
1726818924831 0.181126 3
1726818924960 0.287908 3
1726818925090 0.21287 3
1726818925211 0.274527 3
1726818925331 0.849678 3
1726818925449 0.102802 3
1726818925569 0.364922 3
1726818927629 0.368402 0
1726818927783 0.100109 0
1726818927903 0.124334 0
1726818928023 0.517643 0
1726818928144 0.446473 0
1726818928267 0.232631 0
1726818928394 0.112829 0
1726818928536 0.096235 0
1726818928681 0.929984 0
1726818928819 0.288574 0
1726818928954 0.188634 4
1726818929084 0.389914 4
1726818929208 0.094581 4
1726818929328 0.341374 4
1726818929444 1.145321 4
1726818929564 0.675031 4
1726818929685 0.404119 4
