1727267655335 1.651475 0
1727267655525 0.106743 0
1727267655696 0.079913 0
1727267655878 0.046027 0
1727267656050 0.034391 0
1727267656213 0.219418 0
1727267656378 0.320809 0
1727267656545 0.541481 0
1727267656710 0.130829 0
1727267656899 0.090329 0
1727267657061 0.105762 1
1727267657224 0.121466 1
1727267657388 0.057041 1
1727267657559 0.095618 1
1727267657727 0.1874 1
1727267657894 0.230654 1
1727267658057 0.753422 1
1727267658222 0.923005 1
1727267658386 0.085149 1
1727267660006 0.013492 0
1727267660188 0.059118 0
1727267660361 0.105028 0
1727267660554 0.065429 0
1727267660726 0.061195 0
1727267660897 0.471606 0
1727267661072 0.072104 0
1727267661246 0.630918 0
1727267661420 0.181954 0
1727267661587 0.14341 0
1727267661757 0.139825 2
1727267661925 0.192344 2
1727267662093 0.04844 2
1727267662268 0.087592 2
1727267662449 0.147107 2
1727267662625 0.294 2
1727267662794 0.146718 2
1727267662973 0.588793 2
1727267663152 0.077581 2
1727267664740 0.071337 0
1727267664918 0.076245 0
1727267665096 0.074935 0
1727267665271 0.038122 0
1727267665447 0.024295 0
1727267665620 0.227963 0
1727267665795 0.263729 0
1727267665970 0.330158 0
1727267666139 0.197767 0
1727267666311 0.178518 0
1727267666485 0.084066 3
1727267666656 0.100286 3
1727267666826 0.050407 3
1727267667010 0.081121 3
1727267667182 0.154328 3
1727267667363 0.289592 3
1727267667549 0.155885 3
1727267667735 0.552309 3
1727267667921 0.039375 3
1727267669282 0.159185 0
1727267669451 0.13194 0
1727267669614 0.147702 0
1727267669790 0.053184 0
1727267669954 0.030937 0
1727267670120 0.552733 0
1727267670282 0.152443 0
1727267670445 0.327912 0
1727267670612 0.207479 0
1727267670781 0.027845 0
1727267670947 0.154378 4
1727267671109 0.149305 4
1727267671276 0.040768 4
1727267671440 0.113846 4
1727267671617 0.188228 4
1727267671784 0.095401 4
1727267671964 0.249807 4
1727267672138 0.74956 4
1727267672320 0.07352 4
1727267673764 0.050175 0
1727267673951 0.072943 0
1727267674122 0.084467 0
1727267674297 0.072565 0
1727267674474 0.018343 0
1727267674655 0.301756 0
1727267674844 0.268501 0
1727267675030 0.206234 0
1727267675202 0.097755 0
1727267675388 0.093097 0
1727267675561 0.128863 5
1727267675734 0.067901 5
1727267675919 0.047867 5
1727267676095 0.074783 5
1727267676270 0.154672 5
1727267676449 0.265642 5
1727267676623 0.055261 5
1727267676805 0.485872 5
1727267676979 0.025073 5
1727267678496 0.039739 0
1727267678668 0.084297 0
1727267678851 0.080547 0
1727267679029 0.041912 0
1727267679207 0.025572 0
1727267679403 0.352254 0
1727267679584 0.342384 0
1727267679766 0.117219 0
1727267680013 0.118307 0
1727267680208 0.03355 0
1727267680393 0.12481 6
1727267680573 0.062863 6
1727267680745 0.056749 6
1727267680914 0.104677 6
1727267681078 0.144867 6
1727267681242 0.22609 6
1727267681416 0.058202 6
1727267681580 0.424534 6
1727267681745 0.038048 6
1727267683566 0.032865 0
1727267683733 0.091749 0
1727267683913 0.072261 0
1727267684080 0.033731 0
1727267684251 0.015357 0
1727267684423 0.246886 0
1727267684592 0.285229 0
1727267684753 0.121993 0
1727267684919 0.094353 0
1727267685084 0.028338 0
1727267685251 0.105517 7
1727267685417 0.059102 7
1727267685591 0.051023 7
1727267685757 0.084273 7
1727267685927 0.136491 7
1727267686094 0.260105 7
1727267686259 0.06007 7
1727267686426 0.400548 7
1727267686591 0.03556 7
1727267688207 0.023822 0
1727267688378 0.070108 0
1727267688545 0.098971 0
1727267688707 0.04168 0
1727267688882 0.012526 0
1727267689050 0.216484 0
1727267689215 0.206212 0
1727267689377 0.145023 0
1727267689550 0.083965 0
1727267689714 0.0256 0
1727267689881 0.109681 8
1727267690044 0.059514 8
1727267690215 0.05095 8
1727267690379 0.065135 8
1727267690547 0.125832 8
1727267690713 0.237266 8
1727267690876 0.057949 8
1727267691041 0.285717 8
1727267691203 0.026877 8
