1727102001963 6093.859863 0
1727102002088 1.032627 0
1727102002209 1.592368 0
1727102002331 3.848259 0
1727102002457 5.917471 0
1727102002985 0.64557 0
1727102003107 18.653133 0
1727102003229 3.833019 0
1727102003353 6.21661 0
1727102003477 2.031459 0
1727102003901 6.100996 0
1727102004028 1.583841 0
1727102004150 2.467391 0
1727102004271 9.984134 0
1727102004394 0.329235 0
1727102004810 1.267906 0
1727102004934 1.679807 0
1727102005056 7.764956 0
1727102005183 2.573284 0
1727102005304 0.953895 0
1727102005719 0.864256 0
1727102005845 4.407506 0
1727102005974 2.611886 0
1727102006095 3.097914 0
1727102006218 1.973002 0
1727102006636 0.593444 0
1727102006760 1.903565 0
1727102006882 1.038751 0
1727102007010 0.751557 0
1727102007132 0.704282 0
1727102007547 0.630706 0
1727102007672 10.067401 0
1727102007800 4.863965 0
1727102007923 15.260918 0
1727102008045 2.143776 0
