1726755186456 176.554596 0
1726755186543 1.055525 0
1726755186633 1.401519 0
1726755186724 0.936023 0
1726755186811 12.498073 0
1726755186898 0.650346 0
1726755186985 1.098034 0
1726755187072 0.461316 0
1726755187158 0.760547 0
1726755187246 1.217482 0
1726755187339 34.648399 1
1726755187427 1.121911 1
1726755187513 0.6013 1
1726755187599 0.48268 1
1726755187687 9.663507 1
1726755187774 1.984463 1
1726755187861 6.085377 1
1726755187948 13.082956 1
1726755188033 1.149471 1
1726755188120 1.796754 1
1726755188206 2.953281 2
1726755188296 20.818539 2
1726755188384 0.84959 2
1726755188473 3.234805 2
1726755188561 1.472839 2
1726755188649 1.016383 2
1726755188744 0.672701 2
1726755188832 0.644875 2
1726755188918 83.565475 2
1726755189006 1.166553 2
1726755189107 12.283248 3
1726755190526 1.344023 0
1726755190623 0.986502 0
1726755190710 0.469702 0
1726755190804 0.807195 0
1726755190890 1.553326 0
1726755190978 0.88635 0
1726755191065 0.972006 0
1726755191151 5.458529 0
1726755191237 0.489595 0
1726755191324 0.851101 0
1726755191411 2.326608 2
1726755191498 1.257414 2
1726755191585 0.997866 2
1726755191674 0.936715 2
1726755191764 5.982188 2
1726755191851 1.199434 2
1726755191939 5.764205 2
1726755192026 3.81202 2
1726755192117 5.157944 2
1726755192205 1.860218 2
1726755192292 0.788034 4
1726755192383 10.686388 4
1726755192469 0.533644 4
1726755192557 2.469955 4
1726755192644 1.557986 4
1726755192731 2.310312 4
1726755192827 1.233514 4
1726755192913 0.592254 4
1726755193000 1.422446 4
1726755193087 0.744295 4
1726755193174 2.26313 6
1726755194577 10.431266 0
1726755194672 0.625455 0
1726755194759 0.581722 0
1726755194854 1.402756 0
1726755194942 36.723427 0
1726755195033 15.093698 0
1726755195123 0.812342 0
1726755195211 0.353238 0
1726755195301 0.433396 0
1726755195391 2.480066 0
1726755195480 1.980117 3
1726755195566 2.686717 3
1726755195653 1.770437 3
1726755195739 0.518149 3
1726755195830 1.519867 3
1726755195918 2.466253 3
1726755196006 5.20583 3
1726755196093 1.999516 3
1726755196181 0.968966 3
1726755196269 1.412546 3
1726755196355 4.817159 6
1726755196441 5.442064 6
1726755196529 0.604357 6
1726755196615 7.097022 6
1726755196702 1.921276 6
1726755196788 0.991306 6
1726755196881 0.654173 6
1726755196971 0.594671 6
1726755197058 1.07839 6
1726755197145 0.885719 6
1726755197231 10.596056 9
1726755198644 1.032642 0
1726755198737 1.427042 0
1726755198824 5.049067 0
1726755198912 1.640666 0
1726755199006 1.12114 0
1726755199093 0.942327 0
1726755199180 0.376465 0
1726755199266 0.574776 0
1726755199353 0.98247 0
1726755199439 3.555613 0
1726755199524 1.918101 4
1726755199610 2.081618 4
1726755199697 0.629465 4
1726755199785 0.413462 4
1726755199874 3.098522 4
1726755199961 0.792625 4
1726755200048 78.485435 4
1726755200134 8.801888 4
1726755200221 0.869878 4
1726755200307 1.416656 4
1726755200394 0.994631 8
1726755200481 6.799477 8
1726755200567 0.49584 8
1726755200655 8.037984 8
1726755200741 1.222344 8
1726755200827 1.437431 8
1726755200912 0.977162 8
1726755201010 0.529124 8
1726755201099 1.544801 8
1726755201187 1.402446 8
1726755201283 3.699246 12
1726755202741 0.941897 0
1726755202840 1.218378 0
1726755202930 0.42803 0
1726755203025 1.068399 0
1726755203118 4.043505 0
1726755203206 0.537342 0
1726755203297 0.620997 0
1726755203386 0.986511 0
1726755203474 0.650371 0
1726755203563 2.607419 0
1726755203650 4.213302 5
1726755203739 1.013779 5
1726755203826 0.894581 5
1726755203913 0.833047 5
1726755204000 9.358198 5
1726755204086 0.989716 5
1726755204171 5.020364 5
1726755204258 6.803916 5
1726755204347 0.806712 5
1726755204434 1.039259 5
1726755204522 0.936419 10
1726755204608 6.637917 10
1726755204695 0.538936 10
1726755204781 2.709651 10
1726755204867 1.345115 10
1726755204953 0.927648 10
1726755205041 1.176039 10
1726755205133 0.528686 10
1726755205220 0.991539 10
1726755205306 0.959266 10
1726755205395 4.167322 15
1726755206794 3.628506 0
1726755206887 1.359515 0
1726755206975 0.497701 0
1726755207060 0.847714 0
1726755207157 2.656828 0
1726755207243 0.76544 0
1726755207336 0.622945 0
1726755207424 0.584595 0
1726755207511 0.471852 0
1726755207598 5.05406 0
1726755207686 1.857848 6
1726755207774 1.273854 6
1726755207861 2.071862 6
1726755207950 0.625707 6
1726755208038 3.544253 6
1726755208128 1.606673 6
1726755208219 2.527493 6
1726755208307 1.015903 6
1726755208393 0.972914 6
1726755208480 1.540312 6
1726755208567 1.037635 12
1726755208657 4.640991 12
1726755208745 0.599064 12
1726755208832 5.183061 12
1726755208919 1.924155 12
1726755209005 2.430533 12
1726755209091 0.738973 12
1726755209188 0.522411 12
1726755209275 1.120143 12
1726755209362 1.107302 12
1726755209451 4.332675 18
1726755210852 1.647005 0
1726755210944 2.6379 0
1726755211033 2.004442 0
1726755211120 1.14208 0
1726755211215 30.07563 0
1726755211306 0.574725 0
1726755211393 0.535941 0
1726755211480 0.524356 0
1726755211566 0.607566 0
1726755211655 1.160774 0
1726755211742 2.618612 7
1726755211831 1.211466 7
1726755211918 0.733903 7
1726755212006 0.458218 7
1726755212092 7.639144 7
1726755212178 0.870777 7
1726755212265 1.640481 7
1726755212358 4.266536 7
1726755212447 0.878239 7
1726755212535 1.634403 7
1726755212621 1.397825 14
1726755212708 2.80918 14
1726755212795 0.548359 14
1726755212882 3.657174 14
1726755212968 1.847224 14
1726755213055 1.414295 14
1726755213142 3.717934 14
1726755213234 0.526583 14
1726755213324 0.964681 14
1726755213411 1.116764 14
1726755213497 11.024836 21
1726755214896 28.999981 0
1726755214987 2.068093 0
1726755215077 0.499641 0
1726755215164 0.739991 0
1726755215251 1.919204 0
1726755215350 1.149558 0
1726755215442 0.578615 0
1726755215531 0.720736 0
1726755215619 0.614498 0
1726755215709 1.673013 0
1726755215801 1.484297 8
1726755215889 0.994335 8
1726755215978 0.849106 8
1726755216065 0.678241 8
1726755216153 2.929658 8
1726755216241 0.949548 8
1726755216327 4.020022 8
1726755216415 2.240366 8
1726755216502 1.008819 8
1726755216588 3.535731 8
1726755216675 0.883923 16
1726755216762 4.275118 16
1726755216848 0.582681 16
1726755216945 5.596157 16
1726755217032 1.827341 16
1726755217121 1.047345 16
1726755217207 7.915895 16
1726755217295 0.51839 16
1726755217394 0.878167 16
1726755217482 1.283905 16
1726755217571 4.932609 24
1726755218975 3.997469 0
1726755219069 1.493398 0
1726755219158 0.687107 0
1726755219246 1.013591 0
1726755219333 2.295341 0
1726755219429 0.526692 0
1726755219516 0.552108 0
1726755219604 0.494703 0
1726755219690 0.510183 0
1726755219777 8.128665 0
1726755219866 1.966017 9
1726755219964 9.487049 9
1726755220054 1.164226 9
1726755220140 0.721382 9
1726755220228 4.436098 9
1726755220316 1.219695 9
1726755220403 4.027457 9
1726755220491 3.813096 9
1726755220578 15.700358 9
1726755220666 1.423212 9
1726755220756 0.823025 18
1726755220843 4.0074 18
1726755220929 0.552932 18
1726755221015 3.768035 18
1726755221101 1.677399 18
1726755221187 1.216522 18
1726755221274 0.637417 18
1726755221361 0.609402 18
1726755221455 0.935775 18
1726755221545 1.124748 18
1726755221633 2.627961 27
1726755223056 1.442545 0
1726755223148 1.04261 0
1726755223238 1.058516 0
1726755223325 2.085104 0
1726755223411 1.491996 0
1726755223506 0.395261 0
1726755223596 1.051354 0
1726755223683 0.56885 0
1726755223770 0.846828 0
1726755223858 14.35651 0
1726755223945 3.022687 10
1726755224031 8.960569 10
1726755224118 1.150012 10
1726755224203 0.646416 10
1726755224288 2.706214 10
1726755224374 1.464371 10
1726755224461 1.782034 10
1726755224548 3.618601 10
1726755224635 0.935604 10
1726755224720 1.562587 10
1726755224807 0.827416 20
1726755224893 3.268322 20
1726755224980 0.512261 20
1726755225067 6.046771 20
1726755225154 1.623005 20
1726755225245 1.070654 20
1726755225333 0.597235 20
1726755225424 0.548856 20
1726755225516 2.428833 20
1726755225606 1.051397 20
1726755225695 14.737482 30
