1726856893798 0.0 0
1726856893972 10.0 0
1726856894135 20.0 0
1726856894299 30.0 0
1726856894850 0.0 0
1726856895029 10.0 0
1726856895185 20.0 0
1726856895331 30.0 0
1726856895762 0.0 0
1726856895951 10.0 0
1726856896135 20.0 0
1726856896300 30.0 0
1726856896737 0.0 0
1726856896942 10.0 0
1726856897110 20.0 0
1726856897263 30.0 0
1726856897697 0.0 0
1726856897883 10.0 0
1726856898054 20.0 0
1726856898208 30.0 0
1726856898647 0.0 0
1726856898853 10.0 0
1726856899040 20.0 0
1726856899206 30.0 0
1726856899699 0.0 0
1726856899891 10.0 0
1726856900058 20.0 0
1726856900208 30.0 0
1726856900626 0.0 0
1726856900822 10.0 0
1726856901007 20.0 0
1726856901187 30.0 0
1726856901689 0.0 0
1726856901890 10.0 0
1726856902056 20.0 0
1726856902207 30.0 0
1726856902651 0.0 0
1726856902870 10.0 0
1726856903058 20.0 0
1726856903233 30.0 0
