1727272664746 0.815186 0
1727272664970 0.139725 0
1727272665174 1.345773 0
1727272665375 0.118319 0
1727272665579 0.083197 0
1727272665783 0.162519 0
1727272665990 0.267114 0
1727272666191 0.069468 0
1727272666392 0.519953 0
1727272666610 0.422675 0
1727272666833 1.496099 1
1727272668190 0.265494 0
1727272668406 0.13825 0
1727272668610 1.216653 0
1727272668823 0.120202 0
1727272669045 0.052482 0
1727272669251 0.276965 0
1727272669464 0.283759 0
1727272669671 0.217705 0
1727272669880 0.695397 0
1727272670082 0.389016 0
1727272670293 1.825711 2
1727272671427 0.1021 0
1727272671659 0.139412 0
1727272671877 0.881739 0
1727272672088 0.066435 0
1727272672310 0.064549 0
1727272672519 0.164828 0
1727272672725 0.282721 0
1727272672929 0.214287 0
1727272673131 0.818871 0
1727272673328 0.45553 0
1727272673531 1.344285 3
1727272674711 0.105165 0
1727272674912 0.183848 0
1727272675117 1.215176 0
1727272675328 0.089942 0
1727272675527 0.069203 0
1727272675721 0.19963 0
1727272675920 0.250699 0
1727272676118 0.09428 0
1727272676314 0.445855 0
1727272676511 0.431082 0
1727272676715 1.521056 4
1727272677914 0.183055 0
1727272678120 0.161364 0
1727272678323 0.902568 0
1727272678526 0.104222 0
1727272678733 0.06923 0
1727272678939 0.215945 0
1727272679145 0.24455 0
1727272679353 0.107442 0
1727272679561 0.324522 0
1727272679767 0.390923 0
1727272679970 1.598327 5
1727272681264 0.097962 0
1727272681475 0.14331 0
1727272681685 0.927456 0
1727272681901 0.056913 0
1727272682110 0.057389 0
1727272682318 0.180881 0
1727272682525 0.231998 0
1727272682731 0.11894 0
1727272682942 0.37454 0
1727272683154 0.482065 0
1727272683373 1.478852 6
1727272684593 0.159375 0
1727272684816 0.17893 0
1727272685035 1.101351 0
1727272685253 0.085154 0
1727272685463 0.056348 0
1727272685666 0.234717 0
1727272685864 0.221291 0
1727272686062 0.089654 0
1727272686263 0.436409 0
1727272686460 0.449748 0
1727272686663 1.409663 7
