1726877476421 0.0 0
1726877476563 10.0 0
1726877476701 20.0 0
1726877476843 30.0 0
1726877476981 40.0 0
1726877477118 50.0 0
1726877477255 60.0 0
1726877477392 70.0 0
1726877477531 80.0 0
1726877477669 90.0 0
1726877477809 100.0 1
1726877477948 110.0 1
1726877478087 120.0 1
1726877478223 130.0 1
1726877478359 140.0 1
1726877478496 150.0 1
1726877478635 160.0 1
1726877478771 170.0 1
1726877478910 180.0 1
1726877479048 190.0 1
1726877479185 200.0 2
1726877479323 210.0 2
1726877479460 220.0 2
1726877479597 230.0 2
1726877479734 240.0 2
1726877479871 250.0 2
1726877481705 0.0 0
1726877481845 10.0 0
1726877481982 20.0 0
1726877482119 30.0 0
1726877482257 40.0 0
1726877482394 50.0 0
1726877482531 60.0 0
1726877482668 70.0 0
1726877482806 80.0 0
1726877482946 90.0 0
1726877483088 100.0 2
1726877483225 110.0 2
1726877483363 120.0 2
1726877483501 130.0 2
1726877483639 140.0 2
1726877483778 150.0 2
1726877483916 160.0 2
1726877484053 170.0 2
1726877484191 180.0 2
1726877484328 190.0 2
1726877484464 200.0 4
1726877484612 210.0 4
1726877484754 220.0 4
1726877484891 230.0 4
1726877485031 240.0 4
1726877485169 250.0 4
1726877486900 0.0 0
1726877487040 10.0 0
1726877487180 20.0 0
1726877487317 30.0 0
1726877487454 40.0 0
1726877487592 50.0 0
1726877487730 60.0 0
1726877487869 70.0 0
1726877488007 80.0 0
1726877488144 90.0 0
1726877488282 100.0 3
1726877488419 110.0 3
1726877488556 120.0 3
1726877488693 130.0 3
1726877488831 140.0 3
1726877488969 150.0 3
1726877489109 160.0 3
1726877489247 170.0 3
1726877489385 180.0 3
1726877489523 190.0 3
1726877489661 200.0 6
1726877489799 210.0 6
1726877489936 220.0 6
1726877490080 230.0 6
1726877490223 240.0 6
1726877490360 250.0 6
1726877492251 0.0 0
1726877492393 10.0 0
1726877492532 20.0 0
1726877492668 30.0 0
1726877492805 40.0 0
1726877492942 50.0 0
1726877493079 60.0 0
1726877493220 70.0 0
1726877493358 80.0 0
1726877493501 90.0 0
1726877493640 100.0 4
1726877493777 110.0 4
1726877493915 120.0 4
1726877494053 130.0 4
1726877494194 140.0 4
1726877494335 150.0 4
1726877494474 160.0 4
1726877494612 170.0 4
1726877494749 180.0 4
1726877494886 190.0 4
1726877495025 200.0 8
1726877495163 210.0 8
1726877495304 220.0 8
1726877495443 230.0 8
1726877495582 240.0 8
1726877495720 250.0 8
1726877497481 0.0 0
1726877497620 10.0 0
1726877497758 20.0 0
1726877497896 30.0 0
1726877498032 40.0 0
1726877498169 50.0 0
1726877498306 60.0 0
1726877498443 70.0 0
1726877498582 80.0 0
1726877498720 90.0 0
1726877498857 100.0 5
1726877498996 110.0 5
1726877499133 120.0 5
1726877499270 130.0 5
1726877499412 140.0 5
1726877499549 150.0 5
1726877499687 160.0 5
1726877499824 170.0 5
1726877499961 180.0 5
1726877500099 190.0 5
1726877500239 200.0 10
1726877500378 210.0 10
1726877500515 220.0 10
1726877500653 230.0 10
1726877500790 240.0 10
1726877500928 250.0 10
