1727092629692 0.0 0
1727092630017 10.0 0
1727092630347 20.0 0
1727092630679 30.0 0
1727092631009 40.0 0
1727092631335 50.0 0
1727092631662 60.0 0
1727092631990 70.0 0
1727092632319 80.0 0
1727092633770 0.0 0
1727092634098 10.0 0
1727092634427 20.0 0
1727092634756 30.0 0
1727092635085 40.0 0
1727092635414 50.0 0
1727092635741 60.0 0
1727092636071 70.0 0
1727092636400 80.0 0
1727092637861 0.0 0
1727092638188 10.0 0
1727092638518 20.0 0
1727092638847 30.0 0
1727092639177 40.0 0
1727092639503 50.0 0
1727092639829 60.0 0
1727092640158 70.0 0
1727092640489 80.0 0
1727092641944 0.0 0
1727092642269 10.0 0
1727092642598 20.0 0
1727092642929 30.0 0
1727092643255 40.0 0
1727092643582 50.0 0
1727092643910 60.0 0
1727092644238 70.0 0
1727092644568 80.0 0
1727092646012 0.0 0
1727092646336 10.0 0
1727092646665 20.0 0
1727092646994 30.0 0
1727092647323 40.0 0
1727092647650 50.0 0
1727092647977 60.0 0
1727092648305 70.0 0
1727092648635 80.0 0
1727092650084 0.0 0
1727092650410 10.0 0
1727092650741 20.0 0
1727092651072 30.0 0
1727092651401 40.0 0
1727092651729 50.0 0
1727092652053 60.0 0
1727092652383 70.0 0
1727092652714 80.0 0
1727092654166 0.0 0
1727092654492 10.0 0
1727092654821 20.0 0
1727092655147 30.0 0
1727092655477 40.0 0
1727092655805 50.0 0
1727092656131 60.0 0
1727092656460 70.0 0
1727092656787 80.0 0
1727092658234 0.0 0
1727092658559 10.0 0
1727092658887 20.0 0
1727092659217 30.0 0
1727092659547 40.0 0
1727092659877 50.0 0
1727092660204 60.0 0
1727092660532 70.0 0
1727092660863 80.0 0
1727092662316 0.0 0
1727092662643 10.0 0
1727092662971 20.0 0
1727092663298 30.0 0
1727092663629 40.0 0
1727092663955 50.0 0
1727092664281 60.0 0
1727092664610 70.0 0
1727092664939 80.0 0
1727092666391 0.0 0
1727092666717 10.0 0
1727092667050 20.0 0
1727092667377 30.0 0
1727092667708 40.0 0
1727092668034 50.0 0
1727092668360 60.0 0
1727092668690 70.0 0
1727092669018 80.0 0
