1726768742253 0.0 0
1726768742345 10.0 0
1726768742438 20.0 0
1726768742534 30.0 0
1726768742627 40.0 0
1726768742720 50.0 0
1726768742815 60.0 0
1726768742914 70.0 0
1726768743019 80.0 0
1726768743129 90.0 0
1726768743233 100.0 1
1726768743328 110.0 1
1726768743419 120.0 1
1726768743511 130.0 1
1726768743607 140.0 1
1726768743712 150.0 1
1726768743813 160.0 1
1726768743920 170.0 1
1726768744026 180.0 1
1726768744125 190.0 1
1726768744225 200.0 2
1726768744332 210.0 2
1726768744444 220.0 2
1726768744550 230.0 2
1726768744657 240.0 2
1726768744768 250.0 2
1726768744872 260.0 2
1726768744966 270.0 2
1726768745063 280.0 2
1726768745157 290.0 2
1726768745250 300.0 3
1726768745352 310.0 3
1726768745460 320.0 3
1726768745569 330.0 3
1726768745680 340.0 3
1726768745787 350.0 3
1726768745895 360.0 3
1726768745996 370.0 3
1726768746091 380.0 3
1726768746201 390.0 3
1726768747961 0.0 0
1726768748057 10.0 0
1726768748153 20.0 0
1726768748249 30.0 0
1726768748344 40.0 0
1726768748437 50.0 0
1726768748528 60.0 0
1726768748621 70.0 0
1726768748714 80.0 0
1726768748810 90.0 0
1726768748903 100.0 2
1726768748994 110.0 2
1726768749089 120.0 2
1726768749187 130.0 2
1726768749280 140.0 2
1726768749372 150.0 2
1726768749464 160.0 2
1726768749558 170.0 2
1726768749657 180.0 2
1726768749750 190.0 2
1726768749851 200.0 4
1726768749949 210.0 4
1726768750044 220.0 4
1726768750137 230.0 4
1726768750231 240.0 4
1726768750329 250.0 4
1726768750423 260.0 4
1726768750518 270.0 4
1726768750614 280.0 4
1726768750707 290.0 4
1726768750800 300.0 6
1726768750892 310.0 6
1726768750992 320.0 6
1726768751087 330.0 6
1726768751182 340.0 6
1726768751277 350.0 6
1726768751373 360.0 6
1726768751465 370.0 6
1726768751563 380.0 6
1726768751659 390.0 6
1726768753459 0.0 0
1726768753563 10.0 0
1726768753657 20.0 0
1726768753754 30.0 0
1726768753851 40.0 0
1726768753952 50.0 0
1726768754049 60.0 0
1726768754144 70.0 0
1726768754236 80.0 0
1726768754330 90.0 0
1726768754422 100.0 3
1726768754515 110.0 3
1726768754607 120.0 3
1726768754703 130.0 3
1726768754799 140.0 3
1726768754893 150.0 3
1726768754992 160.0 3
1726768755088 170.0 3
1726768755185 180.0 3
1726768755280 190.0 3
1726768755373 200.0 6
1726768755465 210.0 6
1726768755558 220.0 6
1726768755655 230.0 6
1726768755749 240.0 6
1726768755842 250.0 6
1726768755944 260.0 6
1726768756039 270.0 6
1726768756132 280.0 6
1726768756229 290.0 6
1726768756324 300.0 9
1726768756418 310.0 9
1726768756513 320.0 9
1726768756608 330.0 9
1726768756703 340.0 9
1726768756796 350.0 9
1726768756889 360.0 9
1726768756983 370.0 9
1726768757080 380.0 9
1726768757174 390.0 9
1726768759010 0.0 0
1726768759107 10.0 0
1726768759205 20.0 0
1726768759305 30.0 0
1726768759402 40.0 0
1726768759496 50.0 0
1726768759587 60.0 0
1726768759679 70.0 0
1726768759770 80.0 0
1726768759864 90.0 0
1726768759964 100.0 4
1726768760065 110.0 4
1726768760159 120.0 4
1726768760251 130.0 4
1726768760347 140.0 4
1726768760441 150.0 4
1726768760535 160.0 4
1726768760627 170.0 4
1726768760723 180.0 4
1726768760817 190.0 4
1726768760916 200.0 8
1726768761015 210.0 8
1726768761110 220.0 8
1726768761206 230.0 8
1726768761298 240.0 8
1726768761395 250.0 8
1726768761489 260.0 8
1726768761582 270.0 8
1726768761676 280.0 8
1726768761774 290.0 8
1726768761866 300.0 12
1726768761963 310.0 12
1726768762061 320.0 12
1726768762158 330.0 12
1726768762252 340.0 12
1726768762349 350.0 12
1726768762443 360.0 12
1726768762535 370.0 12
1726768762629 380.0 12
1726768762723 390.0 12
