1726896786172 0.0 0
1726896786318 10.0 0
1726896786457 20.0 0
1726896786598 30.0 0
1726896786737 40.0 0
1726896786880 50.0 0
1726896787020 60.0 0
1726896787159 70.0 0
1726896787299 80.0 0
1726896787439 90.0 0
1726896787582 100.0 1
1726896787722 110.0 1
1726896787860 120.0 1
1726896788000 130.0 1
1726896788139 140.0 1
1726896788279 150.0 1
1726896788418 160.0 1
1726896788560 170.0 1
1726896788699 180.0 1
1726896788842 190.0 1
1726896788981 200.0 2
1726896789122 210.0 2
1726896790810 0.0 0
1726896790953 10.0 0
1726896791093 20.0 0
1726896791234 30.0 0
1726896791373 40.0 0
1726896791512 50.0 0
1726896791651 60.0 0
1726896791791 70.0 0
1726896791931 80.0 0
1726896792070 90.0 0
1726896792210 100.0 2
1726896792350 110.0 2
1726896792491 120.0 2
1726896792630 130.0 2
1726896792772 140.0 2
1726896792912 150.0 2
1726896793055 160.0 2
1726896793194 170.0 2
1726896793335 180.0 2
1726896793477 190.0 2
1726896793618 200.0 4
1726896793757 210.0 4
1726896795866 0.0 0
1726896796009 10.0 0
1726896796149 20.0 0
1726896796288 30.0 0
1726896796428 40.0 0
1726896796568 50.0 0
1726896796707 60.0 0
1726896796848 70.0 0
1726896796986 80.0 0
1726896797130 90.0 0
1726896797271 100.0 3
1726896797410 110.0 3
1726896797549 120.0 3
1726896797691 130.0 3
1726896797830 140.0 3
1726896797972 150.0 3
1726896798111 160.0 3
1726896798250 170.0 3
1726896798390 180.0 3
1726896798531 190.0 3
1726896798670 200.0 6
1726896798809 210.0 6
1726896800375 0.0 0
1726896800515 10.0 0
1726896800655 20.0 0
1726896800796 30.0 0
1726896800935 40.0 0
1726896801076 50.0 0
1726896801218 60.0 0
1726896801359 70.0 0
1726896801500 80.0 0
1726896801642 90.0 0
1726896801783 100.0 4
1726896801922 110.0 4
1726896802062 120.0 4
1726896802201 130.0 4
1726896802341 140.0 4
1726896802480 150.0 4
1726896802622 160.0 4
1726896802858 170.0 4
1726896803001 180.0 4
1726896803143 190.0 4
1726896803285 200.0 8
1726896803425 210.0 8
1726896804988 0.0 0
1726896805135 10.0 0
1726896805276 20.0 0
1726896805416 30.0 0
1726896805556 40.0 0
1726896805697 50.0 0
1726896805836 60.0 0
1726896805975 70.0 0
1726896806115 80.0 0
1726896806256 90.0 0
1726896806395 100.0 5
1726896806534 110.0 5
1726896806673 120.0 5
1726896806813 130.0 5
1726896806951 140.0 5
1726896807090 150.0 5
1726896807233 160.0 5
1726896807378 170.0 5
1726896807615 180.0 5
1726896807755 190.0 5
1726896807895 200.0 10
1726896808041 210.0 10
1726896809606 0.0 0
1726896809749 10.0 0
1726896809888 20.0 0
1726896810027 30.0 0
1726896810168 40.0 0
1726896810307 50.0 0
1726896810447 60.0 0
1726896810586 70.0 0
1726896810725 80.0 0
1726896810865 90.0 0
1726896811004 100.0 6
1726896811144 110.0 6
1726896811284 120.0 6
1726896811427 130.0 6
1726896811567 140.0 6
1726896811708 150.0 6
1726896811848 160.0 6
1726896811988 170.0 6
1726896812127 180.0 6
1726896812265 190.0 6
1726896812405 200.0 12
1726896812545 210.0 12
1726896814121 0.0 0
1726896814264 10.0 0
1726896814402 20.0 0
1726896814541 30.0 0
1726896814679 40.0 0
1726896814818 50.0 0
1726896814957 60.0 0
1726896815097 70.0 0
1726896815236 80.0 0
1726896815376 90.0 0
1726896815518 100.0 7
1726896815657 110.0 7
1726896815799 120.0 7
1726896815942 130.0 7
1726896816083 140.0 7
1726896816221 150.0 7
1726896816362 160.0 7
1726896816501 170.0 7
1726896816641 180.0 7
1726896816782 190.0 7
1726896816922 200.0 14
1726896817061 210.0 14
1726896818683 0.0 0
1726896818823 10.0 0
1726896818962 20.0 0
1726896819101 30.0 0
1726896819240 40.0 0
1726896819380 50.0 0
1726896819521 60.0 0
1726896819660 70.0 0
1726896819802 80.0 0
1726896819942 90.0 0
1726896820082 100.0 8
1726896820220 110.0 8
1726896820359 120.0 8
1726896820499 130.0 8
1726896820638 140.0 8
1726896820778 150.0 8
1726896820917 160.0 8
1726896821057 170.0 8
1726896821197 180.0 8
1726896821335 190.0 8
1726896821475 200.0 16
1726896821617 210.0 16
1726896823179 0.0 0
1726896823323 10.0 0
1726896823465 20.0 0
1726896823608 30.0 0
1726896823750 40.0 0
1726896823891 50.0 0
1726896824031 60.0 0
1726896824171 70.0 0
1726896824392 80.0 0
1726896824580 90.0 0
1726896824720 100.0 9
1726896824858 110.0 9
1726896824999 120.0 9
1726896825139 130.0 9
1726896825278 140.0 9
1726896825417 150.0 9
1726896825557 160.0 9
1726896825699 170.0 9
1726896825839 180.0 9
1726896825986 190.0 9
1726896826130 200.0 18
1726896826269 210.0 18
1726896827864 0.0 0
1726896828008 10.0 0
1726896828148 20.0 0
1726896828287 30.0 0
1726896828426 40.0 0
1726896828567 50.0 0
1726896828706 60.0 0
1726896828845 70.0 0
1726896828986 80.0 0
1726896829127 90.0 0
1726896829266 100.0 10
1726896829406 110.0 10
1726896829544 120.0 10
1726896829683 130.0 10
1726896829825 140.0 10
1726896829964 150.0 10
1726896830105 160.0 10
1726896830244 170.0 10
1726896830387 180.0 10
1726896830527 190.0 10
1726896830666 200.0 20
1726896830805 210.0 20
