1726757072428 125.847321 0
1726757072541 1.022475 0
1726757072655 3.702178 0
1726757072768 1.389227 0
1726757072881 1.786342 0
1726757072996 4.594974 0
1726757073109 2.21678 0
1726757073223 5.794733 0
1726757073336 1.773718 0
1726757073986 2.796993 0
1726757074099 2.903241 0
1726757074212 4.845299 0
1726757074324 10.627245 0
1726757074438 5.31128 0
1726757074551 4.211657 0
1726757074664 1.11048 0
1726757074776 9.635658 0
1726757074890 5.451251 0
1726757075531 5.194383 0
1726757075644 6.823584 0
1726757075756 2.127589 0
1726757075869 5.854754 0
1726757075983 4.785566 0
1726757076096 2.01158 0
1726757076209 2.870019 0
1726757076321 12.630615 0
1726757076434 2.748425 0
1726757077078 2.884571 0
1726757077192 4.576064 0
1726757077305 3.870961 0
1726757077418 12.462521 0
1726757077530 9.567077 0
1726757077644 3.442158 0
1726757077760 1.236889 0
1726757077873 2.67924 0
1726757077986 1.838192 0
1726757078625 4.35551 0
1726757078738 2.583492 0
1726757078851 2.918475 0
1726757078964 30.628202 0
1726757079079 2.956065 0
1726757079194 2.338761 0
1726757079307 0.998286 0
1726757079420 4.451663 0
1726757079533 2.363799 0
1726757080171 2.737735 0
1726757080283 14.64149 0
1726757080396 4.024032 0
1726757080509 6.297848 0
1726757080622 2.646774 0
1726757080735 1.279193 0
1726757080848 1.607894 0
1726757080962 2.356842 0
1726757081074 2.507865 0
1726757081714 2.707108 0
1726757081826 4.305721 0
1726757081939 14.607212 0
1726757082052 7.558934 0
1726757082166 2.354461 0
1726757082279 2.300678 0
1726757082393 3.010469 0
1726757082506 2.551859 0
1726757082620 2.079903 0
1726757083263 2.918664 0
1726757083376 9.123926 0
1726757083490 200.735397 0
1726757083603 6.982123 0
1726757083717 2.176334 0
1726757083830 1.317794 0
1726757083944 3.574386 0
1726757084058 5.369226 0
1726757084171 1.535054 0
