1727274672386 1.401196 0
1727274672606 1.516248 0
1727274672821 1.323173 0
1727274673037 0.817107 0
1727274673255 0.576519 0
1727274673473 0.623492 0
1727274673687 0.785441 0
1727274673903 0.435872 0
1727274674120 0.676978 0
1727274674337 0.301609 0
1727274674552 0.41925 1
1727274674770 0.429168 1
1727274675903 0.148321 0
1727274676121 0.485124 0
1727274676338 0.313995 0
1727274676556 0.511741 0
1727274676775 0.647506 0
1727274676988 0.201779 0
1727274677204 0.667738 0
1727274677428 0.056648 0
1727274677647 0.66813 0
1727274677864 0.489336 0
1727274678086 0.090047 2
1727274678302 0.500769 2
1727274679590 0.203959 0
1727274679824 0.122152 0
1727274680051 0.116723 0
1727274680269 0.162229 0
1727274680492 0.792526 0
1727274680713 0.178453 0
1727274680937 0.444633 0
1727274681161 0.328078 0
1727274681390 0.806709 0
1727274681616 0.647374 0
1727274681845 0.069157 3
1727274682078 0.506268 3
1727274683289 0.118427 0
1727274683519 0.131331 0
1727274683748 0.176731 0
1727274683972 0.104714 0
1727274684217 0.806724 0
1727274684442 0.220871 0
1727274684661 0.447387 0
1727274684889 0.18262 0
1727274685108 0.721735 0
1727274685328 0.535432 0
1727274685545 0.04115 4
1727274685793 0.432627 4
1727274687099 0.312461 0
1727274687336 0.169431 0
1727274687561 0.053615 0
1727274687776 0.141062 0
1727274688005 0.640418 0
1727274688227 0.213715 0
1727274688444 0.656238 0
1727274688658 0.189706 0
1727274688871 0.776859 0
1727274689090 0.578288 0
1727274689305 0.087048 5
1727274689520 0.336662 5
1727274690738 0.238936 0
1727274690955 0.17472 0
1727274691173 0.188181 0
1727274691393 0.153708 0
1727274691608 0.451814 0
1727274691821 0.164765 0
1727274692034 0.457402 0
1727274692258 0.345028 0
1727274692472 0.697672 0
1727274692700 0.623063 0
1727274692937 0.231031 6
1727274693205 0.464096 6
