1727264683195 0.0 0
1727264683366 10.0 0
1727264683531 20.0 0
1727264683705 30.0 0
1727264683884 40.0 0
1727264684053 50.0 0
1727264684221 60.0 0
1727264684384 70.0 0
1727264684561 80.0 0
1727264685338 0.0 0
1727264685523 10.0 0
1727264685706 20.0 0
1727264685879 30.0 0
1727264686043 40.0 0
1727264686206 50.0 0
1727264686375 60.0 0
1727264686542 70.0 0
1727264686706 80.0 0
1727264687563 0.0 0
1727264687740 10.0 0
1727264687913 20.0 0
1727264688083 30.0 0
1727264688266 40.0 0
1727264688459 50.0 0
1727264688639 60.0 0
1727264688825 70.0 0
1727264688997 80.0 0
1727264689748 0.0 0
1727264689932 10.0 0
1727264690119 20.0 0
1727264690289 30.0 0
1727264690455 40.0 0
1727264690614 50.0 0
1727264690794 60.0 0
1727264690972 70.0 0
1727264691143 80.0 0
1727264691955 0.0 0
1727264692137 10.0 0
1727264692305 20.0 0
1727264692477 30.0 0
1727264692648 40.0 0
1727264692824 50.0 0
1727264693008 60.0 0
1727264693172 70.0 0
1727264693334 80.0 0
1727264694061 0.0 0
1727264694229 10.0 0
1727264694404 20.0 0
1727264694575 30.0 0
1727264694749 40.0 0
1727264694920 50.0 0
1727264695098 60.0 0
1727264695279 70.0 0
1727264695460 80.0 0
