1726843185477 1.050749 0
1726843185609 0.707916 0
1726843185740 0.496676 0
1726843185871 0.438021 0
1726843186002 0.70298 0
1726843186132 0.779835 0
1726843186264 0.793627 0
1726843186395 1.277784 0
1726843186526 2.04824 0
1726843187266 0.720047 0
1726843187399 0.531411 0
1726843187532 0.40083 0
1726843187664 0.272657 0
1726843187796 0.467919 0
1726843187927 0.463666 0
1726843188059 0.442434 0
1726843188192 0.599269 0
1726843188323 0.840131 0
1726843189053 0.504533 0
1726843189186 0.406187 0
1726843189318 0.341464 0
1726843189450 0.19281 0
1726843189581 0.299305 0
1726843189714 0.433804 0
1726843189845 0.317049 0
1726843189977 0.343102 0
1726843190111 0.497791 0
1726843190830 0.453709 0
1726843190962 0.381543 0
1726843191099 0.324775 0
1726843191230 0.188525 0
1726843191362 0.288342 0
1726843191494 0.434483 0
1726843191626 0.284503 0
1726843191760 0.293998 0
1726843191891 0.420354 0
1726843192609 0.457039 0
1726843192742 0.382306 0
1726843192874 0.318877 0
1726843193008 0.184627 0
1726843193139 0.285974 0
1726843193271 0.43881 0
1726843193402 0.259673 0
1726843193534 0.299493 0
1726843193667 0.385167 0
1726843194409 0.43936 0
1726843194541 0.387239 0
1726843194672 0.313137 0
1726843194804 0.178326 0
1726843194935 0.283466 0
1726843195067 0.425867 0
1726843195203 0.238298 0
1726843195336 0.290572 0
1726843195468 0.369786 0
1726843196188 0.447223 0
1726843196319 0.381991 0
1726843196450 0.313136 0
1726843196582 0.179357 0
1726843196714 0.281401 0
1726843196846 0.416082 0
1726843196978 0.240888 0
1726843197110 0.297642 0
1726843197241 0.358882 0
1726843197963 0.440195 0
1726843198095 0.386031 0
1726843198226 0.312172 0
1726843198358 0.17998 0
1726843198489 0.269827 0
1726843198622 0.405585 0
1726843198753 0.22991 0
1726843198884 0.293563 0
1726843199017 0.355746 0
1726843199739 0.436569 0
1726843199872 0.392299 0
1726843200010 0.313869 0
1726843200142 0.179017 0
1726843200273 0.268807 0
1726843200405 0.401754 0
1726843200537 0.228981 0
1726843200668 0.284674 0
1726843200800 0.332705 0
1726843201528 0.442066 0
1726843201661 0.393725 0
1726843201795 0.306211 0
1726843201928 0.17909 0
1726843202061 0.264739 0
1726843202194 0.405552 0
1726843202327 0.222764 0
1726843202460 0.29928 0
1726843202591 0.337069 0
