1727103376806 0.280034 0
1727103376933 0.297587 0
1727103377061 0.360868 0
1727103377194 0.265373 0
1727103377328 0.282061 0
1727103377453 0.946146 0
1727103377577 1.858006 0
1727103377712 0.364372 0
1727103377841 0.306493 0
1727103377965 1.102935 0
1727103378096 0.565198 1
1727103378228 0.460614 1
1727103378353 0.487077 1
1727103378477 0.613834 1
1727103378603 1.057719 1
1727103378736 0.343334 1
1727103378861 0.403014 1
1727103379792 0.257783 0
1727103379915 0.26205 0
1727103380047 0.334112 0
1727103380178 0.245268 0
1727103380300 0.264153 0
1727103380426 0.914971 0
1727103380545 1.793598 0
1727103380668 0.34611 0
1727103380794 0.284232 0
1727103380929 1.067367 0
1727103381061 0.542195 2
1727103381187 0.413354 2
1727103381319 0.457174 2
1727103381452 0.575945 2
1727103381581 1.024907 2
1727103381709 0.317291 2
1727103381835 0.378424 2
1727103382782 0.235466 0
1727103382906 0.231932 0
1727103383037 0.307046 0
1727103383160 0.220755 0
1727103383292 0.239558 0
1727103383419 0.880592 0
1727103383552 1.753729 0
1727103383679 0.325642 0
1727103383810 0.265653 0
1727103383938 1.038683 0
1727103384071 0.511657 3
1727103384204 0.373468 3
1727103384335 0.437223 3
1727103384460 0.540532 3
1727103384586 1.006979 3
1727103384717 0.285837 3
1727103384854 0.347249 3
1727103385802 0.216719 0
1727103385933 0.209466 0
1727103386055 0.284487 0
1727103386187 0.21067 0
1727103386322 0.226192 0
1727103386455 0.848268 0
1727103386585 1.699502 0
1727103386721 0.295725 0
1727103386855 0.242323 0
1727103386981 1.00316 0
1727103387114 0.485326 4
1727103387249 0.330705 4
1727103387376 0.412556 4
1727103387503 0.50721 4
1727103387636 0.949877 4
1727103387769 0.260401 4
1727103387904 0.326454 4
1727103388849 0.191319 0
1727103388979 0.186424 0
1727103389104 0.253912 0
1727103389227 0.193558 0
1727103389361 0.20437 0
1727103389494 0.817479 0
1727103389620 1.665587 0
1727103389753 0.282512 0
1727103389886 0.224084 0
1727103390011 0.968929 0
1727103390144 0.455057 5
1727103390271 0.295282 5
1727103390401 0.382889 5
1727103390526 0.482581 5
1727103390647 0.917412 5
1727103390778 0.241609 5
1727103390907 0.299447 5
1727103391810 0.172851 0
1727103391940 0.166273 0
1727103392066 0.22795 0
1727103392193 0.175353 0
1727103392321 0.193857 0
1727103392451 0.786872 0
1727103392578 1.619919 0
1727103392709 0.26478 0
1727103392835 0.202369 0
1727103392962 0.952373 0
1727103393095 0.426589 6
1727103393221 0.261669 6
1727103393352 0.357075 6
1727103393477 0.45067 6
1727103393602 0.88029 6
1727103393727 0.21773 6
1727103393852 0.276325 6
1727103394796 0.159389 0
1727103394910 0.138126 0
1727103395035 0.213035 0
1727103395164 0.162814 0
1727103395294 0.172801 0
1727103395430 0.754201 0
1727103395560 1.565799 0
1727103395687 0.248844 0
1727103395819 0.186478 0
1727103395942 0.916308 0
1727103396077 0.400272 7
1727103396203 0.226101 7
1727103396328 0.334255 7
1727103396462 0.417994 7
1727103396587 0.84026 7
1727103396720 0.19656 7
1727103396853 0.25649 7
1727103397771 0.144124 0
1727103397897 0.11931 0
1727103398028 0.190263 0
1727103398153 0.143286 0
1727103398278 0.156705 0
1727103398404 0.712557 0
1727103398538 1.514377 0
1727103398669 0.222512 0
1727103398800 0.166999 0
1727103398926 0.868631 0
1727103399047 0.364569 8
1727103399256 0.185943 8
1727103399456 0.307365 8
1727103399581 0.380766 8
1727103399702 0.766535 8
1727103399828 0.16637 8
1727103399959 0.231212 8
1727103400929 0.124354 0
1727103401051 0.098115 0
1727103401178 0.158678 0
1727103401309 0.126471 0
1727103401429 0.142723 0
1727103401557 0.670845 0
1727103401683 1.460318 0
1727103401808 0.203145 0
1727103401935 0.147118 0
1727103402063 0.828596 0
1727103402197 0.330028 9
1727103402327 0.148516 9
1727103402453 0.278802 9
1727103402587 0.353367 9
1727103402710 0.728529 9
1727103402836 0.146554 9
1727103402961 0.209972 9
1727103403894 0.111364 0
1727103404006 0.075515 0
1727103404133 0.13332 0
1727103404261 0.109379 0
1727103404388 0.123413 0
1727103404519 0.635436 0
1727103404653 1.408144 0
1727103404781 0.181128 0
1727103404913 0.12967 0
1727103405044 0.797042 0
1727103405173 0.299496 10
1727103405299 0.116131 10
1727103405427 0.261263 10
1727103405553 0.32573 10
1727103405678 0.679037 10
1727103405803 0.124069 10
1727103405937 0.188164 10
