1726808768443 1.055164 0
1726808768545 0.671333 0
1726808768648 1.096357 0
1726808768750 0.675872 0
1726808768851 0.53842 0
1726808768954 0.552067 0
1726808769057 0.434448 0
1726808769159 0.269702 0
1726808769259 0.638926 0
1726808769365 0.638431 0
1726808769470 0.36566 1
1726808769575 0.889884 1
1726808769675 2.434178 1
1726808769777 0.285007 1
1726808769885 1.646675 1
1726808769988 1.368183 1
1726808770088 0.17418 1
1726808770187 0.310763 1
1726808771108 0.530851 0
1726808771211 0.159072 0
1726808771313 0.451224 0
1726808771413 0.421869 0
1726808771514 0.278889 0
1726808771615 0.247554 0
1726808771714 0.314832 0
1726808771814 0.192282 0
1726808771922 0.18727 0
1726808772027 0.359858 0
1726808772126 0.177384 2
1726808772227 0.801552 2
1726808772328 1.014874 2
1726808772431 0.344788 2
1726808772532 0.957612 2
1726808772632 0.745532 2
1726808772732 0.185758 2
1726808772831 0.30918 2
1726808773775 0.572257 0
1726808773879 0.153963 0
1726808773988 0.450133 0
1726808774088 0.411633 0
1726808774189 0.230462 0
1726808774301 0.141439 0
1726808774406 0.3597 0
1726808774513 0.212646 0
1726808774614 0.174033 0
1726808774714 0.364412 0
1726808774813 0.183185 3
1726808774913 0.815472 3
1726808775012 0.722325 3
1726808775112 0.34635 3
1726808775214 0.849462 3
1726808775316 0.605032 3
1726808775416 0.16681 3
1726808775519 0.308313 3
1726808776476 0.556372 0
1726808776579 0.153347 0
1726808776682 0.476804 0
1726808776784 0.441555 0
1726808776886 0.272333 0
1726808776987 0.155195 0
1726808777088 0.321535 0
1726808777188 0.186191 0
1726808777289 0.165222 0
1726808777390 0.365582 0
1726808777490 0.186174 4
1726808777590 0.801714 4
1726808777690 0.639915 4
1726808777791 0.315199 4
1726808777890 0.840155 4
1726808777990 0.548888 4
1726808778101 0.145441 4
1726808778204 0.305073 4
1726808779106 0.58652 0
1726808779217 0.171332 0
1726808779320 0.467456 0
1726808779421 0.426858 0
1726808779527 0.290161 0
1726808779626 0.166442 0
1726808779727 0.295734 0
1726808779827 0.182426 0
1726808779927 0.179435 0
1726808780027 0.357813 0
1726808780136 0.18053 5
1726808780236 0.76712 5
1726808780342 0.550453 5
1726808780446 0.340329 5
1726808780551 0.81237 5
1726808780656 0.51137 5
1726808780758 0.149053 5
1726808780857 0.304012 5
1726808781773 0.567776 0
1726808781876 0.162411 0
1726808781977 0.475616 0
1726808782080 0.425791 0
1726808782189 0.298337 0
1726808782293 0.158801 0
1726808782398 0.302168 0
1726808782499 0.176389 0
1726808782602 0.176426 0
1726808782702 0.357593 0
1726808782802 0.181503 6
1726808782902 0.75665 6
1726808783002 0.570572 6
1726808783102 0.331709 6
1726808783211 0.82405 6
1726808783314 0.498163 6
1726808783416 0.144047 6
1726808783516 0.308686 6
1726808784449 0.57197 0
1726808784555 0.157124 0
1726808784657 0.484829 0
1726808784759 0.424214 0
1726808784860 0.29993 0
1726808784959 0.151184 0
1726808785058 0.295927 0
1726808785158 0.173429 0
1726808785257 0.168339 0
1726808785358 0.356223 0
1726808785458 0.183817 7
1726808785559 0.751825 7
1726808785662 0.577962 7
1726808785763 0.332775 7
1726808785862 0.836856 7
1726808785962 0.492462 7
1726808786062 0.151059 7
1726808786163 0.300407 7
1726808787110 0.544759 0
1726808787212 0.155368 0
1726808787317 0.472725 0
1726808787427 0.416766 0
1726808787529 0.295167 0
1726808787629 0.152107 0
1726808787730 0.293237 0
1726808787832 0.177132 0
1726808787932 0.169709 0
1726808788033 0.35139 0
1726808788133 0.177609 8
1726808788234 0.770805 8
1726808788343 0.555324 8
1726808788446 0.317336 8
1726808788548 0.791874 8
1726808788650 0.474754 8
1726808788754 0.15108 8
1726808788854 0.304276 8
1726808789785 0.544761 0
1726808789895 0.157479 0
1726808789996 0.45951 0
1726808790096 0.408721 0
1726808790196 0.286281 0
1726808790296 0.142959 0
1726808790404 0.289478 0
1726808790507 0.173434 0
1726808790608 0.160596 0
1726808790716 0.349612 0
1726808790818 0.175474 9
1726808790919 0.75472 9
1726808791018 0.575258 9
1726808791118 0.312415 9
1726808791221 0.810297 9
1726808791324 0.493007 9
1726808791425 0.159332 9
1726808791524 0.300273 9
1726808792464 0.549965 0
1726808792566 0.157753 0
1726808792669 0.478351 0
1726808792772 0.407499 0
1726808792874 0.279992 0
1726808792974 0.140139 0
1726808793079 0.28776 0
1726808793181 0.172072 0
1726808793282 0.176043 0
1726808793381 0.351972 0
1726808793482 0.184355 10
1726808793585 0.740045 10
1726808793685 0.562731 10
1726808793785 0.31258 10
1726808793887 0.810981 10
1726808793987 0.467312 10
1726808794088 0.14871 10
1726808794187 0.303845 10
