1726747781409 42.978897 0
1726747781550 104.589714 0
1726747781675 7.328091 0
1726747781780 9.165988 0
1726747781877 20.177635 0
1726747781972 19.017019 0
1726747782065 35.819176 0
1726747782157 10.338469 0
1726747782250 1.565496 0
1726747782350 15.165677 0
1726747782448 5.213104 1
1726747782541 6.554225 1
1726747782636 3.173532 1
1726747782734 4.828872 1
1726747782831 1.492745 1
1726747782927 9.985216 1
1726747783024 82.371605 1
1726747783120 5.129127 1
1726747783220 15.526459 1
1726747783320 4.927859 1
1726747783420 11.955372 2
1726747783520 0.751934 2
1726747783626 1.842203 2
1726747783727 0.974437 2
1726747783820 1.953037 2
1726747783909 0.341623 2
1726747784000 0.567665 2
1726747784085 1.12413 2
1726747784177 2.68206 2
1726747784274 0.947649 2
1726747784375 0.825647 3
1726747784472 0.985116 3
1726747784567 0.795551 3
1726747784662 1.115466 3
1726747784754 8.238418 3
1726747784848 0.711094 3
1726747784946 0.671904 3
1726747788452 0.839343 0
1726747788551 2.386682 0
1726747788644 1.693936 0
1726747788734 6.38939 0
1726747788829 25.632294 0
1726747788922 100.316078 0
1726747789022 9.168836 0
1726747789130 5.919999 0
1726747789234 3.903702 0
1726747789332 1.869728 0
1726747789426 10.358673 2
1726747789517 2.231451 2
1726747789611 1.9863 2
1726747789708 1.882095 2
1726747789806 4.380008 2
1726747789905 1.282427 2
1726747790001 16.361872 2
1726747790093 8.512085 2
1726747790184 2.690825 2
1726747790271 5.059553 2
1726747790359 11.163416 4
1726747790452 1.092752 4
1726747790549 2.110227 4
1726747790649 0.670385 4
1726747790745 2.206793 4
1726747790839 0.269849 4
1726747790930 0.481622 4
1726747791021 0.735641 4
1726747791116 5.582838 4
1726747791215 0.613735 4
1726747791315 1.51136 6
1726747791417 1.56372 6
1726747791512 1.082026 6
1726747791603 1.315815 6
1726747791695 7.85314 6
1726747791791 0.8213 6
1726747791896 0.539444 6
1726747795455 0.704896 0
1726747795558 1.095345 0
1726747795651 10.326796 0
1726747795746 79.344009 0
1726747795847 11.410372 0
1726747795955 2.54537 0
1726747796063 20.209221 0
1726747796165 7.118594 0
1726747796262 116.990601 0
1726747796356 18.826485 0
1726747796449 5.73961 3
1726747796543 2.872063 3
1726747796639 1.659684 3
1726747796734 1.278232 3
1726747796833 0.743357 3
1726747796931 1.534446 3
1726747797031 1.723793 3
1726747797131 2.137739 3
1726747797227 2.013351 3
1726747797320 3.450549 3
1726747797414 4.162876 6
1726747797508 3.117237 6
1726747797606 1.424502 6
1726747797707 0.515872 6
1726747797807 9.756995 6
1726747797910 0.301683 6
1726747798018 0.475902 6
1726747798121 0.576673 6
1726747798218 2.68394 6
1726747798316 0.418719 6
1726747798413 0.790433 9
1726747798512 1.031168 9
1726747798609 0.775346 9
1726747798706 0.98075 9
1726747798801 5.055594 9
1726747798897 0.721327 9
1726747798995 1.241888 9
1726747802487 2.267083 0
1726747802587 0.827184 0
1726747802680 4.226348 0
1726747802770 4.216305 0
1726747802862 2.662978 0
1726747802964 2.658528 0
1726747803072 6.598752 0
1726747803171 2.215248 0
1726747803265 4.595323 0
1726747803356 2.826088 0
1726747803448 20.25457 4
1726747803543 1.461457 4
1726747803639 3.428557 4
1726747803737 2.625283 4
1726747803840 0.9398 4
1726747803945 0.948533 4
1726747804046 1.195376 4
1726747804145 2.956264 4
1726747804248 2.950844 4
1726747804348 3.728173 4
1726747804447 3.180963 8
1726747804544 1.739557 8
1726747804641 2.137859 8
1726747804740 0.494046 8
1726747804841 6.427774 8
1726747804942 0.322103 8
1726747805035 0.566074 8
1726747805127 4.848376 8
1726747805217 2.094589 8
1726747805312 0.573823 8
1726747805410 1.585231 12
1726747805507 1.540002 12
1726747805606 2.531188 12
1726747805711 0.838441 12
1726747805812 6.266594 12
1726747805901 0.770428 12
1726747805989 0.393157 12
1726747809394 1.435824 0
1726747809506 1.875381 0
1726747809601 2.021756 0
1726747809696 3.181763 0
1726747809798 3.662846 0
1726747809901 3.468931 0
1726747810000 6.478829 0
1726747810097 3.419488 0
1726747810197 4.975993 0
1726747810300 1.775664 0
1726747810401 4.899364 5
1726747810501 2.149181 5
1726747810597 1.002101 5
1726747810695 1.21778 5
1726747810791 0.938201 5
1726747810885 7.630537 5
1726747810981 1.84315 5
1726747811083 2.064203 5
1726747811186 3.458355 5
1726747811278 2.990939 5
1726747811369 2.699633 10
1726747811459 1.709618 10
1726747811548 1.6404 10
1726747811637 0.510449 10
1726747811732 1.73953 10
1726747811833 0.324238 10
1726747811936 0.479388 10
1726747812035 1.077986 10
1726747812132 2.231499 10
1726747812230 0.453552 10
1726747812330 1.629166 15
1726747812428 1.590601 15
1726747812530 1.018023 15
1726747812629 0.998667 15
1726747812725 5.038763 15
1726747812824 0.728011 15
1726747812926 0.495147 15
1726747816363 4.80355 0
1726747816461 1.284623 0
1726747816554 2.115705 0
1726747816651 3.225108 0
1726747816746 6.726619 0
1726747816837 4.793768 0
1726747816931 6.074279 0
1726747817026 3.770967 0
1726747817120 1.526579 0
1726747817213 1.619361 0
1726747817308 7.133235 6
1726747817405 1.191852 6
1726747817501 0.865078 6
1726747817600 3.281937 6
1726747817703 0.915531 6
1726747817808 1.077711 6
1726747817910 0.980475 6
1726747818010 1.567537 6
1726747818103 2.712725 6
1726747818196 18.445898 6
1726747818290 2.731098 12
1726747818385 2.563065 12
1726747818489 4.671501 12
1726747818594 0.493229 12
1726747818696 9.566231 12
1726747818793 0.352702 12
1726747818887 0.474747 12
1726747818981 0.963036 12
1726747819079 2.783006 12
1726747819176 0.503069 12
1726747819273 0.784979 18
1726747819374 1.564619 18
1726747819478 1.027644 18
1726747819570 0.978256 18
1726747819659 5.51007 18
1726747819748 0.651878 18
1726747819833 0.522226 18
1726747823321 2.763179 0
1726747823443 1.516638 0
1726747823539 3.732843 0
1726747823631 2.615374 0
1726747823728 2.989824 0
1726747823829 5.20352 0
1726747823930 4.966194 0
1726747824028 4.168643 0
1726747824123 1.618557 0
1726747824218 4.681722 0
1726747824312 2.425491 7
1726747824407 7.872235 7
1726747824505 0.463817 7
1726747824604 2.505151 7
1726747824700 1.675065 7
1726747824797 4.971864 7
1726747824896 1.440697 7
1726747824995 10.464947 7
1726747825095 2.079096 7
1726747825192 2.585473 7
1726747825288 3.434642 14
1726747825384 1.386839 14
1726747825482 1.567369 14
1726747825579 0.490668 14
1726747825673 1.661035 14
1726747825768 0.363968 14
1726747825867 0.745225 14
1726747825961 1.040646 14
1726747826057 2.906563 14
1726747826154 0.319627 14
1726747826251 1.130608 21
1726747826344 1.559663 21
1726747826434 0.93631 21
1726747826534 1.063702 21
1726747826634 3.700909 21
1726747826736 1.145141 21
1726747826836 0.398876 21
