1726758445335 1.564584 0
1726758445433 0.467719 0
1726758445527 0.25585 0
1726758445618 0.573623 0
1726758445715 0.838908 0
1726758445808 0.539255 0
1726758445899 0.289307 0
1726758445995 1.387602 0
1726758446093 0.234204 0
1726758446194 0.202323 0
1726758446290 0.395087 1
1726758446385 0.17565 1
1726758446479 0.16058 1
1726758446573 0.192993 1
1726758446665 0.206601 1
1726758446760 0.14741 1
1726758446852 0.213028 1
1726758446943 0.168456 1
1726758447035 0.226267 1
1726758447132 0.168041 1
1726758448244 0.976382 0
1726758448340 0.303912 0
1726758448432 0.235284 0
1726758448527 0.4887 0
1726758448619 0.872719 0
1726758448719 0.368154 0
1726758448820 0.224236 0
1726758448915 0.987594 0
1726758449012 0.216989 0
1726758449110 0.191908 0
1726758449202 0.150204 2
1726758449295 0.183023 2
1726758449387 0.151187 2
1726758449479 0.173537 2
1726758449571 0.173961 2
1726758449662 0.182302 2
1726758449754 0.213639 2
1726758449845 0.173977 2
1726758449936 0.22186 2
1726758450030 0.160939 2
1726758451114 1.022876 0
1726758451218 0.310274 0
1726758451314 0.280486 0
1726758451412 0.395313 0
1726758451508 0.854549 0
1726758451604 0.415022 0
1726758451698 0.177747 0
1726758451793 0.984046 0
1726758451888 0.216138 0
1726758451980 0.203264 0
1726758452076 0.118253 3
1726758452177 0.228288 3
1726758452279 0.193992 3
1726758452372 0.180472 3
1726758452465 0.189827 3
1726758452559 0.188377 3
1726758452653 0.264986 3
1726758452744 0.175755 3
1726758452839 0.240207 3
1726758452933 0.175878 3
1726758454024 0.808491 0
1726758454129 0.389723 0
1726758454222 0.227018 0
1726758454326 0.3919 0
1726758454422 0.802179 0
1726758454515 0.365573 0
1726758454609 0.216949 0
1726758454702 0.905698 0
1726758454793 0.192196 0
1726758454889 0.181634 0
1726758454983 0.111121 4
1726758455079 0.198539 4
1726758455174 0.151964 4
1726758455269 0.175133 4
1726758455367 0.172708 4
1726758455463 0.151394 4
1726758455559 0.227328 4
1726758455655 0.179317 4
1726758455754 0.228645 4
1726758455847 0.16542 4
1726758456922 0.806179 0
1726758457027 0.350746 0
1726758457122 0.244455 0
1726758457216 0.38135 0
1726758457312 0.867768 0
1726758457405 0.364424 0
1726758457498 0.1673 0
1726758457592 0.936017 0
1726758457683 0.186916 0
1726758457778 0.197536 0
1726758457871 0.121502 5
1726758457963 0.194583 5
1726758458054 0.165536 5
1726758458149 0.195785 5
1726758458250 0.158855 5
1726758458349 0.146646 5
1726758458452 0.222249 5
1726758458552 0.179935 5
1726758458651 0.233465 5
1726758458745 0.161776 5
1726758459777 0.821258 0
1726758459877 0.30646 0
1726758459973 0.214978 0
1726758460065 0.378551 0
1726758460158 0.792878 0
1726758460252 0.360442 0
1726758460343 0.160268 0
1726758460443 0.850717 0
1726758460538 0.19468 0
1726758460630 0.188376 0
1726758460726 0.104739 6
1726758460818 0.191368 6
1726758460908 0.15864 6
1726758461004 0.180308 6
1726758461096 0.16811 6
1726758461191 0.153451 6
1726758461287 0.22876 6
1726758461381 0.188606 6
1726758461474 0.237987 6
1726758461568 0.153133 6
1726758462649 0.833674 0
1726758462756 0.327715 0
1726758462852 0.233429 0
1726758462945 0.373794 0
1726758463041 0.819484 0
1726758463132 0.326453 0
1726758463230 0.153723 0
1726758463325 0.774086 0
1726758463423 0.185455 0
1726758463517 0.176809 0
1726758463613 0.102811 7
1726758463708 0.18961 7
1726758463799 0.15459 7
1726758463896 0.187595 7
1726758463996 0.167133 7
1726758464090 0.144315 7
1726758464184 0.211774 7
1726758464277 0.188413 7
1726758464370 0.22888 7
1726758464464 0.153104 7
1726758465518 0.798578 0
1726758465623 0.333534 0
1726758465717 0.228557 0
1726758465812 0.370088 0
1726758465905 0.8184 0
1726758465998 0.32108 0
1726758466090 0.152233 0
1726758466182 0.811823 0
1726758466276 0.19005 0
1726758466371 0.188056 0
1726758466462 0.095746 8
1726758466563 0.194256 8
1726758466656 0.15753 8
1726758466751 0.186896 8
1726758466843 0.163208 8
1726758466938 0.145603 8
1726758467033 0.216474 8
1726758467127 0.1853 8
1726758467219 0.226794 8
1726758467310 0.154875 8
1726758468410 0.798351 0
1726758468514 0.32887 0
1726758468613 0.230204 0
1726758468706 0.366859 0
1726758468800 0.813581 0
1726758468896 0.313103 0
1726758468990 0.147623 0
1726758469082 0.775582 0
1726758469177 0.194549 0
1726758469273 0.190922 0
1726758469365 0.086253 9
1726758469457 0.189665 9
1726758469549 0.151114 9
1726758469652 0.175269 9
1726758469748 0.165499 9
1726758469841 0.144653 9
1726758469935 0.210375 9
1726758470032 0.180254 9
1726758470125 0.228858 9
1726758470217 0.150327 9
1726758471296 0.798043 0
1726758471398 0.333621 0
1726758471491 0.228566 0
1726758471585 0.363353 0
1726758471676 0.803159 0
1726758471768 0.312047 0
1726758471864 0.150176 0
1726758471958 0.773055 0
1726758472052 0.187983 0
1726758472143 0.191595 0
1726758472240 0.087497 10
1726758472339 0.190412 10
1726758472435 0.161552 10
1726758472530 0.176913 10
1726758472626 0.159905 10
1726758472730 0.136837 10
1726758472824 0.202048 10
1726758472916 0.183732 10
1726758473012 0.222893 10
1726758473107 0.152238 10
