1726797071505 3.747864 0
1726797071610 0.298424 0
1726797071716 7.223443 0
1726797071819 0.421308 0
1726797071924 6.414407 0
1726797072027 0.732259 0
1726797072131 1.054517 0
1726797072237 1.746571 0
1726797072340 2.383497 0
1726797072444 0.51597 0
1726797072549 1.365092 1
1726797072655 0.302989 1
1726797072758 0.965694 1
1726797072868 24.970524 1
1726797072971 0.686832 1
1726797073075 0.872474 1
1726797073182 0.987024 1
1726797073287 1.00276 1
1726797073389 4.976866 1
1726797073495 1.378038 1
1726797073596 122.162773 2
1726797073700 7.161086 2
1726797073801 0.23562 2
1726797073905 2.454961 2
1726797074007 14.588478 2
1726797074106 0.775276 2
1726797074205 0.612523 2
1726797074310 1.366798 2
1726797074412 7.021935 2
1726797074517 2.123341 2
1726797074622 0.488594 3
1726797074728 0.513565 3
1726797074833 0.591878 3
1726797074941 0.599787 3
1726797075045 1.266653 3
1726797075152 0.865596 3
1726797075253 0.327252 3
1726797075359 3.272774 3
1726797075463 5.745851 3
1726797075567 1.004468 3
1726797075671 1.134168 4
1726797075774 7.367622 4
1726797075878 0.330703 4
1726797075982 2.251087 4
1726797076086 2.380187 4
1726797076191 0.665826 4
1726797076297 1.033701 4
1726797076402 6.383612 4
1726797076506 0.928715 4
1726797076607 0.579836 4
1726797076713 3.783323 5
1726797076816 1.354363 5
1726797076924 4.059036 5
1726797077028 3.086976 5
1726797077133 1.689887 5
1726797077238 1.106915 5
1726797077343 1.310506 5
1726797077446 0.696987 5
1726797077554 2.075038 5
1726797077658 0.732599 5
1726797077765 1.547851 6
1726797077869 0.591696 6
1726797077973 1.952088 6
1726797078078 1.178328 6
1726797078182 0.457097 6
1726797078289 3.594603 6
1726797078394 0.545611 6
1726797078499 2.836849 6
1726797078606 1.032683 6
1726797078710 14.108888 6
1726797078815 2.269516 7
1726797078918 1.237052 7
1726797079027 4.955204 7
1726797079132 1.954394 7
1726797079236 2.992229 7
1726797079334 1.854426 7
1726797079433 4.278059 7
1726797079531 0.951206 7
1726797079630 0.679371 7
1726797079729 1.283032 7
1726797079825 1.565194 8
1726797079922 2.531281 8
1726797080020 1.200008 8
1726797080116 0.679204 8
1726797080215 5.188844 8
1726797083683 21.522516 0
1726797083781 0.506449 0
1726797083877 4.615478 0
1726797083972 0.758337 0
1726797084068 2.920091 0
1726797084162 0.727031 0
1726797084258 1.414436 0
1726797084354 1.438698 0
1726797084461 1.443608 0
1726797084562 0.620937 0
1726797084657 1.000873 2
1726797084756 0.316932 2
1726797084854 0.708127 2
1726797084950 151.691528 2
1726797085045 0.911642 2
1726797085147 1.097132 2
1726797085244 0.956544 2
1726797085340 0.911313 2
1726797085446 1.467595 2
1726797085545 2.02658 2
1726797085642 3.725718 4
1726797085742 7.141256 4
1726797085840 0.436554 4
1726797085937 4.897444 4
1726797086032 1.972938 4
1726797086128 1.339523 4
1726797086225 0.627452 4
1726797086320 2.840351 4
1726797086418 20.711666 4
1726797086515 4.59796 4
1726797086614 0.378845 6
1726797086711 0.711762 6
1726797086806 0.542355 6
1726797086903 0.521703 6
1726797086998 2.302312 6
1726797087095 1.124639 6
1726797087197 0.323226 6
1726797087295 6.438226 6
1726797087394 0.920488 6
1726797087496 1.605906 6
1726797087592 1.516528 8
1726797087691 3.605528 8
1726797087790 0.304522 8
1726797087890 0.801629 8
1726797087987 26.7971 8
1726797088087 88.871696 8
1726797088184 0.472793 8
1726797088280 0.906016 8
1726797088375 5.054939 8
1726797088471 0.712017 8
1726797088567 12.736538 10
1726797088662 1.713407 10
1726797088758 4.605454 10
1726797088853 2.760254 10
1726797088951 3.168712 10
1726797089049 0.722995 10
1726797089152 2.19071 10
1726797089253 0.503043 10
1726797089349 2.120879 10
1726797089445 0.781853 10
1726797089540 1.345101 12
1726797089641 0.573338 12
1726797089738 1.109952 12
1726797089835 1.219801 12
1726797089931 0.445429 12
1726797090027 0.775774 12
1726797090122 1.091644 12
1726797090217 1.222278 12
1726797090312 1.347379 12
1726797090408 2.784836 12
1726797090502 4.272055 14
1726797090598 5.967654 14
1726797090693 8.084965 14
1726797090788 1.599054 14
1726797090882 1.770918 14
1726797090977 1.592603 14
1726797091072 2.060348 14
1726797091165 1.195053 14
1726797091269 0.467192 14
1726797091365 1.739158 14
1726797091463 13.316834 16
1726797091560 3.72466 16
1726797091655 1.129494 16
1726797091754 19.762133 16
1726797091848 17.081543 16
1726797095469 11.907987 0
1726797095571 0.414824 0
1726797095667 0.812657 0
1726797095762 1.193042 0
1726797095859 2.270494 0
1726797095955 0.662948 0
1726797096051 1.144441 0
1726797096147 1.513915 0
1726797096246 1.055422 0
1726797096344 0.764469 0
1726797096441 1.62809 3
1726797096542 0.342217 3
1726797096638 0.733269 3
1726797096734 2.625045 3
1726797096828 1.400665 3
1726797096924 1.031026 3
1726797097021 0.662484 3
1726797097121 0.993306 3
1726797097220 2.500878 3
1726797097318 21.969315 3
1726797097425 2.219141 6
1726797097523 4.11749 6
1726797097620 0.459562 6
1726797097720 2.957199 6
1726797097816 3.702505 6
1726797097913 1.083938 6
1726797098008 0.610744 6
1726797098104 0.926702 6
1726797098202 2.903333 6
1726797098299 2.927473 6
1726797098394 0.396508 9
1726797098491 0.673465 9
1726797098587 0.561054 9
1726797098685 0.509425 9
1726797098779 1.293679 9
1726797098878 1.332513 9
1726797098974 0.332112 9
1726797099070 1.920155 9
1726797099166 0.911239 9
1726797099261 4.559369 9
1726797099358 1.243409 12
1726797099464 3.567007 12
1726797099561 0.333674 12
1726797099659 0.87359 12
1726797099756 1.541901 12
1726797099853 1.86131 12
1726797099950 0.462173 12
1726797100047 1.519846 12
1726797100145 1.090261 12
1726797100244 1.102244 12
1726797100340 1.529531 15
1726797100437 1.591745 15
1726797100532 7.600354 15
1726797100628 2.150551 15
1726797100724 5.555748 15
1726797100819 0.684626 15
1726797100915 1.996829 15
1726797101011 0.783793 15
1726797101109 6.796951 15
1726797101204 0.692574 15
1726797101300 1.390737 18
1726797101395 0.55434 18
1726797101500 1.056105 18
1726797101599 1.838744 18
1726797101696 0.44417 18
1726797101793 0.81561 18
1726797101889 1.083367 18
1726797101987 1.489956 18
1726797102082 4.531133 18
1726797102177 4.209597 18
1726797102271 1.359447 21
1726797102367 1.499049 21
1726797102462 6.237537 21
1726797102558 6.299783 21
1726797102652 3.560724 21
1726797102747 1.431966 21
1726797102843 1.901063 21
1726797102937 1.104325 21
1726797103033 0.472542 21
1726797103130 1.902595 21
1726797103229 0.957848 24
1726797103325 3.062903 24
1726797103421 1.173094 24
1726797103531 1.863575 24
1726797103631 7.363521 24
1726797107164 1.93371 0
1726797107263 0.389512 0
1726797107358 0.766479 0
1726797107457 0.768322 0
1726797107553 2.150313 0
1726797107659 0.719908 0
1726797107759 8.698683 0
1726797107856 1.624427 0
1726797107956 1.02379 0
1726797108053 0.904042 0
1726797108148 0.892202 4
1726797108250 0.430762 4
1726797108345 0.785157 4
1726797108441 8.001963 4
1726797108537 0.973693 4
1726797108634 1.017934 4
1726797108730 1.154573 4
1726797108826 0.94375 4
1726797108922 1.226709 4
1726797109021 1.67764 4
1726797109120 2.212501 8
1726797109217 2.034434 8
1726797109315 0.331438 8
1726797109412 2.847518 8
1726797109508 3.76326 8
1726797109604 1.179917 8
1726797109709 0.607971 8
1726797109805 1.192909 8
1726797109901 12.847356 8
1726797109998 5.804195 8
1726797110094 0.404329 12
1726797110190 0.697196 12
1726797110286 0.551702 12
1726797110385 0.49913 12
1726797110482 3.801433 12
1726797110580 2.845956 12
1726797110679 0.350938 12
1726797110775 2.922557 12
1726797110871 0.919285 12
1726797110970 1.406082 12
1726797111069 1.008044 16
1726797111165 1.36639 16
1726797111263 0.360544 16
1726797111361 1.117009 16
1726797111459 1.453414 16
1726797111567 0.620692 16
1726797111667 0.425222 16
1726797111769 1.589118 16
1726797111869 1.583994 16
1726797111966 0.697257 16
1726797112062 3.17289 20
1726797112157 1.452434 20
1726797112262 13.613176 20
1726797112359 3.549615 20
1726797112455 2.253183 20
1726797112550 0.713143 20
1726797112645 2.070778 20
1726797112740 0.831286 20
1726797112836 1.081359 20
1726797112931 0.835372 20
1726797113027 3.216521 24
1726797113123 0.536694 24
1726797113219 2.017528 24
1726797113317 1.226889 24
1726797113414 0.465291 24
1726797113509 0.610298 24
1726797113603 0.757992 24
1726797113698 1.971776 24
1726797113802 0.8178 24
1726797113900 2.740166 24
1726797113997 2.184423 28
1726797114093 2.339759 28
1726797114188 3.843374 28
1726797114286 3.086839 28
1726797114382 1.883501 28
1726797114478 0.639407 28
1726797114574 1.893354 28
1726797114673 1.528664 28
1726797114770 0.462208 28
1726797114865 2.329936 28
1726797114962 2.437408 32
1726797115058 1.596166 32
1726797115154 0.956528 32
1726797115249 1.204244 32
1726797115344 4.043929 32
1726797119139 2.076845 0
1726797119248 1.46442 0
1726797119345 0.404911 0
1726797119442 0.544421 0
1726797119539 4.47045 0
1726797119634 0.605722 0
1726797119730 0.963606 0
1726797119826 1.766427 0
1726797119931 1.259068 0
1726797120028 1.340327 0
1726797120126 1.660063 5
1726797120228 0.515265 5
1726797120326 0.740702 5
1726797120421 1.728267 5
1726797120518 1.081947 5
1726797120613 1.729884 5
1726797120709 0.69111 5
1726797120804 0.989162 5
1726797120901 1.27597 5
1726797120998 2.402245 5
1726797121098 18.866207 10
1726797121196 1.772348 10
1726797121293 0.254425 10
1726797121391 3.582059 10
1726797121487 1.069997 10
1726797121583 1.41928 10
1726797121681 0.793351 10
1726797121784 2.433849 10
1726797121882 3.247308 10
1726797121987 7.174666 10
1726797122083 0.418896 15
1726797122180 0.650785 15
1726797122278 0.567871 15
1726797122376 0.491626 15
1726797122474 1.869041 15
1726797122570 2.417335 15
1726797122666 0.333606 15
1726797122762 3.601092 15
1726797122858 1.434529 15
1726797122954 5.434388 15
1726797123050 1.002561 20
1726797123150 6.623771 20
1726797123247 0.339039 20
1726797123347 1.177653 20
1726797123445 1.720787 20
1726797123542 0.488417 20
1726797123638 0.348054 20
1726797123737 4.916013 20
1726797123833 1.297399 20
1726797123931 0.724473 20
1726797124035 3.353444 25
1726797124132 1.165263 25
1726797124227 13.053078 25
1726797124324 2.540444 25
1726797124421 6.209826 25
1726797124517 0.633469 25
1726797124613 3.57889 25
1726797124711 3.028025 25
1726797124809 1.195299 25
1726797124908 0.689797 25
1726797125008 1.872288 30
1726797125108 0.582395 30
1726797125207 3.121588 30
1726797125304 1.682277 30
1726797125400 0.494425 30
1726797125496 0.493638 30
1726797125591 2.012806 30
1726797125687 1.438123 30
1726797125782 1.285594 30
1726797125876 34.734989 30
1726797125971 1.430569 35
1726797126076 0.968617 35
1726797126171 2.276233 35
1726797126267 11.222066 35
1726797126362 1.754582 35
1726797126458 0.78072 35
1726797126554 1.378936 35
1726797126649 2.015563 35
1726797126744 0.518211 35
1726797126839 2.3915 35
1726797126935 2.352033 40
1726797127030 5.782749 40
1726797127126 0.872771 40
1726797127221 3.723886 40
1726797127318 3.401717 40
1726797130947 1.871126 0
1726797131045 0.776127 0
1726797131139 0.435508 0
1726797131236 0.463914 0
1726797131335 2.588783 0
1726797131432 0.859883 0
1726797131531 1.164916 0
1726797131632 5.175082 0
1726797131732 0.817766 0
1726797131831 2.675383 0
1726797131929 0.871446 6
1726797132033 0.460393 6
1726797132130 1.069271 6
1726797132234 3.861208 6
1726797132337 1.670177 6
1726797132437 1.403715 6
1726797132533 8.826311 6
1726797132628 0.988316 6
1726797132726 1.072659 6
1726797132824 5.110878 6
1726797132921 7.364015 12
1726797133017 2.606697 12
1726797133113 0.250163 12
1726797133211 5.562644 12
1726797133307 1.140408 12
1726797133404 1.195769 12
1726797133501 0.648841 12
1726797133598 1.037005 12
1726797133697 1.007971 12
1726797133795 5.27379 12
1726797133891 0.429088 18
1726797133987 0.618033 18
1726797134081 0.581076 18
1726797134181 0.473881 18
1726797134280 1.692285 18
1726797134377 1.483381 18
1726797134476 0.332494 18
1726797134573 6.662992 18
1726797134669 0.888332 18
1726797134768 1.440687 18
1726797134864 6.39293 24
1726797134962 0.530764 24
1726797135058 0.322551 24
1726797135154 0.926798 24
1726797135250 1.665553 24
1726797135346 0.670775 24
1726797135444 0.389649 24
1726797135540 3.143303 24
1726797135634 0.986305 24
1726797135729 0.578957 24
1726797135825 6.522507 30
1726797135923 7.657872 30
1726797136020 28.284176 30
1726797136116 1.473415 30
1726797136214 4.856826 30
1726797136314 0.676871 30
1726797136411 10.257753 30
1726797136507 0.983655 30
1726797136602 2.747913 30
1726797136698 0.848967 30
1726797136795 2.73776 36
1726797136890 0.525118 36
1726797136988 2.441059 36
1726797137084 1.195808 36
1726797137180 0.432981 36
1726797137279 0.522847 36
1726797137378 1.199797 36
1726797137474 3.042918 36
1726797137570 1.060847 36
1726797137666 1.956701 36
1726797137765 2.343993 42
1726797137861 0.908919 42
1726797137966 1.492612 42
1726797138066 5.906663 42
1726797138175 1.697935 42
1726797138278 1.028723 42
1726797138377 1.442499 42
1726797138477 1.213445 42
1726797138575 0.486002 42
1726797138676 2.353718 42
1726797138775 3.574291 48
1726797138873 1.940941 48
1726797138971 0.754428 48
1726797139068 1.876584 48
1726797139166 3.085202 48
1726797142834 2.022947 0
1726797142948 0.933256 0
1726797143048 0.462919 0
1726797143144 0.51702 0
1726797143241 2.077334 0
1726797143339 0.929757 0
1726797143436 1.641253 0
1726797143533 1.122382 0
1726797143629 1.202921 0
1726797143727 1.897018 0
1726797143825 0.980461 7
1726797143928 0.504471 7
1726797144027 1.041248 7
1726797144125 3.410127 7
1726797144225 0.941049 7
1726797144326 1.082085 7
1726797144429 1.2634 7
1726797144527 1.130101 7
1726797144628 1.230611 7
1726797144726 10.407417 7
1726797144824 3.089857 14
1726797144925 4.006577 14
1726797145024 0.217639 14
1726797145121 4.755846 14
1726797145219 0.969225 14
1726797145317 1.200624 14
1726797145416 0.638989 14
1726797145513 1.001995 14
1726797145612 0.776689 14
1726797145711 4.583779 14
1726797145809 0.44232 21
1726797145907 0.569942 21
1726797146003 0.565031 21
1726797146102 0.485483 21
1726797146204 1.670428 21
1726797146304 1.630553 21
1726797146404 0.31931 21
1726797146509 24.813953 21
1726797146605 0.980457 21
1726797146704 2.275344 21
1726797146801 1.093073 28
1726797146897 0.668902 28
1726797146998 0.31838 28
1726797147095 2.889167 28
1726797147191 1.660826 28
1726797147287 0.688135 28
1726797147384 0.404197 28
1726797147482 2.474103 28
1726797147578 1.03706 28
1726797147674 0.720721 28
1726797147770 1.45794 35
1726797147867 1.320303 35
1726797147965 3.578532 35
1726797148062 2.108642 35
1726797148161 6.210453 35
1726797148258 0.631923 35
1726797148357 1.954634 35
1726797148454 0.751977 35
1726797148559 1.667513 35
1726797148654 0.792203 35
1726797148748 1.888295 42
1726797148845 0.529442 42
1726797148941 1.352869 42
1726797149040 1.191155 42
1726797149135 0.409484 42
1726797149231 0.516393 42
1726797149327 0.97691 42
1726797149425 6.761464 42
1726797149522 1.237132 42
1726797149620 2.001897 42
1726797149716 2.894495 49
1726797149812 1.111643 49
1726797149912 1.513107 49
1726797150009 2.774935 49
1726797150110 29.615911 49
1726797150208 0.921242 49
1726797150304 5.321125 49
1726797150405 0.958672 49
1726797150502 0.566382 49
1726797150608 1.453828 49
1726797150708 2.637757 56
1726797150804 7.839507 56
1726797150902 0.66979 56
1726797150999 8.583558 56
1726797151094 3.155505 56
