1726800092465 0.297361 0
1726800092566 0.229604 0
1726800092666 0.250835 0
1726800092765 0.325415 0
1726800092863 0.154524 0
1726800092962 0.280197 0
1726800093062 0.18999 0
1726800093166 0.150793 0
1726800093266 0.061073 0
1726800093365 0.172731 0
1726800093470 0.106892 1
1726800093568 0.146325 1
1726800093675 0.118703 1
1726800093774 0.236932 1
1726800093871 0.271206 1
1726800093969 0.047945 1
1726800094073 0.067984 1
1726800094172 0.166446 1
1726800094274 0.603677 1
1726800094372 0.345211 1
1726800094470 0.125468 2
1726800094568 0.0771 2
1726800094668 0.076704 2
1726800094768 0.086635 2
1726800094867 0.077392 2
1726800094965 0.17128 2
1726800095063 0.053235 2
1726800095163 0.16835 2
1726800095266 0.109695 2
1726800095365 0.135395 2
1726800095463 0.08061 3
1726800095563 0.075441 3
1726800095668 0.106189 3
1726800095768 0.155042 3
1726800095867 0.189313 3
1726800095964 0.069692 3
1726800096061 0.07897 3
1726800096162 0.139526 3
1726800096265 0.191834 3
1726800096363 0.319727 3
1726800096461 0.318945 4
1726800096559 0.146031 4
1726800096657 0.125641 4
1726800096754 0.099988 4
1726800096851 0.083536 4
1726800096949 0.252859 4
1726800097047 0.018037 4
1726800099381 0.153309 0
1726800099485 0.123626 0
1726800099582 0.120309 0
1726800099680 0.070701 0
1726800099788 0.049636 0
1726800099886 0.191019 0
1726800099985 0.048719 0
1726800100086 0.133489 0
1726800100187 0.045507 0
1726800100286 0.158439 0
1726800100385 0.06864 2
1726800100482 0.10781 2
1726800100579 0.088622 2
1726800100680 0.256406 2
1726800100778 0.166912 2
1726800100880 0.035544 2
1726800100980 0.058564 2
1726800101079 0.121448 2
1726800101180 0.487562 2
1726800101289 0.234596 2
1726800101385 0.090507 4
1726800101482 0.09396 4
1726800101587 0.052151 4
1726800101687 0.071972 4
1726800101787 0.059582 4
1726800101891 0.177354 4
1726800101990 0.041783 4
1726800102087 0.126136 4
1726800102185 0.079087 4
1726800102288 0.091941 4
1726800102388 0.060547 6
1726800102487 0.067029 6
1726800102586 0.079149 6
1726800102688 0.078207 6
1726800102786 0.168299 6
1726800102886 0.052831 6
1726800102986 0.062984 6
1726800103085 0.11991 6
1726800103186 0.154802 6
1726800103289 0.27429 6
1726800103387 0.303116 8
1726800103491 0.113916 8
1726800103589 0.126564 8
1726800103691 0.102016 8
1726800103790 0.050309 8
1726800103899 0.268119 8
1726800103999 0.006519 8
1726800106294 0.097875 0
1726800106405 0.117236 0
1726800106507 0.093958 0
1726800106606 0.070426 0
1726800106708 0.044107 0
1726800106812 0.186189 0
1726800106912 0.051357 0
1726800107010 0.11243 0
1726800107109 0.042209 0
1726800107209 0.141771 0
1726800107310 0.066254 3
1726800107409 0.10262 3
1726800107507 0.084956 3
1726800107604 0.272541 3
1726800107704 0.148287 3
1726800107801 0.040772 3
1726800107900 0.066024 3
1726800108009 0.12961 3
1726800108112 0.416264 3
1726800108211 0.20233 3
1726800108309 0.084012 6
1726800108412 0.100144 6
1726800108522 0.046423 6
1726800108621 0.062353 6
1726800108720 0.054132 6
1726800108818 0.192462 6
1726800108916 0.035599 6
1726800109013 0.131547 6
1726800109111 0.065936 6
1726800109209 0.084077 6
1726800109307 0.051032 9
1726800109405 0.05758 9
1726800109503 0.054836 9
1726800109605 0.064235 9
1726800109706 0.166639 9
1726800109807 0.052288 9
1726800109908 0.068762 9
1726800110016 0.105703 9
1726800110114 0.148143 9
1726800110212 0.306848 9
1726800110311 0.305944 12
1726800110414 0.11903 12
1726800110517 0.127548 12
1726800110614 0.103393 12
1726800110712 0.063198 12
1726800110815 0.264194 12
1726800110914 0.002657 12
1726800113190 0.078764 0
1726800113299 0.1161 0
1726800113398 0.092421 0
1726800113496 0.067297 0
1726800113593 0.044758 0
1726800113692 0.179086 0
1726800113791 0.046653 0
1726800113893 0.110971 0
1726800113992 0.03828 0
1726800114099 0.141591 0
1726800114199 0.074486 4
1726800114306 0.101305 4
1726800114406 0.06723 4
1726800114506 0.260981 4
1726800114604 0.125075 4
1726800114702 0.034581 4
1726800114805 0.05498 4
1726800114906 0.122942 4
1726800115006 0.379658 4
1726800115105 0.233374 4
1726800115204 0.072503 8
1726800115302 0.113752 8
1726800115406 0.042895 8
1726800115510 0.046591 8
1726800115614 0.056868 8
1726800115713 0.185447 8
1726800115812 0.032537 8
1726800115910 0.115004 8
1726800116010 0.05434 8
1726800116113 0.07694 8
1726800116215 0.040351 12
1726800116315 0.056008 12
1726800116413 0.051314 12
1726800116512 0.045824 12
1726800116610 0.182196 12
1726800116741 0.044678 12
1726800116840 0.072081 12
1726800116939 0.090637 12
1726800117037 0.144362 12
1726800117135 0.271865 12
1726800117237 0.297356 16
1726800117338 0.119176 16
1726800117437 0.13403 16
1726800117536 0.100384 16
1726800117634 0.036526 16
1726800117736 0.277997 16
1726800117836 0.005251 16
1726800120206 0.187116 0
1726800120310 0.095494 0
1726800120409 0.079385 0
1726800120507 0.074217 0
1726800120604 0.047392 0
1726800120706 0.141667 0
1726800120805 0.036855 0
1726800120903 0.120099 0
1726800121005 0.030784 0
1726800121105 0.13931 0
1726800121213 0.073344 5
1726800121315 0.093387 5
1726800121413 0.062484 5
1726800121511 0.274979 5
1726800121609 0.114702 5
1726800121709 0.037546 5
1726800121818 0.057748 5
1726800121939 0.147279 5
1726800122059 0.366464 5
1726800122173 0.215905 5
1726800122285 0.059926 10
1726800122386 0.121965 10
1726800122489 0.0451 10
1726800122592 0.04062 10
1726800122695 0.050126 10
1726800122798 0.197838 10
1726800122899 0.03165 10
1726800122998 0.109522 10
1726800123097 0.05105 10
1726800123195 0.07752 10
1726800123297 0.038535 15
1726800123396 0.051649 15
1726800123498 0.05037 15
1726800123599 0.054207 15
1726800123699 0.194042 15
1726800123801 0.052869 15
1726800123901 0.063429 15
1726800124001 0.100362 15
1726800124099 0.127068 15
1726800124197 0.273356 15
1726800124302 0.286796 20
1726800124405 0.119219 20
1726800124506 0.139098 20
1726800124606 0.095643 20
1726800124705 0.046035 20
1726800124807 0.26254 20
1726800124905 0.007743 20
