1726765000699 0.541255 0
1726765000814 0.307448 0
1726765000929 0.157672 0
1726765001043 0.197451 0
1726765001157 0.372087 0
1726765001273 0.150536 0
1726765001388 0.187335 0
1726765001502 0.167561 0
1726765001617 0.284327 0
1726765001732 0.359421 0
1726765001846 0.7 1
1726765001960 0.34878 1
1726765002074 0.478066 1
1726765002190 0.66132 1
1726765002305 0.320112 1
1726765002419 0.77662 1
1726765002534 0.275696 1
1726765002649 0.215518 1
1726765002763 0.122115 1
1726765002878 0.180089 1
1726765004257 0.240983 0
1726765004372 0.211006 0
1726765004487 0.144558 0
1726765004601 0.191131 0
1726765004716 0.4911 0
1726765004830 0.146139 0
1726765004945 0.287587 0
1726765005060 0.179818 0
1726765005174 0.26563 0
1726765005289 0.347147 0
1726765005405 0.76339 2
1726765005520 0.32834 2
1726765005634 0.500335 2
1726765005749 0.681171 2
1726765005864 0.314452 2
1726765005978 0.596568 2
1726765006092 0.239503 2
1726765006208 0.191531 2
1726765006322 0.252329 2
1726765006437 0.149448 2
1726765007786 0.508203 0
1726765007900 0.295725 0
1726765008014 0.138131 0
1726765008129 0.167868 0
1726765008245 0.503868 0
1726765008360 0.144481 0
1726765008475 0.191557 0
1726765008589 0.170655 0
1726765008704 0.255024 0
1726765008818 0.33943 0
1726765008932 0.6512 3
1726765009048 0.345809 3
1726765009162 0.416461 3
1726765009277 0.780036 3
1726765009391 0.246587 3
1726765009507 0.559913 3
1726765009621 0.250775 3
1726765009736 0.170518 3
1726765009850 0.14355 3
1726765009965 0.151276 3
1726765011314 0.249729 0
1726765011428 0.171029 0
1726765011544 0.153688 0
1726765011660 0.17623 0
1726765011774 0.396785 0
1726765011889 0.190781 0
1726765012003 0.199175 0
1726765012118 0.160749 0
1726765012233 0.26099 0
1726765012348 0.45174 0
1726765012462 0.613011 4
1726765012577 0.374279 4
1726765012692 0.451928 4
1726765012807 0.590404 4
1726765012922 0.263565 4
1726765013039 0.65773 4
1726765013155 0.219466 4
1726765013270 0.155264 4
1726765013384 0.143503 4
1726765013499 0.14249 4
1726765014850 0.181345 0
1726765014965 0.166232 0
1726765015079 0.129345 0
1726765015194 0.171315 0
1726765015308 0.372292 0
1726765015424 0.168772 0
1726765015538 0.18707 0
1726765015655 0.160575 0
1726765015770 0.228815 0
1726765015884 0.429209 0
1726765015999 0.607748 5
1726765016114 0.314208 5
1726765016229 0.42603 5
1726765016344 0.543266 5
1726765016488 0.256837 5
1726765016603 0.59307 5
1726765016718 0.212659 5
1726765016833 0.156606 5
1726765016947 0.13723 5
1726765017062 0.138864 5
1726765018414 0.15921 0
1726765018529 0.16347 0
1726765018644 0.133776 0
1726765018758 0.172718 0
1726765018873 0.361255 0
1726765018988 0.143157 0
1726765019103 0.176641 0
1726765019217 0.162525 0
1726765019332 0.205627 0
1726765019447 0.375434 0
1726765019561 0.597323 6
1726765019676 0.308489 6
1726765019792 0.39674 6
1726765019907 0.554385 6
1726765020022 0.253545 6
1726765020136 0.558933 6
1726765020251 0.194941 6
1726765020366 0.151533 6
1726765020483 0.133228 6
1726765020599 0.130232 6
1726765022070 0.161047 0
1726765022185 0.166723 0
1726765022300 0.134497 0
1726765022415 0.172648 0
1726765022530 0.37043 0
1726765022645 0.145184 0
1726765022760 0.174699 0
1726765022875 0.157712 0
1726765022990 0.183719 0
1726765023105 0.340331 0
1726765023219 0.598595 7
1726765023334 0.366943 7
1726765023448 0.389656 7
1726765023568 0.565089 7
1726765023683 0.259325 7
1726765023799 0.452178 7
1726765023918 0.20031 7
1726765024040 0.15906 7
1726765024155 0.138958 7
1726765024270 0.125428 7
1726765025620 0.157322 0
1726765025735 0.157979 0
1726765025850 0.131013 0
1726765025965 0.16727 0
1726765026080 0.358284 0
1726765026194 0.148939 0
1726765026310 0.177683 0
1726765026425 0.161267 0
1726765026540 0.187258 0
1726765026655 0.33555 0
1726765026770 0.575886 8
1726765026885 0.336864 8
1726765027000 0.383778 8
1726765027115 0.560402 8
1726765027231 0.261224 8
1726765027346 0.450981 8
1726765027461 0.198994 8
1726765027575 0.159271 8
1726765027689 0.138961 8
1726765027804 0.128591 8
1726765029159 0.155125 0
1726765029274 0.161884 0
1726765029389 0.128526 0
1726765029503 0.166374 0
1726765029618 0.359877 0
1726765029733 0.146895 0
1726765029848 0.172437 0
1726765029964 0.158464 0
1726765030079 0.190756 0
1726765030194 0.332901 0
1726765030309 0.572165 9
1726765030424 0.335193 9
1726765030538 0.370822 9
1726765030653 0.562689 9
1726765030767 0.258464 9
1726765030882 0.452244 9
1726765030997 0.201786 9
1726765031112 0.154988 9
1726765031226 0.140392 9
1726765031341 0.122146 9
1726765032706 0.155339 0
1726765032820 0.1562 0
1726765032935 0.128121 0
1726765033050 0.164569 0
1726765033165 0.353247 0
1726765033280 0.141118 0
1726765033394 0.169189 0
1726765033509 0.159524 0
1726765033624 0.190453 0
1726765033739 0.330389 0
1726765033853 0.591836 10
1726765033968 0.336885 10
1726765034086 0.382468 10
1726765034201 0.564983 10
1726765034317 0.250831 10
1726765034433 0.450143 10
1726765034548 0.196088 10
1726765034663 0.160146 10
1726765034778 0.141822 10
1726765034893 0.126106 10
