1727122600892 31.817663 0
1727122600993 0.93834 0
1727122601093 10.301401 0
1727122601195 76.091187 0
1727122601297 7.886268 0
1727122601396 8.585431 0
1727122601495 18.315926 0
1727122601593 10.358704 0
1727122601693 3.563133 0
1727122601795 4.190942 0
1727122601894 0.260266 1
1727122601992 1.205086 1
1727122602090 1.183028 1
1727122602192 10.05892 1
1727122602291 5.565838 1
1727122602395 12.971246 1
1727122602494 2.563392 1
1727122602596 0.906301 1
1727122602706 2.151424 1
1727122602806 5.29771 1
1727122602904 3.201699 2
1727122603003 1.289824 2
1727122603102 1.355993 2
1727122603204 1.562741 2
1727122603304 4.893478 2
1727122603403 2.289093 2
1727122603499 1.468834 2
1727122603597 1.169386 2
1727122603699 4.048427 2
1727122603798 1.372054 2
1727122603896 3.228827 3
1727122603996 36.495228 3
1727122604094 0.565608 3
1727122604194 1.847765 3
1727122605384 1.719301 0
1727122605484 3.793813 0
1727122605583 1.706966 0
1727122605683 15.892775 0
1727122605783 13.407446 0
1727122605880 5.873493 0
1727122605978 17.006763 0
1727122606076 3.352933 0
1727122606174 14.869276 0
1727122606271 11.155287 0
1727122606370 0.225213 2
1727122606472 1.34856 2
1727122606570 36.664062 2
1727122606670 10.419961 2
1727122606768 7.893581 2
1727122606868 1.689864 2
1727122606966 4.73836 2
1727122607067 0.809032 2
1727122607166 1.334258 2
1727122607264 2.688574 2
1727122607366 1.329674 4
1727122607467 1.124136 4
1727122607567 1.17965 4
1727122607668 2.889397 4
1727122607766 2.333737 4
1727122607865 10.144409 4
1727122607963 18.845987 4
1727122608064 1.476445 4
1727122608164 1.133705 4
1727122608263 1.110331 4
1727122608363 4.848665 6
1727122608462 0.904489 6
1727122608562 1.781219 6
1727122608661 7.407968 6
1727122609850 3.857734 0
1727122609950 4.864442 0
1727122610050 1.783829 0
1727122610148 20.293339 0
1727122610246 8.62793 0
1727122610347 4.614535 0
1727122610449 11.283785 0
1727122610555 16.839422 0
1727122610655 1.73316 0
1727122610753 3.230301 0
1727122610853 0.26119 3
1727122610951 2.564572 3
1727122611049 3.0599 3
1727122611147 4.662792 3
1727122611246 2.56943 3
1727122611344 1.725506 3
1727122611448 11.319297 3
1727122611547 1.325136 3
1727122611647 1.387095 3
1727122611750 2.123728 3
1727122611848 1.382244 6
1727122611946 1.187422 6
1727122612045 1.297272 6
1727122612144 2.659762 6
1727122612243 1.610308 6
1727122612346 1.525305 6
1727122612445 535.950012 6
1727122612545 1.051502 6
1727122612645 1.739954 6
1727122612745 0.976288 6
1727122612847 1.872954 9
1727122612949 6.912976 9
1727122613048 1.494477 9
1727122613148 5.808856 9
1727122614330 3.25802 0
1727122614432 5.411111 0
1727122614530 2.143587 0
1727122614636 25.067425 0
1727122614735 28.168541 0
1727122614834 30.567957 0
1727122614932 4.471496 0
1727122615031 14.158095 0
1727122615129 1.754738 0
1727122615229 4.963746 0
1727122615328 0.234272 4
1727122615427 2.915457 4
1727122615531 6.216721 4
1727122615633 3.873787 4
1727122615735 2.804263 4
1727122615834 2.369211 4
1727122615933 2.488592 4
1727122616032 1.117568 4
1727122616130 148.250656 4
1727122616230 1.509815 4
1727122616331 1.548919 8
1727122616430 1.096436 8
1727122616529 1.306975 8
1727122616630 4.124877 8
1727122616733 1.79003 8
1727122616835 1.929092 8
1727122616935 1.98279 8
1727122617034 1.182612 8
1727122617134 1.217696 8
1727122617232 1.001177 8
1727122617331 17.321579 12
1727122617431 1.521022 12
1727122617538 2.17605 12
1727122617637 4.431137 12
