1726833096874 0.0 0
1726833097057 10.0 0
1726833097227 20.0 0
1726833097399 30.0 0
1726833097570 40.0 0
1726833097737 50.0 0
1726833098439 0.0 0
1726833098608 10.0 0
1726833098777 20.0 0
1726833098947 30.0 0
1726833099110 40.0 0
1726833099278 50.0 0
1726833099856 0.0 0
1726833100026 10.0 0
1726833100197 20.0 0
1726833100374 30.0 0
1726833100554 40.0 0
1726833100722 50.0 0
1726833101272 0.0 0
1726833101437 10.0 0
1726833101602 20.0 0
1726833101764 30.0 0
1726833101928 40.0 0
1726833102099 50.0 0
1726833102657 0.0 0
1726833102825 10.0 0
1726833102996 20.0 0
1726833103166 30.0 0
1726833103337 40.0 0
1726833103503 50.0 0
1726833104081 0.0 0
1726833104235 10.0 0
1726833104401 20.0 0
1726833104567 30.0 0
1726833104733 40.0 0
1726833104897 50.0 0
1726833105458 0.0 0
1726833105612 10.0 0
1726833105744 20.0 0
1726833105906 30.0 0
1726833106070 40.0 0
1726833106234 50.0 0
1726833106787 0.0 0
1726833106951 10.0 0
1726833107114 20.0 0
1726833107281 30.0 0
1726833107447 40.0 0
1726833107601 50.0 0
1726833108189 0.0 0
1726833108358 10.0 0
1726833108512 20.0 0
1726833108660 30.0 0
1726833108825 40.0 0
1726833108993 50.0 0
1726833109574 0.0 0
1726833109739 10.0 0
1726833109907 20.0 0
1726833110079 30.0 0
1726833110251 40.0 0
1726833110410 50.0 0
