1727104559388 0.593454 0
1727104559511 1.015824 0
1727104559636 1.495135 0
1727104559755 0.389307 0
1727104559888 0.505567 0
1727104560009 0.388156 0
1727104560462 0.478399 0
1727104560592 0.730504 0
1727104560720 1.103383 0
1727104560851 0.274723 0
1727104560978 0.246494 0
1727104561108 0.342859 0
1727104561572 0.564924 0
1727104561693 0.580841 0
1727104561806 0.927484 0
1727104561932 0.280188 0
1727104562060 0.207406 0
1727104562187 0.308268 0
1727104562645 0.316485 0
1727104562763 0.641341 0
1727104562869 0.873304 0
1727104562980 0.296271 0
1727104563104 0.18464 0
1727104563236 0.274226 0
1727104563685 0.232531 0
1727104563815 0.579818 0
1727104563936 0.834885 0
1727104564060 0.290568 0
1727104564185 0.182851 0
1727104564306 0.227777 0
1727104564745 0.153423 0
1727104564869 0.662266 0
1727104564996 0.828637 0
1727104565118 0.28706 0
1727104565236 0.192123 0
1727104565368 0.221982 0
1727104565849 0.157452 0
1727104565970 0.578261 0
1727104566091 0.781272 0
1727104566207 0.270376 0
1727104566319 0.237068 0
1727104566438 0.220539 0
1727104566899 0.129271 0
1727104567018 0.639438 0
1727104567137 0.863614 0
1727104567261 0.255785 0
1727104567384 0.317742 0
1727104567508 0.227837 0
