1726892061609 16.688982 0
1726892061731 2.155371 0
1726892061851 0.866745 0
1726892061971 0.345249 0
1726892062091 0.145263 0
1726892062214 0.121567 0
1726892062333 0.137547 0
1726892062451 0.133137 0
1726892062572 0.19238 0
1726892062690 0.176897 0
1726892062818 1.08258 1
1726892062940 2.253318 1
1726892063061 0.961951 1
1726892063180 3.949714 1
1726892063305 2.827327 1
1726892063423 2.527825 1
1726892063542 2.069109 1
1726892063664 1.308699 1
1726892063786 3.217819 1
1726892063905 0.432563 1
1726892064024 1.319539 2
1726892064143 7.657611 2
1726892064266 0.752495 2
1726892064388 1.002918 2
1726892064507 5.017246 2
1726892064630 3.149335 2
1726892064754 0.528595 2
1726892064882 3.648134 2
1726892065014 1.974374 2
1726892065136 0.444903 2
1726892065254 0.50311 3
1726892065373 0.957211 3
1726892065491 0.494922 3
1726892065611 0.257804 3
1726892065730 0.555965 3
1726892065851 0.484118 3
1726892065974 1.126483 3
1726892066094 1.906302 3
1726892066214 0.83968 3
1726892066335 0.141149 3
1726892066453 0.587088 4
1726892066571 1.760736 4
1726892066693 0.471212 4
1726892066811 0.789236 4
1726892066937 0.253388 4
1726892067055 0.591843 4
1726892067176 1.882259 4
1726892067296 0.44136 4
1726892067417 0.113801 4
1726892067538 0.738076 4
1726892069926 2.828019 0
1726892070048 0.150755 0
1726892070170 3.085723 0
1726892070290 0.346667 0
1726892070409 0.054442 0
1726892070531 0.091101 0
1726892070649 0.096509 0
1726892070767 0.444304 0
1726892070887 0.114881 0
1726892071020 0.257307 0
1726892071142 0.339575 2
1726892071260 3.710448 2
1726892071380 2.125974 2
1726892071502 3.259315 2
1726892071621 1.848707 2
1726892071739 2.541608 2
1726892071860 1.34356 2
1726892071992 0.62806 2
1726892072120 1.984094 2
1726892072238 0.376132 2
1726892072356 2.809137 4
1726892072474 1.958706 4
1726892072594 0.532174 4
1726892072713 1.026001 4
1726892072833 1.790247 4
1726892072954 1.110833 4
1726892073084 0.469461 4
1726892073204 0.682833 4
1726892073323 4.154933 4
1726892073444 0.380768 4
1726892073565 0.471536 6
1726892073684 0.80504 6
1726892073806 1.348339 6
1726892073927 0.271952 6
1726892074047 0.617093 6
1726892074168 0.293769 6
1726892074288 0.582094 6
1726892074406 1.042893 6
1726892074524 0.917833 6
1726892074645 0.152201 6
1726892074764 0.526807 8
1726892074881 0.503986 8
1726892075005 0.419996 8
1726892075133 1.290476 8
1726892075254 0.284791 8
1726892075374 0.582269 8
1726892075491 0.671654 8
1726892075612 0.499283 8
1726892075730 0.134072 8
1726892075848 4.435717 8
1726892078315 2.221374 0
1726892078437 0.466128 0
1726892078555 0.605647 0
1726892078674 0.366678 0
1726892078794 0.096782 0
1726892078914 0.160502 0
1726892079032 0.077701 0
1726892079165 0.368756 0
1726892079286 0.8236 0
1726892079410 0.269395 0
1726892079530 7.805644 3
1726892079650 2.805566 3
1726892079773 1.236006 3
1726892079892 3.177307 3
1726892080010 6.029589 3
1726892080132 19.678438 3
1726892080253 2.022843 3
1726892080373 0.550123 3
1726892080492 2.133441 3
1726892080614 0.331578 3
1726892080733 1.685996 6
1726892080856 2.996232 6
1726892080978 0.40225 6
1726892081097 0.742972 6
1726892081225 1.260047 6
1726892081347 6.624523 6
1726892081466 0.519949 6
1726892081586 0.441357 6
1726892081707 1.091799 6
1726892081832 0.41624 6
1726892081951 0.494411 9
1726892082069 0.759151 9
1726892082191 0.650701 9
1726892082313 0.255869 9
1726892082431 0.564412 9
1726892082549 0.327917 9
1726892082668 0.444232 9
1726892082789 1.446543 9
1726892082910 0.768122 9
1726892083028 0.15092 9
1726892083147 0.526113 12
1726892083276 0.599586 12
1726892083397 0.432196 12
1726892083518 0.686182 12
1726892083638 0.293045 12
1726892083762 0.472735 12
1726892083885 0.561236 12
1726892084004 0.508965 12
1726892084124 0.583709 12
1726892084245 2.415482 12
1726892086733 0.492423 0
1726892086854 0.580864 0
1726892086978 4.036531 0
1726892087098 0.340798 0
1726892087216 0.060649 0
1726892087343 0.064671 0
1726892087465 0.06362 0
1726892087584 0.451097 0
1726892087703 0.144638 0
1726892087824 0.083907 0
1726892087942 1.617281 4
1726892088064 3.890592 4
1726892088184 1.955992 4
1726892088302 1.928528 4
1726892088423 8.213861 4
1726892088544 2.68352 4
1726892088663 2.892163 4
1726892088781 0.761508 4
1726892088902 4.600114 4
1726892089022 0.34317 4
1726892089145 1.916001 8
1726892089265 3.635423 8
1726892089390 0.81852 8
1726892089514 0.683117 8
1726892089631 1.280665 8
1726892089749 0.771327 8
1726892089868 0.466357 8
1726892089997 0.494965 8
1726892090130 2.297629 8
1726892090249 0.368406 8
1726892090372 0.483674 12
1726892090495 0.764472 12
1726892090615 0.563776 12
1726892090737 0.263928 12
1726892090855 0.531967 12
1726892090973 0.295836 12
1726892091091 0.450686 12
1726892091213 0.505216 12
1726892091331 1.088878 12
1726892091458 0.152834 12
1726892091580 0.528486 16
1726892091698 0.490474 16
1726892091818 0.4313 16
1726892091941 0.602662 16
1726892092063 0.31943 16
1726892092184 0.502937 16
1726892092303 0.434693 16
1726892092424 0.535428 16
1726892092547 0.121196 16
1726892092670 4.191549 16
1726892095090 5.330715 0
1726892095213 0.140168 0
1726892095334 1.544218 0
1726892095452 0.304974 0
1726892095580 0.135867 0
1726892095703 0.078796 0
1726892095825 0.066628 0
1726892095944 0.201503 0
1726892096069 0.107994 0
1726892096191 0.424308 0
1726892096314 3.568496 5
1726892096438 1.780457 5
1726892096558 1.778401 5
1726892096677 8.248194 5
1726892096800 2.807993 5
1726892096930 3.327885 5
1726892097052 91.981911 5
1726892097173 0.484807 5
1726892097293 5.865872 5
1726892097413 0.33034 5
1726892097537 9.178404 10
1726892097662 2.152707 10
1726892097784 2.785365 10
1726892097903 0.789918 10
1726892098022 2.183022 10
1726892098141 1.371133 10
1726892098260 0.78968 10
1726892098383 0.406892 10
1726892098501 0.990497 10
1726892098620 0.378436 10
1726892098741 0.475286 15
1726892098864 0.762243 15
1726892098984 0.386202 15
1726892099103 0.26545 15
1726892099223 0.517308 15
1726892099344 0.313609 15
1726892099463 0.424056 15
1726892099584 0.556426 15
1726892099705 0.85857 15
1726892099824 0.148309 15
1726892099944 0.546935 20
1726892100063 0.528596 20
1726892100181 0.410924 20
1726892100301 2.863317 20
1726892100425 0.309001 20
1726892100546 5.748881 20
1726892100663 0.474934 20
1726892100780 0.499526 20
1726892100901 0.157564 20
1726892101022 1.555113 20
1726892103441 0.709036 0
1726892103565 0.206625 0
1726892103689 2.636279 0
1726892103810 0.308228 0
1726892103928 0.07228 0
1726892104052 0.057434 0
1726892104173 0.080369 0
1726892104295 0.117065 0
1726892104427 0.101389 0
1726892104550 0.167135 0
1726892104669 0.476796 6
1726892104787 4.221109 6
1726892104904 2.279067 6
1726892105027 1.970651 6
1726892105150 4.125422 6
1726892105270 2.856569 6
1726892105390 1.645874 6
1726892105509 0.655553 6
1726892105631 4.660055 6
1726892105760 0.329871 6
1726892105881 3.384861 12
1726892106004 3.356896 12
1726892106129 0.458144 12
1726892106249 0.967523 12
1726892106367 2.004184 12
1726892106486 0.905471 12
1726892106605 1.03697 12
1726892106725 0.412056 12
1726892106843 0.70752 12
1726892106960 0.34042 12
1726892107081 0.453785 18
1726892107202 0.739218 18
1726892107320 0.354009 18
1726892107438 0.265814 18
1726892107556 0.554492 18
1726892107675 0.337297 18
1726892107802 0.398708 18
1726892107922 0.572144 18
1726892108044 1.817127 18
1726892108167 0.153248 18
1726892108290 0.550675 24
1726892108410 0.75808 24
1726892108535 0.40425 24
1726892108656 1.010773 24
1726892108777 0.296299 24
1726892108897 0.733378 24
1726892109018 0.392485 24
1726892109138 0.523153 24
1726892109257 0.098826 24
1726892109376 7.441725 24
