1726753508340 43.077431 0
1726753508461 26.275385 0
1726753508572 19.328699 0
1726753508675 42.177807 0
1726753508776 18.075905 0
1726753508874 8.999357 0
1726753508972 14.798893 0
1726753509074 3.651135 0
1726753509178 3.063848 0
1726753509281 4.86316 0
1726753509388 4.033018 1
1726753509490 14.057341 1
1726753509597 3.396242 1
1726753509706 10.625731 1
1726753509812 2.407147 1
1726753509911 2.171344 1
1726753510007 3.328753 1
1726753510107 4.463173 1
1726753510206 2.65332 1
1726753510305 2.586588 1
1726753510407 6.004976 2
1726753510509 1.23903 2
1726753510614 2.60627 2
1726753510719 1.261021 2
1726753510821 2.351668 2
1726753510918 1.104798 2
1726753511017 4.336159 2
1726753511115 0.834888 2
1726753511213 1.747501 2
1726753511316 2.013549 2
1726753511422 0.902852 3
1726753511531 0.553717 3
1726753511640 1.719167 3
1726753511749 1.140636 3
1726753511856 1.243357 3
1726753511962 1.512779 3
1726753512069 1.965654 3
1726753512179 0.662331 3
1726753512284 2.475062 3
1726753512388 1.570067 3
1726753512489 0.539965 4
1726753512590 2.323558 4
1726753512692 0.528648 4
1726753512797 1.708251 4
1726753512901 0.317023 4
1726753513002 0.474752 4
1726753513100 0.272569 4
1726753513202 2.855009 4
1726753513303 0.490501 4
1726753513400 0.216096 4
1726753513500 0.434032 5
1726753519736 1.459615 0
1726753519870 1.286522 0
1726753519974 1.809498 0
1726753520075 0.550667 0
1726753520176 0.630769 0
1726753520279 1.686133 0
1726753520387 1.06766 0
1726753520498 0.590049 0
1726753520605 1.3835 0
1726753520707 0.633071 0
1726753520806 2.25714 2
1726753520904 1.987292 2
1726753521002 2.861466 2
1726753521101 6.561193 2
1726753521202 1.367219 2
1726753521302 0.481597 2
1726753521408 1.336844 2
1726753521508 2.157057 2
1726753521603 1.191122 2
1726753521699 3.133321 2
1726753521797 2.476583 4
1726753521899 0.400235 4
1726753522002 1.102499 4
1726753522104 1.210044 4
1726753522203 1.389934 4
1726753522298 2.419418 4
1726753522398 1.483377 4
1726753522495 0.517985 4
1726753522596 1.663025 4
1726753522696 3.518197 4
1726753522796 0.357038 6
1726753522897 0.576028 6
1726753523001 0.657713 6
1726753523110 2.147551 6
1726753523215 0.675178 6
1726753523319 0.477962 6
1726753523433 1.32866 6
1726753523542 0.584255 6
1726753523649 0.631483 6
1726753523758 0.65039 6
1726753523864 0.563063 8
1726753523963 2.078772 8
1726753524057 0.37366 8
1726753524152 1.206574 8
1726753524246 0.323933 8
1726753524345 0.470284 8
1726753524446 0.406211 8
1726753524548 0.710102 8
1726753524653 0.618304 8
1726753524753 0.252556 8
1726753524849 0.362282 10
1726753531057 2.212438 0
1726753531174 0.414707 0
1726753531281 0.537875 0
1726753531384 0.250057 0
1726753531485 1.046951 0
1726753531584 14.374679 0
1726753531685 1.197526 0
1726753531785 0.672118 0
1726753531885 0.935819 0
1726753531986 0.560023 0
1726753532086 1.606233 3
1726753532192 3.526903 3
1726753532302 1.23124 3
1726753532409 1.1366 3
1726753532511 0.841568 3
1726753532608 0.396625 3
1726753532711 0.677436 3
1726753532807 1.160264 3
1726753532908 0.836918 3
1726753533011 2.182773 3
1726753533112 3.233944 6
1726753533212 0.97754 6
1726753533314 1.620977 6
1726753533417 10.894869 6
1726753533526 2.696197 6
1726753533633 1.738205 6
1726753533735 2.681906 6
1726753533835 0.925439 6
1726753533930 2.244865 6
1726753534028 1.098553 6
1726753534124 0.358785 9
1726753534222 0.494094 9
1726753534324 0.509913 9
1726753534432 0.970233 9
1726753534536 0.805624 9
1726753534637 0.513468 9
1726753534740 0.705335 9
1726753534845 0.514651 9
1726753534955 11.288147 9
1726753535063 1.567091 9
1726753535167 0.769669 12
1726753535268 3.003358 12
1726753535371 0.34957 12
1726753535473 0.447093 12
1726753535578 0.314451 12
1726753535685 0.426167 12
1726753535789 0.338668 12
1726753535891 11.484079 12
1726753535993 0.318644 12
1726753536096 0.24985 12
1726753536197 0.462676 15
1726753542374 1.074377 0
1726753542492 0.33345 0
1726753542598 1.196145 0
1726753542702 0.234819 0
1726753542805 1.362416 0
1726753542905 2.648291 0
1726753543010 1.318189 0
1726753543114 1.595976 0
1726753543220 1.691821 0
1726753543322 0.668462 0
1726753543424 1.1362 4
1726753543526 9.131225 4
1726753543631 1.618469 4
1726753543736 1.675295 4
1726753543837 0.7962 4
1726753543936 0.442687 4
1726753544034 0.613528 4
1726753544131 0.989256 4
1726753544229 0.627296 4
1726753544329 0.890522 4
1726753544432 23.691919 8
1726753544546 0.456262 8
1726753544668 1.097511 8
1726753544785 1.371462 8
1726753544900 1.318833 8
1726753545009 1.88207 8
1726753545112 2.714058 8
1726753545214 3.276323 8
1726753545313 3.674431 8
1726753545411 2.01018 8
1726753545507 0.371387 12
1726753545606 0.477925 12
1726753545708 0.58282 12
1726753545812 0.921591 12
1726753545915 16.962835 12
1726753546018 0.487804 12
1726753546122 0.847161 12
1726753546224 0.41186 12
1726753546328 0.636924 12
1726753546433 0.692782 12
1726753546535 0.71254 16
1726753546632 1.778654 16
1726753546726 0.329122 16
1726753546824 0.475571 16
1726753546921 0.294617 16
1726753547022 0.48512 16
1726753547133 0.31253 16
1726753547248 4.626943 16
1726753547356 0.275553 16
1726753547461 0.267493 16
1726753547560 0.410322 20
1726753553758 1.251992 0
1726753553884 0.408567 0
1726753553993 0.631825 0
1726753554096 0.362873 0
1726753554198 0.937955 0
1726753554301 2.024866 0
1726753554407 1.443073 0
1726753554519 0.596201 0
1726753554627 1.007648 0
1726753554734 3.263458 0
1726753554837 0.873731 5
1726753554942 2.372079 5
1726753555050 1.039529 5
1726753555161 1.213796 5
1726753555268 0.866974 5
1726753555376 0.657303 5
1726753555483 0.554404 5
1726753555592 7.556749 5
1726753555699 0.57513 5
1726753555803 0.901433 5
1726753555903 5.693883 10
1726753556002 0.442223 10
1726753556100 1.762514 10
1726753556200 1.56607 10
1726753556304 0.969461 10
1726753556409 1.088806 10
1726753556519 1.882325 10
1726753556629 0.642434 10
1726753556741 3.403625 10
1726753556851 1.254194 10
1726753556954 0.360158 15
1726753557055 0.547305 15
1726753557153 0.574277 15
1726753557253 0.811357 15
1726753557357 0.594311 15
1726753557463 0.662621 15
1726753557575 1.130753 15
1726753557685 0.698506 15
1726753557796 0.649036 15
1726753557904 0.644348 15
1726753558010 0.652064 20
1726753558114 1.773428 20
1726753558218 0.557684 20
1726753558321 0.484629 20
1726753558423 0.305061 20
1726753558524 0.361026 20
1726753558624 0.298324 20
1726753558725 0.804638 20
1726753558824 0.337873 20
1726753558923 0.255116 20
1726753559024 3.806456 25
1726753565307 1.562501 0
1726753565424 0.384062 0
1726753565526 0.880761 0
1726753565628 0.42761 0
1726753565724 0.85266 0
1726753565820 6.122786 0
1726753565922 1.058028 0
1726753566030 0.441464 0
1726753566141 1.475548 0
1726753566248 0.758971 0
1726753566352 0.94653 6
1726753566452 2.652919 6
1726753566552 1.804968 6
1726753566651 1.124796 6
1726753566750 1.478836 6
1726753566853 0.51414 6
1726753566959 0.555457 6
1726753567065 7.168335 6
1726753567173 0.701524 6
1726753567286 1.054668 6
1726753567400 3.175618 12
1726753567510 0.493334 12
1726753567612 1.234781 12
1726753567712 1.152563 12
1726753567809 1.305465 12
1726753567908 1.881667 12
1726753568008 2.510757 12
1726753568110 2.007934 12
1726753568215 1.747657 12
1726753568317 1.031569 12
1726753568418 0.351838 18
1726753568524 0.564341 18
1726753568629 1.05459 18
1726753568737 1.612056 18
1726753568843 0.496057 18
1726753568949 0.343364 18
1726753569052 720.952637 18
1726753569152 0.495323 18
1726753569250 0.975911 18
1726753569349 1.01327 18
1726753569449 0.62816 24
1726753569552 1.337094 24
1726753569655 0.289922 24
1726753569760 0.434642 24
1726753569862 0.277734 24
1726753569963 0.473751 24
1726753570065 0.354707 24
1726753570175 0.445679 24
1726753570285 0.362309 24
1726753570393 0.25566 24
1726753570500 0.581762 30
