1727112843136 0.0 0
1727112843268 10.0 0
1727112843400 20.0 0
1727112843528 30.0 0
1727112843659 40.0 0
1727112843790 50.0 0
1727112844297 0.0 0
1727112844434 10.0 0
1727112844565 20.0 0
1727112844695 30.0 0
1727112844866 40.0 0
1727112845029 50.0 0
1727112845638 0.0 0
1727112845779 10.0 0
1727112845921 20.0 0
1727112846056 30.0 0
1727112846193 40.0 0
1727112846332 50.0 0
1727112846857 0.0 0
1727112846994 10.0 0
1727112847139 20.0 0
1727112847283 30.0 0
1727112847416 40.0 0
1727112847559 50.0 0
1727112848080 0.0 0
1727112848223 10.0 0
1727112848367 20.0 0
1727112848508 30.0 0
1727112848648 40.0 0
1727112848788 50.0 0
1727112849358 0.0 0
1727112849499 10.0 0
1727112849639 20.0 0
1727112849776 30.0 0
1727112849912 40.0 0
1727112850051 50.0 0
1727112850562 0.0 0
1727112850696 10.0 0
1727112850830 20.0 0
1727112850984 30.0 0
1727112851112 40.0 0
1727112851242 50.0 0
1727112851889 0.0 0
1727112852039 10.0 0
1727112852175 20.0 0
1727112852333 30.0 0
1727112852471 40.0 0
1727112852608 50.0 0
1727112853144 0.0 0
1727112853284 10.0 0
1727112853425 20.0 0
1727112853566 30.0 0
1727112853727 40.0 0
1727112853869 50.0 0
1727112854356 0.0 0
1727112854490 10.0 0
1727112854630 20.0 0
1727112854772 30.0 0
1727112854914 40.0 0
1727112855058 50.0 0
