1727112843153 1.164742 0
1727112843284 0.541673 0
1727112843417 2.210039 0
1727112843544 0.411537 0
1727112843675 0.208403 0
1727112843806 0.850534 0
1727112844318 0.048206 0
1727112844451 0.106191 0
1727112844581 2.332939 0
1727112844713 0.1087 0
1727112844883 0.04111 0
1727112845047 0.918258 0
1727112845668 0.213764 0
1727112845796 0.070092 0
1727112845939 2.367771 0
1727112846073 0.122479 0
1727112846210 0.039992 0
1727112846349 0.882055 0
1727112846874 0.062746 0
1727112847011 0.064195 0
1727112847156 2.324949 0
1727112847300 0.119571 0
1727112847433 0.026453 0
1727112847576 0.758619 0
1727112848097 0.041489 0
1727112848241 0.066039 0
1727112848384 2.280995 0
1727112848524 0.118686 0
1727112848665 0.032646 0
1727112848805 0.712603 0
1727112849375 0.048337 0
1727112849516 0.073267 0
1727112849656 2.241184 0
1727112849792 0.109313 0
1727112849929 0.032896 0
1727112850068 0.700918 0
1727112850578 0.052591 0
1727112850713 0.074262 0
1727112850860 2.143221 0
1727112851001 0.126732 0
1727112851129 0.034794 0
1727112851260 0.703864 0
1727112851907 0.057822 0
1727112852056 0.063566 0
1727112852192 2.142452 0
1727112852350 0.115299 0
1727112852489 0.025406 0
1727112852626 0.756258 0
1727112853162 0.062659 0
1727112853301 0.071641 0
1727112853441 2.231444 0
1727112853583 0.150536 0
1727112853747 0.031619 0
1727112853887 0.652614 0
1727112854373 0.042329 0
1727112854507 0.059538 0
1727112854646 2.200908 0
1727112854789 0.117456 0
1727112854931 0.034724 0
1727112855074 0.690097 0
