1726905788014 3.681884 0
1726905788157 5.534366 0
1726905788298 8.590711 0
1726905788438 27.557693 0
1726905788580 72.517052 0
1726905788721 26.939447 0
1726905788863 16.250122 0
1726905789004 20.342072 0
1726905789145 9.688949 0
1726905789857 7.862437 0
1726905789999 6.088258 0
1726905790139 14.908625 0
1726905790279 8.919787 0
1726905790420 70.561188 0
1726905790560 18.785091 0
1726905790701 10.772243 0
1726905790841 4.238655 0
1726905790982 3.471344 0
1726905791704 5.321562 0
1726905791847 15.186393 0
1726905791988 12.997005 0
1726905792128 22.246353 0
1726905792269 2.521775 0
1726905792410 7.545985 0
1726905792550 5.340549 0
1726905792692 2.620521 0
1726905792832 1.925888 0
1726905793513 3.72518 0
1726905793659 10.924938 0
1726905793800 3.141821 0
1726905793941 5.423431 0
1726905794082 2.949761 0
1726905794223 4.288991 0
1726905794364 8.690212 0
1726905794505 2.298053 0
1726905794646 1.524955 0
1726905795333 5.996165 0
1726905795475 11.22823 0
1726905795622 3.480115 0
1726905795764 10.593285 0
1726905795905 1.514108 0
1726905796046 5.379255 0
1726905796186 3.090997 0
1726905796326 1.703929 0
1726905796468 1.693936 0
1726905797160 4.828342 0
1726905797304 5.57084 0
1726905797445 2.736861 0
1726905797585 10.061314 0
1726905797728 1.426051 0
1726905797869 3.51416 0
1726905798009 3.851982 0
1726905798151 1.176221 0
1726905798293 1.570154 0
1726905798998 3.442745 0
1726905799139 3.432586 0
1726905799279 1.918609 0
1726905799420 3.742885 0
1726905799560 1.449315 0
1726905799703 3.282823 0
1726905799845 3.773961 0
1726905799986 1.036212 0
1726905800126 1.555535 0
1726905800824 4.575427 0
1726905800964 3.895273 0
1726905801106 4.215775 0
1726905801246 5.444357 0
1726905801386 4.102937 0
1726905801526 4.83553 0
1726905801667 5.206595 0
1726905801810 1.429467 0
1726905801951 1.986667 0
1726905802646 2.580862 0
1726905802793 2.963068 0
1726905802934 40.50312 0
1726905803074 3.695747 0
1726905803216 1.588317 0
1726905803357 5.062469 0
1726905803497 12.227724 0
1726905803638 0.978177 0
1726905803782 9.983557 0
1726905804478 3.073178 0
1726905804622 2.247215 0
1726905804764 2.558357 0
1726905804906 2.79897 0
1726905805051 2.15856 0
1726905805197 5.458291 0
1726905805340 5.845867 0
1726905805482 1.065626 0
1726905805625 2.121661 0
