1727261150193 72.399399 0
1727261150317 30.81142 0
1727261150436 138.409561 0
1727261150558 7.029951 0
1727261150676 7.13749 0
1727261150792 8.910441 0
1727261150914 28.206839 0
1727261151037 11.75705 0
1727261151156 12.632915 0
1727261151268 4.718854 0
1727261151390 6.917839 1
1727261151531 41.334957 1
1727261151651 200.213455 1
1727261151768 14.837674 1
1727261151888 26.44051 1
1727261152005 20.137909 1
1727261152132 35.145332 1
1727261152255 26.269798 1
1727261152379 20.461967 1
1727261153528 24.001198 0
1727261153663 14.555611 0
1727261153798 16.898102 0
1727261153925 15.526606 0
1727261154047 10.152885 0
1727261154172 7.921667 0
1727261154290 11.618668 0
1727261154406 43.22403 0
1727261154518 39.277573 0
1727261154636 258.235077 0
1727261154756 6.924145 2
1727261154875 8.518541 2
1727261154996 4.536636 2
1727261155108 6.909604 2
1727261155221 12.100413 2
1727261155341 4.401285 2
1727261155471 3.912589 2
1727261155584 3.459255 2
1727261155700 4.102495 2
1727261157010 7.276702 0
1727261157148 4.594764 0
1727261157280 25.659304 0
1727261157407 3.03257 0
1727261157539 5.052241 0
1727261157665 4.025718 0
1727261157800 2.900306 0
1727261157931 6.240665 0
1727261158059 26.663937 0
1727261158191 3.104162 0
1727261158324 2.492115 3
1727261158454 3.406628 3
1727261158582 2.809161 3
1727261158718 2.103841 3
1727261158841 2.645551 3
1727261158974 1.578537 3
1727261159100 1.526788 3
1727261159232 3.941756 3
1727261159374 2.180822 3
1727261160449 1.693049 0
1727261160572 0.575036 0
1727261160704 0.769141 0
1727261160834 1.140013 0
1727261160962 4.470863 0
1727261161103 1.258409 0
1727261161241 1.532205 0
1727261161373 3.629559 0
1727261161489 4.701017 0
1727261161611 1.20238 0
1727261161731 4.459046 4
1727261161847 2.784015 4
1727261161961 2.021749 4
1727261162078 0.794246 4
1727261162205 1.335038 4
1727261162325 2.590023 4
1727261162445 1.190709 4
1727261162564 1.040257 4
1727261162679 150.277481 4
1727261163572 1.536634 0
1727261163687 0.579465 0
1727261163809 1.071941 0
1727261163925 0.945065 0
1727261164047 0.668506 0
1727261164168 0.853924 0
1727261164291 1.705465 0
1727261164418 1.921531 0
1727261164542 3.140991 0
1727261164663 0.856947 0
1727261164785 0.783288 5
1727261164904 9.663266 5
1727261165017 0.809311 5
1727261165133 0.878998 5
1727261165245 2.389838 5
1727261165357 0.679807 5
1727261165464 1.012194 5
1727261165572 1.155607 5
1727261165680 8.459907 5
1727261166651 1.184439 0
1727261166761 0.854099 0
1727261166877 0.372685 0
1727261167006 1.038203 0
1727261167145 272.296844 0
1727261167274 0.690823 0
1727261167386 0.883403 0
1727261167497 1.614818 0
1727261167618 250.541946 0
1727261167754 1.054396 0
1727261167876 0.538664 6
1727261167987 0.879271 6
1727261168101 1.141087 6
1727261168223 4.046479 6
1727261168340 1.553341 6
1727261168455 0.485595 6
1727261168567 0.614139 6
1727261168682 0.735687 6
1727261168796 1.440823 6
1727261169758 6.828677 0
1727261169878 0.39751 0
1727261169990 0.377875 0
1727261170107 0.569819 0
1727261170228 0.704588 0
1727261170347 0.750728 0
1727261170470 0.872212 0
1727261170590 7.219019 0
1727261170707 2.671168 0
1727261170824 1.503288 0
1727261170939 0.449 7
1727261171058 0.938958 7
1727261171173 1.525577 7
1727261171288 2.969345 7
1727261171406 2.641742 7
1727261171525 0.472887 7
1727261171651 0.903733 7
1727261171769 0.813341 7
1727261171884 1.086089 7
1727261172811 2.455286 0
1727261172930 0.403472 0
1727261173049 0.475951 0
1727261173169 0.618539 0
1727261173283 1.484372 0
1727261173397 0.746309 0
1727261173512 0.835586 0
1727261173638 1.196642 0
1727261173762 2.104131 0
1727261173885 1.840312 0
1727261174010 0.440562 8
1727261174133 0.957495 8
1727261174250 1.463311 8
1727261174373 0.728751 8
1727261174503 1.678482 8
1727261174632 1.062641 8
1727261174752 0.655259 8
1727261174870 0.856224 8
1727261174980 0.923449 8
1727261175941 2.396038 0
1727261176066 0.510886 0
1727261176184 0.67785 0
1727261176302 0.601254 0
1727261176414 0.617797 0
1727261176532 2.129618 0
1727261176656 0.963099 0
1727261176780 1.190266 0
1727261176910 3.268734 0
1727261177046 1.437867 0
1727261177172 0.633007 9
1727261177292 1.097743 9
1727261177411 1.26624 9
1727261177534 0.761407 9
1727261177659 1.088248 9
1727261177783 0.670718 9
1727261177910 1.490665 9
1727261178027 0.614513 9
1727261178151 0.935351 9
1727261179069 1.713328 0
1727261179184 0.342298 0
1727261179308 0.337871 0
1727261179437 0.613725 0
1727261179563 0.562699 0
1727261179683 0.886139 0
1727261179810 1.392574 0
1727261179922 2.028231 0
1727261180038 2.072051 0
1727261180165 0.945676 0
1727261180280 0.539203 10
1727261180396 0.985112 10
1727261180508 0.904611 10
1727261180620 1.638641 10
1727261180738 1.000912 10
1727261180852 0.476919 10
1727261180972 0.974377 10
1727261181090 0.642547 10
1727261181208 1.009833 10
