1726885063779 184.618439 0
1726885063916 4.255838 0
1726885064055 2.2235 0
1726885064193 1.716763 0
1726885064330 1.47723 0
1726885064467 1.512185 0
1726885064604 1.594422 0
1726885064740 1.65611 0
1726885064878 2.748613 0
1726885065015 35.176399 0
1726885065153 6.272513 1
1726885065289 13.298077 1
1726885065426 5.326544 1
1726885065562 7.131585 1
1726885065699 11.057278 1
1726885065836 6.927279 1
1726885065972 2.712131 1
1726885066109 31.847818 1
1726885066247 2.740411 1
1726885066384 4.101084 1
1726885066520 2.500126 2
1726885066656 3.621811 2
1726885066793 1.770792 2
1726885066930 2.767291 2
1726885068594 1.593103 0
1726885068736 8.328 0
1726885068873 28.25247 0
1726885069013 4.560516 0
1726885069149 1.713108 0
1726885069287 0.384023 0
1726885069424 0.80821 0
1726885069562 1.565135 0
1726885069699 0.927347 0
1726885069835 3.887322 0
1726885069972 8.675951 2
1726885070108 1.68555 2
1726885070246 1.326503 2
1726885070385 9.927454 2
1726885070522 5.729095 2
1726885070659 1.677405 2
1726885070796 6.048274 2
1726885070933 2.140051 2
1726885071072 1.246785 2
1726885071209 1.218319 2
1726885071347 3.67169 4
1726885071485 2.29191 4
1726885071622 5.489792 4
1726885071758 2.237631 4
1726885073391 6.463992 0
1726885073531 1.468391 0
1726885073667 0.57355 0
1726885073804 2.408936 0
1726885073941 1.731837 0
1726885074077 0.341991 0
1726885074213 0.492166 0
1726885074350 1.141879 0
1726885074491 0.379121 0
1726885074629 6.154799 0
1726885074765 4.186049 3
1726885074901 2.85116 3
1726885075038 0.978345 3
1726885075176 2.952755 3
1726885075314 3.357269 3
1726885075450 0.858368 3
1726885075587 1.073029 3
1726885075723 2.235296 3
1726885075860 1.333246 3
1726885075997 1.063784 3
1726885076149 7.819745 6
1726885076286 2.007909 6
1726885076425 5.868769 6
1726885076564 2.436856 6
1726885078204 3.141466 0
1726885078342 1.231671 0
1726885078481 0.55731 0
1726885078619 4.588708 0
1726885078756 2.090025 0
1726885078893 0.338029 0
1726885079031 0.481863 0
1726885079169 1.25133 0
1726885079307 0.309038 0
1726885079443 3.817981 0
1726885079580 3.371051 4
1726885079717 0.825336 4
1726885079854 0.790631 4
1726885079990 5.151248 4
1726885080127 3.947879 4
1726885080264 0.738257 4
1726885080400 0.711466 4
1726885080539 1.819954 4
1726885080677 1.368961 4
1726885080814 1.264544 4
1726885080956 4.250373 8
1726885081092 5.802761 8
1726885081231 19.878693 8
1726885081369 1.182846 8
1726885083034 4.434491 0
1726885083175 1.564855 0
1726885083312 0.730402 0
1726885083449 5.092179 0
1726885083586 2.232512 0
1726885083724 0.314299 0
1726885083863 0.491743 0
1726885084000 1.158543 0
1726885084137 0.310177 0
1726885084274 6.64033 0
1726885084411 1.564767 5
1726885084548 0.674618 5
1726885084685 0.752707 5
1726885084822 4.208039 5
1726885084959 5.793713 5
1726885085095 0.457061 5
1726885085232 0.696922 5
1726885085371 1.779311 5
1726885085507 1.094819 5
1726885085644 1.696914 5
1726885085780 42.263653 10
1726885085918 48.353138 10
1726885086054 2.682755 10
1726885086191 0.820921 10
1726885087826 3.784841 0
1726885087965 1.357818 0
1726885088102 0.909147 0
1726885088238 8.265477 0
1726885088375 2.492743 0
1726885088512 0.312799 0
1726885088648 0.483769 0
1726885088787 1.246933 0
1726885088924 0.287955 0
1726885089062 2.751823 0
1726885089198 2.207923 6
1726885089335 0.689069 6
1726885089472 1.174496 6
1726885089610 5.919482 6
1726885089747 4.463911 6
1726885089883 0.545307 6
1726885090020 0.742978 6
1726885090157 2.668465 6
1726885090293 1.393548 6
1726885090436 1.935607 6
1726885090573 5.125363 12
1726885090709 2.358275 12
1726885090849 3.541858 12
1726885090985 0.7182 12
1726885092622 6.44294 0
1726885092760 4.47953 0
1726885092901 0.781036 0
1726885093039 6.538445 0
1726885093177 22.33839 0
1726885093314 0.299892 0
1726885093450 0.464444 0
1726885093588 0.903282 0
1726885093725 0.270016 0
1726885093861 197.877991 0
1726885093998 11.266685 7
1726885094135 1.353685 7
1726885094273 1.025556 7
1726885094410 3.798797 7
1726885094548 25.472952 7
1726885094684 1.217367 7
1726885094822 0.787455 7
1726885094961 3.257371 7
1726885095098 1.46181 7
1726885095237 2.960439 7
1726885095373 4.113309 14
1726885095510 2.203619 14
1726885095648 2.131057 14
1726885095784 0.730503 14
1726885097423 14.075022 0
1726885097564 1.626541 0
1726885097702 0.73668 0
1726885097839 9.233109 0
1726885097975 2.892531 0
1726885098112 0.30489 0
1726885098249 0.621632 0
1726885098387 0.935998 0
1726885098524 0.25565 0
1726885098661 2.824954 0
1726885098797 1.436599 8
1726885098937 0.727403 8
1726885099074 0.817909 8
1726885099211 18.886824 8
1726885099348 4.064783 8
1726885099487 1.630104 8
1726885099626 0.698446 8
1726885099766 2.606526 8
1726885099906 2.831379 8
1726885100043 2.060956 8
1726885100179 24.949551 16
1726885100315 2.809837 16
1726885100453 2.032247 16
1726885100590 0.747463 16
1726885102223 4.212687 0
1726885102364 1.730062 0
1726885102501 0.799454 0
1726885102637 2.737886 0
1726885102773 1987.708008 0
1726885102911 0.319695 0
1726885103052 0.482676 0
1726885103191 0.977713 0
1726885103327 0.251232 0
1726885103465 2.384406 0
1726885103604 3.336408 9
1726885103742 0.73187 9
1726885103879 0.887662 9
1726885104016 4.005749 9
1726885104154 13.711048 9
1726885104290 0.591084 9
1726885104426 1.084469 9
1726885104564 2.293479 9
1726885104700 0.951628 9
1726885104836 1.773205 9
1726885104972 6.538374 18
1726885105113 2.830726 18
1726885105251 2.513062 18
1726885105388 0.713066 18
1726885107002 2.108779 0
1726885107145 1.739246 0
1726885107284 1.036357 0
1726885107420 5.849916 0
1726885107556 2.188139 0
1726885107693 0.324046 0
1726885107829 0.518494 0
1726885107967 1.052569 0
1726885108104 0.258623 0
1726885108241 29.005936 0
1726885108377 4.282134 10
1726885108514 0.674713 10
1726885108651 0.722006 10
1726885108788 5.822549 10
1726885108924 4.761047 10
1726885109061 1.266705 10
1726885109199 0.729336 10
1726885109336 3.969634 10
1726885109472 2.477953 10
1726885109609 2.482423 10
1726885109746 6.983841 20
1726885109884 6.254935 20
1726885110020 2.623215 20
1726885110158 0.716555 20
