1727271532900 0.0 0
1727271533030 10.0 0
1727271533155 20.0 0
1727271533287 30.0 0
1727271533423 40.0 0
1727271533561 50.0 0
1727271533693 60.0 0
1727271533822 70.0 0
1727271533954 80.0 0
1727271534088 90.0 0
1727271534225 100.0 1
1727271534357 110.0 1
1727271534489 120.0 1
1727271534629 130.0 1
1727271534762 140.0 1
1727271534886 150.0 1
1727271535016 160.0 1
1727271535147 170.0 1
1727271535277 180.0 1
1727271535421 190.0 1
1727271535551 200.0 2
1727271535692 210.0 2
1727271535822 220.0 2
1727271535955 230.0 2
1727271536094 240.0 2
1727271536231 250.0 2
1727271536370 260.0 2
1727271536506 270.0 2
1727271536638 280.0 2
1727271536770 290.0 2
1727271536902 300.0 3
1727271537036 310.0 3
1727271537165 320.0 3
1727271537299 330.0 3
1727271537453 340.0 3
1727271537597 350.0 3
1727271537737 360.0 3
1727271537880 370.0 3
1727271538010 380.0 3
1727271538137 390.0 3
1727271538273 400.0 4
1727271538404 410.0 4
1727271538538 420.0 4
1727271538677 430.0 4
1727271538812 440.0 4
1727271538945 450.0 4
1727271539084 460.0 4
1727271539220 470.0 4
1727271539360 480.0 4
1727271539509 490.0 4
1727271539657 500.0 5
1727271539800 510.0 5
1727271539941 520.0 5
1727271540072 530.0 5
1727271542033 0.0 0
1727271542165 10.0 0
1727271542307 20.0 0
1727271542435 30.0 0
1727271542567 40.0 0
1727271542696 50.0 0
1727271542836 60.0 0
1727271542964 70.0 0
1727271543106 80.0 0
1727271543235 90.0 0
1727271543364 100.0 2
1727271543530 110.0 2
1727271543657 120.0 2
1727271543787 130.0 2
1727271543914 140.0 2
1727271544047 150.0 2
1727271544186 160.0 2
1727271544323 170.0 2
1727271544453 180.0 2
1727271544591 190.0 2
1727271544738 200.0 4
1727271544869 210.0 4
1727271544995 220.0 4
1727271545122 230.0 4
1727271545251 240.0 4
1727271545381 250.0 4
1727271545509 260.0 4
1727271545639 270.0 4
1727271545766 280.0 4
1727271545896 290.0 4
1727271546038 300.0 6
1727271546168 310.0 6
1727271546307 320.0 6
1727271546449 330.0 6
1727271546578 340.0 6
1727271546715 350.0 6
1727271546852 360.0 6
1727271546985 370.0 6
1727271547120 380.0 6
1727271547255 390.0 6
1727271547388 400.0 8
1727271547529 410.0 8
1727271547664 420.0 8
1727271547799 430.0 8
1727271547930 440.0 8
1727271548060 450.0 8
1727271548187 460.0 8
1727271548318 470.0 8
1727271548464 480.0 8
1727271548600 490.0 8
1727271548735 500.0 10
1727271548877 510.0 10
1727271549017 520.0 10
1727271549156 530.0 10
1727271551086 0.0 0
1727271551209 10.0 0
1727271551326 20.0 0
1727271551455 30.0 0
1727271551580 40.0 0
1727271551713 50.0 0
1727271551838 60.0 0
1727271551957 70.0 0
1727271552082 80.0 0
1727271552210 90.0 0
1727271552336 100.0 3
1727271552462 110.0 3
1727271552587 120.0 3
1727271552707 130.0 3
1727271552821 140.0 3
1727271552954 150.0 3
1727271553071 160.0 3
1727271553195 170.0 3
1727271553332 180.0 3
1727271553458 190.0 3
1727271553591 200.0 6
1727271553726 210.0 6
1727271553863 220.0 6
1727271553994 230.0 6
1727271554123 240.0 6
1727271554252 250.0 6
1727271554385 260.0 6
1727271554515 270.0 6
1727271554645 280.0 6
1727271554777 290.0 6
1727271554906 300.0 9
1727271555036 310.0 9
1727271555171 320.0 9
1727271555303 330.0 9
1727271555437 340.0 9
1727271555565 350.0 9
1727271555704 360.0 9
1727271555850 370.0 9
1727271555981 380.0 9
1727271556114 390.0 9
1727271556246 400.0 12
1727271556384 410.0 12
1727271556513 420.0 12
1727271556641 430.0 12
1727271556772 440.0 12
1727271556902 450.0 12
1727271557035 460.0 12
1727271557173 470.0 12
1727271557313 480.0 12
1727271557463 490.0 12
1727271557595 500.0 15
1727271557729 510.0 15
1727271557889 520.0 15
1727271558014 530.0 15
1727271559955 0.0 0
1727271560090 10.0 0
1727271560225 20.0 0
1727271560369 30.0 0
1727271560506 40.0 0
1727271560645 50.0 0
1727271560777 60.0 0
1727271560912 70.0 0
1727271561053 80.0 0
1727271561182 90.0 0
1727271561309 100.0 4
1727271561435 110.0 4
1727271561558 120.0 4
1727271561682 130.0 4
1727271561808 140.0 4
1727271561940 150.0 4
1727271562062 160.0 4
1727271562180 170.0 4
1727271562304 180.0 4
1727271562431 190.0 4
1727271562557 200.0 8
1727271562680 210.0 8
1727271562805 220.0 8
1727271562929 230.0 8
1727271563055 240.0 8
1727271563180 250.0 8
1727271563301 260.0 8
1727271563419 270.0 8
1727271563545 280.0 8
1727271563672 290.0 8
1727271563796 300.0 12
1727271563919 310.0 12
1727271564055 320.0 12
1727271564190 330.0 12
1727271564324 340.0 12
1727271564452 350.0 12
1727271564586 360.0 12
1727271564720 370.0 12
1727271564847 380.0 12
1727271564989 390.0 12
1727271565121 400.0 16
1727271565250 410.0 16
1727271565382 420.0 16
1727271565512 430.0 16
1727271565643 440.0 16
1727271565773 450.0 16
1727271565905 460.0 16
1727271566052 470.0 16
1727271566184 480.0 16
1727271566311 490.0 16
1727271566441 500.0 20
1727271566572 510.0 20
1727271566696 520.0 20
1727271566831 530.0 20
1727271568796 0.0 0
1727271568926 10.0 0
1727271569054 20.0 0
1727271569183 30.0 0
1727271569309 40.0 0
1727271569441 50.0 0
1727271569572 60.0 0
1727271569706 70.0 0
1727271569839 80.0 0
1727271569967 90.0 0
1727271570094 100.0 5
1727271570225 110.0 5
1727271570357 120.0 5
1727271570495 130.0 5
1727271570630 140.0 5
1727271570765 150.0 5
1727271570904 160.0 5
1727271571041 170.0 5
1727271571175 180.0 5
1727271571314 190.0 5
1727271571459 200.0 10
1727271571600 210.0 10
1727271571745 220.0 10
1727271571875 230.0 10
1727271572010 240.0 10
1727271572141 250.0 10
1727271572272 260.0 10
1727271572396 270.0 10
1727271572540 280.0 10
1727271572672 290.0 10
1727271572794 300.0 15
1727271572918 310.0 15
1727271573042 320.0 15
1727271573166 330.0 15
1727271573290 340.0 15
1727271573413 350.0 15
1727271573531 360.0 15
1727271573656 370.0 15
1727271573779 380.0 15
1727271573904 390.0 15
1727271574024 400.0 20
1727271574146 410.0 20
1727271574278 420.0 20
1727271574404 430.0 20
1727271574523 440.0 20
1727271574642 450.0 20
1727271574766 460.0 20
1727271574895 470.0 20
1727271575031 480.0 20
1727271575159 490.0 20
1727271575291 500.0 25
1727271575429 510.0 25
1727271575564 520.0 25
1727271575721 530.0 25
1727271578379 0.0 0
1727271578512 10.0 0
1727271578660 20.0 0
1727271578791 30.0 0
1727271578924 40.0 0
1727271579051 50.0 0
1727271579183 60.0 0
1727271579314 70.0 0
1727271579446 80.0 0
1727271579583 90.0 0
1727271579721 100.0 6
1727271579856 110.0 6
1727271579990 120.0 6
1727271580123 130.0 6
1727271580254 140.0 6
1727271580380 150.0 6
1727271580513 160.0 6
1727271580643 170.0 6
1727271580779 180.0 6
1727271580912 190.0 6
1727271581048 200.0 12
1727271581180 210.0 12
1727271581311 220.0 12
1727271581438 230.0 12
1727271581566 240.0 12
1727271581697 250.0 12
1727271581844 260.0 12
1727271581973 270.0 12
1727271582112 280.0 12
1727271582251 290.0 12
1727271582396 300.0 18
1727271582543 310.0 18
1727271582680 320.0 18
1727271582811 330.0 18
1727271582951 340.0 18
1727271583092 350.0 18
1727271583235 360.0 18
1727271583370 370.0 18
1727271583507 380.0 18
1727271583630 390.0 18
1727271583762 400.0 24
1727271583886 410.0 24
1727271584003 420.0 24
1727271584129 430.0 24
1727271584253 440.0 24
1727271584380 450.0 24
1727271584506 460.0 24
1727271584630 470.0 24
1727271584752 480.0 24
1727271584876 490.0 24
1727271585002 500.0 30
1727271585123 510.0 30
1727271585256 520.0 30
1727271585387 530.0 30
1727271587329 0.0 0
1727271587459 10.0 0
1727271587586 20.0 0
1727271587711 30.0 0
1727271587844 40.0 0
1727271587972 50.0 0
1727271588101 60.0 0
1727271588230 70.0 0
1727271588357 80.0 0
1727271588498 90.0 0
1727271588629 100.0 7
1727271588756 110.0 7
1727271588888 120.0 7
1727271589018 130.0 7
1727271589149 140.0 7
1727271589278 150.0 7
1727271589415 160.0 7
1727271589547 170.0 7
1727271589683 180.0 7
1727271589824 190.0 7
1727271589970 200.0 14
1727271590105 210.0 14
1727271590240 220.0 14
1727271590380 230.0 14
1727271590509 240.0 14
1727271590644 250.0 14
1727271590779 260.0 14
1727271590910 270.0 14
1727271591044 280.0 14
1727271591185 290.0 14
1727271591327 300.0 21
1727271591469 310.0 21
1727271591599 320.0 21
1727271591734 330.0 21
1727271591873 340.0 21
1727271592012 350.0 21
1727271592143 360.0 21
1727271592282 370.0 21
1727271592415 380.0 21
1727271592544 390.0 21
1727271592683 400.0 28
1727271592820 410.0 28
1727271592954 420.0 28
1727271593097 430.0 28
1727271593224 440.0 28
1727271593359 450.0 28
1727271593502 460.0 28
1727271593642 470.0 28
1727271593775 480.0 28
1727271593911 490.0 28
1727271594041 500.0 35
1727271594177 510.0 35
1727271594314 520.0 35
1727271594453 530.0 35
1727271596391 0.0 0
1727271596521 10.0 0
1727271596640 20.0 0
1727271596771 30.0 0
1727271596904 40.0 0
1727271597035 50.0 0
1727271597168 60.0 0
1727271597309 70.0 0
1727271597457 80.0 0
1727271597597 90.0 0
1727271597730 100.0 8
1727271597861 110.0 8
1727271597998 120.0 8
1727271598139 130.0 8
1727271598277 140.0 8
1727271598406 150.0 8
1727271598540 160.0 8
1727271598666 170.0 8
1727271598796 180.0 8
1727271598931 190.0 8
1727271599058 200.0 16
1727271599197 210.0 16
1727271599324 220.0 16
1727271599454 230.0 16
1727271599589 240.0 16
1727271599720 250.0 16
1727271599854 260.0 16
1727271599993 270.0 16
1727271600128 280.0 16
1727271600267 290.0 16
1727271600401 300.0 24
1727271600530 310.0 24
1727271600661 320.0 24
1727271600804 330.0 24
1727271600929 340.0 24
1727271601055 350.0 24
1727271601186 360.0 24
1727271601314 370.0 24
1727271601441 380.0 24
1727271601576 390.0 24
1727271601710 400.0 32
1727271601850 410.0 32
1727271601985 420.0 32
1727271602113 430.0 32
1727271602237 440.0 32
1727271602371 450.0 32
1727271602502 460.0 32
1727271602633 470.0 32
1727271602760 480.0 32
1727271602896 490.0 32
1727271603034 500.0 40
1727271603163 510.0 40
1727271603311 520.0 40
1727271603439 530.0 40
