1726756994972 0.0 0
1726756995086 10.0 0
1726756995201 20.0 0
1726756995314 30.0 0
1726756995427 40.0 0
1726756995540 50.0 0
1726756996001 0.0 0
1726756996113 10.0 0
1726756996226 20.0 0
1726756996338 30.0 0
1726756996451 40.0 0
1726756996564 50.0 0
1726756997012 0.0 0
1726756997125 10.0 0
1726756997239 20.0 0
1726756997353 30.0 0
1726756997467 40.0 0
1726756997580 50.0 0
1726756998030 0.0 0
1726756998143 10.0 0
1726756998256 20.0 0
1726756998369 30.0 0
1726756998482 40.0 0
1726756998594 50.0 0
1726756999043 0.0 0
1726756999156 10.0 0
1726756999271 20.0 0
1726756999384 30.0 0
1726756999498 40.0 0
1726756999611 50.0 0
1726757000062 0.0 0
1726757000175 10.0 0
1726757000288 20.0 0
1726757000401 30.0 0
1726757000514 40.0 0
1726757000632 50.0 0
1726757001083 0.0 0
1726757001196 10.0 0
1726757001310 20.0 0
1726757001425 30.0 0
1726757001538 40.0 0
1726757001650 50.0 0
1726757002103 0.0 0
1726757002216 10.0 0
1726757002329 20.0 0
1726757002442 30.0 0
1726757002554 40.0 0
1726757002667 50.0 0
1726757003115 0.0 0
1726757003228 10.0 0
1726757003341 20.0 0
1726757003456 30.0 0
1726757003569 40.0 0
1726757003682 50.0 0
1726757004136 0.0 0
1726757004249 10.0 0
1726757004362 20.0 0
1726757004475 30.0 0
1726757004587 40.0 0
1726757004700 50.0 0
